Pos-Processados/process_op42/Processamento_split/up/uoperantar42_031.cnv
* Sea-Bird SBE 9 Data File:
* FileName = C:\Users\Hidrografia\Desktop\OPXLII\Brutos\OP42031.hdr
* Software Version Seasave V 7.26.7.107
* Temperature SN = 6502
* Conductivity SN = 4998
* Number of Bytes Per Scan = 37
* Number of Voltage Words = 4
* Number of Scans Averaged by the Deck Unit = 1
* NMEA Latitude = 62 08.51 S
* NMEA Longitude = 058 26.69 W
* NMEA UTC (Time) = Nov 09 2023 06:07:33
* NMEA baud rate = 4800
** H41
** NPOALTEMAXIMIANO
** NUMERO DA ESTACAO (XXX) 031
** LAT (XX XX.XX S/N) 62 08.5 S
** LONG (XXX XX.XX W/E) 058 26.7 W
** DATAHORA (dd/mm/aaaa hh:mm Z) 09/11/2023 0606Z
** PROFUNDIDADE (m) 410
** OPERADOR CT FILIPE LOPES
# nquan = 30
# nvalues = 369                         
# units = specified
# name 0 = scan: Scan Count
# name 1 = timeJ: Julian Days
# name 2 = latitude: Latitude [deg]
# name 3 = longitude: Longitude [deg]
# name 4 = dz/dtM: Descent Rate [m/s]
# name 5 = avgsvCM: Average Sound Velocity [Chen-Millero, m/s]
# name 6 = prDM: Pressure, Digiquartz [db]
# name 7 = depSM: Depth [salt water, m]
# name 8 = t090C: Temperature [ITS-90, deg C]
# name 9 = t190C: Temperature, 2 [ITS-90, deg C]
# name 10 = T2-T190C: Temperature Difference, 2 - 1 [ITS-90, deg C]
# name 11 = potemp090C: Potential Temperature [ITS-90, deg C]
# name 12 = potemp190C: Potential Temperature, 2 [ITS-90, deg C]
# name 13 = potemp90Cdiff: Potential Temperature, Diff, 2 - 1 [ITS-90, deg C]
# name 14 = c0S/m: Conductivity [S/m]
# name 15 = c1S/m: Conductivity, 2 [S/m]
# name 16 = C2-C1S/m: Conductivity Difference, 2 - 1 [S/m]
# name 17 = sal00: Salinity, Practical [PSU]
# name 18 = sal11: Salinity, Practical, 2 [PSU]
# name 19 = sbeox0ML/L: Oxygen, SBE 43 [ml/l]
# name 20 = sigma-é00: Density [sigma-theta, kg/m^3]
# name 21 = sigma-é11: Density, 2 [sigma-theta, kg/m^3]
# name 22 = sal00: Salinity, Practical [PSU]
# name 23 = sigma-é00: Density [sigma-theta, kg/m^3]
# name 24 = svCM: Sound Velocity [Chen-Millero, m/s]
# name 25 = svCM1: Sound Velocity, 2 [Chen-Millero, m/s]
# name 26 = gsw_ptA0: potential temperature [ITS-90, deg C]
# name 27 = gsw_densityA0: density, TEOS-10 [density, kg/m^3]
# name 28 = gsw_saA0: Absolute Salinity [g/kg]
# name 29 = flag:
# span 0 =      17930,      29481       
# span 1 = 313.263889, 313.269460       
# span 2 =  -62.14393,  -62.14376       
# span 3 =  -58.43991,  -58.43559       
# span 4 =     -0.984,      0.305       
# span 5 =    1448.14,    1448.14       
# span 6 =      3.000,    371.000       
# span 7 =      2.972,    367.108       
# span 8 =    -0.8312,    -0.5432       
# span 9 =    -0.8298,    -0.5425       
# span 10 =    -0.0134,     0.0096      
# span 11 =    -0.8383,    -0.5452      
# span 12 =    -0.8369,    -0.5445      
# span 13 =    -0.0134,     0.0096      
# span 14 =   2.792248,   2.824940      
# span 15 =   2.792227,   2.824993      
# span 16 =  -0.001104,   0.001010      
# span 17 =    34.2835,    34.3919      
# span 18 =    34.2825,    34.3915      
# span 19 =     6.7736,     7.6516      
# span 20 =    27.5545,    27.6442      
# span 21 =    27.5535,    27.6439      
# span 22 =    34.2836,    34.3918      
# span 23 =    27.5544,    27.6441      
# span 24 =    1445.68,    1451.63      
# span 25 =    1445.69,    1451.63      
# span 26 =    -0.8381,    -0.5452      
# span 27 =  1027.5737,  1029.4185      
# span 28 =    34.4461,    34.5599      
# span 29 = 0.0000e+00, 0.0000e+00      
# interval = decibars: 1                
# start_time = Nov 09 2023 06:07:33 [NMEA time, header]
# bad_flag = -9.990e-29
*END*
[from data line 291]
      26988 313.268258  -62.14384  -58.43645     -0.883    1448.14     80.000     79.217    -0.5549    -0.5562    -0.0013    -0.5573    -0.5586    -0.0013   2.806790   2.806591  -0.000189    34.2855    34.2844     7.6059    27.5561    27.5553    34.2859    27.5565    1446.91    1446.90    -0.5573  1027.9439    34.4518 0.0000e+00
      27017 313.268272  -62.14384  -58.43644     -0.833    1448.14     79.000     78.227    -0.5526    -0.5539    -0.0014    -0.5550    -0.5563    -0.0014   2.806945   2.806741  -0.000213    34.2854    34.2840     7.6141    27.5559    27.5549    34.2860    27.5565    1446.91    1446.90    -0.5549  1027.9391    34.4519 0.0000e+00
      27048 313.268286  -62.14384  -58.43644     -0.796    1448.14     78.000     77.237    -0.5502    -0.5509    -0.0007    -0.5526    -0.5533    -0.0007   2.807083   2.806923  -0.000157    34.2852    34.2839     7.6093    27.5557    27.5547    34.2858    27.5562    1446.90    1446.90    -0.5525  1027.9340    34.4517 0.0000e+00
      27079 313.268301  -62.14384  -58.43642     -0.776    1448.14     77.000     76.247    -0.5492    -0.5492     0.0000    -0.5515    -0.5515     0.0000   2.807120   2.807013  -0.000110    34.2853    34.2839     7.6021    27.5558    27.5546    34.2857    27.5561    1446.89    1446.89    -0.5515  1027.9291    34.4516 0.0000e+00
      27107 313.268315  -62.14384  -58.43642     -0.816    1448.14     76.000     75.257    -0.5476    -0.5482    -0.0006    -0.5499    -0.5505    -0.0006   2.807189   2.807044  -0.000147    34.2851    34.2838     7.6022    27.5555    27.5545    34.2855    27.5558    1446.88    1446.88    -0.5499  1027.9240    34.4513 0.0000e+00
      27134 313.268328  -62.14384  -58.43640     -0.872    1448.14     75.000     74.267    -0.5469    -0.5470    -0.0001    -0.5492    -0.5493    -0.0001   2.807184   2.807082  -0.000104    34.2849    34.2836     7.6170    27.5553    27.5543    34.2852    27.5556    1446.87    1446.87    -0.5491  1027.9190    34.4510 0.0000e+00
      27159 313.268340  -62.14385  -58.43640     -0.924    1448.14     74.000     73.277    -0.5462    -0.5461     0.0001    -0.5484    -0.5483     0.0001   2.807192   2.807107  -0.000088    34.2848    34.2835     7.6254    27.5552    27.5541    34.2851    27.5555    1446.85    1446.85    -0.5484  1027.9141    34.4509 0.0000e+00
      27184 313.268352  -62.14386  -58.43639     -0.973    1448.14     73.000     72.287    -0.5454    -0.5451     0.0003    -0.5476    -0.5473     0.0003   2.807190   2.807114  -0.000079    34.2846    34.2832     7.6177    27.5550    27.5538    34.2849    27.5552    1446.84    1446.84    -0.5476  1027.9091    34.4507 0.0000e+00
      27208 313.268364  -62.14386  -58.43637     -0.984    1448.14     72.000     71.297    -0.5447    -0.5450    -0.0003    -0.5469    -0.5472    -0.0003   2.807187   2.807081  -0.000106    34.2843    34.2833     7.6204    27.5547    27.5539    34.2847    27.5550    1446.83    1446.83    -0.5468  1027.9041    34.4504 0.0000e+00
      27234 313.268376  -62.14386  -58.43636     -0.947    1448.14     71.000     70.307    -0.5440    -0.5439     0.0001    -0.5462    -0.5461     0.0001   2.807196   2.807107  -0.000092    34.2844    34.2830     7.6287    27.5547    27.5537    34.2847    27.5550    1446.82    1446.81    -0.5461  1027.8993    34.4504 0.0000e+00
      27261 313.268389  -62.14386  -58.43635     -0.903    1448.14     70.000     69.317    -0.5441    -0.5435     0.0005    -0.5462    -0.5457     0.0005   2.807150   2.807079  -0.000075    34.2845    34.2829     7.6350    27.5549    27.5535    34.2847    27.5550    1446.80    1446.80    -0.5462  1027.8945    34.4505 0.0000e+00
      27290 313.268403  -62.14386  -58.43634     -0.853    1448.14     69.000     68.327    -0.5439    -0.5433     0.0006    -0.5460    -0.5454     0.0006   2.807125   2.807069  -0.000057    34.2845    34.2831     7.6330    27.5549    27.5537    34.2847    27.5550    1446.78    1446.78    -0.5459  1027.8897    34.4505 0.0000e+00
      27320 313.268418  -62.14386  -58.43634     -0.808    1448.14     68.000     67.337    -0.5434    -0.5429     0.0005    -0.5455    -0.5450     0.0005   2.807117   2.807053  -0.000061    34.2845    34.2831     7.6332    27.5548    27.5537    34.2847    27.5550    1446.77    1446.77    -0.5454  1027.8849    34.4505 0.0000e+00
      27350 313.268432  -62.14386  -58.43632     -0.799    1448.14     67.000     66.346    -0.5434    -0.5427     0.0007    -0.5454    -0.5447     0.0007   2.807075   2.807020  -0.000061    34.2846    34.2830     7.6325    27.5549    27.5536    34.2848    27.5550    1446.75    1446.75    -0.5454  1027.8802    34.4505 0.0000e+00
      27379 313.268446  -62.14386  -58.43631     -0.816    1448.14     66.000     65.356    -0.5432    -0.5425     0.0007    -0.5452    -0.5445     0.0007   2.807031   2.806989  -0.000043    34.2845    34.2831     7.6299    27.5548    27.5536    34.2846    27.5549    1446.74    1446.74    -0.5452  1027.8752    34.4503 0.0000e+00
      27408 313.268460  -62.14386  -58.43630     -0.831    1448.14     65.000     64.366    -0.5433    -0.5425     0.0008    -0.5453    -0.5445     0.0008   2.806978   2.806945  -0.000035    34.2845    34.2832     7.6210    27.5549    27.5537    34.2846    27.5549    1446.72    1446.72    -0.5452  1027.8704    34.4503 0.0000e+00
      27436 313.268474  -62.14386  -58.43630     -0.854    1448.14     64.000     63.376    -0.5438    -0.5426     0.0011    -0.5457    -0.5445     0.0011   2.806898   2.806889  -0.000013    34.2846    34.2832     7.6221    27.5549    27.5537    34.2846    27.5549    1446.70    1446.71    -0.5457  1027.8657    34.4503 0.0000e+00
      27464 313.268487  -62.14386  -58.43628     -0.858    1448.14     63.000     62.386    -0.5446    -0.5433     0.0013    -0.5465    -0.5452     0.0013   2.806805   2.806792  -0.000013    34.2850    34.2833     7.6264    27.5553    27.5539    34.2850    27.5553    1446.68    1446.69    -0.5465  1027.8613    34.4507 0.0000e+00
      27491 313.268500  -62.14386  -58.43628     -0.865    1448.14     62.000     61.396    -0.5446    -0.5436     0.0010    -0.5465    -0.5455     0.0010   2.806749   2.806731  -0.000022    34.2849    34.2834     7.6277    27.5552    27.5540    34.2849    27.5552    1446.67    1446.67    -0.5465  1027.8564    34.4506 0.0000e+00
      27518 313.268513  -62.14386  -58.43626     -0.891    1448.14     61.000     60.406    -0.5446    -0.5436     0.0009    -0.5464    -0.5455     0.0009   2.806700   2.806675  -0.000028    34.2848    34.2834     7.6337    27.5551    27.5539    34.2848    27.5551    1446.65    1446.65    -0.5464  1027.8515    34.4505 0.0000e+00
      27544 313.268526  -62.14386  -58.43625     -0.900    1448.14     60.000     59.416    -0.5449    -0.5439     0.0010    -0.5467    -0.5457     0.0010   2.806621   2.806612  -0.000011    34.2848    34.2835     7.6332    27.5551    27.5540    34.2846    27.5550    1446.63    1446.64    -0.5467  1027.8466    34.4503 0.0000e+00
      27571 313.268539  -62.14386  -58.43624     -0.908    1448.14     59.000     58.425    -0.5450    -0.5440     0.0010    -0.5468    -0.5458     0.0010   2.806577   2.806551  -0.000026    34.2849    34.2834     7.6399    27.5552    27.5540    34.2849    27.5552    1446.62    1446.62    -0.5468  1027.8420    34.4505 0.0000e+00
      27599 313.268552  -62.14386  -58.43623     -0.883    1448.14     58.000     57.435    -0.5449    -0.5441     0.0008    -0.5467    -0.5459     0.0008   2.806530   2.806508  -0.000022    34.2848    34.2835     7.6369    27.5551    27.5540    34.2847    27.5551    1446.60    1446.60    -0.5466  1027.8371    34.4504 0.0000e+00
      27629 313.268567  -62.14386  -58.43622     -0.809    1448.14     57.000     56.445    -0.5448    -0.5440     0.0008    -0.5465    -0.5458     0.0008   2.806491   2.806462  -0.000028    34.2847    34.2834     7.6361    27.5550    27.5540    34.2847    27.5550    1446.58    1446.59    -0.5465  1027.8323    34.4504 0.0000e+00
      27660 313.268582  -62.14386  -58.43621     -0.771    1448.14     56.000     55.455    -0.5449    -0.5440     0.0009    -0.5466    -0.5457     0.0009   2.806439   2.806411  -0.000025    34.2847    34.2834     7.6368    27.5550    27.5539    34.2847    27.5550    1446.57    1446.57    -0.5466  1027.8275    34.4503 0.0000e+00
      27691 313.268596  -62.14386  -58.43620     -0.786    1448.14     55.000     54.465    -0.5451    -0.5442     0.0009    -0.5468    -0.5459     0.0009   2.806352   2.806344  -0.000009    34.2844    34.2833     7.6322    27.5548    27.5538    34.2844    27.5548    1446.55    1446.55    -0.5467  1027.8225    34.4500 0.0000e+00
      27719 313.268610  -62.14386  -58.43619     -0.832    1448.14     54.000     53.475    -0.5451    -0.5443     0.0008    -0.5467    -0.5459     0.0008   2.806327   2.806284  -0.000044    34.2847    34.2832     7.6306    27.5550    27.5538    34.2846    27.5550    1446.54    1446.54    -0.5467  1027.8170    34.4491 0.0000e+00
      27745 313.268623 -9.990e-29  -58.43618     -0.895    1448.14     53.000     52.485    -0.5449    -0.5441     0.0008    -0.5465    -0.5457     0.0008   2.806281   2.806250  -0.000033    34.2845    34.2832     7.6299    27.5549    27.5538    34.2844    27.5548    1446.52    1446.52    -0.5465  1027.8098    34.4461 0.0000e+00
      27771 313.268635 -9.990e-29  -58.43616     -0.920    1448.14     52.000     51.494    -0.5451    -0.5443     0.0008    -0.5467    -0.5459     0.0008   2.806224   2.806188  -0.000034    34.2846    34.2832     7.6377    27.5549    27.5538    34.2845    27.5549    1446.50    1446.50    -0.5466  1027.8051    34.4462 0.0000e+00
      27798 313.268648 -9.990e-29  -58.43616     -0.901    1448.14     51.000     50.505    -0.5449    -0.5443     0.0006    -0.5464    -0.5459     0.0006   2.806189   2.806152  -0.000033    34.2844    34.2832     7.6392    27.5548    27.5538    34.2845    27.5548    1446.49    1446.49    -0.5464  1027.8002    34.4461 0.0000e+00
      27826 313.268662  -62.14388  -58.43614     -0.870    1448.14     50.000     49.514    -0.5447    -0.5440     0.0007    -0.5462    -0.5455     0.0007   2.806159   2.806124  -0.000038    34.2845    34.2832     7.6340    27.5549    27.5537    34.2845    27.5548    1446.47    1446.47    -0.5462  1027.7972    34.4483 0.0000e+00
      27854 313.268675  -62.14388  -58.43614     -0.844    1448.14     49.000     48.524    -0.5448    -0.5439     0.0009    -0.5463    -0.5454     0.0009   2.806096   2.806073  -0.000027    34.2844    34.2831     7.6390    27.5548    27.5536    34.2844    27.5547    1446.45    1446.46    -0.5463  1027.7937    34.4499 0.0000e+00
      27882 313.268689  -62.14388  -58.43613     -0.853    1448.14     48.000     47.534    -0.5455    -0.5443     0.0012    -0.5470    -0.5458     0.0012   2.805998   2.805997   0.000003    34.2845    34.2831     7.6337    27.5548    27.5537    34.2844    27.5548    1446.44    1446.44    -0.5469  1027.7890    34.4500 0.0000e+00
      27910 313.268702  -62.14388  -58.43612     -0.859    1448.14     47.000     46.544    -0.5455    -0.5448     0.0007    -0.5469    -0.5462     0.0007   2.805945   2.805918  -0.000027    34.2843    34.2831     7.6257    27.5547    27.5537    34.2843    27.5547    1446.42    1446.42    -0.5469  1027.7841    34.4498 0.0000e+00
      27938 313.268716  -62.14388  -58.43610     -0.859    1448.14     46.000     45.554    -0.5451    -0.5444     0.0007    -0.5465    -0.5458     0.0007   2.805940   2.805896  -0.000043    34.2844    34.2830     7.6318    27.5547    27.5536    34.2844    27.5548    1446.40    1446.41    -0.5465  1027.7794    34.4499 0.0000e+00
      27967 313.268730  -62.14388  -58.43610     -0.842    1448.14     45.000     44.563    -0.5449    -0.5441     0.0007    -0.5463    -0.5455     0.0007   2.805904   2.805872  -0.000029    34.2843    34.2831     7.6374    27.5547    27.5537    34.2843    27.5547    1446.39    1446.39    -0.5462  1027.7745    34.4498 0.0000e+00
      27997 313.268744  -62.14388  -58.43609     -0.814    1448.14     44.000     43.573    -0.5449    -0.5441     0.0008    -0.5462    -0.5455     0.0008   2.805849   2.805824  -0.000029    34.2843    34.2831     7.6267    27.5547    27.5536    34.2842    27.5546    1446.37    1446.37    -0.5462  1027.7697    34.4497 0.0000e+00
      28026 313.268758  -62.14388  -58.43608     -0.813    1448.14     43.000     42.583    -0.5448    -0.5440     0.0007    -0.5461    -0.5453     0.0008   2.805835   2.805789  -0.000041    34.2844    34.2830     7.6179    27.5548    27.5536    34.2845    27.5548    1446.36    1446.36    -0.5461  1027.7651    34.4500 0.0000e+00
      28054 313.268772  -62.14388  -58.43607     -0.841    1448.14     42.000     41.593    -0.5447    -0.5439     0.0007    -0.5460    -0.5452     0.0007   2.805775   2.805747  -0.000034    34.2843    34.2830     7.6237    27.5547    27.5536    34.2842    27.5546    1446.34    1446.34    -0.5459  1027.7601    34.4497 0.0000e+00
      28082 313.268785  -62.14388  -58.43606     -0.857    1448.14     41.000     40.602    -0.5450    -0.5440     0.0010    -0.5462    -0.5453     0.0010   2.805717   2.805701  -0.000012    34.2843    34.2831     7.6364    27.5547    27.5536    34.2844    27.5547    1446.32    1446.33    -0.5462  1027.7554    34.4498 0.0000e+00
      28110 313.268799  -62.14388  -58.43604     -0.859    1448.14     40.000     39.613    -0.5454    -0.5444     0.0010    -0.5466    -0.5456     0.0010   2.805632   2.805618  -0.000021    34.2845    34.2830     7.6475    27.5549    27.5536    34.2844    27.5548    1446.31    1446.31    -0.5466  1027.7506    34.4498 0.0000e+00
      28139 313.268813  -62.14388  -58.43604     -0.842    1448.14     39.000     38.622    -0.5452    -0.5446     0.0007    -0.5464    -0.5458     0.0007   2.805605   2.805559  -0.000039    34.2844    34.2830     7.6516    27.5548    27.5537    34.2844    27.5548    1446.29    1446.29    -0.5464  1027.7459    34.4498 0.0000e+00
      28169 313.268827  -62.14388  -58.43603     -0.820    1448.14     38.000     37.632    -0.5446    -0.5441     0.0004    -0.5457    -0.5453     0.0004   2.805611   2.805561  -0.000052    34.2843    34.2831     7.6411    27.5546    27.5537    34.2843    27.5547    1446.28    1446.28    -0.5457  1027.7410    34.4497 0.0000e+00
      28199 313.268842  -62.14388  -58.43602     -0.795    1448.14     37.000     36.642    -0.5449    -0.5440     0.0009    -0.5460    -0.5451     0.0009   2.805525   2.805521  -0.000009    34.2843    34.2832     7.6418    27.5547    27.5537    34.2842    27.5546    1446.26    1446.26    -0.5460  1027.7361    34.4496 0.0000e+00
      28229 313.268856  -62.14388  -58.43600     -0.796    1448.14     36.000     35.652    -0.5459    -0.5447     0.0012    -0.5470    -0.5457     0.0012   2.805406   2.805413   0.000008    34.2844    34.2831     7.6388    27.5548    27.5537    34.2843    27.5547    1446.24    1446.24    -0.5470  1027.7314    34.4497 0.0000e+00
      28258 313.268870  -62.14388  -58.43600     -0.814    1448.14     35.000     34.661    -0.5468    -0.5452     0.0016    -0.5478    -0.5462     0.0016   2.805292   2.805323   0.000032    34.2845    34.2831     7.6399    27.5549    27.5537    34.2844    27.5548    1446.22    1446.22    -0.5478  1027.7268    34.4498 0.0000e+00
      28287 313.268884  -62.14389  -58.43598     -0.836    1448.14     34.000     33.671    -0.5467    -0.5459     0.0009    -0.5477    -0.5469     0.0009   2.805235   2.805214  -0.000019    34.2842    34.2830     7.6379    27.5547    27.5537    34.2842    27.5547    1446.20    1446.20    -0.5477  1027.7218    34.4496 0.0000e+00
