Pos-Processados/process_op42/Processamento_split/up/uoperantar42_008.cnv
* Sea-Bird SBE 9 Data File:
* FileName = C:\Users\Hidrografia\Desktop\OPXLII\Brutos\OP42008.hdr
* Software Version Seasave V 7.26.7.107
* Temperature SN = 6502
* Conductivity SN = 4998
* Number of Bytes Per Scan = 31
* Number of Voltage Words = 2
* Number of Scans Averaged by the Deck Unit = 1
* NMEA Latitude = 42 37.54 S
* NMEA Longitude = 054 58.51 W
* NMEA UTC (Time) = Oct 18 2023 09:23:08
* NMEA baud rate = 4800
** H41
** NPOALTEMAXIMIANO
** NUMERO DA ESTACAO (XXX) 008
** LAT (XX XX.XX S/N) 42 37.540 S
** LONG (XXX XX.XX W/E) 054 58.30 W
** DATAHORA (dd/mm/aaaa hh:mm Z) 18/10/2023 09:00 Z
** PROFUNDIDADE (m) 5142
** OPERADOR ZAMITH
# nquan = 30
# nvalues = 1006                        
# units = specified
# name 0 = scan: Scan Count
# name 1 = timeJ: Julian Days
# name 2 = latitude: Latitude [deg]
# name 3 = longitude: Longitude [deg]
# name 4 = dz/dtM: Descent Rate [m/s]
# name 5 = avgsvCM: Average Sound Velocity [Chen-Millero, m/s]
# name 6 = prDM: Pressure, Digiquartz [db]
# name 7 = depSM: Depth [salt water, m]
# name 8 = t090C: Temperature [ITS-90, deg C]
# name 9 = t190C: Temperature, 2 [ITS-90, deg C]
# name 10 = T2-T190C: Temperature Difference, 2 - 1 [ITS-90, deg C]
# name 11 = potemp090C: Potential Temperature [ITS-90, deg C]
# name 12 = potemp190C: Potential Temperature, 2 [ITS-90, deg C]
# name 13 = potemp90Cdiff: Potential Temperature, Diff, 2 - 1 [ITS-90, deg C]
# name 14 = c0S/m: Conductivity [S/m]
# name 15 = c1S/m: Conductivity, 2 [S/m]
# name 16 = C2-C1S/m: Conductivity Difference, 2 - 1 [S/m]
# name 17 = sal00: Salinity, Practical [PSU]
# name 18 = sal11: Salinity, Practical, 2 [PSU]
# name 19 = sbeox0ML/L: Oxygen, SBE 43 [ml/l]
# name 20 = sigma-é00: Density [sigma-theta, kg/m^3]
# name 21 = sigma-é11: Density, 2 [sigma-theta, kg/m^3]
# name 22 = sal00: Salinity, Practical [PSU]
# name 23 = sigma-é00: Density [sigma-theta, kg/m^3]
# name 24 = svCM: Sound Velocity [Chen-Millero, m/s]
# name 25 = svCM1: Sound Velocity, 2 [Chen-Millero, m/s]
# name 26 = gsw_ptA0: potential temperature [ITS-90, deg C]
# name 27 = gsw_densityA0: density, TEOS-10 [density, kg/m^3]
# name 28 = gsw_saA0: Absolute Salinity [g/kg]
# name 29 = flag:
# span 0 =      33387,      70448       
# span 1 = 291.407166, 291.425038       
# span 2 =  -42.62422,  -42.62208       
# span 3 =  -54.96313,  -54.95579       
# span 4 =     -1.531,     -0.165       
# span 5 =    1484.86,    1484.86       
# span 6 =      4.000,   1009.000       
# span 7 =      3.971,    998.603       
# span 8 =     3.3463,    12.4596       
# span 9 =     3.3471,    12.4591       
# span 10 =    -0.2512,     0.1928      
# span 11 =     3.2793,    12.4591      
# span 12 =     3.2801,    12.4584      
# span 13 =    -0.2511,     0.1925      
# span 14 =   3.175228,   4.066966      
# span 15 =   3.175266,   4.066981      
# span 16 =  -0.028220,   0.021693      
# span 17 =    34.1542,    35.2183      
# span 18 =    34.1540,    35.2187      
# span 19 =     4.8537,     6.2688      
# span 20 =    26.6682,    27.2783      
# span 21 =    26.6699,    27.2779      
# span 22 =    34.1519,    35.2187      
# span 23 =    26.6699,    27.2782      
# span 24 =    1478.19,    1499.38      
# span 25 =    1478.19,    1499.38      
# span 26 =     3.2792,    12.4591      
# span 27 =  1026.6914,  1031.9441      
# span 28 =    34.3158,    35.3850      
# span 29 = 0.0000e+00, 0.0000e+00      
# interval = decibars: 1                
# start_time = Oct 18 2023 09:23:08 [NMEA time, header]
# bad_flag = -9.990e-29
*END*
[from data line 387]
      46489 291.413484  -42.62275  -54.95986     -0.729    1484.86    622.000    616.161     4.7032     4.6970    -0.0062     4.6549     4.6487    -0.0062   3.275899   3.275242  -0.000576    34.1754    34.1752     5.9788    27.0604    27.0608    34.1765    27.0612    1478.68    1478.65     4.6547  1029.9288    34.3399 0.0000e+00
      46524 291.413500  -42.62276  -54.95987     -0.703    1484.86    621.000    615.174     4.7097     4.7077    -0.0020     4.6614     4.6594    -0.0020   3.276556   3.276221  -0.000350    34.1769    34.1750     5.9653    27.0608    27.0595    34.1780    27.0617    1478.69    1478.68     4.6613  1029.9245    34.3413 0.0000e+00
      46567 291.413521  -42.62277  -54.95988     -0.571    1484.86    620.000    614.181     4.7169     4.7087    -0.0082     4.6686     4.6605    -0.0082   3.277292   3.276265  -0.001005    34.1786    34.1754     5.9656    27.0614    27.0597    34.1797    27.0622    1478.71    1478.67     4.6685  1029.9204    34.3430 0.0000e+00
      46626 291.413550  -42.62278  -54.95990     -0.385    1484.86    619.000    613.193     4.7413     4.7203    -0.0210     4.6930     4.6722    -0.0208   3.279442   3.277362  -0.002053    34.1781    34.1758     5.9629    27.0583    27.0588    34.1801    27.0598    1478.79    1478.70     4.6929  1029.9130    34.3434 0.0000e+00
      46671 291.413571  -42.62279  -54.95991     -0.526    1484.86    618.000    612.204     4.7570     4.7519    -0.0051     4.7087     4.7036    -0.0051   3.280818   3.280227  -0.000589    34.1784    34.1768     5.9602    27.0567    27.0560    34.1804    27.0584    1478.84    1478.82     4.7086  1029.9067    34.3437 0.0000e+00
      46702 291.413587  -42.62280  -54.95992     -0.723    1484.86    617.000    611.215     4.7676     4.7640    -0.0036     4.7194     4.7157    -0.0036   3.281694   3.281326  -0.000394    34.1781    34.1773     5.9578    27.0554    27.0551    34.1802    27.0570    1478.87    1478.85     4.7192  1029.9006    34.3435 0.0000e+00
      46737 291.413603  -42.62280  -54.95993     -0.728    1484.86    616.000    610.227     4.7737     4.7645    -0.0092     4.7255     4.7163    -0.0092   3.282148   3.281301  -0.000847    34.1784    34.1780     5.9530    27.0549    27.0556    34.1797    27.0559    1478.87    1478.84     4.7254  1029.8938    34.3417 0.0000e+00
      46811 291.413639 -9.990e-29  -54.95994     -0.230    1484.86    615.000    609.235     4.7734     4.7748     0.0014     4.7253     4.7266     0.0014   3.281987   3.282098   0.000077    34.1779    34.1774     5.9493    27.0545    27.0540    34.1787    27.0551    1478.86    1478.86     4.7251  1029.8880    34.3401 0.0000e+00
      46854 291.413660 -9.990e-29  -54.95994     -0.568    1484.86    614.000    608.247     4.7708     4.7717     0.0009     4.7227     4.7237     0.0009   3.281513   3.281551   0.000024    34.1762    34.1755     5.9643    27.0534    27.0527    34.1764    27.0536    1478.82    1478.83     4.7226  1029.8820    34.3379 0.0000e+00
      46877 291.413671 -9.990e-29  -54.95996     -0.898    1484.86    613.000    607.259     4.7712     4.7732     0.0020     4.7233     4.7253     0.0020   3.281519   3.281661   0.000105    34.1758    34.1750     5.9719    27.0531    27.0522    34.1765    27.0536    1478.81    1478.82     4.7231  1029.8775    34.3380 0.0000e+00
      46901 291.413682 -9.990e-29  -54.95996     -1.036    1484.86    612.000    606.269     4.7798     4.7844     0.0046     4.7319     4.7365     0.0046   3.282308   3.282605   0.000315    34.1758    34.1748     5.9709    27.0521    27.0508    34.1773    27.0533    1478.83    1478.85     4.7318  1029.8725    34.3388 0.0000e+00
      46958 291.413710  -42.62284  -54.95997     -0.461    1484.86    611.000    605.282     4.7958     4.7887    -0.0071     4.7479     4.7408    -0.0071   3.283664   3.283015  -0.000656    34.1759    34.1756     5.9801    27.0504    27.0509    34.1771    27.0514    1478.88    1478.85     4.7478  1029.8669    34.3401 0.0000e+00
      47020 291.413740  -42.62284  -54.95998     -0.444    1484.86    610.000    604.285     4.8111     4.8107    -0.0005     4.7633     4.7628    -0.0005   3.285138   3.284984  -0.000165    34.1778    34.1764     5.9854    27.0502    27.0491    34.1790    27.0511    1478.93    1478.92     4.7631  1029.8620    34.3423 0.0000e+00
      47046 291.413752  -42.62286  -54.95998     -0.813    1484.86    609.000    603.301     4.8161     4.8162     0.0002     4.7683     4.7684     0.0002   3.285587   3.285488  -0.000105    34.1783    34.1770     5.9788    27.0501    27.0489    34.1796    27.0511    1478.93    1478.93     4.7681  1029.8573    34.3429 0.0000e+00
      47070 291.413764  -42.62286  -54.96000     -0.953    1484.86    608.000    602.313     4.8191     4.8198     0.0006     4.7714     4.7720     0.0006   3.285790   3.285788  -0.000018    34.1783    34.1774     5.9781    27.0497    27.0489    34.1794    27.0505    1478.93    1478.93     4.7712  1029.8521    34.3426 0.0000e+00
      47100 291.413779  -42.62286  -54.96000     -0.877    1484.86    607.000    601.323     4.8185     4.8188     0.0003     4.7709     4.7711     0.0002   3.285715   3.285663  -0.000047    34.1788    34.1780     5.9757    27.0501    27.0495    34.1796    27.0508    1478.91    1478.91     4.7707  1029.8479    34.3429 0.0000e+00
      47152 291.413804  -42.62286  -54.96001     -0.478    1484.86    606.000    600.337     4.8255     4.8204    -0.0051     4.7779     4.7729    -0.0051   3.286417   3.285783  -0.000598    34.1798    34.1781     5.9651    27.0502    27.0494    34.1811    27.0512    1478.92    1478.90     4.7778  1029.8435    34.3444 0.0000e+00
      47224 291.413838  -42.62288  -54.96002     -0.315    1484.86    605.000    599.341     4.8446     4.8413    -0.0034     4.7970     4.7937    -0.0034   3.288175   3.287763  -0.000458    34.1809    34.1790     5.9700    27.0489    27.0478    34.1823    27.0500    1478.99    1478.97     4.7969  1029.8375    34.3456 0.0000e+00
      47262 291.413856  -42.62288  -54.96002     -0.594    1484.86    604.000    598.356     4.8573     4.8560    -0.0013     4.8097     4.8084    -0.0013   3.289302   3.289133  -0.000171    34.1810    34.1804     5.9676    27.0475    27.0472    34.1829    27.0490    1479.02    1479.02     4.8096  1029.8317    34.3462 0.0000e+00
      47288 291.413869  -42.62290  -54.96002     -0.838    1484.86    603.000    597.366     4.8617     4.8625     0.0008     4.8142     4.8150     0.0008   3.289696   3.289660  -0.000036    34.1820    34.1808     5.9553    27.0478    27.0467    34.1834    27.0490    1479.03    1479.03     4.8140  1029.8270    34.3467 0.0000e+00
      47311 291.413880  -42.62290  -54.96002     -0.980    1484.86    602.000    596.377     4.8678     4.8667    -0.0011     4.8203     4.8192    -0.0011   3.290168   3.289999  -0.000172    34.1817    34.1809     5.9544    27.0469    27.0464    34.1832    27.0481    1479.03    1479.03     4.8202  1029.8215    34.3465 0.0000e+00
      47339 291.413894  -42.62290  -54.96002     -0.939    1484.86    601.000    595.388     4.8712     4.8665    -0.0048     4.8238     4.8191    -0.0047   3.290393   3.289907  -0.000448    34.1817    34.1814     5.9443    27.0465    27.0468    34.1828    27.0473    1479.03    1479.01     4.8237  1029.8161    34.3460 0.0000e+00
      47374 291.413911  -42.62290  -54.96004     -0.719    1484.86    600.000    594.399     4.8725     4.8639    -0.0085     4.8251     4.8166    -0.0085   3.290563   3.289644  -0.000899    34.1828    34.1811     5.9491    27.0472    27.0469    34.1840    27.0481    1479.02    1478.98     4.8250  1029.8123    34.3472 0.0000e+00
      47414 291.413930  -42.62290  -54.96005     -0.610    1484.86    599.000    593.409     4.8810     4.8796    -0.0014     4.8337     4.8323    -0.0014   3.291244   3.290996  -0.000285    34.1824    34.1805     5.9565    27.0459    27.0446    34.1836    27.0469    1479.04    1479.03     4.8336  1029.8064    34.3469 0.0000e+00
      47478 291.413961  -42.62292  -54.96007     -0.345    1484.86    598.000    592.421     4.8862     4.8816    -0.0046     4.8390     4.8344    -0.0046   3.291632   3.291144  -0.000488    34.1824    34.1815     5.9598    27.0454    27.0452    34.1833    27.0460    1479.04    1479.02     4.8388  1029.8009    34.3465 0.0000e+00
      47538 291.413990  -42.62293  -54.96006     -0.426    1484.86    597.000    591.426     4.8905     4.8917     0.0012     4.8433     4.8445     0.0012   3.291941   3.291992   0.000014    34.1823    34.1812     5.9569    27.0447    27.0438    34.1830    27.0453    1479.04    1479.05     4.8432  1029.7955    34.3462 0.0000e+00
      47561 291.414001  -42.62294  -54.96006     -0.825    1484.86    596.000    590.442     4.8920     4.8935     0.0015     4.8449     4.8464     0.0015   3.292065   3.292117   0.000044    34.1825    34.1815     5.9562    27.0448    27.0438    34.1833    27.0454    1479.04    1479.04     4.8448  1029.7910    34.3466 0.0000e+00
      47581 291.414010  -42.62294  -54.96006     -1.068    1484.86    595.000    589.452     4.8940     4.8957     0.0017     4.8470     4.8486     0.0017   3.292180   3.292262   0.000073    34.1824    34.1816     5.9520    27.0444    27.0436    34.1831    27.0450    1479.03    1479.03     4.8468  1029.7860    34.3464 0.0000e+00
      47602 291.414021  -42.62296  -54.96008     -1.166    1484.86    594.000    588.463     4.8965     4.8970     0.0006     4.8495     4.8501     0.0006   3.292368   3.292346  -0.000004    34.1824    34.1817     5.9487    27.0441    27.0436    34.1832    27.0448    1479.02    1479.02     4.8494  1029.7812    34.3465 0.0000e+00
      47629 291.414034  -42.62296  -54.96008     -1.007    1484.86    593.000    587.474     4.9006     4.8960    -0.0045     4.8537     4.8492    -0.0045   3.292686   3.292214  -0.000445    34.1823    34.1818     5.9514    27.0436    27.0437    34.1833    27.0444    1479.02    1479.00     4.8536  1029.7752    34.3454 0.0000e+00
      47669 291.414053 -9.990e-29  -54.96008     -0.632    1484.86    592.000    586.485     4.9088     4.9022    -0.0066     4.8620     4.8554    -0.0066   3.293445   3.292747  -0.000667    34.1828    34.1819     5.9609    27.0431    27.0431    34.1841    27.0441    1479.04    1479.01     4.8619  1029.7697    34.3456 0.0000e+00
      47715 291.414075  -42.62298  -54.96009     -0.512    1484.86    591.000    585.499     4.9227     4.9186    -0.0041     4.8759     4.8718    -0.0041   3.294511   3.294113  -0.000438    34.1815    34.1806     5.9602    27.0405    27.0402    34.1827    27.0414    1479.08    1479.06     4.8758  1029.7626    34.3446 0.0000e+00
      47753 291.414093  -42.62298  -54.96010     -0.622    1484.86    590.000    584.500     4.9256     4.9247    -0.0009     4.8788     4.8780    -0.0008   3.294740   3.294604  -0.000145    34.1819    34.1811     5.9571    27.0405    27.0399    34.1829    27.0412    1479.07    1479.07     4.8787  1029.7588    34.3461 0.0000e+00
      47785 291.414109  -42.62298  -54.96010     -0.734    1484.86    589.000    583.516     4.9275     4.9269    -0.0006     4.8809     4.8802    -0.0006   3.294844   3.294738  -0.000113    34.1818    34.1812     5.9692    27.0402    27.0397    34.1826    27.0408    1479.06    1479.06     4.8807  1029.7538    34.3458 0.0000e+00
      47827 291.414129  -42.62298  -54.96010     -0.596    1484.86    588.000    582.527     4.9271     4.9273     0.0001     4.8805     4.8807     0.0001   3.294762   3.294719  -0.000051    34.1821    34.1813     5.9819    27.0404    27.0398    34.1826    27.0408    1479.05    1479.04     4.8804  1029.7492    34.3458 0.0000e+00
      47868 291.414149  -42.62300  -54.96010     -0.549    1484.86    587.000    581.538     4.9282     4.9281    -0.0001     4.8817     4.8816    -0.0001   3.294824   3.294748  -0.000080    34.1821    34.1813     5.9778    27.0403    27.0396    34.1827    27.0408    1479.03    1479.03     4.8815  1029.7446    34.3459 0.0000e+00
      47896 291.414162  -42.62300  -54.96010     -0.775    1484.86    586.000    580.549     4.9304     4.9317     0.0013     4.8840     4.8852     0.0013   3.294978   3.295043   0.000050    34.1821    34.1814     5.9787    27.0400    27.0394    34.1827    27.0405    1479.03    1479.03     4.8838  1029.7397    34.3459 0.0000e+00
      47920 291.414174  -42.62301  -54.96010     -0.948    1484.86    585.000    579.560     4.9322     4.9333     0.0011     4.8858     4.8869     0.0011   3.295096   3.295136   0.000038    34.1823    34.1816     5.9722    27.0399    27.0393    34.1828    27.0404    1479.02    1479.02     4.8857  1029.7350    34.3460 0.0000e+00
      47943 291.414185  -42.62302  -54.96010     -1.029    1484.86    584.000    578.570     4.9331     4.9338     0.0007     4.8868     4.8875     0.0007   3.295140   3.295134  -0.000003    34.1824    34.1816     5.9655    27.0399    27.0392    34.1829    27.0403    1479.00    1479.01     4.8867  1029.7303    34.3461 0.0000e+00
      47970 291.414198  -42.62302  -54.96011     -0.965    1484.86    583.000    577.581     4.9338     4.9324    -0.0014     4.8876     4.8862    -0.0014   3.295146   3.294964  -0.000175    34.1824    34.1818     5.9681    27.0398    27.0395    34.1827    27.0401    1478.99    1478.98     4.8875  1029.7255    34.3459 0.0000e+00
      48006 291.414216  -42.62302  -54.96012     -0.688    1484.86    582.000    576.591     4.9348     4.9328    -0.0020     4.8887     4.8867    -0.0020   3.295231   3.294982  -0.000255    34.1827    34.1818     5.9766    27.0400    27.0395    34.1831    27.0403    1478.98    1478.97     4.8886  1029.7212    34.3463 0.0000e+00
      48041 291.414232  -42.62303  -54.96012     -0.663    1484.86    581.000    575.602     4.9415     4.9431     0.0016     4.8955     4.8970     0.0016   3.295895   3.295919   0.000026    34.1833    34.1820     5.9705    27.0397    27.0385    34.1844    27.0406    1478.99    1479.00     4.8953  1029.7167    34.3476 0.0000e+00
      48072 291.414247  -42.62304  -54.96012     -0.767    1484.86    580.000    574.613     4.9504     4.9509     0.0005     4.9044     4.9049     0.0005   3.296605   3.296620   0.000006    34.1832    34.1827     5.9714    27.0385    27.0381    34.1840    27.0392    1479.01    1479.01     4.9043  1029.7107    34.3472 0.0000e+00
      48108 291.414265  -42.62304  -54.96014     -0.694    1484.86    579.000    573.624     4.9523     4.9519    -0.0004     4.9064     4.9060    -0.0004   3.296689   3.296627  -0.000048    34.1830    34.1828     5.9655    27.0382    27.0381    34.1836    27.0386    1479.00    1479.00     4.9062  1029.7055    34.3467 0.0000e+00
      48149 291.414284  -42.62304  -54.96014     -0.589    1484.86    578.000    572.634     4.9566     4.9510    -0.0056     4.9107     4.9051    -0.0056   3.297114   3.296543  -0.000565    34.1836    34.1829     5.9671    27.0382    27.0382    34.1846    27.0390    1479.00    1478.98     4.9106  1029.7012    34.3478 0.0000e+00
      48189 291.414303  -42.62306  -54.96014     -0.589    1484.86    577.000    571.644     4.9649     4.9646    -0.0004     4.9191     4.9188    -0.0003   3.297744   3.297651  -0.000098    34.1830    34.1823     5.9616    27.0368    27.0362    34.1838    27.0374    1479.02    1479.02     4.9190  1029.6949    34.3470 0.0000e+00
      48217 291.414317  -42.62306  -54.96014     -0.754    1484.86    576.000    570.656     4.9663     4.9647    -0.0016     4.9206     4.9190    -0.0016   3.297853   3.297644  -0.000204    34.1834    34.1827     5.9638    27.0370    27.0365    34.1842    27.0375    1479.01    1479.00     4.9204  1029.6905    34.3474 0.0000e+00
      48236 291.414326  -42.62307  -54.96013     -1.019    1484.86    575.000    569.666     4.9681     4.9691     0.0010     4.9224     4.9234     0.0010   3.297959   3.298014   0.000022    34.1833    34.1825     5.9588    27.0366    27.0359    34.1841    27.0373    1479.00    1479.00     4.9223  1029.6856    34.3473 0.0000e+00
