Pos-Processados/process_op42/Processamento_split/up/uoperantar42_053.cnv
* Sea-Bird SBE 9 Data File:
* FileName = C:\Users\Hidrografia\Desktop\OPXLII\Brutos\OP42053.hdr
* Software Version Seasave V 7.26.7.107
* Temperature SN = 6502
* Conductivity SN = 4998
* Number of Bytes Per Scan = 37
* Number of Voltage Words = 4
* Number of Scans Averaged by the Deck Unit = 1
* NMEA Latitude = 62 18.18 S
* NMEA Longitude = 058 13.23 W
* NMEA UTC (Time) = Nov 17 2023 02:11:25
* NMEA baud rate = 4800
** H41
** NPOALTEMAXIMIANO
** NUMERO DA ESTACAO (XXX) 053
** LAT (XX XX.XX S/N) 62 18.18 S
** LONG (XXX XX.XX W/E) 058 13.43 W
** DATAHORA (dd/mm/aaaa hh:mm Z) 17/11/2023 0204Z
** PROFUNDIDADE (m) 1485 m
** OPERADOR CT FILIPE LOPES
# nquan = 30
# nvalues = 1377                        
# units = specified
# name 0 = scan: Scan Count
# name 1 = timeJ: Julian Days
# name 2 = latitude: Latitude [deg]
# name 3 = longitude: Longitude [deg]
# name 4 = dz/dtM: Descent Rate [m/s]
# name 5 = avgsvCM: Average Sound Velocity [Chen-Millero, m/s]
# name 6 = prDM: Pressure, Digiquartz [db]
# name 7 = depSM: Depth [salt water, m]
# name 8 = t090C: Temperature [ITS-90, deg C]
# name 9 = t190C: Temperature, 2 [ITS-90, deg C]
# name 10 = T2-T190C: Temperature Difference, 2 - 1 [ITS-90, deg C]
# name 11 = potemp090C: Potential Temperature [ITS-90, deg C]
# name 12 = potemp190C: Potential Temperature, 2 [ITS-90, deg C]
# name 13 = potemp90Cdiff: Potential Temperature, Diff, 2 - 1 [ITS-90, deg C]
# name 14 = c0S/m: Conductivity [S/m]
# name 15 = c1S/m: Conductivity, 2 [S/m]
# name 16 = C2-C1S/m: Conductivity Difference, 2 - 1 [S/m]
# name 17 = sal00: Salinity, Practical [PSU]
# name 18 = sal11: Salinity, Practical, 2 [PSU]
# name 19 = sbeox0ML/L: Oxygen, SBE 43 [ml/l]
# name 20 = sigma-é00: Density [sigma-theta, kg/m^3]
# name 21 = sigma-é11: Density, 2 [sigma-theta, kg/m^3]
# name 22 = sal00: Salinity, Practical [PSU]
# name 23 = sigma-é00: Density [sigma-theta, kg/m^3]
# name 24 = svCM: Sound Velocity [Chen-Millero, m/s]
# name 25 = svCM1: Sound Velocity, 2 [Chen-Millero, m/s]
# name 26 = gsw_ptA0: potential temperature [ITS-90, deg C]
# name 27 = gsw_densityA0: density, TEOS-10 [density, kg/m^3]
# name 28 = gsw_saA0: Absolute Salinity [g/kg]
# name 29 = flag:
# span 0 =      37259,      69847       
# span 1 = 321.109230, 321.124945       
# span 2 =  -62.30464,  -62.30314       
# span 3 =  -58.21194,  -58.21132       
# span 4 =     -1.306,     -0.315       
# span 5 =    1457.04,    1457.04       
# span 6 =      2.000,   1378.000       
# span 7 =      1.985,   1360.262       
# span 8 =    -1.3466,     0.6212       
# span 9 =    -1.3457,     0.6223       
# span 10 =    -0.0265,     0.0543      
# span 11 =    -1.3909,     0.5946      
# span 12 =    -1.3900,     0.5957      
# span 13 =    -0.0265,     0.0539      
# span 14 =   2.797170,   2.950904      
# span 15 =   2.797164,   2.950888      
# span 16 =  -0.002105,   0.004159      
# span 17 =    34.2582,    34.5710      
# span 18 =    34.2554,    34.5693      
# span 19 =     5.1440,     7.8587      
# span 20 =    27.5245,    27.7777      
# span 21 =    27.5230,    27.7769      
# span 22 =    34.2589,    34.5724      
# span 23 =    27.5245,    27.7777      
# span 24 =    1446.72,    1464.93      
# span 25 =    1446.76,    1464.93      
# span 26 =    -1.3898,     0.5947      
# span 27 =  1027.5392,  1034.3121      
# span 28 =    34.4244,    34.7419      
# span 29 = 0.0000e+00, 0.0000e+00      
# interval = decibars: 1                
# start_time = Nov 17 2023 02:11:25 [NMEA time, header]
# bad_flag = -9.990e-29
*END*
[from data line 774]
      55273 321.117916  -62.30416  -58.21192     -1.080    1457.04    604.000    597.326     0.5646     0.5673     0.0026     0.5373     0.5400     0.0026   2.947039   2.947148   0.000087    34.5700    34.5682     5.1828    27.7289    27.7273    34.5717    27.7302    1461.01    1461.02     0.5375  1030.5857    34.7412 0.0000e+00
      55295 321.117927  -62.30416  -58.21192     -1.080    1457.04    603.000    596.339     0.5680     0.5730     0.0050     0.5407     0.5458     0.0050   2.947334   2.947572   0.000273    34.5705    34.5684     5.1867    27.7290    27.7271    34.5723    27.7305    1461.01    1461.03     0.5409  1030.5812    34.7419 0.0000e+00
      55319 321.117939  -62.30416  -58.21192     -1.026    1457.04    602.000    595.351     0.5739     0.5764     0.0025     0.5467     0.5491     0.0025   2.947730   2.947828   0.000097    34.5698    34.5682     5.1808    27.7281    27.7267    34.5715    27.7295    1461.02    1461.03     0.5468  1030.5755    34.7411 0.0000e+00
      55344 321.117951  -62.30416  -58.21192     -0.972    1457.04    601.000    594.364     0.5794     0.5808     0.0013     0.5522     0.5535     0.0013   2.948202   2.948164  -0.000034    34.5705    34.5685     5.1855    27.7283    27.7267    34.5721    27.7297    1461.03    1461.03     0.5524  1030.5708    34.7416 0.0000e+00
      55369 321.117963  -62.30416  -58.21193     -0.976    1457.04    600.000    593.376     0.5831     0.5852     0.0020     0.5559     0.5580     0.0020   2.948488   2.948469   0.000007    34.5707    34.5686     5.1740    27.7284    27.7265    34.5723    27.7296    1461.03    1461.04     0.5561  1030.5659    34.7418 0.0000e+00
      55393 321.117974  -62.30416  -58.21194     -0.995    1457.04    599.000    592.389     0.5846     0.5856     0.0010     0.5575     0.5585     0.0010   2.948542   2.948482  -0.000069    34.5707    34.5687     5.1753    27.7282    27.7265    34.5719    27.7292    1461.02    1461.02     0.5576  1030.5609    34.7414 0.0000e+00
      55417 321.117986  -62.30416  -58.21194     -0.983    1457.04    598.000    591.401     0.5847     0.5856     0.0009     0.5576     0.5585     0.0009   2.948476   2.948429  -0.000056    34.5707    34.5690     5.1664    27.7282    27.7268    34.5715    27.7289    1461.01    1461.01     0.5578  1030.5558    34.7410 0.0000e+00
      55442 321.117998  -62.30416  -58.21194     -0.967    1457.04    597.000    590.413     0.5843     0.5861     0.0017     0.5573     0.5590     0.0017   2.948417   2.948421  -0.000001    34.5709    34.5689     5.1704    27.7284    27.7267    34.5717    27.7291    1460.99    1460.99     0.5574  1030.5514    34.7412 0.0000e+00
      55465 321.118009  -62.30416  -58.21194     -0.999    1457.04    596.000    589.426     0.5862     0.5892     0.0031     0.5592     0.5622     0.0030   2.948544   2.948660   0.000121    34.5708    34.5690     5.1709    27.7282    27.7265    34.5719    27.7291    1460.98    1460.99     0.5594  1030.5467    34.7414 0.0000e+00
      55487 321.118020  -62.30416  -58.21194     -1.062    1457.04    595.000    588.439     0.5892     0.5911     0.0019     0.5623     0.5642     0.0019   2.948762   2.948780   0.000023    34.5710    34.5691     5.1750    27.7282    27.7266    34.5719    27.7289    1460.98    1460.98     0.5624  1030.5417    34.7414 0.0000e+00
      55509 321.118030  -62.30416  -58.21193     -1.102    1457.04    594.000    587.451     0.5906     0.5916     0.0010     0.5637     0.5647     0.0010   2.948825   2.948771  -0.000049    34.5710    34.5693     5.1593    27.7281    27.7266    34.5718    27.7288    1460.97    1460.97     0.5638  1030.5369    34.7413 0.0000e+00
      55530 321.118041  -62.30416  -58.21192     -1.123    1457.04    593.000    586.464     0.5921     0.5930     0.0010     0.5652     0.5662     0.0010   2.948882   2.948844  -0.000037    34.5707    34.5690     5.1653    27.7277    27.7264    34.5715    27.7284    1460.96    1460.96     0.5654  1030.5318    34.7410 0.0000e+00
      55551 321.118051  -62.30416  -58.21192     -1.126    1457.04    592.000    585.476     0.5938     0.5949     0.0011     0.5670     0.5681     0.0011   2.948974   2.948953  -0.000030    34.5706    34.5690     5.1639    27.7276    27.7262    34.5713    27.7282    1460.95    1460.95     0.5671  1030.5268    34.7408 0.0000e+00
      55574 321.118062  -62.30416  -58.21192     -1.107    1457.04    591.000    584.488     0.5942     0.5986     0.0044     0.5674     0.5718     0.0044   2.949003   2.949227   0.000189    34.5709    34.5685     5.1669    27.7278    27.7256    34.5718    27.7285    1460.93    1460.95     0.5676  1030.5225    34.7413 0.0000e+00
      55598 321.118073  -62.30416  -58.21192     -1.030    1457.04    590.000    583.501     0.6013     0.6071     0.0058     0.5746     0.5803     0.0057   2.949511   2.949860   0.000339    34.5699    34.5678     5.1644    27.7265    27.7246    34.5711    27.7275    1460.95    1460.97     0.5747  1030.5167    34.7406 0.0000e+00
      55624 321.118086  -62.30416  -58.21192     -0.941    1457.04    589.000    582.513     0.6089     0.6153     0.0064     0.5822     0.5886     0.0064   2.950175   2.950477   0.000319    34.5703    34.5673     5.1612    27.7264    27.7236    34.5718    27.7276    1460.97    1460.99     0.5823  1030.5120    34.7413 0.0000e+00
      55651 321.118099  -62.30416  -58.21192     -0.900    1457.04    588.000    581.525     0.6182     0.6184     0.0003     0.5914     0.5917     0.0003   2.950821   2.950697  -0.000116    34.5693    34.5674     5.1604    27.7250    27.7235    34.5705    27.7260    1460.99    1460.99     0.5916  1030.5055    34.7400 0.0000e+00
      55677 321.118111  -62.30416  -58.21192     -0.916    1457.04    587.000    580.538     0.6176     0.6200     0.0024     0.5909     0.5933     0.0024   2.950713   2.950761   0.000047    34.5694    34.5674     5.1606    27.7252    27.7234    34.5703    27.7259    1460.97    1460.98     0.5911  1030.5007    34.7398 0.0000e+00
      55702 321.118124  -62.30416  -58.21192     -0.940    1457.04    586.000    579.550     0.6207     0.6220     0.0013     0.5940     0.5954     0.0013   2.950904   2.950888  -0.000014    34.5690    34.5673     5.1557    27.7246    27.7232    34.5699    27.7254    1460.97    1460.97     0.5942  1030.4955    34.7394 0.0000e+00
      55727 321.118136  -62.30416  -58.21192     -0.956    1457.04    585.000    578.563     0.6212     0.6223     0.0011     0.5946     0.5957     0.0011   2.950873   2.950840  -0.000016    34.5688    34.5674     5.1440    27.7245    27.7232    34.5696    27.7251    1460.96    1460.96     0.5947  1030.4905    34.7391 0.0000e+00
      55752 321.118148  -62.30416  -58.21192     -0.968    1457.04    584.000    577.575     0.6202     0.6216     0.0014     0.5936     0.5951     0.0014   2.950703   2.950694  -0.000022    34.5687    34.5668     5.1441    27.7244    27.7228    34.5690    27.7247    1460.93    1460.94     0.5938  1030.4854    34.7385 0.0000e+00
      55776 321.118159  -62.30416  -58.21192     -0.984    1457.04    583.000    576.587     0.6193     0.6201     0.0007     0.5929     0.5935     0.0007   2.950519   2.950455  -0.000052    34.5678    34.5663     5.1519    27.7238    27.7225    34.5682    27.7240    1460.91    1460.91     0.5930  1030.4801    34.7376 0.0000e+00
      55798 321.118170  -62.30416  -58.21192     -1.030    1457.04    582.000    575.600     0.6178     0.6186     0.0008     0.5913     0.5922     0.0008   2.950290   2.950239  -0.000048    34.5674    34.5658     5.1548    27.7235    27.7222    34.5675    27.7236    1460.89    1460.89     0.5915  1030.4750    34.7370 0.0000e+00
      55820 321.118181  -62.30416  -58.21192     -1.075    1457.04    581.000    574.612     0.6161     0.6169     0.0008     0.5898     0.5906     0.0008   2.950056   2.950015  -0.000042    34.5667    34.5653     5.1555    27.7231    27.7219    34.5669    27.7232    1460.86    1460.86     0.5899  1030.4699    34.7363 0.0000e+00
      55843 321.118191  -62.30416  -58.21192     -1.085    1457.04    580.000    573.624     0.6150     0.6158     0.0008     0.5887     0.5895     0.0008   2.949887   2.949857  -0.000025    34.5664    34.5652     5.1521    27.7229    27.7219    34.5665    27.7229    1460.84    1460.84     0.5889  1030.4650    34.7360 0.0000e+00
      55866 321.118203  -62.30416  -58.21192     -1.054    1457.04    579.000    572.637     0.6142     0.6156     0.0014     0.5879     0.5893     0.0014   2.949741   2.949793   0.000043    34.5661    34.5651     5.1549    27.7227    27.7218    34.5661    27.7227    1460.82    1460.82     0.5881  1030.4601    34.7356 0.0000e+00
      55890 321.118214  -62.30416  -58.21192     -1.008    1457.04    578.000    571.649     0.6118     0.6131     0.0013     0.5856     0.5869     0.0013   2.949433   2.949458   0.000035    34.5655    34.5644     5.1581    27.7223    27.7214    34.5653    27.7222    1460.79    1460.80     0.5858  1030.4550    34.7348 0.0000e+00
      55915 321.118226  -62.30416  -58.21192     -0.976    1457.04    577.000    570.662     0.6108     0.6108     0.0000     0.5846     0.5847     0.0000   2.949285   2.949157  -0.000111    34.5651    34.5637     5.1588    27.7221    27.7209    34.5651    27.7221    1460.77    1460.77     0.5848  1030.4502    34.7346 0.0000e+00
      55941 321.118239  -62.30416  -58.21192     -0.938    1457.04    576.000    569.674     0.6084     0.6089     0.0005     0.5823     0.5828     0.0005   2.948970   2.948898  -0.000085    34.5647    34.5631     5.1639    27.7219    27.7205    34.5642    27.7215    1460.74    1460.74     0.5825  1030.4449    34.7337 0.0000e+00
      55968 321.118252  -62.30416  -58.21192     -0.902    1457.04    575.000    568.686     0.6066     0.6081     0.0016     0.5805     0.5821     0.0016   2.948703   2.948750   0.000045    34.5637    34.5625     5.1687    27.7212    27.7202    34.5634    27.7210    1460.71    1460.72     0.5807  1030.4398    34.7329 0.0000e+00
      55994 321.118264  -62.30418  -58.21192     -0.911    1457.04    574.000    567.698     0.6056     0.6063     0.0008     0.5796     0.5803     0.0008   2.948555   2.948483  -0.000065    34.5634    34.5617     5.1720    27.7210    27.7196    34.5632    27.7208    1460.69    1460.69     0.5798  1030.4349    34.7326 0.0000e+00
      56019 321.118276  -62.30418  -58.21192     -0.946    1457.04    573.000    566.711     0.6052     0.6058     0.0006     0.5793     0.5799     0.0006   2.948464   2.948393  -0.000066    34.5631    34.5617     5.1746    27.7208    27.7196    34.5629    27.7206    1460.67    1460.68     0.5795  1030.4301    34.7324 0.0000e+00
      56044 321.118288  -62.30418  -58.21192     -0.971    1457.04    572.000    565.723     0.6048     0.6045    -0.0002     0.5789     0.5787    -0.0002   2.948377   2.948200  -0.000172    34.5632    34.5613     5.1790    27.7209    27.7193    34.5629    27.7207    1460.66    1460.65     0.5791  1030.4254    34.7323 0.0000e+00
      56069 321.118300  -62.30418  -58.21192     -0.966    1457.04    571.000    564.736     0.6027     0.6035     0.0008     0.5769     0.5777     0.0008   2.948075   2.948040  -0.000038    34.5622    34.5609     5.1779    27.7202    27.7191    34.5619    27.7199    1460.63    1460.63     0.5771  1030.4200    34.7313 0.0000e+00
      56094 321.118313  -62.30418  -58.21192     -0.952    1457.04    570.000    563.748     0.6011     0.6025     0.0015     0.5754     0.5768     0.0014   2.947837   2.947894   0.000045    34.5616    34.5606     5.1813    27.7198    27.7189    34.5611    27.7194    1460.60    1460.61     0.5755  1030.4149    34.7306 0.0000e+00
      56119 321.118325  -62.30418  -58.21192     -0.957    1457.04    569.000    562.760     0.5996     0.6012     0.0016     0.5739     0.5755     0.0016   2.947632   2.947675   0.000047    34.5612    34.5601     5.1800    27.7196    27.7186    34.5608    27.7192    1460.58    1460.59     0.5741  1030.4100    34.7302 0.0000e+00
      56142 321.118336  -62.30418  -58.21192     -1.001    1457.04    568.000    561.773     0.5974     0.5983     0.0009     0.5718     0.5727     0.0009   2.947341   2.947327  -0.000003    34.5603    34.5593     5.1868    27.7190    27.7181    34.5599    27.7187    1460.55    1460.56     0.5719  1030.4048    34.7294 0.0000e+00
      56164 321.118346  -62.30418  -58.21192     -1.060    1457.04    567.000    560.785     0.5963     0.5964     0.0001     0.5707     0.5708     0.0001   2.947180   2.947078  -0.000101    34.5601    34.5586     5.1904    27.7189    27.7177    34.5596    27.7185    1460.53    1460.53     0.5709  1030.4000    34.7291 0.0000e+00
      56186 321.118357  -62.30418  -58.21192     -1.094    1457.04    566.000    559.797     0.5957     0.5966     0.0008     0.5703     0.5710     0.0008   2.947072   2.947043  -0.000031    34.5598    34.5585     5.1876    27.7186    27.7176    34.5595    27.7184    1460.51    1460.51     0.5704  1030.3952    34.7289 0.0000e+00
      56209 321.118368  -62.30418  -58.21192     -1.076    1457.04    565.000    558.810     0.5950     0.5958     0.0008     0.5696     0.5703     0.0008   2.946952   2.946907  -0.000036    34.5597    34.5584     5.1895    27.7187    27.7175    34.5593    27.7183    1460.49    1460.49     0.5697  1030.3904    34.7287 0.0000e+00
      56233 321.118380  -62.30418  -58.21192     -1.017    1457.04    564.000    557.822     0.5922     0.5930     0.0008     0.5668     0.5676     0.0008   2.946557   2.946556  -0.000010    34.5585    34.5575     5.1946    27.7178    27.7170    34.5578    27.7173    1460.46    1460.46     0.5670  1030.3848    34.7273 0.0000e+00
      56259 321.118392  -62.30418  -58.21192     -0.951    1457.04    563.000    556.834     0.5909     0.5921     0.0011     0.5656     0.5667     0.0011   2.946397   2.946406   0.000006    34.5582    34.5570     5.1980    27.7176    27.7166    34.5578    27.7173    1460.44    1460.44     0.5657  1030.3801    34.7272 0.0000e+00
      56286 321.118405  -62.30418  -58.21192     -0.892    1457.04    562.000    555.846     0.5903     0.5916     0.0013     0.5650     0.5663     0.0013   2.946275   2.946305   0.000033    34.5578    34.5568     5.1955    27.7174    27.7165    34.5575    27.7171    1460.42    1460.42     0.5652  1030.3752    34.7269 0.0000e+00
      56313 321.118418  -62.30418  -58.21192     -0.889    1457.04    561.000    554.859     0.5889     0.5906     0.0016     0.5637     0.5653     0.0016   2.946061   2.946131   0.000067    34.5574    34.5564     5.2034    27.7171    27.7162    34.5568    27.7166    1460.40    1460.40     0.5639  1030.3701    34.7262 0.0000e+00
      56339 321.118431  -62.30418  -58.21192     -0.920    1457.04    560.000    553.871     0.5879     0.5891     0.0011     0.5628     0.5639     0.0011   2.945900   2.945924   0.000023    34.5567    34.5558     5.2007    27.7167    27.7158    34.5564    27.7164    1460.37    1460.38     0.5629  1030.3652    34.7258 0.0000e+00
      56364 321.118443  -62.30418  -58.21192     -0.941    1457.04    559.000    552.883     0.5874     0.5881     0.0007     0.5622     0.5630     0.0007   2.945817   2.945783  -0.000028    34.5568    34.5556     5.1991    27.7167    27.7158    34.5565    27.7165    1460.36    1460.36     0.5624  1030.3606    34.7259 0.0000e+00
      56389 321.118455  -62.30418  -58.21192     -0.945    1457.04    558.000    551.896     0.5877     0.5885     0.0008     0.5626     0.5635     0.0008   2.945836   2.945771  -0.000068    34.5572    34.5555     5.2003    27.7171    27.7156    34.5570    27.7168    1460.34    1460.34     0.5628  1030.3563    34.7263 0.0000e+00
