Pos-Processados/process_op42/Processamento_split/up/uoperantar42_011.cnv
* Sea-Bird SBE 9 Data File:
* FileName = C:\Users\Hidrografia\Desktop\OPXLII\Brutos\OP42011.hdr
* Software Version Seasave V 7.26.7.107
* Temperature SN = 6502
* Conductivity SN = 4998
* Number of Bytes Per Scan = 31
* Number of Voltage Words = 2
* Number of Scans Averaged by the Deck Unit = 1
* NMEA Latitude = 45 08.67 S
* NMEA Longitude = 055 57.85 W
* NMEA UTC (Time) = Oct 19 2023 08:19:59
* NMEA baud rate = 4800
** H41
** NPOALTEMAXIMIANO
** NUMERO DA ESTACAO (XXX) 011
** LAT (XX XX.XX S/N) 45 5.419 S
** LONG (XXX XX.XX W/E) 055 57.980 W
** DATAHORA (dd/mm/aaaa hh:mm Z) 19/10/2023 0819Z
** PROFUNDIDADE (m) 5475
** OPERADOR CT FILIPE LOPES
# nquan = 30
# nvalues = 1013                        
# units = specified
# name 0 = scan: Scan Count
# name 1 = timeJ: Julian Days
# name 2 = latitude: Latitude [deg]
# name 3 = longitude: Longitude [deg]
# name 4 = dz/dtM: Descent Rate [m/s]
# name 5 = avgsvCM: Average Sound Velocity [Chen-Millero, m/s]
# name 6 = prDM: Pressure, Digiquartz [db]
# name 7 = depSM: Depth [salt water, m]
# name 8 = t090C: Temperature [ITS-90, deg C]
# name 9 = t190C: Temperature, 2 [ITS-90, deg C]
# name 10 = T2-T190C: Temperature Difference, 2 - 1 [ITS-90, deg C]
# name 11 = potemp090C: Potential Temperature [ITS-90, deg C]
# name 12 = potemp190C: Potential Temperature, 2 [ITS-90, deg C]
# name 13 = potemp90Cdiff: Potential Temperature, Diff, 2 - 1 [ITS-90, deg C]
# name 14 = c0S/m: Conductivity [S/m]
# name 15 = c1S/m: Conductivity, 2 [S/m]
# name 16 = C2-C1S/m: Conductivity Difference, 2 - 1 [S/m]
# name 17 = sal00: Salinity, Practical [PSU]
# name 18 = sal11: Salinity, Practical, 2 [PSU]
# name 19 = sbeox0ML/L: Oxygen, SBE 43 [ml/l]
# name 20 = sigma-é00: Density [sigma-theta, kg/m^3]
# name 21 = sigma-é11: Density, 2 [sigma-theta, kg/m^3]
# name 22 = sal00: Salinity, Practical [PSU]
# name 23 = sigma-é00: Density [sigma-theta, kg/m^3]
# name 24 = svCM: Sound Velocity [Chen-Millero, m/s]
# name 25 = svCM1: Sound Velocity, 2 [Chen-Millero, m/s]
# name 26 = gsw_ptA0: potential temperature [ITS-90, deg C]
# name 27 = gsw_densityA0: density, TEOS-10 [density, kg/m^3]
# name 28 = gsw_saA0: Absolute Salinity [g/kg]
# name 29 = flag:
# span 0 =      32686,      64842       
# span 1 = 292.362973, 292.378481       
# span 2 =  -45.15070,  -45.14777       
# span 3 =  -55.95854,  -55.95214       
# span 4 =     -1.502,     -0.121       
# span 5 =    1474.96,    1474.96       
# span 6 =      2.000,   1014.000       
# span 7 =      1.992,   1003.303       
# span 8 =     2.7717,    12.3772       
# span 9 =     2.7723,    12.3793       
# span 10 =    -0.9215,     0.3450      
# span 11 =     2.7047,    12.3715      
# span 12 =     2.7053,    12.3736      
# span 13 =    -0.9211,     0.3449      
# span 14 =   3.125101,   4.051111      
# span 15 =   3.125082,   4.050918      
# span 16 =  -0.094903,   0.038685      
# span 17 =    34.1125,    35.1181      
# span 18 =    34.1102,    35.1137      
# span 19 =     4.0879,     6.5033      
# span 20 =    26.5238,    27.4697      
# span 21 =    26.5237,    27.4693      
# span 22 =    34.1119,    35.1254      
# span 23 =    26.5201,    27.4697      
# span 24 =    1471.40,    1498.97      
# span 25 =    1471.39,    1498.97      
# span 26 =     2.7046,    12.3715      
# span 27 =  1026.5365,  1032.1742      
# span 28 =    34.2731,    35.2914      
# span 29 = 0.0000e+00, 0.0000e+00      
# interval = decibars: 1                
# start_time = Oct 19 2023 08:19:59 [NMEA time, header]
# bad_flag = -9.990e-29
*END*
[from data line 436]
      44302 292.368575  -45.14882  -55.95636     -0.792    1474.96    578.000    572.501     3.3149     3.3175     0.0026     3.2765     3.2790     0.0026   3.152287   3.152468   0.000218    34.1803    34.1803     5.5637    27.2053    27.2050    34.1796    27.2047    1472.15    1472.17     3.2764  1029.8918    34.3431 0.0000e+00
      44327 292.368587  -45.14882  -55.95635     -0.894    1474.96    577.000    571.512     3.3161     3.3177     0.0017     3.2777     3.2793     0.0017   3.152355   3.152396   0.000029    34.1803    34.1789     5.5785    27.2051    27.2039    34.1797    27.2047    1472.14    1472.15     3.2776  1029.8871    34.3432 0.0000e+00
      44350 292.368598  -45.14883  -55.95634     -0.996    1474.96    576.000    570.523     3.3173     3.3184     0.0011     3.2790     3.2802     0.0011   3.152415   3.152409  -0.000001    34.1801    34.1789     5.5885    27.2048    27.2037    34.1796    27.2045    1472.13    1472.14     3.2789  1029.8823    34.3431 0.0000e+00
      44372 292.368609  -45.14884  -55.95634     -1.070    1474.96    575.000    569.534     3.3176     3.3187     0.0011     3.2794     3.2805     0.0011   3.152379   3.152387   0.000008    34.1799    34.1788     5.5954    27.2046    27.2036    34.1794    27.2042    1472.12    1472.12     3.2793  1029.8775    34.3429 0.0000e+00
      44396 292.368620  -45.14884  -55.95634     -1.064    1474.96    574.000    568.544     3.3176     3.3196     0.0019     3.2795     3.2814     0.0019   3.152334   3.152418   0.000078    34.1798    34.1786     5.5964    27.2045    27.2035    34.1794    27.2042    1472.10    1472.11     3.2794  1029.8728    34.3428 0.0000e+00
      44431 292.368637  -45.14884  -55.95632     -0.778    1474.96    573.000    567.555     3.3185     3.3195     0.0010     3.2804     3.2814     0.0010   3.152370   3.152389   0.000023    34.1797    34.1789     5.6003    27.2044    27.2036    34.1794    27.2042    1472.09    1472.09     3.2803  1029.8681    34.3429 0.0000e+00
      44472 292.368657  -45.14884  -55.95632     -0.541    1474.96    572.000    566.566     3.3202     3.3202     0.0001     3.2821     3.2822     0.0001   3.152461   3.152411  -0.000048    34.1794    34.1788     5.5915    27.2040    27.2035    34.1793    27.2039    1472.08    1472.08     3.2821  1029.8633    34.3428 0.0000e+00
      44496 292.368669  -45.14884  -55.95632     -0.806    1474.96    571.000    565.577     3.3216     3.3228     0.0012     3.2836     3.2849     0.0012   3.152593   3.152625   0.000022    34.1797    34.1787     5.5972    27.2041    27.2031    34.1799    27.2043    1472.07    1472.07     3.2835  1029.8590    34.3434 0.0000e+00
      44516 292.368678  -45.14884  -55.95632     -1.068    1474.96    570.000    564.588     3.3262     3.3270     0.0007     3.2883     3.2890     0.0007   3.152974   3.152961  -0.000029    34.1800    34.1789     5.6001    27.2039    27.2029    34.1802    27.2040    1472.07    1472.07     3.2882  1029.8540    34.3436 0.0000e+00
      44538 292.368689  -45.14884  -55.95631     -1.165    1474.96    569.000    563.599     3.3274     3.3316     0.0041     3.2896     3.2937     0.0041   3.153040   3.153359   0.000301    34.1800    34.1793     5.5939    27.2038    27.2028    34.1802    27.2039    1472.06    1472.08     3.2895  1029.8493    34.3437 0.0000e+00
      44564 292.368701  -45.14884  -55.95630     -1.019    1474.96    568.000    562.610     3.3286     3.3335     0.0049     3.2908     3.2957     0.0048   3.153214   3.153480   0.000374    34.1802    34.1796     5.5929    27.2038    27.2029    34.1816    27.2049    1472.05    1472.07     3.2907  1029.8456    34.3450 0.0000e+00
      44592 292.368715  -45.14885  -55.95630     -0.844    1474.96    567.000    561.620     3.3542     3.3399    -0.0143     3.3163     3.3021    -0.0142   3.155843   3.154200  -0.001619    34.1842    34.1797     5.5867    27.2046    27.2024    34.1869    27.2068    1472.15    1472.08     3.3163  1029.8424    34.3504 0.0000e+00
      44616 292.368727  -45.14886  -55.95629     -0.916    1474.96    566.000    560.631     3.3913     3.3803    -0.0110     3.3534     3.3424    -0.0110   3.159678   3.158404  -0.001497    34.1886    34.1822     5.5802    27.2046    27.2005    34.1946    27.2094    1472.30    1472.25     3.3533  1029.8398    34.3580 0.0000e+00
      44640 292.368738  -45.14886  -55.95628     -1.022    1474.96    565.000    559.642     3.4396     3.4676     0.0280     3.4015     3.4294     0.0278   3.164023   3.166384   0.002232    34.1905    34.1880     5.5767    27.2016    27.1969    34.1966    27.2064    1472.49    1472.61     3.4015  1029.8314    34.3600 0.0000e+00
      44670 292.368752  -45.14886  -55.95628     -0.891    1474.96    564.000    558.653     3.4850     3.4965     0.0115     3.4468     3.4582     0.0115   3.168109   3.168864   0.000882    34.1926    34.1911     5.5599    27.1988    27.1966    34.1986    27.2036    1472.67    1472.72     3.4467  1029.8234    34.3621 0.0000e+00
      44704 292.368769  -45.14886  -55.95627     -0.689    1474.96    563.000    557.664     3.5099     3.4603    -0.0496     3.4716     3.4223    -0.0494   3.170644   3.165968  -0.004510    34.1968    34.1947     5.5147    27.1998    27.2029    34.2033    27.2050    1472.77    1472.55     3.4716  1029.8198    34.3668 0.0000e+00
      44730 292.368781  -45.14886  -55.95626     -0.817    1474.96    562.000    556.675     3.5363     3.5241    -0.0122     3.4980     3.4858    -0.0122   3.172735   3.171478  -0.001373    34.1978    34.1942     5.4671    27.1981    27.1963    34.2013    27.2008    1472.86    1472.80     3.4979  1029.8106    34.3648 0.0000e+00
      44752 292.368792  -45.14886  -55.95626     -1.011    1474.96    561.000    555.685     3.5444     3.5472     0.0027     3.5062     3.5089     0.0027   3.173740   3.173771  -0.000047    34.2001    34.1967     5.4376    27.1991    27.1962    34.2053    27.2032    1472.88    1472.89     3.5061  1029.8082    34.3688 0.0000e+00
      44777 292.368804  -45.14886  -55.95626     -1.031    1474.96    560.000    554.696     3.5391     3.5642     0.0251     3.5009     3.5259     0.0249   3.172989   3.175219   0.002148    34.1990    34.1985     5.4197    27.1987    27.1959    34.2024    27.2014    1472.84    1472.95     3.5009  1029.8019    34.3659 0.0000e+00
      44805 292.368818  -45.14886  -55.95625     -0.890    1474.96    559.000    553.707     3.5547     3.5571     0.0024     3.5165     3.5189     0.0024   3.174339   3.174555   0.000376    34.1983    34.2003     5.4063    27.1967    27.1980    34.2028    27.2002    1472.89    1472.90     3.5164  1029.7959    34.3662 0.0000e+00
      44833 292.368831  -45.14886  -55.95624     -0.842    1474.96    558.000    552.718     3.5696     3.5494    -0.0202     3.5315     3.5113    -0.0201   3.175753   3.173785  -0.001983    34.2009    34.1984     5.4060    27.1973    27.1973    34.2046    27.2002    1472.94    1472.85     3.5313  1029.7910    34.3681 0.0000e+00
      44856 292.368842  -45.14887  -55.95624     -0.950    1474.96    557.000    551.729     3.5752     3.5790     0.0038     3.5371     3.5408     0.0037   3.176268   3.176443   0.000092    34.2020    34.1991     5.4046    27.1976    27.1950    34.2054    27.2004    1472.95    1472.96     3.5370  1029.7864    34.3689 0.0000e+00
      44877 292.368852  -45.14888  -55.95624     -1.093    1474.96    556.000    550.739     3.5821     3.5860     0.0040     3.5440     3.5479     0.0040   3.176797   3.176969   0.000181    34.2019    34.1999     5.4016    27.1968    27.1949    34.2051    27.1994    1472.96    1472.97     3.5439  1029.7808    34.3685 0.0000e+00
      44897 292.368862  -45.14888  -55.95624     -1.161    1474.96    555.000    549.750     3.5853     3.5869     0.0017     3.5472     3.5489     0.0017   3.176977   3.177010  -0.000001    34.2019    34.2001     5.4021    27.1966    27.1950    34.2044    27.1986    1472.95    1472.96     3.5472  1029.7753    34.3679 0.0000e+00
      44919 292.368873  -45.14888  -55.95623     -1.136    1474.96    554.000    548.761     3.5847     3.5900     0.0052     3.5467     3.5520     0.0052   3.176827   3.177184   0.000338    34.2017    34.2002     5.3995    27.1964    27.1948    34.2038    27.1981    1472.94    1472.95     3.5467  1029.7702    34.3672 0.0000e+00
      44946 292.368886  -45.14888  -55.95622     -0.982    1474.96    553.000    547.772     3.5846     3.5882     0.0036     3.5467     3.5503     0.0036   3.176834   3.176977   0.000166    34.2023    34.2006     5.4042    27.1970    27.1952    34.2044    27.1986    1472.92    1472.93     3.5467  1029.7661    34.3679 0.0000e+00
      44979 292.368901  -45.14888  -55.95622     -0.773    1474.96    552.000    546.782     3.5896     3.5881    -0.0015     3.5518     3.5503    -0.0015   3.177127   3.176905  -0.000204    34.2014    34.2005     5.4044    27.1957    27.1952    34.2032    27.1972    1472.92    1472.92     3.5517  1029.7591    34.3656 0.0000e+00
      45010 292.368916 -9.990e-29  -55.95622     -0.742    1474.96    551.000    545.793     3.5926     3.5918    -0.0008     3.5549     3.5541    -0.0008   3.177326   3.177177  -0.000177    34.2014    34.2001     5.4064    27.1954    27.1945    34.2030    27.1966    1472.92    1472.91     3.5548  1029.7534    34.3646 0.0000e+00
      45035 292.368928 -9.990e-29  -55.95620     -0.876    1474.96    550.000    544.804     3.5937     3.5954     0.0017     3.5560     3.5577     0.0017   3.177369   3.177391   0.000020    34.2015    34.1999     5.4076    27.1954    27.1940    34.2029    27.1965    1472.91    1472.91     3.5559  1029.7486    34.3645 0.0000e+00
      45057 292.368939 -9.990e-29  -55.95620     -1.017    1474.96    549.000    543.815     3.5953     3.5961     0.0008     3.5576     3.5585     0.0008   3.177418   3.177376  -0.000049    34.2011    34.1997     5.4104    27.1950    27.1937    34.2024    27.1959    1472.90    1472.90     3.5576  1029.7434    34.3640 0.0000e+00
      45080 292.368950  -45.14890  -55.95620     -1.069    1474.96    548.000    542.825     3.5953     3.5971     0.0018     3.5577     3.5595     0.0018   3.177353   3.177388   0.000031    34.2011    34.1996     5.4174    27.1949    27.1935    34.2021    27.1957    1472.88    1472.88     3.5576  1029.7395    34.3650 0.0000e+00
      45104 292.368962  -45.14890  -55.95620     -1.042    1474.96    547.000    541.836     3.5960     3.5980     0.0020     3.5585     3.5606     0.0020   3.177355   3.177435   0.000067    34.2009    34.1996     5.4228    27.1947    27.1934    34.2019    27.1955    1472.86    1472.87     3.5584  1029.7351    34.3653 0.0000e+00
      45130 292.368974  -45.14890  -55.95618     -0.951    1474.96    546.000    540.847     3.5973     3.6007     0.0034     3.5599     3.5632     0.0034   3.177397   3.177569   0.000172    34.2007    34.1992     5.4216    27.1944    27.1928    34.2016    27.1951    1472.85    1472.87     3.5598  1029.7301    34.3650 0.0000e+00
      45157 292.368987  -45.14890  -55.95618     -0.896    1474.96    545.000    539.858     3.6000     3.6007     0.0007     3.5627     3.5633     0.0007   3.177575   3.177535  -0.000032    34.2005    34.1994     5.4256    27.1939    27.1930    34.2014    27.1947    1472.85    1472.85     3.5625  1029.7250    34.3648 0.0000e+00
      45181 292.368999  -45.14890  -55.95618     -0.934    1474.96    544.000    538.868     3.6020     3.6050     0.0029     3.5648     3.5677     0.0029   3.177632   3.177690   0.000047    34.1997    34.1972     5.4278    27.1931    27.1908    34.2005    27.1937    1472.84    1472.85     3.5647  1029.7194    34.3638 0.0000e+00
      45203 292.369009  -45.14890  -55.95618     -1.041    1474.96    543.000    537.879     3.6046     3.6070     0.0024     3.5674     3.5698     0.0024   3.177693   3.177709   0.000014    34.1983    34.1959     5.4329    27.1917    27.1896    34.1990    27.1923    1472.83    1472.84     3.5673  1029.7134    34.3624 0.0000e+00
      45226 292.369020  -45.14890  -55.95616     -1.085    1474.96    542.000    536.890     3.6061     3.6072     0.0011     3.5689     3.5700     0.0011   3.177679   3.177645  -0.000030    34.1972    34.1957     5.4358    27.1907    27.1894    34.1979    27.1913    1472.82    1472.82     3.5688  1029.7077    34.3612 0.0000e+00
      45253 292.369033  -45.14890  -55.95616     -0.965    1474.96    541.000    535.901     3.6054     3.6060     0.0007     3.5683     3.5689     0.0007   3.177553   3.177510  -0.000043    34.1972    34.1959     5.4430    27.1907    27.1897    34.1976    27.1911    1472.80    1472.80     3.5682  1029.7029    34.3609 0.0000e+00
      45283 292.369048  -45.14890  -55.95616     -0.793    1474.96    540.000    534.911     3.6048     3.6044    -0.0005     3.5678     3.5673    -0.0005   3.177333   3.177336   0.000015    34.1957    34.1963     5.4532    27.1896    27.1902    34.1961    27.1899    1472.78    1472.78     3.5677  1029.6961    34.3581 0.0000e+00
      45311 292.369062 -9.990e-29  -55.95616     -0.822    1474.96    539.000    533.922     3.6067     3.6073     0.0005     3.5698     3.5703     0.0005   3.177386   3.177437   0.000011    34.1947    34.1943     5.4599    27.1887    27.1883    34.1952    27.1891    1472.77    1472.77     3.5697  1029.6903    34.3568 0.0000e+00
      45337 292.369074 -9.990e-29  -55.95615     -0.900    1474.96    538.000    532.933     3.6101     3.6163     0.0061     3.5733     3.5794     0.0061   3.177676   3.178114   0.000429    34.1949    34.1936     5.4688    27.1885    27.1868    34.1957    27.1891    1472.77    1472.79     3.5732  1029.6856    34.3573 0.0000e+00
      45362 292.369086 -9.990e-29  -55.95614     -0.956    1474.96    537.000    531.944     3.6145     3.6208     0.0063     3.5777     3.5840     0.0063   3.178005   3.178414   0.000384    34.1949    34.1929     5.4761    27.1880    27.1858    34.1955    27.1885    1472.77    1472.79     3.5776  1029.6804    34.3571 0.0000e+00
      45385 292.369097  -45.14892  -55.95614     -1.001    1474.96    536.000    530.954     3.6161     3.6228     0.0067     3.5793     3.5860     0.0066   3.178084   3.178507   0.000420    34.1947    34.1927     5.4844    27.1877    27.1855    34.1954    27.1882    1472.76    1472.78     3.5792  1029.6768    34.3586 0.0000e+00
      45408 292.369108  -45.14892  -55.95614     -1.026    1474.96    535.000    529.965     3.6184     3.6243     0.0060     3.5817     3.5876     0.0059   3.178216   3.178591   0.000373    34.1944    34.1926     5.4889    27.1873    27.1852    34.1951    27.1878    1472.75    1472.78     3.5816  1029.6718    34.3584 0.0000e+00
      45431 292.369120  -45.14892  -55.95613     -1.051    1474.96    534.000    528.976     3.6218     3.6265     0.0047     3.5852     3.5898     0.0047   3.178437   3.178684   0.000256    34.1939    34.1921     5.4829    27.1866    27.1846    34.1947    27.1871    1472.75    1472.77     3.5851  1029.6664    34.3580 0.0000e+00
      45456 292.369131  -45.14892  -55.95612     -1.021    1474.96    533.000    527.986     3.6238     3.6279     0.0041     3.5872     3.5913     0.0041   3.178512   3.178721   0.000206    34.1934    34.1916     5.4746    27.1859    27.1841    34.1940    27.1864    1472.74    1472.76     3.5871  1029.6611    34.3573 0.0000e+00
      45483 292.369145  -45.14892  -55.95612     -0.914    1474.96    532.000    526.997     3.6274     3.6294     0.0020     3.5909     3.5929     0.0020   3.178715   3.178774   0.000082    34.1925    34.1913     5.4833    27.1848    27.1837    34.1932    27.1854    1472.74    1472.75     3.5908  1029.6554    34.3565 0.0000e+00
