Pos-Processados/process_op42/Processamento_split/up/uoperantar42_038.cnv
* Sea-Bird SBE 9 Data File:
* FileName = C:\Users\Hidrografia\Desktop\OPXLII\Brutos\OP42038.hdr
* Software Version Seasave V 7.26.7.107
* Temperature SN = 6502
* Conductivity SN = 4998
* Number of Bytes Per Scan = 37
* Number of Voltage Words = 4
* Number of Scans Averaged by the Deck Unit = 1
* NMEA Latitude = 62 08.57 S
* NMEA Longitude = 058 26.33 W
* NMEA UTC (Time) = Nov 09 2023 13:11:55
* NMEA baud rate = 4800
** H41
** NPOALTEMAXIMIANO
** NUMERO DA ESTACAO (XXX) 038
** LAT (XX XX.XX S/N) 62 08.14 S
** LONG (XXX XX.XX W/E) 058 26.57 W
** DATAHORA (dd/mm/aaaa hh:mm Z) 09/11/2023 1305Z
** PROFUNDIDADE (m) 400
** OPERADOR 1T ZAMITH
# nquan = 30
# nvalues = 345                         
# units = specified
# name 0 = scan: Scan Count
# name 1 = timeJ: Julian Days
# name 2 = latitude: Latitude [deg]
# name 3 = longitude: Longitude [deg]
# name 4 = dz/dtM: Descent Rate [m/s]
# name 5 = avgsvCM: Average Sound Velocity [Chen-Millero, m/s]
# name 6 = prDM: Pressure, Digiquartz [db]
# name 7 = depSM: Depth [salt water, m]
# name 8 = t090C: Temperature [ITS-90, deg C]
# name 9 = t190C: Temperature, 2 [ITS-90, deg C]
# name 10 = T2-T190C: Temperature Difference, 2 - 1 [ITS-90, deg C]
# name 11 = potemp090C: Potential Temperature [ITS-90, deg C]
# name 12 = potemp190C: Potential Temperature, 2 [ITS-90, deg C]
# name 13 = potemp90Cdiff: Potential Temperature, Diff, 2 - 1 [ITS-90, deg C]
# name 14 = c0S/m: Conductivity [S/m]
# name 15 = c1S/m: Conductivity, 2 [S/m]
# name 16 = C2-C1S/m: Conductivity Difference, 2 - 1 [S/m]
# name 17 = sal00: Salinity, Practical [PSU]
# name 18 = sal11: Salinity, Practical, 2 [PSU]
# name 19 = sbeox0ML/L: Oxygen, SBE 43 [ml/l]
# name 20 = sigma-é00: Density [sigma-theta, kg/m^3]
# name 21 = sigma-é11: Density, 2 [sigma-theta, kg/m^3]
# name 22 = sal00: Salinity, Practical [PSU]
# name 23 = sigma-é00: Density [sigma-theta, kg/m^3]
# name 24 = svCM: Sound Velocity [Chen-Millero, m/s]
# name 25 = svCM1: Sound Velocity, 2 [Chen-Millero, m/s]
# name 26 = gsw_ptA0: potential temperature [ITS-90, deg C]
# name 27 = gsw_densityA0: density, TEOS-10 [density, kg/m^3]
# name 28 = gsw_saA0: Absolute Salinity [g/kg]
# name 29 = flag:
# span 0 =      13262,      22359       
# span 1 = 313.556337, 313.560724       
# span 2 =  -62.14691,  -62.14527       
# span 3 =  -58.43562,  -58.43374       
# span 4 =     -1.323,     -0.304       
# span 5 =    1448.17,    1448.17       
# span 6 =      4.000,    348.000       
# span 7 =      3.970,    344.359       
# span 8 =    -0.8266,    -0.5173       
# span 9 =    -0.8258,    -0.5183       
# span 10 =    -0.0095,     0.0072      
# span 11 =    -0.8317,    -0.5289      
# span 12 =    -0.8308,    -0.5298      
# span 13 =    -0.0095,     0.0071      
# span 14 =   2.789942,   2.830524      
# span 15 =   2.789907,   2.830322      
# span 16 =  -0.000880,   0.000633      
# span 17 =    34.2804,    34.4003      
# span 18 =    34.2786,    34.3991      
# span 19 =     6.6977,     7.6501      
# span 20 =    27.5523,    27.6478      
# span 21 =    27.5513,    27.6469      
# span 22 =    34.2809,    34.4005      
# span 23 =    27.5524,    27.6481      
# span 24 =    1445.68,    1451.57      
# span 25 =    1445.68,    1451.58      
# span 26 =    -0.8315,    -0.5286      
# span 27 =  1027.5749,  1029.3121      
# span 28 =    34.4433,    34.5686      
# span 29 = 0.0000e+00, 0.0000e+00      
# interval = decibars: 1                
# start_time = Nov 09 2023 13:11:55 [NMEA time, header]
# bad_flag = -9.990e-29
*END*
      13262 313.556337  -62.14527  -58.43562     -0.304    1448.17    348.000    344.359    -0.5255    -0.5234     0.0021    -0.5371    -0.5350     0.0021   2.829950   2.830038   0.000093    34.3998    34.3987     6.7025    27.6478    27.6467    34.4001    27.6479    1451.57    1451.58    -0.5369  1029.3121    34.5678 0.0000e+00
      13375 313.556392  -62.14530  -58.43559     -0.491    1448.17    347.000    343.386    -0.5214    -0.5202     0.0012    -0.5330    -0.5318     0.0012   2.830236   2.830275   0.000039    34.3997    34.3989     6.7109    27.6475    27.6468    34.3998    27.6476    1451.57    1451.57    -0.5328  1029.3072    34.5680 0.0000e+00
      13407 313.556407  -62.14530  -58.43558     -0.620    1448.17    346.000    342.388    -0.5194    -0.5193     0.0000    -0.5309    -0.5309     0.0000   2.830413   2.830322  -0.000070    34.4001    34.3991     6.7049    27.6477    27.6469    34.4005    27.6481    1451.57    1451.56    -0.5307  1029.3029    34.5686 0.0000e+00
      13436 313.556421  -62.14530  -58.43558     -0.792    1448.17    345.000    341.405    -0.5173    -0.5189    -0.0015    -0.5289    -0.5304    -0.0015   2.830524   2.830312  -0.000216    34.4003    34.3991     6.6977    27.6477    27.6469    34.4003    27.6478    1451.56    1451.55    -0.5286  1029.2979    34.5685 0.0000e+00
      13460 313.556433  -62.14531  -58.43557     -0.929    1448.17    344.000    340.416    -0.5205    -0.5183     0.0022    -0.5320    -0.5298     0.0022   2.830090   2.830290   0.000151    34.3992    34.3988     6.7033    27.6470    27.6466    34.3987    27.6466    1451.52    1451.53    -0.5318  1029.2920    34.5668 0.0000e+00
      13485 313.556445  -62.14532  -58.43556     -0.980    1448.17    343.000    339.427    -0.5320    -0.5266     0.0055    -0.5434    -0.5380     0.0055   2.828822   2.829330   0.000528    34.3968    34.3977     6.7027    27.6456    27.6461    34.3953    27.6444    1451.45    1451.48    -0.5432  1029.2852    34.5634 0.0000e+00
      13511 313.556457  -62.14532  -58.43556     -0.938    1448.17    342.000    338.439    -0.5389    -0.5334     0.0055    -0.5502    -0.5447     0.0055   2.828150   2.828657   0.000453    34.3957    34.3956     6.7034    27.6451    27.6447    34.3947    27.6441    1451.40    1451.43    -0.5500  1029.2803    34.5627 0.0000e+00
      13535 313.556469  -62.14532  -58.43556     -0.952    1448.17    341.000    337.450    -0.5466    -0.5395     0.0072    -0.5580    -0.5508     0.0071   2.827330   2.827934   0.000633    34.3945    34.3948     6.7078    27.6443    27.6443    34.3930    27.6432    1451.35    1451.38    -0.5577  1029.2753    34.5620 0.0000e+00
      13559 313.556481  -62.14532 -9.990e-29     -0.995    1448.17    340.000    336.461    -0.5508    -0.5461     0.0046    -0.5620    -0.5574     0.0046   2.826859   2.827257   0.000377    34.3931    34.3929     6.7240    27.6434    27.6431    34.3920    27.6425    1451.31    1451.33    -0.5618  1029.2713    34.5626 0.0000e+00
      13583 313.556492  -62.14533 -9.990e-29     -1.014    1448.17    339.000    335.472    -0.5553    -0.5509     0.0044    -0.5665    -0.5621     0.0044   2.826362   2.826720   0.000355    34.3923    34.3921     6.7391    27.6429    27.6426    34.3910    27.6419    1451.27    1451.29    -0.5663  1029.2660    34.5616 0.0000e+00
      13607 313.556504  -62.14534 -9.990e-29     -1.000    1448.17    338.000    334.483    -0.5576    -0.5528     0.0047    -0.5687    -0.5640     0.0047   2.826093   2.826486   0.000381    34.3917    34.3915     6.7513    27.6426    27.6423    34.3906    27.6417    1451.24    1451.26    -0.5685  1029.2611    34.5612 0.0000e+00
      13632 313.556516  -62.14534 -9.990e-29     -0.971    1448.17    337.000    333.495    -0.5649    -0.5598     0.0051    -0.5760    -0.5709     0.0051   2.825303   2.825733   0.000448    34.3903    34.3906     6.7632    27.6418    27.6418    34.3889    27.6406    1451.19    1451.21    -0.5758  1029.2553    34.5594 0.0000e+00
      13657 313.556528  -62.14534  -58.43552     -0.953    1448.17    336.000    332.506    -0.5696    -0.5641     0.0055    -0.5807    -0.5752     0.0055   2.824752   2.825266   0.000470    34.3891    34.3892     6.7776    27.6410    27.6409    34.3875    27.6397    1451.15    1451.18    -0.5804  1029.2482    34.5562 0.0000e+00
      13682 313.556540  -62.14534  -58.43552     -0.971    1448.17    335.000    331.517    -0.5788    -0.5721     0.0067    -0.5898    -0.5831     0.0067   2.823770   2.824393   0.000622    34.3872    34.3879     6.7803    27.6398    27.6401    34.3853    27.6383    1451.09    1451.12    -0.5896  1029.2416    34.5533 0.0000e+00
      13706 313.556551  -62.14536  -58.43552     -0.984    1448.17    334.000    330.528    -0.5845    -0.5780     0.0065    -0.5954    -0.5890     0.0065   2.823217   2.823802   0.000591    34.3865    34.3871     6.7824    27.6395    27.6397    34.3848    27.6382    1451.04    1451.07    -0.5952  1029.2368    34.5529 0.0000e+00
      13731 313.556564  -62.14536  -58.43552     -0.969    1448.17    333.000    329.539    -0.5869    -0.5837     0.0031    -0.5978    -0.5946     0.0031   2.822975   2.823208   0.000251    34.3861    34.3859     6.7911    27.6393    27.6390    34.3849    27.6384    1451.02    1451.03    -0.5976  1029.2323    34.5530 0.0000e+00
      13756 313.556576  -62.14536  -58.43550     -0.948    1448.17    332.000    328.551    -0.5875    -0.5844     0.0031    -0.5984    -0.5953     0.0031   2.822833   2.823064   0.000242    34.3854    34.3851     6.8132    27.6388    27.6384    34.3844    27.6380    1451.00    1451.01    -0.5982  1029.2271    34.5524 0.0000e+00
      13781 313.556588  -62.14536  -58.43550     -0.960    1448.17    331.000    327.562    -0.5882    -0.5865     0.0017    -0.5990    -0.5973     0.0017   2.822646   2.822800   0.000145    34.3844    34.3845     6.8268    27.6380    27.6380    34.3832    27.6370    1450.97    1450.98    -0.5988  1029.2215    34.5512 0.0000e+00
      13805 313.556599  -62.14538  -58.43550     -0.991    1448.17    330.000    326.573    -0.5936    -0.5894     0.0042    -0.6044    -0.6002     0.0042   2.822025   2.822411   0.000368    34.3832    34.3834     6.8438    27.6373    27.6373    34.3816    27.6360    1450.93    1450.95    -0.6041  1029.2157    34.5496 0.0000e+00
      13827 313.556610  -62.14538  -58.43548     -1.055    1448.17    329.000    325.584    -0.6007    -0.5947     0.0060    -0.6114    -0.6055     0.0060   2.821279   2.821826   0.000553    34.3819    34.3825     6.8412    27.6365    27.6368    34.3802    27.6352    1450.88    1450.91    -0.6112  1029.2102    34.5482 0.0000e+00
      13847 313.556620  -62.14538  -58.43548     -1.120    1448.17    328.000    324.595    -0.6056    -0.6031     0.0026    -0.6163    -0.6137     0.0026   2.820755   2.820941   0.000218    34.3809    34.3809     6.8488    27.6360    27.6358    34.3794    27.6347    1450.84    1450.85    -0.6161  1029.2051    34.5474 0.0000e+00
      13870 313.556630  -62.14538  -58.43548     -1.125    1448.17    327.000    323.606    -0.6084    -0.6061     0.0023    -0.6190    -0.6167     0.0023   2.820441   2.820618   0.000158    34.3803    34.3798     6.8424    27.6356    27.6351    34.3788    27.6343    1450.81    1450.82    -0.6188  1029.2000    34.5468 0.0000e+00
      13894 313.556642  -62.14538  -58.43548     -1.042    1448.17    326.000    322.617    -0.6118    -0.6057     0.0061    -0.6223    -0.6163     0.0061   2.820115   2.820631   0.000494    34.3802    34.3800     6.8573    27.6356    27.6352    34.3789    27.6346    1450.78    1450.81    -0.6221  1029.1955    34.5469 0.0000e+00
      13919 313.556654  -62.14538  -58.43547     -0.962    1448.17    325.000    321.629    -0.6143    -0.6106     0.0037    -0.6248    -0.6211     0.0037   2.819804   2.820089   0.000305    34.3793    34.3792     6.8551    27.6350    27.6347    34.3782    27.6341    1450.75    1450.76    -0.6246  1029.1903    34.5462 0.0000e+00
      13944 313.556666  -62.14539  -58.43546     -0.943    1448.17    324.000    320.640    -0.6154    -0.6125     0.0030    -0.6259    -0.6230     0.0030   2.819616   2.819834   0.000227    34.3787    34.3784     6.8700    27.6345    27.6342    34.3775    27.6336    1450.73    1450.74    -0.6257  1029.1851    34.5455 0.0000e+00
      13969 313.556678  -62.14540  -58.43546     -0.970    1448.17    323.000    319.651    -0.6169    -0.6150     0.0020    -0.6274    -0.6255     0.0020   2.819408   2.819540   0.000140    34.3781    34.3778     6.8740    27.6341    27.6338    34.3771    27.6333    1450.70    1450.71    -0.6271  1029.1800    34.5450 0.0000e+00
      13992 313.556689  -62.14540  -58.43546     -1.004    1448.17    322.000    318.662    -0.6184    -0.6164     0.0020    -0.6288    -0.6268     0.0020   2.819197   2.819344   0.000152    34.3774    34.3772     6.8916    27.6337    27.6334    34.3765    27.6329    1450.68    1450.69    -0.6286  1029.1749    34.5445 0.0000e+00
      14015 313.556701  -62.14540  -58.43545     -1.031    1448.17    321.000    317.673    -0.6190    -0.6176     0.0014    -0.6294    -0.6279     0.0014   2.819112   2.819187   0.000082    34.3773    34.3768     6.8942    27.6336    27.6332    34.3766    27.6330    1450.66    1450.66    -0.6292  1029.1703    34.5446 0.0000e+00
      14039 313.556712  -62.14540  -58.43544     -1.020    1448.17    320.000    316.684    -0.6193    -0.6181     0.0012    -0.6296    -0.6284     0.0012   2.819038   2.819088   0.000057    34.3772    34.3766     6.8947    27.6336    27.6330    34.3765    27.6330    1450.64    1450.65    -0.6294  1029.1655    34.5445 0.0000e+00
      14063 313.556724  -62.14541  -58.43544     -1.006    1448.17    319.000    315.696    -0.6198    -0.6186     0.0012    -0.6301    -0.6289     0.0012   2.818934   2.818978   0.000050    34.3769    34.3763     6.8949    27.6333    27.6327    34.3764    27.6329    1450.62    1450.63    -0.6299  1029.1606    34.5443 0.0000e+00
      14086 313.556735  -62.14542  -58.43544     -1.032    1448.17    318.000    314.707    -0.6201    -0.6189     0.0011    -0.6304    -0.6292     0.0011   2.818861   2.818896   0.000042    34.3768    34.3761     6.9065    27.6333    27.6326    34.3763    27.6328    1450.60    1450.61    -0.6301  1029.1558    34.5443 0.0000e+00
      14107 313.556745  -62.14542  -58.43543     -1.078    1448.17    317.000    313.718    -0.6201    -0.6194     0.0007    -0.6304    -0.6296     0.0007   2.818815   2.818794  -0.000011    34.3768    34.3758     6.9088    27.6332    27.6324    34.3763    27.6329    1450.59    1450.59    -0.6301  1029.1511    34.5443 0.0000e+00
      14128 313.556755  -62.14542  -58.43542     -1.132    1448.17    316.000    312.729    -0.6202    -0.6197     0.0006    -0.6304    -0.6299     0.0006   2.818774   2.818734  -0.000037    34.3769    34.3758     6.9011    27.6333    27.6324    34.3765    27.6330    1450.57    1450.57    -0.6302  1029.1465    34.5445 0.0000e+00
      14148 313.556765  -62.14542  -58.43542     -1.165    1448.17    315.000    311.740    -0.6200    -0.6197     0.0004    -0.6302    -0.6298     0.0004   2.818733   2.818689  -0.000045    34.3768    34.3758     6.9091    27.6332    27.6324    34.3763    27.6328    1450.56    1450.56    -0.6300  1029.1416    34.5443 0.0000e+00
      14170 313.556775  -62.14544  -58.43542     -1.140    1448.17    314.000    310.751    -0.6210    -0.6198     0.0012    -0.6311    -0.6299     0.0012   2.818599   2.818633   0.000032    34.3766    34.3757     6.9046    27.6331    27.6324    34.3762    27.6328    1450.53    1450.54    -0.6309  1029.1368    34.5442 0.0000e+00
      14193 313.556786  -62.14544  -58.43542     -1.085    1448.17    313.000    309.762    -0.6213    -0.6202     0.0010    -0.6314    -0.6303     0.0010   2.818505   2.818535   0.000034    34.3763    34.3756     6.8984    27.6328    27.6322    34.3759    27.6325    1450.52    1450.52    -0.6312  1029.1318    34.5439 0.0000e+00
      14215 313.556797  -62.14544  -58.43540     -1.064    1448.17    312.000    308.773    -0.6215    -0.6206     0.0009    -0.6315    -0.6306     0.0009   2.818408   2.818432   0.000029    34.3757    34.3751     6.8942    27.6324    27.6318    34.3754    27.6321    1450.50    1450.50    -0.6313  1029.1266    34.5434 0.0000e+00
      14237 313.556807  -62.14544  -58.43540     -1.087    1448.17    311.000    307.784    -0.6217    -0.6207     0.0010    -0.6317    -0.6308     0.0010   2.818319   2.818327   0.000006    34.3754    34.3744     6.9028    27.6322    27.6313    34.3751    27.6319    1450.48    1450.48    -0.6315  1029.1216    34.5430 0.0000e+00
      14257 313.556817  -62.14544  -58.43540     -1.137    1448.17    310.000    306.795    -0.6219    -0.6208     0.0011    -0.6319    -0.6308     0.0011   2.818248   2.818268   0.000023    34.3753    34.3743     6.9089    27.6320    27.6312    34.3750    27.6318    1450.46    1450.47    -0.6317  1029.1168    34.5430 0.0000e+00
      14277 313.556827  -62.14545  -58.43540     -1.188    1448.17    309.000    305.806    -0.6219    -0.6209     0.0010    -0.6319    -0.6309     0.0010   2.818191   2.818205   0.000012    34.3752    34.3742     6.9018    27.6320    27.6311    34.3749    27.6317    1450.45    1450.45    -0.6316  1029.1120    34.5428 0.0000e+00
      14296 313.556836  -62.14546  -58.43539     -1.218    1448.17    308.000    304.817    -0.6222    -0.6212     0.0010    -0.6321    -0.6311     0.0010   2.818129   2.818130   0.000007    34.3751    34.3741     6.9124    27.6319    27.6311    34.3749    27.6317    1450.43    1450.43    -0.6319  1029.1073    34.5429 0.0000e+00
      14317 313.556846  -62.14546  -58.43538     -1.204    1448.17    307.000    303.829    -0.6213    -0.6208     0.0005    -0.6312    -0.6307     0.0005   2.818142   2.818119  -0.000017    34.3748    34.3740     6.9088    27.6316    27.6310    34.3747    27.6316    1450.42    1450.42    -0.6310  1029.1023    34.5427 0.0000e+00
      14339 313.556857  -62.14546  -58.43538     -1.132    1448.17    306.000    302.840    -0.6198    -0.6198    -0.0000    -0.6296    -0.6296    -0.0000   2.818210   2.818143  -0.000065    34.3745    34.3736     6.9102    27.6313    27.6306    34.3745    27.6313    1450.41    1450.41    -0.6294  1029.0949    34.5395 0.0000e+00
      14364 313.556869 -9.990e-29  -58.43538     -1.024    1448.17    305.000    301.850    -0.6190    -0.6192    -0.0002    -0.6288    -0.6290    -0.0002   2.818215   2.818145  -0.000059    34.3743    34.3737     6.9112    27.6311    27.6306    34.3743    27.6312    1450.39    1450.39    -0.6286  1029.0877    34.5364 0.0000e+00
      14388 313.556880 -9.990e-29  -58.43538     -0.968    1448.17    304.000    300.862    -0.6172    -0.6179    -0.0007    -0.6269    -0.6277    -0.0007   2.818329   2.818192  -0.000132    34.3742    34.3732     6.9051    27.6309    27.6302    34.3743    27.6311    1450.39    1450.38    -0.6268  1029.0828    34.5364 0.0000e+00
      14410 313.556891 -9.990e-29  -58.43536     -1.023    1448.17    303.000    299.873    -0.6140    -0.6132     0.0008    -0.6238    -0.6230     0.0008   2.818591   2.818536  -0.000060    34.3743    34.3726     6.9147    27.6309    27.6295    34.3749    27.6314    1450.39    1450.39    -0.6235  1029.0783    34.5370 0.0000e+00
      14429 313.556900 -9.990e-29  -58.43536     -1.146    1448.17    302.000    298.883    -0.6064    -0.6077    -0.0014    -0.6161    -0.6175    -0.0014   2.819189   2.818988  -0.000232    34.3740    34.3724     6.9098    27.6303    27.6291    34.3749    27.6311    1450.40    1450.40    -0.6159  1029.0732    34.5370 0.0000e+00
      14447 313.556909  -62.14548  -58.43536     -1.265    1448.17    301.000    297.894    -0.6038    -0.6008     0.0030    -0.6135    -0.6105     0.0030   2.819353   2.819444   0.000136    34.3739    34.3724     6.9143    27.6302    27.6288    34.3748    27.6308    1450.40    1450.41    -0.6133  1029.0726    34.5424 0.0000e+00
