Pos-Processados/process_op42/Processamento_split/up/uoperantar42_041.cnv
* Sea-Bird SBE 9 Data File:
* FileName = C:\Users\Hidrografia\Desktop\OPXLII\Brutos\OP42041.hdr
* Software Version Seasave V 7.26.7.107
* Temperature SN = 6502
* Conductivity SN = 4998
* Number of Bytes Per Scan = 37
* Number of Voltage Words = 4
* Number of Scans Averaged by the Deck Unit = 1
* NMEA Latitude = 62 08.45 S
* NMEA Longitude = 058 26.32 W
* NMEA UTC (Time) = Nov 09 2023 16:23:52
* NMEA baud rate = 4800
** H41
** NPOALTEMAXIMIANO
** NUMERO DA ESTACAO (XXX) 041
** LAT (XX XX.XX S/N) 62 08.441S
** LONG (XXX XX.XX W/E) 058 26.341 W
** DATAHORA (dd/mm/aaaa hh:mm Z) 09/11/2023 1623Z
** PROFUNDIDADE (m) 425
** OPERADOR CT FILIPE LOPES
# nquan = 30
# nvalues = 367                         
# units = specified
# name 0 = scan: Scan Count
# name 1 = timeJ: Julian Days
# name 2 = latitude: Latitude [deg]
# name 3 = longitude: Longitude [deg]
# name 4 = dz/dtM: Descent Rate [m/s]
# name 5 = avgsvCM: Average Sound Velocity [Chen-Millero, m/s]
# name 6 = prDM: Pressure, Digiquartz [db]
# name 7 = depSM: Depth [salt water, m]
# name 8 = t090C: Temperature [ITS-90, deg C]
# name 9 = t190C: Temperature, 2 [ITS-90, deg C]
# name 10 = T2-T190C: Temperature Difference, 2 - 1 [ITS-90, deg C]
# name 11 = potemp090C: Potential Temperature [ITS-90, deg C]
# name 12 = potemp190C: Potential Temperature, 2 [ITS-90, deg C]
# name 13 = potemp90Cdiff: Potential Temperature, Diff, 2 - 1 [ITS-90, deg C]
# name 14 = c0S/m: Conductivity [S/m]
# name 15 = c1S/m: Conductivity, 2 [S/m]
# name 16 = C2-C1S/m: Conductivity Difference, 2 - 1 [S/m]
# name 17 = sal00: Salinity, Practical [PSU]
# name 18 = sal11: Salinity, Practical, 2 [PSU]
# name 19 = sbeox0ML/L: Oxygen, SBE 43 [ml/l]
# name 20 = sigma-é00: Density [sigma-theta, kg/m^3]
# name 21 = sigma-é11: Density, 2 [sigma-theta, kg/m^3]
# name 22 = sal00: Salinity, Practical [PSU]
# name 23 = sigma-é00: Density [sigma-theta, kg/m^3]
# name 24 = svCM: Sound Velocity [Chen-Millero, m/s]
# name 25 = svCM1: Sound Velocity, 2 [Chen-Millero, m/s]
# name 26 = gsw_ptA0: potential temperature [ITS-90, deg C]
# name 27 = gsw_densityA0: density, TEOS-10 [density, kg/m^3]
# name 28 = gsw_saA0: Absolute Salinity [g/kg]
# name 29 = flag:
# span 0 =      13661,      23847       
# span 1 = 313.689828, 313.694741       
# span 2 =  -62.14527,  -62.14318       
# span 3 =  -58.43796,  -58.43670       
# span 4 =     -1.169,     -0.245       
# span 5 =    1448.31,    1448.31       
# span 6 =      3.000,    369.000       
# span 7 =      2.979,    365.133       
# span 8 =    -0.8102,    -0.5262       
# span 9 =    -0.8090,    -0.5253       
# span 10 =    -0.0085,     0.0107      
# span 11 =    -0.8156,    -0.5266      
# span 12 =    -0.8143,    -0.5256      
# span 13 =    -0.0085,     0.0107      
# span 14 =   2.791431,   2.829964      
# span 15 =   2.791402,   2.829862      
# span 16 =  -0.000826,   0.000999      
# span 17 =    34.2752,    34.3973      
# span 18 =    34.2736,    34.3965      
# span 19 =     6.7251,     7.6539      
# span 20 =    27.5464,    27.6461      
# span 21 =    27.5453,    27.6455      
# span 22 =    34.2758,    34.3971      
# span 23 =    27.5469,    27.6460      
# span 24 =    1445.77,    1451.85      
# span 25 =    1445.77,    1451.87      
# span 26 =    -0.8154,    -0.5266      
# span 27 =  1027.5660,  1029.4101      
# span 28 =    34.4407,    34.5652      
# span 29 = 0.0000e+00, 0.0000e+00      
# interval = decibars: 1                
# start_time = Nov 09 2023 16:23:52 [NMEA time, header]
# bad_flag = -9.990e-29
*END*
[from data line 194]
      19098 313.692450  -62.14421  -58.43754     -0.922    1448.31    175.000    173.247    -0.8064    -0.8059     0.0005    -0.8115    -0.8110     0.0005   2.791510   2.791471  -0.000043    34.3061    34.3049     7.4736    27.5836    27.5826    34.3059    27.5835    1447.31    1447.31    -0.8114  1028.4265    34.4730 0.0000e+00
      19125 313.692463  -62.14422  -58.43754     -0.900    1448.31    174.000    172.258    -0.8050    -0.8050     0.0001    -0.8101    -0.8101     0.0001   2.791580   2.791494  -0.000081    34.3059    34.3047     7.4734    27.5834    27.5824    34.3060    27.5834    1447.30    1447.30    -0.8100  1028.4217    34.4730 0.0000e+00
      19153 313.692477  -62.14422  -58.43754     -0.858    1448.31    173.000    171.268    -0.8032    -0.8034    -0.0003    -0.8082    -0.8085    -0.0003   2.791673   2.791575  -0.000097    34.3055    34.3045     7.4730    27.5830    27.5822    34.3057    27.5831    1447.29    1447.29    -0.8081  1028.4171    34.4733 0.0000e+00
      19181 313.692490  -62.14422 -9.990e-29     -0.863    1448.31    172.000    170.279    -0.8022    -0.8014     0.0007    -0.8072    -0.8064     0.0007   2.791707   2.791673  -0.000027    34.3055    34.3043     7.4715    27.5829    27.5819    34.3056    27.5831    1447.28    1447.28    -0.8071  1028.4134    34.4747 0.0000e+00
      19207 313.692503  -62.14424 -9.990e-29     -0.894    1448.31    171.000    169.289    -0.7957    -0.7984    -0.0028    -0.8007    -0.8034    -0.0027   2.792198   2.791885  -0.000287    34.3046    34.3039     7.4679    27.5820    27.5815    34.3055    27.5827    1447.29    1447.28    -0.8006  1028.4082    34.4746 0.0000e+00
      19232 313.692515  -62.14424 -9.990e-29     -0.932    1448.31    170.000    168.300    -0.7910    -0.7932    -0.0022    -0.7960    -0.7982    -0.0022   2.792478   2.792236  -0.000259    34.3044    34.3034     7.4689    27.5816    27.5809    34.3047    27.5818    1447.29    1447.28    -0.7959  1028.4025    34.4737 0.0000e+00
      19257 313.692527  -62.14424 -9.990e-29     -0.958    1448.31    169.000    167.310    -0.7922    -0.7918     0.0004    -0.7971    -0.7967     0.0004   2.792251   2.792263   0.000008    34.3033    34.3030     7.4676    27.5808    27.5805    34.3035    27.5809    1447.27    1447.27    -0.7970  1028.3969    34.4726 0.0000e+00
      19282 313.692539  -62.14424 -9.990e-29     -0.963    1448.31    168.000    166.320    -0.7912    -0.7913    -0.0000    -0.7961    -0.7962    -0.0000   2.792195   2.792166  -0.000028    34.3021    34.3017     7.4699    27.5797    27.5794    34.3023    27.5799    1447.26    1447.26    -0.7960  1028.3911    34.4714 0.0000e+00
      19308 313.692552  -62.14426 -9.990e-29     -0.935    1448.31    167.000    165.331    -0.7906    -0.7909    -0.0003    -0.7955    -0.7958    -0.0003   2.792161   2.792104  -0.000054    34.3015    34.3010     7.4722    27.5792    27.5788    34.3017    27.5794    1447.25    1447.24    -0.7954  1028.3858    34.4707 0.0000e+00
      19334 313.692564  -62.14426 -9.990e-29     -0.933    1448.31    166.000    164.341    -0.7898    -0.7898     0.0000    -0.7946    -0.7946     0.0000   2.792158   2.792091  -0.000062    34.3011    34.3002     7.4792    27.5788    27.5781    34.3014    27.5791    1447.23    1447.23    -0.7945  1028.3807    34.4704 0.0000e+00
      19359 313.692576  -62.14426  -58.43750     -0.942    1448.31    165.000    163.351    -0.7878    -0.7889    -0.0010    -0.7927    -0.7937    -0.0010   2.792255   2.792111  -0.000138    34.3007    34.3000     7.4782    27.5785    27.5780    34.3011    27.5788    1447.22    1447.22    -0.7925  1028.3748    34.4691 0.0000e+00
      19385 313.692589  -62.14427  -58.43750     -0.934    1448.31    164.000    162.362    -0.7858    -0.7864    -0.0005    -0.7906    -0.7912    -0.0005   2.792360   2.792237  -0.000128    34.3005    34.2994     7.4825    27.5782    27.5773    34.3009    27.5785    1447.22    1447.21    -0.7905  1028.3689    34.4679 0.0000e+00
      19410 313.692601  -62.14428  -58.43750     -0.953    1448.31    163.000    161.372    -0.7841    -0.7849    -0.0008    -0.7889    -0.7897    -0.0008   2.792466   2.792302  -0.000147    34.3004    34.2993     7.4839    27.5781    27.5772    34.3010    27.5786    1447.21    1447.20    -0.7888  1028.3642    34.4680 0.0000e+00
      19433 313.692612  -62.14428  -58.43750     -1.001    1448.31    162.000    160.383    -0.7792    -0.7815    -0.0023    -0.7840    -0.7862    -0.0023   2.792770   2.792514  -0.000257    34.2996    34.2987     7.4867    27.5772    27.5766    34.3002    27.5777    1447.22    1447.20    -0.7838  1028.3585    34.4672 0.0000e+00
      19457 313.692623  -62.14429  -58.43750     -1.029    1448.31    161.000    159.393    -0.7776    -0.7791    -0.0014    -0.7823    -0.7838    -0.0014   2.792836   2.792634  -0.000200    34.2993    34.2982     7.4922    27.5769    27.5761    34.2999    27.5773    1447.21    1447.20    -0.7822  1028.3534    34.4668 0.0000e+00
      19483 313.692636  -62.14430  -58.43750     -0.961    1448.31    160.000    158.403    -0.7737    -0.7804    -0.0067    -0.7784    -0.7851    -0.0067   2.793060   2.792507  -0.000525    34.2985    34.2990     7.4927    27.5761    27.5768    34.2991    27.5766    1447.21    1447.17    -0.7783  1028.3478    34.4660 0.0000e+00
      19511 313.692649  -62.14430  -58.43749     -0.869    1448.31    159.000    157.414    -0.7719    -0.7732    -0.0013    -0.7766    -0.7779    -0.0013   2.793158   2.792986  -0.000198    34.2984    34.2972     7.4973    27.5759    27.5750    34.2990    27.5764    1447.20    1447.19    -0.7764  1028.3428    34.4659 0.0000e+00
      19537 313.692662  -62.14432  -58.43748     -0.883    1448.31    158.000    156.424    -0.7709    -0.7716    -0.0007    -0.7756    -0.7762    -0.0007   2.793171   2.793035  -0.000131    34.2983    34.2972     7.4958    27.5758    27.5749    34.2987    27.5761    1447.19    1447.18    -0.7754  1028.3377    34.4656 0.0000e+00
      19562 313.692674  -62.14432  -58.43748     -0.949    1448.31    157.000    155.435    -0.7707    -0.7712    -0.0005    -0.7753    -0.7759    -0.0005   2.793150   2.793026  -0.000132    34.2983    34.2971     7.4959    27.5758    27.5749    34.2988    27.5762    1447.17    1447.17    -0.7752  1028.3306    34.4627 0.0000e+00
      19584 313.692685 -9.990e-29  -58.43748     -1.028    1448.31    156.000    154.445    -0.7679    -0.7691    -0.0012    -0.7724    -0.7736    -0.0012   2.793316   2.793120  -0.000185    34.2977    34.2966     7.5004    27.5752    27.5744    34.2984    27.5757    1447.17    1447.16    -0.7723  1028.3236    34.4601 0.0000e+00
      19606 313.692695 -9.990e-29  -58.43748     -1.078    1448.31    155.000    153.455    -0.7651    -0.7672    -0.0021    -0.7696    -0.7717    -0.0021   2.793435   2.793211  -0.000224    34.2969    34.2963     7.5021    27.5744    27.5740    34.2974    27.5749    1447.16    1447.15    -0.7695  1028.3180    34.4592 0.0000e+00
      19632 313.692708 -9.990e-29  -58.43748     -1.000    1448.31    154.000    152.466    -0.7635    -0.7657    -0.0022    -0.7680    -0.7702    -0.0022   2.793500   2.793260  -0.000235    34.2967    34.2960     7.5052    27.5742    27.5737    34.2972    27.5746    1447.16    1447.14    -0.7679  1028.3129    34.4589 0.0000e+00
      19662 313.692722  -62.14434  -58.43748     -0.828    1448.31    153.000    151.476    -0.7633    -0.7661    -0.0028    -0.7678    -0.7705    -0.0028   2.793477   2.793200  -0.000279    34.2969    34.2962     7.5031    27.5743    27.5739    34.2972    27.5746    1447.14    1447.12    -0.7677  1028.3106    34.4620 0.0000e+00
      19689 313.692736  -62.14434  -58.43748     -0.832    1448.31    152.000    150.486    -0.7618    -0.7622    -0.0004    -0.7663    -0.7667    -0.0004   2.793545   2.793425  -0.000132    34.2966    34.2953     7.5169    27.5741    27.5730    34.2970    27.5744    1447.13    1447.13    -0.7661  1028.3073    34.4639 0.0000e+00
      19713 313.692747  -62.14434  -58.43748     -0.964    1448.31    151.000    149.496    -0.7604    -0.7603     0.0002    -0.7649    -0.7647     0.0002   2.793571   2.793499  -0.000075    34.2961    34.2949     7.5100    27.5736    27.5726    34.2965    27.5739    1447.12    1447.12    -0.7647  1028.3020    34.4633 0.0000e+00
      19735 313.692757  -62.14434  -58.43746     -1.063    1448.31    150.000    148.507    -0.7603    -0.7593     0.0010    -0.7647    -0.7637     0.0010   2.793535   2.793511  -0.000029    34.2961    34.2946     7.5137    27.5736    27.5723    34.2965    27.5739    1447.10    1447.11    -0.7646  1028.2972    34.4633 0.0000e+00
      19758 313.692769  -62.14436  -58.43746     -1.065    1448.31    149.000    147.517    -0.7595    -0.7590     0.0005    -0.7639    -0.7634     0.0005   2.793531   2.793490  -0.000049    34.2959    34.2947     7.5112    27.5734    27.5724    34.2962    27.5736    1447.09    1447.09    -0.7638  1028.2921    34.4630 0.0000e+00
      19785 313.692781  -62.14436  -58.43746     -0.957    1448.31    148.000    146.528    -0.7591    -0.7589     0.0002    -0.7635    -0.7633     0.0002   2.793517   2.793454  -0.000066    34.2959    34.2947     7.5083    27.5734    27.5724    34.2962    27.5736    1447.08    1447.07    -0.7633  1028.2873    34.4630 0.0000e+00
      19813 313.692795  -62.14436  -58.43746     -0.848    1448.31    147.000    145.538    -0.7589    -0.7582     0.0006    -0.7632    -0.7626     0.0006   2.793479   2.793442  -0.000039    34.2957    34.2945     7.5095    27.5732    27.5722    34.2959    27.5734    1447.06    1447.06    -0.7631  1028.2824    34.4628 0.0000e+00
      19840 313.692808  -62.14437  -58.43746     -0.872    1448.31    146.000    144.548    -0.7584    -0.7578     0.0005    -0.7626    -0.7621     0.0005   2.793461   2.793414  -0.000052    34.2955    34.2942     7.5086    27.5730    27.5720    34.2958    27.5732    1447.05    1447.05    -0.7626  1028.2774    34.4626 0.0000e+00
      19863 313.692819  -62.14438  -58.43746     -0.980    1448.31    145.000    143.559    -0.7577    -0.7575     0.0002    -0.7619    -0.7618     0.0002   2.793451   2.793385  -0.000066    34.2952    34.2941     7.5160    27.5728    27.5719    34.2954    27.5729    1447.03    1447.03    -0.7618  1028.2723    34.4622 0.0000e+00
      19884 313.692829  -62.14438  -58.43746     -1.071    1448.31    144.000    142.569    -0.7570    -0.7567     0.0002    -0.7612    -0.7609     0.0002   2.793436   2.793374  -0.000063    34.2949    34.2937     7.5180    27.5724    27.5715    34.2950    27.5726    1447.02    1447.02    -0.7611  1028.2672    34.4618 0.0000e+00
      19906 313.692840  -62.14438  -58.43746     -1.105    1448.31    143.000    141.579    -0.7561    -0.7562    -0.0001    -0.7603    -0.7604    -0.0001   2.793434   2.793353  -0.000081    34.2945    34.2935     7.5189    27.5721    27.5713    34.2947    27.5723    1447.01    1447.01    -0.7602  1028.2621    34.4615 0.0000e+00
      19932 313.692852  -62.14440  -58.43744     -1.015    1448.31    142.000    140.589    -0.7519    -0.7545    -0.0027    -0.7560    -0.7587    -0.0027   2.793727   2.793440  -0.000273    34.2937    34.2931     7.5178    27.5713    27.5709    34.2944    27.5719    1447.01    1447.00    -0.7560  1028.2569    34.4612 0.0000e+00
      19961 313.692867  -62.14440  -58.43744     -0.848    1448.31    141.000    139.599    -0.7474    -0.7500    -0.0026    -0.7515    -0.7541    -0.0026   2.794020   2.793742  -0.000270    34.2930    34.2923     7.5194    27.5705    27.5701    34.2939    27.5713    1447.01    1447.00    -0.7514  1028.2515    34.4607 0.0000e+00
      19988 313.692880  -62.14440  -58.43744     -0.848    1448.31    140.000    138.610    -0.7395    -0.7415    -0.0020    -0.7436    -0.7456    -0.0020   2.794658   2.794343  -0.000283    34.2933    34.2918     7.5227    27.5705    27.5693    34.2942    27.5712    1447.04    1447.02    -0.7435  1028.2466    34.4610 0.0000e+00
      20014 313.692892  -62.14440  -58.43744     -0.913    1448.31    139.000    137.620    -0.7338    -0.7360    -0.0022    -0.7379    -0.7401    -0.0022   2.795053   2.794803  -0.000268    34.2927    34.2915     7.5227    27.5697    27.5688    34.2938    27.5706    1447.05    1447.03    -0.7378  1028.2412    34.4605 0.0000e+00
      20039 313.692904  -62.14441  -58.43744     -0.952    1448.31    138.000    136.630    -0.7289    -0.7331    -0.0042    -0.7330    -0.7371    -0.0041   2.795464   2.794987  -0.000462    34.2932    34.2917     7.5239    27.5699    27.5689    34.2944    27.5709    1447.05    1447.03    -0.7329  1028.2366    34.4611 0.0000e+00
      20064 313.692916  -62.14442  -58.43744     -0.972    1448.31    137.000    135.640    -0.7241    -0.7271    -0.0031    -0.7281    -0.7312    -0.0031   2.795840   2.795453  -0.000404    34.2934    34.2914     7.5226    27.5698    27.5684    34.2946    27.5708    1447.06    1447.04    -0.7280  1028.2327    34.4624 0.0000e+00
      20090 313.692929  -62.14442 -9.990e-29     -0.939    1448.31    136.000    134.651    -0.7166    -0.7188    -0.0022    -0.7206    -0.7228    -0.0022   2.796378   2.796069  -0.000302    34.2927    34.2911     7.5126    27.5690    27.5678    34.2940    27.5700    1447.08    1447.06    -0.7205  1028.2274    34.4623 0.0000e+00
      20119 313.692943  -62.14442 -9.990e-29     -0.850    1448.31    135.000    133.661    -0.7160    -0.7170    -0.0010    -0.7200    -0.7210    -0.0010   2.796342   2.796176  -0.000184    34.2928    34.2915     7.5122    27.5690    27.5680    34.2935    27.5696    1447.06    1447.06    -0.7199  1028.2222    34.4618 0.0000e+00
      20147 313.692956  -62.14444 -9.990e-29     -0.842    1448.31    134.000    132.671    -0.7182    -0.7168     0.0015    -0.7222    -0.7207     0.0015   2.796089   2.796124   0.000012    34.2929    34.2914     7.5134    27.5693    27.5680    34.2932    27.5695    1447.04    1447.04    -0.7221  1028.2173    34.4614 0.0000e+00
      20173 313.692969  -62.14444 -9.990e-29     -0.910    1448.31    133.000    131.681    -0.7210    -0.7184     0.0026    -0.7249    -0.7223     0.0026   2.795769   2.795920   0.000136    34.2923    34.2913     7.5106    27.5689    27.5679    34.2926    27.5691    1447.01    1447.02    -0.7248  1028.2121    34.4608 0.0000e+00
      20199 313.692981  -62.14444 -9.990e-29     -0.935    1448.31    132.000    130.692    -0.7250    -0.7208     0.0042    -0.7289    -0.7247     0.0042   2.795347   2.795644   0.000280    34.2922    34.2913     7.5096    27.5689    27.5680    34.2921    27.5688    1446.97    1446.99    -0.7288  1028.2071    34.4603 0.0000e+00
      20225 313.692994  -62.14445 -9.990e-29     -0.916    1448.31    131.000    129.702    -0.7293    -0.7250     0.0043    -0.7331    -0.7288     0.0043   2.794919   2.795221   0.000296    34.2920    34.2912     7.5075    27.5690    27.5681    34.2917    27.5687    1446.93    1446.95    -0.7330  1028.2022    34.4599 0.0000e+00
      20249 313.693006  -62.14446  -58.43740     -0.945    1448.31    130.000    128.712    -0.7317    -0.7288     0.0029    -0.7355    -0.7326     0.0029   2.794633   2.794825   0.000187    34.2915    34.2907     7.4989    27.5687    27.5679    34.2913    27.5685    1446.91    1446.92    -0.7354  1028.1971    34.4593 0.0000e+00
      20274 313.693017  -62.14446  -58.43740     -0.979    1448.31    129.000    127.722    -0.7340    -0.7301     0.0038    -0.7378    -0.7339     0.0038   2.794394   2.794643   0.000245    34.2915    34.2905     7.5143    27.5687    27.5678    34.2912    27.5685    1446.88    1446.89    -0.7377  1028.1913    34.4579 0.0000e+00
