Pos-Processados/process_op42/Processamento_split/up/uoperantar42_019.cnv
* Sea-Bird SBE 9 Data File:
* FileName = C:\Users\Hidrografia\Desktop\OPXLII\Brutos\OP42019.hdr
* Software Version Seasave V 7.26.7.107
* Temperature SN = 6502
* Conductivity SN = 4998
* Number of Bytes Per Scan = 37
* Number of Voltage Words = 4
* Number of Scans Averaged by the Deck Unit = 1
* NMEA Latitude = 62 12.74 S
* NMEA Longitude = 058 20.49 W
* NMEA UTC (Time) = Nov 07 2023 15:27:40
* NMEA baud rate = 4800
** H41
** NPOALTEMAXIMIANO
** NUMERO DA ESTACAO (XXX) 019
** LAT (XX XX.XX S/N) 62 12.46 S
** LONG (XXX XX.XX W/E) 058 20.12 W
** DATAHORA (dd/mm/aaaa hh:mm Z) 07/11/2023 1518Z
** PROFUNDIDADE (m) 490
** OPERADOR CT FILIPE LOPES
# nquan = 30
# nvalues = 456                         
# units = specified
# name 0 = scan: Scan Count
# name 1 = timeJ: Julian Days
# name 2 = latitude: Latitude [deg]
# name 3 = longitude: Longitude [deg]
# name 4 = dz/dtM: Descent Rate [m/s]
# name 5 = avgsvCM: Average Sound Velocity [Chen-Millero, m/s]
# name 6 = prDM: Pressure, Digiquartz [db]
# name 7 = depSM: Depth [salt water, m]
# name 8 = t090C: Temperature [ITS-90, deg C]
# name 9 = t190C: Temperature, 2 [ITS-90, deg C]
# name 10 = T2-T190C: Temperature Difference, 2 - 1 [ITS-90, deg C]
# name 11 = potemp090C: Potential Temperature [ITS-90, deg C]
# name 12 = potemp190C: Potential Temperature, 2 [ITS-90, deg C]
# name 13 = potemp90Cdiff: Potential Temperature, Diff, 2 - 1 [ITS-90, deg C]
# name 14 = c0S/m: Conductivity [S/m]
# name 15 = c1S/m: Conductivity, 2 [S/m]
# name 16 = C2-C1S/m: Conductivity Difference, 2 - 1 [S/m]
# name 17 = sal00: Salinity, Practical [PSU]
# name 18 = sal11: Salinity, Practical, 2 [PSU]
# name 19 = sbeox0ML/L: Oxygen, SBE 43 [ml/l]
# name 20 = sigma-é00: Density [sigma-theta, kg/m^3]
# name 21 = sigma-é11: Density, 2 [sigma-theta, kg/m^3]
# name 22 = sal00: Salinity, Practical [PSU]
# name 23 = sigma-é00: Density [sigma-theta, kg/m^3]
# name 24 = svCM: Sound Velocity [Chen-Millero, m/s]
# name 25 = svCM1: Sound Velocity, 2 [Chen-Millero, m/s]
# name 26 = gsw_ptA0: potential temperature [ITS-90, deg C]
# name 27 = gsw_densityA0: density, TEOS-10 [density, kg/m^3]
# name 28 = gsw_saA0: Absolute Salinity [g/kg]
# name 29 = flag:
# span 0 =      21380,      37952       
# span 1 = 311.654523, 311.662515       
# span 2 =  -62.21821,  -62.21560       
# span 3 =  -58.33778,  -58.33464       
# span 4 =     -1.107,     -0.120       
# span 5 =    1448.92,    1448.92       
# span 6 =      2.000,    457.000       
# span 7 =      1.985,    452.113       
# span 8 =    -0.8828,    -0.2579       
# span 9 =    -0.8805,    -0.2603       
# span 10 =    -0.0267,     0.0342      
# span 11 =    -0.8906,    -0.2734      
# span 12 =    -0.8882,    -0.2757      
# span 13 =    -0.0266,     0.0341      
# span 14 =   2.790066,   2.860404      
# span 15 =   2.790065,   2.860049      
# span 16 =  -0.002371,   0.002889      
# span 17 =    34.2956,    34.4644      
# span 18 =    34.2948,    34.4633      
# span 19 =     6.1705,     7.5568      
# span 20 =    27.5640,    27.6924      
# span 21 =    27.5631,    27.6914      
# span 22 =    34.2968,    34.4639      
# span 23 =    27.5643,    27.6920      
# span 24 =    1445.71,    1454.33      
# span 25 =    1445.71,    1454.33      
# span 26 =    -0.8904,    -0.2731      
# span 27 =  1027.5781,  1029.8669      
# span 28 =    34.4595,    34.6328      
# span 29 = 0.0000e+00, 0.0000e+00      
# interval = decibars: 1                
# start_time = Nov 07 2023 15:27:40 [NMEA time, header]
# bad_flag = -9.990e-29
*END*
[from data line 436]
      35741 311.661449  -62.21784  -58.33528     -0.867    1448.92     21.000     20.797    -0.5903    -0.5920    -0.0017    -0.5909    -0.5926    -0.0017   2.802053   2.801756  -0.000274    34.2980    34.2962     7.4864    27.5677    27.5664    34.2987    27.5683    1445.81    1445.80    -0.5909  1027.6733    34.4641 0.0000e+00
      35768 311.661462  -62.21784  -58.33528     -0.906    1448.92     20.000     19.807    -0.5846    -0.5870    -0.0024    -0.5852    -0.5876    -0.0024   2.802431   2.802121  -0.000309    34.2974    34.2959     7.5094    27.5670    27.5659    34.2980    27.5675    1445.82    1445.80    -0.5852  1027.6677    34.4634 0.0000e+00
      35800 311.661477  -62.21784  -58.33528     -0.798    1448.92     19.000     18.817    -0.5824    -0.5856    -0.0032    -0.5830    -0.5861    -0.0032   2.802568   2.802171  -0.000365    34.2975    34.2962     7.5080    27.5670    27.5661    34.2980    27.5674    1445.81    1445.79    -0.5830  1027.6617    34.4621 0.0000e+00
      35833 311.661493 -9.990e-29  -58.33527     -0.715    1448.92     18.000     17.826    -0.5793    -0.5819    -0.0027    -0.5798    -0.5825    -0.0027   2.802780   2.802457  -0.000355    34.2974    34.2957     7.5192    27.5668    27.5655    34.2979    27.5672    1445.81    1445.79    -0.5797  1027.6548    34.4596 0.0000e+00
      35862 311.661507 -9.990e-29  -58.33526     -0.788    1448.92     17.000     16.836    -0.5792    -0.5798    -0.0006    -0.5797    -0.5803    -0.0006   2.802734   2.802561  -0.000163    34.2974    34.2959     7.5205    27.5668    27.5656    34.2978    27.5671    1445.79    1445.79    -0.5797  1027.6499    34.4595 0.0000e+00
      35891 311.661521  -62.21788  -58.33526     -0.837    1448.92     16.000     15.846    -0.5791    -0.5791    -0.0001    -0.5795    -0.5796    -0.0001   2.802714   2.802587  -0.000138    34.2978    34.2960     7.5258    27.5671    27.5657    34.2980    27.5672    1445.78    1445.78    -0.5795  1027.6454    34.4599 0.0000e+00
      35923 311.661536  -62.21788  -58.33525     -0.784    1448.92     15.000     14.855    -0.5806    -0.5802     0.0004    -0.5810    -0.5806     0.0004   2.802506   2.802462  -0.000054    34.2976    34.2963     7.5143    27.5670    27.5660    34.2976    27.5670    1445.75    1445.75    -0.5810  1027.6432    34.4629 0.0000e+00
      35958 311.661553  -62.21788  -58.33524     -0.690    1448.92     14.000     13.865    -0.5814    -0.5806     0.0008    -0.5818    -0.5811     0.0008   2.802403   2.802372  -0.000031    34.2976    34.2964     7.5165    27.5670    27.5660    34.2977    27.5671    1445.73    1445.74    -0.5818  1027.6386    34.4632 0.0000e+00
      35994 311.661571  -62.21788  -58.33524     -0.668    1448.92     13.000     12.875    -0.5822    -0.5816     0.0006    -0.5826    -0.5820     0.0006   2.802293   2.802239  -0.000046    34.2976    34.2964     7.5063    27.5671    27.5660    34.2978    27.5672    1445.71    1445.71    -0.5826  1027.6339    34.4632 0.0000e+00
      36041 311.661593  -62.21790  -58.33524     -0.517    1448.92     12.000     11.886    -0.5706    -0.5798    -0.0093    -0.5709    -0.5802    -0.0093   2.803183   2.802348  -0.000797    34.2962    34.2960     7.5139    27.5654    27.5657    34.2972    27.5663    1445.75    1445.71    -0.5709  1027.6282    34.4627 0.0000e+00
      36102 311.661623  -62.21790  -58.33522     -0.387    1448.92     11.000     10.893    -0.5506    -0.5622    -0.0115    -0.5509    -0.5625    -0.0115   2.804787   2.803763  -0.000999    34.2956    34.2952     7.5162    27.5640    27.5642    34.2968    27.5650    1445.83    1445.77    -0.5509  1027.6222    34.4623 0.0000e+00
      36152 311.661647  -62.21792  -58.33520     -0.478    1448.92     10.000      9.904    -0.5523    -0.5638    -0.0115    -0.5526    -0.5641    -0.0115   2.804642   2.803598  -0.001039    34.2969    34.2959     7.5189    27.5651    27.5649    34.2975    27.5656    1445.80    1445.75    -0.5526  1027.6180    34.4630 0.0000e+00
      36207 311.661673  -62.21792  -58.33520     -0.435    1448.92      9.000      8.916    -0.5467    -0.5479    -0.0012    -0.5470    -0.5482    -0.0012   2.805054   2.804838  -0.000251    34.2968    34.2948     7.5156    27.5648    27.5632    34.2973    27.5652    1445.81    1445.81    -0.5470  1027.6128    34.4628 0.0000e+00
      36266 311.661702  -62.21793  -58.33518     -0.405    1448.92      8.000      7.920    -0.5483    -0.5481     0.0002    -0.5485    -0.5483     0.0002   2.804946   2.804807  -0.000145    34.2975    34.2953     7.5205    27.5655    27.5637    34.2982    27.5660    1445.79    1445.79    -0.5485  1027.6088    34.4637 0.0000e+00
      36316 311.661726  -62.21794  -58.33518     -0.490    1448.92      7.000      6.933    -0.5414    -0.5424    -0.0011    -0.5416    -0.5427    -0.0011   2.805419   2.805213  -0.000212    34.2968    34.2952     7.5145    27.5646    27.5633    34.2974    27.5651    1445.81    1445.80    -0.5416  1027.6031    34.4629 0.0000e+00
      36394 311.661764  -62.21795  -58.33517     -0.318    1448.92      6.000      5.945    -0.5395    -0.5408    -0.0013    -0.5397    -0.5410    -0.0013   2.805529   2.805306  -0.000226    34.2970    34.2954     7.5202    27.5646    27.5634    34.2974    27.5650    1445.80    1445.79    -0.5397  1027.5982    34.4629 0.0000e+00
      36674 311.661899  -62.21801  -58.33511     -0.130    1448.92      5.000      4.950    -0.5372    -0.5355     0.0017    -0.5373    -0.5356     0.0017   2.805678   2.805723   0.000040    34.2974    34.2960     7.5135    27.5649    27.5637    34.2973    27.5648    1445.79    1445.80    -0.5373  1027.5931    34.4626 0.0000e+00
      36803 311.661961  -62.21802  -58.33510     -0.236    1448.92      4.000      3.961    -0.5402    -0.5399     0.0003    -0.5403    -0.5401     0.0003   2.805385   2.805303  -0.000083    34.2975    34.2961     7.5118    27.5651    27.5640    34.2975    27.5651    1445.76    1445.76    -0.5403  1027.5888    34.4630 0.0000e+00
      36981 311.662047  -62.21806  -58.33508     -0.271    1448.92      3.000      2.969    -0.5375    -0.5369     0.0006    -0.5376    -0.5370     0.0006   2.805558   2.805504  -0.000050    34.2973    34.2959     7.5229    27.5648    27.5637    34.2973    27.5649    1445.76    1445.76    -0.5376  1027.5836    34.4627 0.0000e+00
      37952 311.662515  -62.21821  -58.33464     -0.120    1448.92      2.000      1.985    -0.5282    -0.5277     0.0006    -0.5283    -0.5277     0.0006   2.806280   2.806220  -0.000059    34.2972    34.2957     7.5205    27.5643    27.5631    34.2972    27.5643    1445.79    1445.79    -0.5283  1027.5781    34.4622 0.0000e+00
