Pos-Processados/process_op42/Processamento_split/up/uoperantar42_037.cnv
* Sea-Bird SBE 9 Data File:
* FileName = C:\Users\Hidrografia\Desktop\OPXLII\Brutos\OP42037.hdr
* Software Version Seasave V 7.26.7.107
* Temperature SN = 6502
* Conductivity SN = 4998
* Number of Bytes Per Scan = 37
* Number of Voltage Words = 4
* Number of Scans Averaged by the Deck Unit = 1
* NMEA Latitude = 62 08.60 S
* NMEA Longitude = 058 26.37 W
* NMEA UTC (Time) = Nov 09 2023 12:08:15
* NMEA baud rate = 4800
** H41
** NPOALTEMAXIMIANO
** NUMERO DA ESTACAO (XXX) 037
** LAT (XX XX.XX S/N) 62 08.14 S
** LONG (XXX XX.XX W/E) 058 26.57 W
** DATAHORA (dd/mm/aaaa hh:mm Z) 09/11/2023 1205Z
** PROFUNDIDADE (m) 400
** OPERADOR 1T ZAMITH
# nquan = 30
# nvalues = 331                         
# units = specified
# name 0 = scan: Scan Count
# name 1 = timeJ: Julian Days
# name 2 = latitude: Latitude [deg]
# name 3 = longitude: Longitude [deg]
# name 4 = dz/dtM: Descent Rate [m/s]
# name 5 = avgsvCM: Average Sound Velocity [Chen-Millero, m/s]
# name 6 = prDM: Pressure, Digiquartz [db]
# name 7 = depSM: Depth [salt water, m]
# name 8 = t090C: Temperature [ITS-90, deg C]
# name 9 = t190C: Temperature, 2 [ITS-90, deg C]
# name 10 = T2-T190C: Temperature Difference, 2 - 1 [ITS-90, deg C]
# name 11 = potemp090C: Potential Temperature [ITS-90, deg C]
# name 12 = potemp190C: Potential Temperature, 2 [ITS-90, deg C]
# name 13 = potemp90Cdiff: Potential Temperature, Diff, 2 - 1 [ITS-90, deg C]
# name 14 = c0S/m: Conductivity [S/m]
# name 15 = c1S/m: Conductivity, 2 [S/m]
# name 16 = C2-C1S/m: Conductivity Difference, 2 - 1 [S/m]
# name 17 = sal00: Salinity, Practical [PSU]
# name 18 = sal11: Salinity, Practical, 2 [PSU]
# name 19 = sbeox0ML/L: Oxygen, SBE 43 [ml/l]
# name 20 = sigma-é00: Density [sigma-theta, kg/m^3]
# name 21 = sigma-é11: Density, 2 [sigma-theta, kg/m^3]
# name 22 = sal00: Salinity, Practical [PSU]
# name 23 = sigma-é00: Density [sigma-theta, kg/m^3]
# name 24 = svCM: Sound Velocity [Chen-Millero, m/s]
# name 25 = svCM1: Sound Velocity, 2 [Chen-Millero, m/s]
# name 26 = gsw_ptA0: potential temperature [ITS-90, deg C]
# name 27 = gsw_densityA0: density, TEOS-10 [density, kg/m^3]
# name 28 = gsw_saA0: Absolute Salinity [g/kg]
# name 29 = flag:
# span 0 =      13940,      22910       
# span 1 = 313.512451, 313.516777       
# span 2 =  -62.14786,  -62.14600       
# span 3 =  -58.43492,  -58.43322       
# span 4 =     -1.322,     -0.358       
# span 5 =    1447.84,    1447.84       
# span 6 =      4.000,    334.000       
# span 7 =      4.007,    330.522       
# span 8 =    -0.8284,    -0.5493       
# span 9 =    -0.8271,    -0.5489       
# span 10 =    -0.0092,     0.0118      
# span 11 =    -0.8337,    -0.5496      
# span 12 =    -0.8323,    -0.5492      
# span 13 =    -0.0092,     0.0118      
# span 14 =   2.790017,   2.824949      
# span 15 =   2.789995,   2.824914      
# span 16 =  -0.000887,   0.001077      
# span 17 =    34.2824,    34.3927      
# span 18 =    34.2810,    34.3918      
# span 19 =     6.7715,     7.6549      
# span 20 =    27.5535,    27.6440      
# span 21 =    27.5529,    27.6432      
# span 22 =    34.2825,    34.3925      
# span 23 =    27.5534,    27.6439      
# span 24 =    1445.69,    1451.12      
# span 25 =    1445.70,    1451.12      
# span 26 =    -0.8336,    -0.5496      
# span 27 =  1027.5772,  1029.2425      
# span 28 =    34.4452,    34.5622      
# span 29 = 0.0000e+00, 0.0000e+00      
# interval = decibars: 1                
# start_time = Nov 09 2023 12:08:15 [NMEA time, header]
# bad_flag = -9.990e-29
*END*
      13940 313.512451  -62.14600  -58.43492     -0.358    1447.84    334.000    330.522    -0.5704    -0.5699     0.0006    -0.5814    -0.5808     0.0006   2.824943   2.824914  -0.000023    34.3927    34.3918     6.7715    27.6440    27.6432    34.3921    27.6435    1451.12    1451.12    -0.5812  1029.2425    34.5609 0.0000e+00
      13962 313.512462  -62.14601  -58.43492     -0.714    1447.84    333.000    329.540    -0.5720    -0.5711     0.0009    -0.5830    -0.5821     0.0009   2.824792   2.824776  -0.000024    34.3924    34.3910     6.7720    27.6438    27.6426    34.3925    27.6439    1451.09    1451.10    -0.5827  1029.2376    34.5606 0.0000e+00
      13989 313.512475  -62.14602  -58.43491     -0.852    1447.84    332.000    328.550    -0.5694    -0.5690     0.0004    -0.5803    -0.5799     0.0004   2.824949   2.824912  -0.000031    34.3923    34.3915     6.7737    27.6436    27.6429    34.3922    27.6435    1451.09    1451.09    -0.5801  1029.2325    34.5603 0.0000e+00
      14019 313.512489  -62.14602  -58.43490     -0.845    1447.84    331.000    327.562    -0.5706    -0.5699     0.0008    -0.5815    -0.5807     0.0008   2.824778   2.824796   0.000011    34.3922    34.3915     6.7835    27.6435    27.6429    34.3920    27.6434    1451.07    1451.07    -0.5813  1029.2285    34.5611 0.0000e+00
      14050 313.512504  -62.14602 -9.990e-29     -0.771    1447.84    330.000    326.573    -0.5693    -0.5698    -0.0005    -0.5802    -0.5806    -0.0005   2.824814   2.824721  -0.000081    34.3915    34.3909     6.7841    27.6429    27.6425    34.3916    27.6430    1451.06    1451.05    -0.5799  1029.2245    34.5622 0.0000e+00
      14076 313.512517  -62.14604 -9.990e-29     -0.846    1447.84    329.000    325.584    -0.5676    -0.5673     0.0004    -0.5784    -0.5781     0.0004   2.824873   2.824841  -0.000039    34.3910    34.3901     6.7831    27.6425    27.6417    34.3911    27.6425    1451.05    1451.05    -0.5782  1029.2192    34.5616 0.0000e+00
      14098 313.512527  -62.14604 -9.990e-29     -0.996    1447.84    328.000    324.595    -0.5671    -0.5662     0.0008    -0.5778    -0.5770     0.0008   2.824835   2.824813  -0.000020    34.3905    34.3893     6.7778    27.6420    27.6410    34.3905    27.6420    1451.03    1451.04    -0.5776  1029.2140    34.5611 0.0000e+00
      14118 313.512537  -62.14604  -58.43488     -1.130    1447.84    327.000    323.606    -0.5674    -0.5667     0.0007    -0.5781    -0.5774     0.0007   2.824665   2.824622  -0.000038    34.3895    34.3882     6.7873    27.6412    27.6402    34.3892    27.6410    1451.02    1451.02    -0.5779  1029.2075    34.5589 0.0000e+00
      14138 313.512547  -62.14604  -58.43488     -1.202    1447.84    326.000    322.617    -0.5703    -0.5683     0.0020    -0.5810    -0.5790     0.0020   2.824288   2.824460   0.000125    34.3886    34.3880     6.7843    27.6406    27.6401    34.3880    27.6402    1450.98    1450.99    -0.5808  1029.2006    34.5561 0.0000e+00
      14159 313.512557  -62.14605  -58.43488     -1.189    1447.84    325.000    321.629    -0.5748    -0.5705     0.0043    -0.5855    -0.5812     0.0043   2.823784   2.824170   0.000354    34.3880    34.3878     6.7881    27.6403    27.6400    34.3870    27.6395    1450.94    1450.96    -0.5852  1029.1953    34.5551 0.0000e+00
      14183 313.512568  -62.14606  -58.43487     -1.073    1447.84    324.000    320.640    -0.5829    -0.5768     0.0060    -0.5935    -0.5874     0.0060   2.822984   2.823493   0.000513    34.3871    34.3872     6.7940    27.6399    27.6397    34.3860    27.6391    1450.89    1450.92    -0.5933  1029.1902    34.5540 0.0000e+00
      14208 313.512581  -62.14606  -58.43486     -0.964    1447.84    323.000    319.651    -0.5887    -0.5834     0.0053    -0.5992    -0.5939     0.0053   2.822339   2.822805   0.000472    34.3854    34.3858     6.8043    27.6388    27.6389    34.3844    27.6380    1450.84    1450.87    -0.5990  1029.1845    34.5525 0.0000e+00
      14233 313.512593  -62.14606  -58.43486     -0.950    1447.84    322.000    318.662    -0.5906    -0.5870     0.0036    -0.6011    -0.5975     0.0036   2.822033   2.822335   0.000311    34.3840    34.3841     6.8068    27.6377    27.6377    34.3832    27.6371    1450.82    1450.83    -0.6009  1029.1788    34.5512 0.0000e+00
      14256 313.512604  -62.14607  -58.43486     -1.008    1447.84    321.000    317.673    -0.5905    -0.5896     0.0009    -0.6010    -0.6000     0.0009   2.821920   2.821970   0.000056    34.3827    34.3824     6.8159    27.6368    27.6364    34.3821    27.6363    1450.80    1450.80    -0.6007  1029.1732    34.5501 0.0000e+00
      14278 313.512614  -62.14608  -58.43485     -1.074    1447.84    320.000    316.684    -0.5904    -0.5894     0.0009    -0.6008    -0.5999     0.0009   2.821802   2.821829   0.000030    34.3816    34.3809     6.8156    27.6358    27.6353    34.3810    27.6353    1450.78    1450.79    -0.6006  1029.1675    34.5490 0.0000e+00
      14299 313.512625  -62.14608  -58.43484     -1.103    1447.84    319.000    315.696    -0.5908    -0.5898     0.0011    -0.6012    -0.6001     0.0011   2.821648   2.821727   0.000082    34.3805    34.3804     6.8391    27.6349    27.6348    34.3800    27.6345    1450.76    1450.77    -0.6010  1029.1620    34.5480 0.0000e+00
      14323 313.512636  -62.14608  -58.43484     -1.068    1447.84    318.000    314.707    -0.5908    -0.5899     0.0009    -0.6012    -0.6002     0.0009   2.821553   2.821621   0.000069    34.3798    34.3797     6.8445    27.6344    27.6342    34.3794    27.6340    1450.75    1450.75    -0.6009  1029.1567    34.5474 0.0000e+00
      14347 313.512647  -62.14609  -58.43484     -1.007    1447.84    317.000    313.718    -0.5910    -0.5900     0.0011    -0.6013    -0.6003     0.0011   2.821452   2.821527   0.000079    34.3792    34.3791     6.8590    27.6339    27.6338    34.3788    27.6336    1450.73    1450.73    -0.6011  1029.1516    34.5468 0.0000e+00
      14370 313.512659  -62.14610  -58.43483     -1.009    1447.84    316.000    312.728    -0.5921    -0.5904     0.0017    -0.6024    -0.6007     0.0017   2.821292   2.821385   0.000088    34.3791    34.3784     6.8641    27.6338    27.6332    34.3785    27.6334    1450.71    1450.71    -0.6022  1029.1466    34.5465 0.0000e+00
      14392 313.512669  -62.14610  -58.43482     -1.060    1447.84    315.000    311.740    -0.5932    -0.5919     0.0013    -0.6034    -0.6021     0.0012   2.821171   2.821191   0.000033    34.3790    34.3780     6.8728    27.6338    27.6330    34.3787    27.6336    1450.69    1450.69    -0.6032  1029.1421    34.5467 0.0000e+00
      14413 313.512680  -62.14611  -58.43482     -1.105    1447.84    314.000    310.751    -0.5926    -0.5919     0.0007    -0.6028    -0.6021     0.0007   2.821166   2.821142  -0.000021    34.3790    34.3778     6.8726    27.6338    27.6328    34.3787    27.6335    1450.67    1450.67    -0.6026  1029.1373    34.5467 0.0000e+00
      14435 313.512690  -62.14612  -58.43482     -1.125    1447.84    313.000    309.762    -0.5942    -0.5923     0.0019    -0.6043    -0.6025     0.0019   2.820958   2.821062   0.000092    34.3787    34.3778     6.8764    27.6337    27.6329    34.3782    27.6332    1450.65    1450.65    -0.6041  1029.1322    34.5462 0.0000e+00
      14457 313.512701  -62.14612  -58.43482     -1.105    1447.84    312.000    308.774    -0.5960    -0.5930     0.0030    -0.6061    -0.6031     0.0029   2.820751   2.820964   0.000194    34.3786    34.3779     6.8780    27.6336    27.6329    34.3780    27.6332    1450.62    1450.63    -0.6059  1029.1274    34.5460 0.0000e+00
      14480 313.512712  -62.14612  -58.43480     -1.063    1447.84    311.000    307.784    -0.6001    -0.5954     0.0047    -0.6102    -0.6055     0.0047   2.820322   2.820688   0.000355    34.3785    34.3779     6.8859    27.6337    27.6331    34.3776    27.6330    1450.58    1450.61    -0.6100  1029.1225    34.5456 0.0000e+00
      14502 313.512722  -62.14612  -58.43480     -1.059    1447.84    310.000    306.795    -0.6043    -0.5992     0.0051    -0.6143    -0.6092     0.0051   2.819884   2.820292   0.000406    34.3779    34.3776     6.8799    27.6334    27.6329    34.3771    27.6327    1450.55    1450.57    -0.6141  1029.1176    34.5450 0.0000e+00
      14524 313.512733  -62.14612  -58.43480     -1.083    1447.84    309.000    305.807    -0.6078    -0.6032     0.0046    -0.6178    -0.6132     0.0046   2.819444   2.819872   0.000392    34.3770    34.3770     6.8865    27.6329    27.6327    34.3757    27.6318    1450.51    1450.54    -0.6176  1029.1119    34.5437 0.0000e+00
      14547 313.512744  -62.14614  -58.43478     -1.083    1447.84    308.000    304.818    -0.6124    -0.6083     0.0042    -0.6224    -0.6182     0.0042   2.818952   2.819319   0.000387    34.3757    34.3762     6.8796    27.6320    27.6322    34.3749    27.6313    1450.48    1450.49    -0.6221  1029.1067    34.5429 0.0000e+00
      14570 313.512755  -62.14614  -58.43478     -1.052    1447.84    307.000    303.828    -0.6132    -0.6101     0.0031    -0.6231    -0.6201     0.0030   2.818758   2.819031   0.000291    34.3746    34.3750     6.8931    27.6311    27.6313    34.3738    27.6305    1450.45    1450.47    -0.6229  1029.1011    34.5417 0.0000e+00
      14593 313.512766  -62.14614  -58.43478     -1.026    1447.84    306.000    302.839    -0.6133    -0.6122     0.0011    -0.6232    -0.6220     0.0011   2.818626   2.818706   0.000088    34.3734    34.3733     6.8927    27.6302    27.6300    34.3728    27.6296    1450.43    1450.44    -0.6230  1029.0956    34.5407 0.0000e+00
      14617 313.512778  -62.14614  -58.43478     -1.024    1447.84    305.000    301.851    -0.6136    -0.6125     0.0012    -0.6235    -0.6223     0.0012   2.818554   2.818630   0.000080    34.3733    34.3730     6.9028    27.6301    27.6298    34.3727    27.6296    1450.42    1450.42    -0.6232  1029.0915    34.5415 0.0000e+00
      14639 313.512788  -62.14615 -9.990e-29     -1.051    1447.84    304.000    300.862    -0.6135    -0.6127     0.0008    -0.6233    -0.6225     0.0008   2.818486   2.818509   0.000035    34.3728    34.3723     6.9115    27.6296    27.6292    34.3723    27.6293    1450.40    1450.40    -0.6231  1029.0877    34.5427 0.0000e+00
      14661 313.512799  -62.14616 -9.990e-29     -1.089    1447.84    303.000    299.873    -0.6137    -0.6130     0.0007    -0.6234    -0.6227     0.0007   2.818419   2.818422   0.000009    34.3726    34.3719     6.9191    27.6296    27.6290    34.3722    27.6292    1450.38    1450.39    -0.6232  1029.0828    34.5426 0.0000e+00
      14682 313.512809  -62.14616 -9.990e-29     -1.115    1447.84    302.000    298.884    -0.6136    -0.6128     0.0008    -0.6233    -0.6225     0.0008   2.818382   2.818379  -0.000003    34.3726    34.3717     6.9227    27.6295    27.6288    34.3722    27.6292    1450.37    1450.37    -0.6231  1029.0781    34.5426 0.0000e+00
      14705 313.512820  -62.14617 -9.990e-29     -1.098    1447.84    301.000    297.895    -0.6136    -0.6128     0.0008    -0.6233    -0.6225     0.0008   2.818327   2.818317  -0.000008    34.3725    34.3715     6.9263    27.6294    27.6286    34.3721    27.6291    1450.35    1450.35    -0.6231  1029.0732    34.5425 0.0000e+00
      14729 313.512832  -62.14618  -58.43475     -1.018    1447.84    300.000    296.906    -0.6136    -0.6127     0.0009    -0.6232    -0.6223     0.0009   2.818302   2.818308   0.000009    34.3726    34.3717     6.9265    27.6295    27.6287    34.3723    27.6293    1450.34    1450.34    -0.6230  1029.0630    34.5357 0.0000e+00
      14754 313.512844 -9.990e-29  -58.43474     -0.959    1447.84    299.000    295.917    -0.6135    -0.6127     0.0008    -0.6231    -0.6223     0.0008   2.818276   2.818252  -0.000020    34.3728    34.3716     6.9338    27.6297    27.6287    34.3726    27.6295    1450.32    1450.32    -0.6229  1029.0574    34.5346 0.0000e+00
      14776 313.512855 -9.990e-29  -58.43474     -1.012    1447.84    298.000    294.929    -0.6133    -0.6127     0.0005    -0.6229    -0.6223     0.0005   2.818254   2.818209  -0.000040    34.3727    34.3716     6.9315    27.6296    27.6286    34.3726    27.6295    1450.31    1450.30    -0.6227  1029.0526    34.5347 0.0000e+00
      14797 313.512865 -9.990e-29  -58.43474     -1.116    1447.84    297.000    293.939    -0.6133    -0.6125     0.0008    -0.6228    -0.6220     0.0008   2.818220   2.818203  -0.000020    34.3729    34.3717     6.9374    27.6298    27.6288    34.3727    27.6296    1450.29    1450.29    -0.6226  1029.0480    34.5348 0.0000e+00
      14817 313.512874  -62.14620  -58.43472     -1.186    1447.84    296.000    292.950    -0.6132    -0.6124     0.0008    -0.6227    -0.6219     0.0008   2.818164   2.818156  -0.000006    34.3727    34.3718     6.9334    27.6296    27.6287    34.3725    27.6294    1450.27    1450.27    -0.6225  1029.0445    34.5363 0.0000e+00
      14837 313.512884  -62.14620  -58.43472     -1.203    1447.84    295.000    291.961    -0.6132    -0.6125     0.0008    -0.6227    -0.6220     0.0008   2.818108   2.818102  -0.000004    34.3726    34.3716     6.9292    27.6295    27.6287    34.3724    27.6294    1450.26    1450.26    -0.6225  1029.0429    34.5403 0.0000e+00
      14860 313.512895  -62.14620  -58.43472     -1.120    1447.84    294.000    290.972    -0.6130    -0.6125     0.0006    -0.6225    -0.6219     0.0006   2.818101   2.818069  -0.000030    34.3728    34.3718     6.9191    27.6297    27.6288    34.3727    27.6296    1450.24    1450.24    -0.6223  1029.0384    34.5406 0.0000e+00
      14888 313.512908  -62.14620  -58.43472     -0.934    1447.84    293.000    289.983    -0.6124    -0.6123     0.0002    -0.6219    -0.6217     0.0002   2.818083   2.818033  -0.000046    34.3724    34.3717     6.9232    27.6293    27.6287    34.3724    27.6293    1450.23    1450.22    -0.6216  1029.0334    34.5403 0.0000e+00
      14916 313.512922  -62.14620  -58.43472     -0.829    1447.84    292.000    288.994    -0.6122    -0.6116     0.0005    -0.6215    -0.6210     0.0005   2.818048   2.818022  -0.000025    34.3723    34.3714     6.9274    27.6292    27.6284    34.3722    27.6291    1450.21    1450.21    -0.6214  1029.0284    34.5401 0.0000e+00
      14940 313.512934  -62.14622  -58.43470     -0.918    1447.84    291.000    288.005    -0.6117    -0.6114     0.0003    -0.6211    -0.6207     0.0003   2.817980   2.817959  -0.000021    34.3715    34.3709     6.9279    27.6285    27.6280    34.3714    27.6284    1450.20    1450.20    -0.6208  1029.0230    34.5393 0.0000e+00
      14959 313.512943  -62.14622  -58.43470     -1.094    1447.84    290.000    287.017    -0.6114    -0.6108     0.0007    -0.6207    -0.6201     0.0007   2.817922   2.817901  -0.000023    34.3710    34.3699     6.9231    27.6281    27.6272    34.3709    27.6280    1450.18    1450.18    -0.6205  1029.0178    34.5388 0.0000e+00
      14977 313.512951  -62.14622  -58.43470     -1.252    1447.84    289.000    286.027    -0.6114    -0.6107     0.0007    -0.6206    -0.6199     0.0007   2.817859   2.817852  -0.000005    34.3707    34.3698     6.9253    27.6278    27.6271    34.3706    27.6278    1450.16    1450.17    -0.6205  1029.0128    34.5385 0.0000e+00
      14996 313.512960  -62.14623  -58.43469     -1.322    1447.84    288.000    285.038    -0.6114    -0.6104     0.0010    -0.6207    -0.6197     0.0010   2.817811   2.817796  -0.000018    34.3707    34.3693     6.9357    27.6279    27.6267    34.3707    27.6278    1450.15    1450.15    -0.6205  1029.0081    34.5385 0.0000e+00
      15018 313.512971  -62.14624  -58.43468     -1.217    1447.84    287.000    284.050    -0.6112    -0.6106     0.0006    -0.6204    -0.6198     0.0006   2.817758   2.817756  -0.000003    34.3703    34.3696     6.9253    27.6275    27.6269    34.3703    27.6275    1450.13    1450.13    -0.6202  1029.0030    34.5381 0.0000e+00
