Pos-Processados/process_op42/Processamento_split/up/uoperantar42_044.cnv
* Sea-Bird SBE 9 Data File:
* FileName = C:\Users\Hidrografia\Desktop\OPXLII\Brutos\OP42044.hdr
* Software Version Seasave V 7.26.7.107
* Temperature SN = 6502
* Conductivity SN = 4998
* Number of Bytes Per Scan = 37
* Number of Voltage Words = 4
* Number of Scans Averaged by the Deck Unit = 1
* NMEA Latitude = 62 08.87 S
* NMEA Longitude = 058 26.12 W
* NMEA UTC (Time) = Nov 09 2023 19:07:43
* NMEA baud rate = 4800
** H41
** NPOALTEMAXIMIANO
** NUMERO DA ESTACAO (XXX) 044
** LAT (XX XX.XX S/N) 62 08.851 S
** LONG (XXX XX.XX W/E) 058 26.159 W
** DATAHORA (dd/mm/aaaa hh:mm Z) 09/11/2023 1907Z
** PROFUNDIDADE (m) 375
** OPERADOR CT FABIREZA
# nquan = 30
# nvalues = 365                         
# units = specified
# name 0 = scan: Scan Count
# name 1 = timeJ: Julian Days
# name 2 = latitude: Latitude [deg]
# name 3 = longitude: Longitude [deg]
# name 4 = dz/dtM: Descent Rate [m/s]
# name 5 = avgsvCM: Average Sound Velocity [Chen-Millero, m/s]
# name 6 = prDM: Pressure, Digiquartz [db]
# name 7 = depSM: Depth [salt water, m]
# name 8 = t090C: Temperature [ITS-90, deg C]
# name 9 = t190C: Temperature, 2 [ITS-90, deg C]
# name 10 = T2-T190C: Temperature Difference, 2 - 1 [ITS-90, deg C]
# name 11 = potemp090C: Potential Temperature [ITS-90, deg C]
# name 12 = potemp190C: Potential Temperature, 2 [ITS-90, deg C]
# name 13 = potemp90Cdiff: Potential Temperature, Diff, 2 - 1 [ITS-90, deg C]
# name 14 = c0S/m: Conductivity [S/m]
# name 15 = c1S/m: Conductivity, 2 [S/m]
# name 16 = C2-C1S/m: Conductivity Difference, 2 - 1 [S/m]
# name 17 = sal00: Salinity, Practical [PSU]
# name 18 = sal11: Salinity, Practical, 2 [PSU]
# name 19 = sbeox0ML/L: Oxygen, SBE 43 [ml/l]
# name 20 = sigma-é00: Density [sigma-theta, kg/m^3]
# name 21 = sigma-é11: Density, 2 [sigma-theta, kg/m^3]
# name 22 = sal00: Salinity, Practical [PSU]
# name 23 = sigma-é00: Density [sigma-theta, kg/m^3]
# name 24 = svCM: Sound Velocity [Chen-Millero, m/s]
# name 25 = svCM1: Sound Velocity, 2 [Chen-Millero, m/s]
# name 26 = gsw_ptA0: potential temperature [ITS-90, deg C]
# name 27 = gsw_densityA0: density, TEOS-10 [density, kg/m^3]
# name 28 = gsw_saA0: Absolute Salinity [g/kg]
# name 29 = flag:
# span 0 =      13822,      26317       
# span 1 = 313.803691, 313.809716       
# span 2 =  -62.15508,  -62.15170       
# span 3 =  -58.43105,  -58.42833       
# span 4 =     -1.160,     -0.078       
# span 5 =    1448.19,    1448.19       
# span 6 =      3.000,    367.000       
# span 7 =      2.986,    363.155       
# span 8 =    -0.8036,    -0.4617       
# span 9 =    -0.8027,    -0.4611       
# span 10 =    -0.0053,     0.0081      
# span 11 =    -0.8107,    -0.4619      
# span 12 =    -0.8098,    -0.4613      
# span 13 =    -0.0053,     0.0080      
# span 14 =   2.794792,   2.817846      
# span 15 =   2.794770,   2.817786      
# span 16 =  -0.000503,   0.000660      
# span 17 =    34.2821,    34.3564      
# span 18 =    34.2806,    34.3553      
# span 19 =     7.0715,     7.6398      
# span 20 =    27.5501,    27.6178      
# span 21 =    27.5490,    27.6168      
# span 22 =    34.2832,    34.3564      
# span 23 =    27.5502,    27.6178      
# span 24 =    1446.08,    1451.28      
# span 25 =    1446.08,    1451.28      
# span 26 =    -0.8105,    -0.4619      
# span 27 =  1027.5692,  1029.3738      
# span 28 =    34.4485,    34.5243      
# span 29 = 0.0000e+00, 0.0000e+00      
# interval = decibars: 1                
# start_time = Nov 09 2023 19:07:43 [NMEA time, header]
# bad_flag = -9.990e-29
*END*
[from data line 49]
      15772 313.804631  -62.15224  -58.43048     -0.992    1448.19    318.000    314.706    -0.7052    -0.7043     0.0009    -0.7152    -0.7144     0.0009   2.808884   2.808910   0.000025    34.3384    34.3378     7.2039    27.6058    27.6052    34.3383    27.6057    1450.15    1450.16    -0.7150  1029.1297    34.5061 0.0000e+00
      15796 313.804643  -62.15226  -58.43048     -0.987    1448.19    317.000    313.718    -0.7058    -0.7048     0.0010    -0.7158    -0.7148     0.0010   2.808760   2.808791   0.000029    34.3380    34.3373     7.2152    27.6055    27.6049    34.3379    27.6054    1450.14    1450.14    -0.7156  1029.1247    34.5057 0.0000e+00
      15821 313.804655  -62.15226  -58.43046     -0.965    1448.19    316.000    312.729    -0.7062    -0.7054     0.0008    -0.7161    -0.7153     0.0008   2.808678   2.808666  -0.000009    34.3379    34.3368     7.2059    27.6054    27.6045    34.3378    27.6053    1450.12    1450.12    -0.7159  1029.1199    34.5056 0.0000e+00
      15848 313.804668  -62.15226  -58.43046     -0.913    1448.19    315.000    311.739    -0.7021    -0.7022    -0.0001    -0.7120    -0.7121    -0.0001   2.808978   2.808880  -0.000089    34.3373    34.3361     7.2058    27.6047    27.6038    34.3378    27.6052    1450.12    1450.12    -0.7118  1029.1149    34.5056 0.0000e+00
      15874 313.804680  -62.15228  -58.43046     -0.917    1448.19    314.000    310.751    -0.6953    -0.6975    -0.0022    -0.7052    -0.7074    -0.0022   2.809461   2.809186  -0.000248    34.3367    34.3358     7.2069    27.6039    27.6033    34.3373    27.6045    1450.13    1450.12    -0.7050  1029.1094    34.5051 0.0000e+00
      15898 313.804692  -62.15228  -58.43044     -0.960    1448.19    313.000    309.762    -0.6935    -0.6950    -0.0015    -0.7034    -0.7049    -0.0015   2.809544   2.809369  -0.000197    34.3367    34.3358     7.2170    27.6039    27.6032    34.3369    27.6041    1450.13    1450.12    -0.7031  1029.1042    34.5047 0.0000e+00
      15922 313.804704  -62.15228  -58.43044     -0.995    1448.19    312.000    308.773    -0.6938    -0.6935     0.0004    -0.7037    -0.7033     0.0004   2.809437   2.809412  -0.000026    34.3363    34.3355     7.2175    27.6036    27.6029    34.3365    27.6037    1450.11    1450.11    -0.7034  1029.0991    34.5043 0.0000e+00
      15947 313.804715  -62.15230  -58.43044     -0.984    1448.19    311.000    307.784    -0.6940    -0.6935     0.0005    -0.7038    -0.7033     0.0005   2.809374   2.809342  -0.000034    34.3363    34.3353     7.2173    27.6036    27.6027    34.3364    27.6037    1450.09    1450.09    -0.7036  1029.0943    34.5042 0.0000e+00
      15971 313.804727  -62.15230  -58.43042     -0.986    1448.19    310.000    306.796    -0.6941    -0.6934     0.0008    -0.7039    -0.7031     0.0008   2.809316   2.809298  -0.000018    34.3362    34.3351     7.2116    27.6035    27.6026    34.3364    27.6037    1450.07    1450.08    -0.7037  1029.0896    34.5042 0.0000e+00
      15996 313.804739  -62.15231  -58.43042     -0.978    1448.19    309.000    305.812    -0.6946    -0.6936     0.0010    -0.7043    -0.7033     0.0010   2.809208   2.809220   0.000011    34.3360    34.3350     7.2130    27.6033    27.6025    34.3361    27.6034    1450.05    1450.06    -0.7041  1029.0846    34.5039 0.0000e+00
      16030 313.804756  -62.15232  -58.43041     -0.762    1448.19    308.000    304.812    -0.6950    -0.6942     0.0008    -0.7047    -0.7039     0.0008   2.809131   2.809122  -0.000010    34.3361    34.3351     7.2337    27.6035    27.6026    34.3361    27.6035    1450.04    1450.04    -0.7045  1029.0799    34.5039 0.0000e+00
      16062 313.804771  -62.15232  -58.43040     -0.713    1448.19    307.000    303.829    -0.6955    -0.6945     0.0009    -0.7051    -0.7042     0.0009   2.809013   2.809010  -0.000008    34.3357    34.3345     7.2260    27.6032    27.6022    34.3357    27.6031    1450.02    1450.02    -0.7049  1029.0747    34.5034 0.0000e+00
      16090 313.804785  -62.15234  -58.43040     -0.832    1448.19    306.000    302.840    -0.6967    -0.6954     0.0014    -0.7063    -0.7050     0.0014   2.808796   2.808854   0.000057    34.3349    34.3342     7.2270    27.6026    27.6019    34.3348    27.6025    1449.99    1450.00    -0.7061  1029.0693    34.5026 0.0000e+00
      16116 313.804797  -62.15234  -58.43038     -0.886    1448.19    305.000    301.850    -0.6975    -0.6963     0.0012    -0.7071    -0.7059     0.0012   2.808660   2.808704   0.000047    34.3345    34.3338     7.2255    27.6023    27.6017    34.3344    27.6022    1449.97    1449.98    -0.7069  1029.0644    34.5022 0.0000e+00
      16140 313.804808  -62.15234  -58.43038     -0.980    1448.19    304.000    300.861    -0.6968    -0.6963     0.0005    -0.7064    -0.7058     0.0005   2.808650   2.808622  -0.000023    34.3341    34.3332     7.2315    27.6019    27.6011    34.3341    27.6019    1449.96    1449.96    -0.7061  1029.0593    34.5019 0.0000e+00
      16163 313.804820  -62.15236  -58.43038     -1.029    1448.19    303.000    299.873    -0.6930    -0.6946    -0.0016    -0.7025    -0.7041    -0.0016   2.808972   2.808719  -0.000216    34.3341    34.3330     7.2335    27.6017    27.6009    34.3347    27.6023    1449.96    1449.95    -0.7023  1029.0548    34.5025 0.0000e+00
      16192 313.804833  -62.15236  -58.43037     -0.911    1448.19    302.000    298.884    -0.6868    -0.6906    -0.0038    -0.6963    -0.7001    -0.0038   2.809379   2.809005  -0.000374    34.3334    34.3326     7.2318    27.6009    27.6005    34.3338    27.6012    1449.97    1449.96    -0.6961  1029.0490    34.5016 0.0000e+00
      16220 313.804847  -62.15237  -58.43036     -0.817    1448.19    301.000    297.895    -0.6870    -0.6867     0.0003    -0.6965    -0.6962     0.0003   2.809198   2.809249  -0.000011    34.3326    34.3321     7.2323    27.6003    27.5999    34.3322    27.6000    1449.95    1449.96    -0.6963  1029.0420    34.4988 0.0000e+00
      16245 313.804859 -9.990e-29  -58.43036     -0.921    1448.19    300.000    296.906    -0.6914    -0.6879     0.0035    -0.7008    -0.6973     0.0035   2.808731   2.809019   0.000285    34.3318    34.3316     7.2360    27.5998    27.5995    34.3316    27.5996    1449.92    1449.93    -0.7006  1029.0332    34.4934 0.0000e+00
      16270 313.804871 -9.990e-29  -58.43035     -0.974    1448.19    299.000    295.917    -0.6944    -0.6911     0.0033    -0.7038    -0.7005     0.0033   2.808369   2.808628   0.000259    34.3308    34.3306     7.2438    27.5991    27.5988    34.3306    27.5990    1449.88    1449.90    -0.7036  1029.0279    34.4925 0.0000e+00
      16297 313.804884 -9.990e-29  -58.43034     -0.895    1448.19    298.000    294.928    -0.6944    -0.6926     0.0018    -0.7037    -0.7019     0.0018   2.808309   2.808426   0.000130    34.3306    34.3303     7.2400    27.5989    27.5986    34.3305    27.5988    1449.87    1449.88    -0.7035  1029.0229    34.4923 0.0000e+00
      16323 313.804897  -62.15240  -58.43032     -0.912    1448.19    297.000    293.938    -0.6953    -0.6941     0.0012    -0.7046    -0.7034     0.0012   2.808150   2.808190   0.000039    34.3302    34.3293     7.2455    27.5986    27.5979    34.3299    27.5985    1449.85    1449.85    -0.7044  1029.0194    34.4938 0.0000e+00
      16349 313.804910  -62.15240  -58.43032     -0.926    1448.19    296.000    292.950    -0.6960    -0.6948     0.0012    -0.7053    -0.7041     0.0012   2.808056   2.808065   0.000016    34.3301    34.3289     7.2533    27.5986    27.5976    34.3301    27.5986    1449.83    1449.83    -0.7051  1029.0178    34.4977 0.0000e+00
      16378 313.804924  -62.15242  -58.43032     -0.851    1448.19    295.000    291.961    -0.6947    -0.6940     0.0006    -0.7039    -0.7033     0.0006   2.808122   2.808098  -0.000022    34.3299    34.3289     7.2619    27.5984    27.5976    34.3301    27.5985    1449.82    1449.82    -0.7037  1029.0131    34.4978 0.0000e+00
      16405 313.804936  -62.15242  -58.43030     -0.863    1448.19    294.000    290.972    -0.6908    -0.6918    -0.0010    -0.7000    -0.7010    -0.0010   2.808412   2.808235  -0.000166    34.3298    34.3287     7.2759    27.5982    27.5973    34.3302    27.5985    1449.82    1449.81    -0.6998  1029.0082    34.4979 0.0000e+00
      16427 313.804947  -62.15242  -58.43030     -0.990    1448.19    293.000    289.983    -0.6894    -0.6902    -0.0008    -0.6986    -0.6994    -0.0008   2.808474   2.808310  -0.000164    34.3300    34.3288     7.2755    27.5983    27.5973    34.3301    27.5983    1449.81    1449.80    -0.6984  1029.0033    34.4978 0.0000e+00
      16451 313.804959  -62.15244  -58.43030     -1.043    1448.19    292.000    288.994    -0.6906    -0.6898     0.0008    -0.6997    -0.6990     0.0008   2.808308   2.808307  -0.000017    34.3299    34.3288     7.2709    27.5982    27.5973    34.3298    27.5981    1449.79    1449.79    -0.6995  1028.9983    34.4975 0.0000e+00
      16478 313.804971  -62.15244  -58.43029     -0.947    1448.19    291.000    288.006    -0.6946    -0.6925     0.0020    -0.7037    -0.7016     0.0020   2.807871   2.807973   0.000092    34.3295    34.3285     7.2685    27.5981    27.5972    34.3290    27.5977    1449.75    1449.76    -0.7035  1028.9931    34.4967 0.0000e+00
      16505 313.804984  -62.15245  -58.43028     -0.882    1448.19    290.000    287.016    -0.6990    -0.6960     0.0030    -0.7081    -0.7050     0.0030   2.807395   2.807600   0.000190    34.3288    34.3279     7.2722    27.5977    27.5968    34.3282    27.5972    1449.71    1449.73    -0.7079  1028.9880    34.4959 0.0000e+00
      16530 313.804997  -62.15246  -58.43028     -0.923    1448.19    289.000    286.027    -0.7015    -0.6988     0.0027    -0.7105    -0.7079     0.0027   2.807094   2.807260   0.000179    34.3280    34.3274     7.2727    27.5971    27.5965    34.3276    27.5968    1449.68    1449.70    -0.7103  1028.9828    34.4953 0.0000e+00
      16555 313.805009  -62.15246  -58.43027     -0.961    1448.19    288.000    285.038    -0.7029    -0.7006     0.0023    -0.7119    -0.7096     0.0023   2.806923   2.807050   0.000127    34.3280    34.3271     7.2709    27.5972    27.5964    34.3275    27.5968    1449.66    1449.67    -0.7117  1028.9780    34.4951 0.0000e+00
      16579 313.805020  -62.15247  -58.43026     -0.987    1448.19    287.000    284.049    -0.7040    -0.7025     0.0015    -0.7130    -0.7115     0.0015   2.806767   2.806823   0.000053    34.3277    34.3267     7.2698    27.5970    27.5961    34.3273    27.5967    1449.64    1449.65    -0.7128  1028.9732    34.4950 0.0000e+00
      16603 313.805032  -62.15248  -58.43026     -0.998    1448.19    286.000    283.060    -0.7043    -0.7033     0.0011    -0.7132    -0.7122     0.0011   2.806687   2.806701   0.000019    34.3274    34.3265     7.2723    27.5968    27.5960    34.3272    27.5966    1449.62    1449.63    -0.7130  1028.9684    34.4948 0.0000e+00
      16629 313.805045  -62.15248  -58.43025     -0.949    1448.19    285.000    282.071    -0.7051    -0.7035     0.0016    -0.7140    -0.7124     0.0016   2.806566   2.806632   0.000062    34.3274    34.3264     7.2801    27.5968    27.5959    34.3271    27.5965    1449.60    1449.61    -0.7138  1028.9635    34.4947 0.0000e+00
      16658 313.805058  -62.15250  -58.43024     -0.860    1448.19    284.000    281.082    -0.7066    -0.7043     0.0022    -0.7154    -0.7132     0.0022   2.806375   2.806518   0.000127    34.3273    34.3264     7.2904    27.5968    27.5960    34.3267    27.5963    1449.58    1449.59    -0.7152  1028.9585    34.4943 0.0000e+00
      16685 313.805071  -62.15250  -58.43024     -0.866    1448.19    283.000    280.093    -0.7105    -0.7073     0.0032    -0.7193    -0.7161     0.0032   2.805963   2.806161   0.000208    34.3268    34.3259     7.2920    27.5965    27.5957    34.3262    27.5961    1449.54    1449.56    -0.7191  1028.9536    34.4938 0.0000e+00
      16710 313.805083  -62.15250  -58.43022     -0.926    1448.19    282.000    279.104    -0.7132    -0.7104     0.0027    -0.7219    -0.7192     0.0027   2.805652   2.805826   0.000174    34.3263    34.3255     7.2883    27.5962    27.5955    34.3256    27.5957    1449.51    1449.52    -0.7217  1028.9485    34.4933 0.0000e+00
      16735 313.805096  -62.15252  -58.43022     -0.957    1448.19    281.000    278.115    -0.7149    -0.7128     0.0020    -0.7236    -0.7216     0.0020   2.805450   2.805561   0.000103    34.3261    34.3252     7.2902    27.5962    27.5954    34.3255    27.5957    1449.49    1449.50    -0.7234  1028.9437    34.4931 0.0000e+00
      16761 313.805108  -62.15252  -58.43022     -0.937    1448.19    280.000    277.125    -0.7185    -0.7155     0.0030    -0.7271    -0.7242     0.0030   2.805062   2.805263   0.000200    34.3257    34.3250     7.2963    27.5960    27.5953    34.3249    27.5954    1449.45    1449.47    -0.7270  1028.9387    34.4925 0.0000e+00
      16790 313.805122  -62.15253  -58.43021     -0.858    1448.19    279.000    276.136    -0.7210    -0.7193     0.0017    -0.7296    -0.7280     0.0017   2.804793   2.804871   0.000085    34.3255    34.3247     7.3079    27.5959    27.5952    34.3248    27.5953    1449.43    1449.43    -0.7294  1028.9339    34.4924 0.0000e+00
      16819 313.805136  -62.15254  -58.43020     -0.825    1448.19    278.000    275.147    -0.7248    -0.7224     0.0024    -0.7334    -0.7310     0.0024   2.804390   2.804523   0.000130    34.3251    34.3242     7.3152    27.5958    27.5950    34.3243    27.5951    1449.39    1449.40    -0.7332  1028.9289    34.4919 0.0000e+00
      16846 313.805149  -62.15254  -58.43020     -0.866    1448.19    277.000    274.158    -0.7280    -0.7257     0.0023    -0.7365    -0.7342     0.0023   2.804039   2.804166   0.000129    34.3245    34.3236     7.3043    27.5954    27.5945    34.3237    27.5948    1449.36    1449.37    -0.7363  1028.9239    34.4913 0.0000e+00
      16872 313.805161  -62.15254  -58.43019     -0.915    1448.19    276.000    273.169    -0.7294    -0.7277     0.0018    -0.7379    -0.7362     0.0018   2.803843   2.803938   0.000092    34.3241    34.3233     7.3095    27.5951    27.5944    34.3233    27.5945    1449.34    1449.34    -0.7377  1028.9189    34.4909 0.0000e+00
      16898 313.805174  -62.15256  -58.43018     -0.922    1448.19    275.000    272.181    -0.7332    -0.7294     0.0038    -0.7416    -0.7378     0.0038   2.803482   2.803723   0.000234    34.3242    34.3230     7.3158    27.5954    27.5943    34.3233    27.5947    1449.30    1449.32    -0.7415  1028.9143    34.4909 0.0000e+00
      16929 313.805189  -62.15256  -58.43018     -0.820    1448.19    274.000    271.191    -0.7362    -0.7335     0.0027    -0.7447    -0.7420     0.0027   2.803121   2.803312   0.000194    34.3233    34.3228     7.3184    27.5947    27.5943    34.3225    27.5941    1449.27    1449.28    -0.7445  1028.9090    34.4901 0.0000e+00
      16963 313.805205  -62.15257  -58.43017     -0.709    1448.19    273.000    270.202    -0.7382    -0.7369     0.0013    -0.7466    -0.7452     0.0013   2.802891   2.802940   0.000058    34.3230    34.3222     7.3385    27.5946    27.5939    34.3222    27.5940    1449.24    1449.25    -0.7464  1028.9041    34.4898 0.0000e+00
      16991 313.805219  -62.15258  -58.43016     -0.791    1448.19    272.000    269.212    -0.7395    -0.7385     0.0010    -0.7478    -0.7468     0.0010   2.802703   2.802724   0.000027    34.3223    34.3215     7.3332    27.5941    27.5935    34.3218    27.5937    1449.22    1449.22    -0.7477  1028.8991    34.4893 0.0000e+00
