Pos-Processados/process_op42/Processamento_split/up/uoperantar42_017.cnv
* Sea-Bird SBE 9 Data File:
* FileName = C:\Users\Hidrografia\Desktop\OPXLII\Brutos\OP42017.hdr
* Software Version Seasave V 7.26.7.107
* Temperature SN = 6502
* Conductivity SN = 4998
* Number of Bytes Per Scan = 37
* Number of Voltage Words = 4
* Number of Scans Averaged by the Deck Unit = 1
* NMEA Latitude = 62 11.60 S
* NMEA Longitude = 058 03.21 W
* NMEA UTC (Time) = Nov 07 2023 10:12:31
* NMEA baud rate = 4800
** H41
** NPOALTEMAXIMIANO
** NUMERO DA ESTACAO (XXX) 017
** LAT (XX XX.XX S/N) 62 11.58 S
** LONG (XXX XX.XX W/E) 058 03.19 W
** DATAHORA (dd/mm/aaaa hh:mm Z) 07/11/2023 1011Z
** PROFUNDIDADE (m) 523
** OPERADOR CT FABIREZA
# nquan = 30
# nvalues = 523                         
# units = specified
# name 0 = scan: Scan Count
# name 1 = timeJ: Julian Days
# name 2 = latitude: Latitude [deg]
# name 3 = longitude: Longitude [deg]
# name 4 = dz/dtM: Descent Rate [m/s]
# name 5 = avgsvCM: Average Sound Velocity [Chen-Millero, m/s]
# name 6 = prDM: Pressure, Digiquartz [db]
# name 7 = depSM: Depth [salt water, m]
# name 8 = t090C: Temperature [ITS-90, deg C]
# name 9 = t190C: Temperature, 2 [ITS-90, deg C]
# name 10 = T2-T190C: Temperature Difference, 2 - 1 [ITS-90, deg C]
# name 11 = potemp090C: Potential Temperature [ITS-90, deg C]
# name 12 = potemp190C: Potential Temperature, 2 [ITS-90, deg C]
# name 13 = potemp90Cdiff: Potential Temperature, Diff, 2 - 1 [ITS-90, deg C]
# name 14 = c0S/m: Conductivity [S/m]
# name 15 = c1S/m: Conductivity, 2 [S/m]
# name 16 = C2-C1S/m: Conductivity Difference, 2 - 1 [S/m]
# name 17 = sal00: Salinity, Practical [PSU]
# name 18 = sal11: Salinity, Practical, 2 [PSU]
# name 19 = sbeox0ML/L: Oxygen, SBE 43 [ml/l]
# name 20 = sigma-é00: Density [sigma-theta, kg/m^3]
# name 21 = sigma-é11: Density, 2 [sigma-theta, kg/m^3]
# name 22 = sal00: Salinity, Practical [PSU]
# name 23 = sigma-é00: Density [sigma-theta, kg/m^3]
# name 24 = svCM: Sound Velocity [Chen-Millero, m/s]
# name 25 = svCM1: Sound Velocity, 2 [Chen-Millero, m/s]
# name 26 = gsw_ptA0: potential temperature [ITS-90, deg C]
# name 27 = gsw_densityA0: density, TEOS-10 [density, kg/m^3]
# name 28 = gsw_saA0: Absolute Salinity [g/kg]
# name 29 = flag:
# span 0 =      19508,      41257       
# span 1 = 311.434766, 311.445255       
# span 2 =  -62.20165,  -62.19719       
# span 3 =  -58.05205,  -58.04837       
# span 4 =     -1.104,     -0.185       
# span 5 =    1449.99,    1449.99       
# span 6 =      2.000,    524.000       
# span 7 =      1.998,    518.309       
# span 8 =    -0.6551,    -0.1324       
# span 9 =    -0.6540,    -0.1322       
# span 10 =    -0.0251,     0.0184      
# span 11 =    -0.6615,    -0.1483      
# span 12 =    -0.6604,    -0.1481      
# span 13 =    -0.0250,     0.0184      
# span 14 =   2.795169,   2.871334      
# span 15 =   2.795119,   2.871246      
# span 16 =  -0.002222,   0.001750      
# span 17 =    34.2663,    34.4622      
# span 18 =    34.2652,    34.4605      
# span 19 =     6.0167,     7.6296      
# span 20 =    27.5441,    27.6966      
# span 21 =    27.5433,    27.6960      
# span 22 =    34.2664,    34.4664      
# span 23 =    27.5441,    27.6966      
# span 24 =    1445.25,    1454.70      
# span 25 =    1445.25,    1454.70      
# span 26 =    -0.6614,    -0.1481      
# span 27 =  1027.5571,  1030.1932      
# span 28 =    34.4291,    34.6347      
# span 29 = 0.0000e+00, 0.0000e+00      
# interval = decibars: 1                
# start_time = Nov 07 2023 10:12:31 [NMEA time, header]
# bad_flag = -9.990e-29
*END*
[from data line 436]
      33027 311.441286  -62.20000  -58.04987     -0.795    1449.99     88.000     87.134    -0.6352    -0.6343     0.0010    -0.6379    -0.6369     0.0010   2.802294   2.802258  -0.000036    34.3114    34.3099     7.3644    27.5806    27.5793    34.3114    27.5806    1446.70    1446.70    -0.6378  1028.0048    34.4753 0.0000e+00
      33062 311.441303 -9.990e-29 -9.990e-29     -0.692    1449.99     87.000     86.146    -0.6355    -0.6345     0.0010    -0.6381    -0.6371     0.0010   2.802222   2.802199  -0.000018    34.3113    34.3099     7.3602    27.5806    27.5794    34.3114    27.5806    1446.68    1446.69    -0.6380  1027.9991    34.4741 0.0000e+00
      33096 311.441319 -9.990e-29 -9.990e-29     -0.697    1449.99     86.000     85.157    -0.6355    -0.6346     0.0010    -0.6381    -0.6371     0.0010   2.802163   2.802138  -0.000028    34.3112    34.3097     7.3635    27.5805    27.5793    34.3112    27.5804    1446.67    1446.67    -0.6380  1027.9941    34.4740 0.0000e+00
      33125 311.441333  -62.20002  -58.04984     -0.785    1449.99     85.000     84.167    -0.6355    -0.6347     0.0009    -0.6381    -0.6372     0.0009   2.802124   2.802095  -0.000031    34.3114    34.3099     7.3679    27.5806    27.5794    34.3113    27.5805    1446.65    1446.65    -0.6380  1027.9912    34.4762 0.0000e+00
      33153 311.441346  -62.20004  -58.04984     -0.856    1449.99     84.000     83.177    -0.6356    -0.6348     0.0008    -0.6381    -0.6373     0.0008   2.802058   2.802044  -0.000014    34.3111    34.3100     7.3646    27.5804    27.5795    34.3111    27.5804    1446.64    1446.64    -0.6380  1027.9873    34.4773 0.0000e+00
      33180 311.441359  -62.20004  -58.04983     -0.884    1449.99     83.000     82.187    -0.6356    -0.6347     0.0009    -0.6381    -0.6372     0.0009   2.802030   2.801993  -0.000036    34.3114    34.3099     7.3793    27.5806    27.5794    34.3113    27.5806    1446.62    1446.62    -0.6380  1027.9827    34.4776 0.0000e+00
      33209 311.441373  -62.20005  -58.04982     -0.851    1449.99     82.000     81.197    -0.6357    -0.6347     0.0010    -0.6381    -0.6372     0.0010   2.801960   2.801944  -0.000015    34.3111    34.3098     7.3745    27.5804    27.5793    34.3110    27.5803    1446.60    1446.60    -0.6381  1027.9777    34.4773 0.0000e+00
      33242 311.441389  -62.20006 -9.990e-29     -0.759    1449.99     81.000     80.207    -0.6356    -0.6348     0.0008    -0.6380    -0.6372     0.0008   2.801939   2.801903  -0.000035    34.3114    34.3100     7.3655    27.5806    27.5794    34.3113    27.5806    1446.59    1446.59    -0.6380  1027.9739    34.4785 0.0000e+00
      33281 311.441408  -62.20006 -9.990e-29     -0.607    1449.99     80.000     79.217    -0.6355    -0.6346     0.0009    -0.6379    -0.6370     0.0009   2.801890   2.801877  -0.000016    34.3113    34.3100     7.3732    27.5805    27.5795    34.3112    27.5804    1446.57    1446.57    -0.6378  1027.9690    34.4784 0.0000e+00
      33316 311.441425  -62.20006  -58.04980     -0.672    1449.99     79.000     78.227    -0.6353    -0.6345     0.0008    -0.6377    -0.6368     0.0008   2.801856   2.801830  -0.000023    34.3111    34.3099     7.3703    27.5804    27.5793    34.3111    27.5804    1446.55    1446.56    -0.6376  1027.9639    34.4780 0.0000e+00
      33346 311.441439  -62.20008  -58.04980     -0.778    1449.99     78.000     77.237    -0.6353    -0.6344     0.0009    -0.6376    -0.6367     0.0009   2.801816   2.801791  -0.000025    34.3112    34.3098     7.3721    27.5804    27.5793    34.3112    27.5804    1446.54    1446.54    -0.6376  1027.9586    34.4773 0.0000e+00
      33375 311.441453  -62.20008  -58.04980     -0.824    1449.99     77.000     76.247    -0.6353    -0.6345     0.0009    -0.6376    -0.6367     0.0009   2.801763   2.801737  -0.000025    34.3111    34.3098     7.3628    27.5804    27.5793    34.3111    27.5804    1446.52    1446.53    -0.6375  1027.9537    34.4772 0.0000e+00
      33406 311.441468  -62.20009  -58.04979     -0.787    1449.99     76.000     75.256    -0.6352    -0.6345     0.0008    -0.6375    -0.6367     0.0008   2.801725   2.801696  -0.000027    34.3111    34.3099     7.3623    27.5804    27.5793    34.3111    27.5804    1446.51    1446.51    -0.6374  1027.9488    34.4771 0.0000e+00
      33438 311.441484 -9.990e-29  -58.04978     -0.747    1449.99     75.000     74.267    -0.6352    -0.6343     0.0009    -0.6374    -0.6365     0.0009   2.801688   2.801662  -0.000028    34.3112    34.3098     7.3738    27.5804    27.5793    34.3112    27.5804    1446.49    1446.49    -0.6374  1027.9408    34.4730 0.0000e+00
      33472 311.441500 -9.990e-29  -58.04978     -0.722    1449.99     74.000     73.276    -0.6347    -0.6339     0.0008    -0.6369    -0.6361     0.0008   2.801690   2.801638  -0.000051    34.3113    34.3096     7.3615    27.5805    27.5791    34.3113    27.5805    1446.48    1446.48    -0.6369  1027.9360    34.4731 0.0000e+00
      33504 311.441516 -9.990e-29  -58.04977     -0.744    1449.99     73.000     72.286    -0.6332    -0.6325     0.0007    -0.6354    -0.6347     0.0007   2.801752   2.801695  -0.000054    34.3109    34.3094     7.3645    27.5801    27.5788    34.3111    27.5802    1446.47    1446.47    -0.6353  1027.9310    34.4729 0.0000e+00
      33537 311.441532  -62.20012  -58.04976     -0.728    1449.99     72.000     71.296    -0.6296    -0.6301    -0.0004    -0.6318    -0.6322    -0.0004   2.801960   2.801831  -0.000125    34.3101    34.3089     7.3684    27.5793    27.5784    34.3104    27.5796    1446.47    1446.46    -0.6317  1027.9289    34.4764 0.0000e+00
      33570 311.441547  -62.20012  -58.04976     -0.729    1449.99     71.000     70.307    -0.6269    -0.6267     0.0002    -0.6290    -0.6288     0.0002   2.802118   2.802030  -0.000087    34.3098    34.3084     7.3660    27.5789    27.5778    34.3101    27.5792    1446.46    1446.46    -0.6290  1027.9238    34.4761 0.0000e+00
      33603 311.441563  -62.20013  -58.04975     -0.725    1449.99     70.000     69.316    -0.6250    -0.6242     0.0009    -0.6271    -0.6262     0.0009   2.802201   2.802155  -0.000055    34.3095    34.3078     7.3781    27.5786    27.5772    34.3097    27.5787    1446.46    1446.46    -0.6270  1027.9186    34.4757 0.0000e+00
      33637 311.441580  -62.20014  -58.04974     -0.717    1449.99     69.000     68.326    -0.6251    -0.6241     0.0010    -0.6272    -0.6261     0.0010   2.802143   2.802119  -0.000022    34.3094    34.3079     7.3788    27.5786    27.5773    34.3096    27.5787    1446.44    1446.44    -0.6271  1027.9144    34.4765 0.0000e+00
      33671 311.441596  -62.20014 -9.990e-29     -0.691    1449.99     68.000     67.336    -0.6235    -0.6235     0.0001    -0.6256    -0.6255     0.0001   2.802205   2.802120  -0.000079    34.3090    34.3079     7.3886    27.5781    27.5772    34.3093    27.5784    1446.43    1446.43    -0.6255  1027.9094    34.4763 0.0000e+00
      33704 311.441612  -62.20016 -9.990e-29     -0.717    1449.99     67.000     66.346    -0.6222    -0.6220     0.0002    -0.6242    -0.6240     0.0002   2.802252   2.802185  -0.000074    34.3088    34.3076     7.3918    27.5779    27.5769    34.3090    27.5781    1446.42    1446.42    -0.6241  1027.9043    34.4759 0.0000e+00
      33734 311.441627  -62.20016  -58.04972     -0.781    1449.99     66.000     65.356    -0.6211    -0.6204     0.0007    -0.6231    -0.6223     0.0007   2.802289   2.802249  -0.000036    34.3086    34.3073     7.3843    27.5777    27.5767    34.3089    27.5779    1446.41    1446.41    -0.6230  1027.8986    34.4749 0.0000e+00
      33763 311.441641  -62.20016  -58.04972     -0.820    1449.99     65.000     64.366    -0.6203    -0.6196     0.0007    -0.6222    -0.6215     0.0007   2.802303   2.802250  -0.000058    34.3086    34.3071     7.3957    27.5777    27.5765    34.3088    27.5778    1446.39    1446.40    -0.6222  1027.8937    34.4748 0.0000e+00
      33794 311.441656  -62.20017  -58.04971     -0.795    1449.99     64.000     63.376    -0.6197    -0.6189     0.0008    -0.6216    -0.6208     0.0008   2.802297   2.802260  -0.000032    34.3084    34.3071     7.3928    27.5775    27.5764    34.3087    27.5777    1446.38    1446.38    -0.6216  1027.8888    34.4747 0.0000e+00
      33831 311.441673  -62.20018  -58.04970     -0.679    1449.99     63.000     62.386    -0.6192    -0.6184     0.0008    -0.6211    -0.6203     0.0008   2.802293   2.802244  -0.000051    34.3086    34.3070     7.3940    27.5776    27.5763    34.3087    27.5777    1446.37    1446.37    -0.6210  1027.8840    34.4746 0.0000e+00
      33874 311.441694  -62.20019  -58.04970     -0.548    1449.99     62.000     61.396    -0.6187    -0.6181     0.0006    -0.6206    -0.6200     0.0006   2.802278   2.802217  -0.000060    34.3084    34.3069     7.3982    27.5774    27.5762    34.3085    27.5775    1446.35    1446.35    -0.6205  1027.8790    34.4745 0.0000e+00
      33912 311.441713  -62.20020  -58.04969     -0.625    1449.99     61.000     60.406    -0.6178    -0.6175     0.0003    -0.6196    -0.6193     0.0003   2.802279   2.802221  -0.000058    34.3080    34.3068     7.3960    27.5771    27.5761    34.3081    27.5772    1446.34    1446.34    -0.6196  1027.8741    34.4743 0.0000e+00
      33948 311.441730  -62.20020 -9.990e-29     -0.661    1449.99     60.000     59.415    -0.6172    -0.6169     0.0003    -0.6190    -0.6187     0.0003   2.802283   2.802209  -0.000076    34.3080    34.3066     7.4055    27.5771    27.5759    34.3081    27.5772    1446.33    1446.33    -0.6189  1027.8698    34.4749 0.0000e+00
      33982 311.441746  -62.20021 -9.990e-29     -0.693    1449.99     59.000     58.425    -0.6168    -0.6161     0.0006    -0.6185    -0.6179     0.0006   2.802250   2.802203  -0.000042    34.3077    34.3064     7.4062    27.5767    27.5757    34.3079    27.5769    1446.31    1446.31    -0.6185  1027.8647    34.4746 0.0000e+00
      34015 311.441762  -62.20022  -58.04966     -0.736    1449.99     58.000     57.435    -0.6167    -0.6159     0.0008    -0.6184    -0.6176     0.0008   2.802207   2.802177  -0.000038    34.3078    34.3064     7.4137    27.5768    27.5757    34.3078    27.5769    1446.30    1446.30    -0.6184  1027.8597    34.4743 0.0000e+00
      34052 311.441780  -62.20022  -58.04966     -0.666    1449.99     57.000     56.445    -0.6164    -0.6156     0.0009    -0.6181    -0.6173     0.0009   2.802184   2.802150  -0.000034    34.3076    34.3062     7.4043    27.5767    27.5755    34.3077    27.5768    1446.28    1446.28    -0.6181  1027.8544    34.4737 0.0000e+00
      34100 311.441803  -62.20024  -58.04964     -0.494    1449.99     56.000     55.455    -0.6160    -0.6150     0.0010    -0.6176    -0.6167     0.0010   2.802187   2.802145  -0.000042    34.3079    34.3062     7.4123    27.5769    27.5755    34.3080    27.5770    1446.27    1446.27    -0.6176  1027.8497    34.4738 0.0000e+00
      34145 311.441825  -62.20024  -58.04964     -0.531    1449.99     55.000     54.465    -0.6157    -0.6151     0.0005    -0.6173    -0.6167     0.0005   2.802149   2.802097  -0.000052    34.3076    34.3063     7.4085    27.5767    27.5756    34.3077    27.5767    1446.25    1446.25    -0.6173  1027.8447    34.4736 0.0000e+00
      34187 311.441845  -62.20026  -58.04964     -0.569    1449.99     54.000     53.475    -0.6151    -0.6143     0.0009    -0.6167    -0.6159     0.0009   2.802136   2.802100  -0.000035    34.3074    34.3060     7.4229    27.5765    27.5753    34.3075    27.5765    1446.24    1446.24    -0.6167  1027.8397    34.4734 0.0000e+00
      34228 311.441865  -62.20026  -58.04963     -0.581    1449.99     53.000     52.484    -0.6143    -0.6136     0.0007    -0.6159    -0.6152     0.0007   2.802124   2.802079  -0.000046    34.3071    34.3056     7.4139    27.5761    27.5750    34.3071    27.5762    1446.23    1446.23    -0.6159  1027.8346    34.4730 0.0000e+00
      34266 311.441883  -62.20027  -58.04962     -0.628    1449.99     52.000     51.494    -0.6141    -0.6134     0.0006    -0.6156    -0.6150     0.0006   2.802095   2.802040  -0.000054    34.3069    34.3055     7.4158    27.5760    27.5748    34.3070    27.5761    1446.21    1446.21    -0.6156  1027.8297    34.4728 0.0000e+00
      34307 311.441903  -62.20028  -58.04962     -0.594    1449.99     51.000     50.504    -0.6138    -0.6128     0.0010    -0.6153    -0.6143     0.0010   2.802049   2.802014  -0.000034    34.3066    34.3050     7.4108    27.5757    27.5744    34.3066    27.5758    1446.20    1446.20    -0.6153  1027.8240    34.4717 0.0000e+00
      34351 311.441924 -9.990e-29  -58.04960     -0.547    1449.99     50.000     49.514    -0.6138    -0.6127     0.0011    -0.6153    -0.6142     0.0011   2.801993   2.801969  -0.000025    34.3066    34.3050     7.4230    27.5757    27.5744    34.3066    27.5757    1446.18    1446.18    -0.6152  1027.8165    34.4683 0.0000e+00
      34392 311.441944 -9.990e-29  -58.04960     -0.582    1449.99     49.000     48.524    -0.6135    -0.6126     0.0009    -0.6149    -0.6140     0.0009   2.801964   2.801928  -0.000036    34.3064    34.3049     7.4239    27.5756    27.5743    34.3064    27.5756    1446.16    1446.17    -0.6149  1027.8116    34.4682 0.0000e+00
      34427 311.441961 -9.990e-29  -58.04958     -0.667    1449.99     48.000     47.534    -0.6136    -0.6127     0.0009    -0.6150    -0.6141     0.0009   2.801908   2.801882  -0.000026    34.3064    34.3050     7.4256    27.5756    27.5744    34.3064    27.5756    1446.15    1446.15    -0.6150  1027.8068    34.4682 0.0000e+00
      34463 311.441978 -9.990e-29  -58.04958     -0.685    1449.99     47.000     46.544    -0.6137    -0.6128     0.0009    -0.6151    -0.6142     0.0009   2.801841   2.801820  -0.000018    34.3062    34.3049     7.4168    27.5754    27.5744    34.3062    27.5754    1446.13    1446.13    -0.6151  1027.8019    34.4680 0.0000e+00
      34507 311.442000  -62.20032  -58.04958     -0.541    1449.99     46.000     45.554    -0.6137    -0.6126     0.0011    -0.6151    -0.6140     0.0011   2.801783   2.801752  -0.000032    34.3061    34.3044     7.4285    27.5754    27.5740    34.3061    27.5753    1446.11    1446.12    -0.6150  1027.7975    34.4686 0.0000e+00
      34550 311.442020  -62.20033  -58.04957     -0.550    1449.99     45.000     44.563    -0.6125    -0.6118     0.0007    -0.6138    -0.6131     0.0007   2.801746   2.801710  -0.000035    34.3048    34.3035     7.4244    27.5742    27.5732    34.3048    27.5743    1446.10    1446.10    -0.6138  1027.7944    34.4707 0.0000e+00
      34582 311.442035  -62.20034  -58.04956     -0.712    1449.99     44.000     43.573    -0.6124    -0.6113     0.0010    -0.6137    -0.6126     0.0010   2.801685   2.801651  -0.000037    34.3045    34.3029     7.4350    27.5740    27.5726    34.3045    27.5740    1446.09    1446.09    -0.6137  1027.7893    34.4702 0.0000e+00
      34611 311.442050  -62.20034  -58.04956     -0.804    1449.99     43.000     42.583    -0.6117    -0.6109     0.0009    -0.6130    -0.6121     0.0009   2.801620   2.801609  -0.000011    34.3035    34.3024     7.4336    27.5731    27.5722    34.3035    27.5732    1446.07    1446.07    -0.6129  1027.7836    34.4692 0.0000e+00
      34643 311.442065  -62.20036  -58.04954     -0.777    1449.99     42.000     41.593    -0.6111    -0.6105     0.0006    -0.6124    -0.6117     0.0006   2.801580   2.801553  -0.000031    34.3029    34.3018     7.4443    27.5727    27.5717    34.3029    27.5727    1446.06    1446.06    -0.6123  1027.7784    34.4687 0.0000e+00
