Pos-Processados/process_op42/Processamento_split/up/uoperantar42_041.cnv
* Sea-Bird SBE 9 Data File:
* FileName = C:\Users\Hidrografia\Desktop\OPXLII\Brutos\OP42041.hdr
* Software Version Seasave V 7.26.7.107
* Temperature SN = 6502
* Conductivity SN = 4998
* Number of Bytes Per Scan = 37
* Number of Voltage Words = 4
* Number of Scans Averaged by the Deck Unit = 1
* NMEA Latitude = 62 08.45 S
* NMEA Longitude = 058 26.32 W
* NMEA UTC (Time) = Nov 09 2023 16:23:52
* NMEA baud rate = 4800
** H41
** NPOALTEMAXIMIANO
** NUMERO DA ESTACAO (XXX) 041
** LAT (XX XX.XX S/N) 62 08.441S
** LONG (XXX XX.XX W/E) 058 26.341 W
** DATAHORA (dd/mm/aaaa hh:mm Z) 09/11/2023 1623Z
** PROFUNDIDADE (m) 425
** OPERADOR CT FILIPE LOPES
# nquan = 30
# nvalues = 367                         
# units = specified
# name 0 = scan: Scan Count
# name 1 = timeJ: Julian Days
# name 2 = latitude: Latitude [deg]
# name 3 = longitude: Longitude [deg]
# name 4 = dz/dtM: Descent Rate [m/s]
# name 5 = avgsvCM: Average Sound Velocity [Chen-Millero, m/s]
# name 6 = prDM: Pressure, Digiquartz [db]
# name 7 = depSM: Depth [salt water, m]
# name 8 = t090C: Temperature [ITS-90, deg C]
# name 9 = t190C: Temperature, 2 [ITS-90, deg C]
# name 10 = T2-T190C: Temperature Difference, 2 - 1 [ITS-90, deg C]
# name 11 = potemp090C: Potential Temperature [ITS-90, deg C]
# name 12 = potemp190C: Potential Temperature, 2 [ITS-90, deg C]
# name 13 = potemp90Cdiff: Potential Temperature, Diff, 2 - 1 [ITS-90, deg C]
# name 14 = c0S/m: Conductivity [S/m]
# name 15 = c1S/m: Conductivity, 2 [S/m]
# name 16 = C2-C1S/m: Conductivity Difference, 2 - 1 [S/m]
# name 17 = sal00: Salinity, Practical [PSU]
# name 18 = sal11: Salinity, Practical, 2 [PSU]
# name 19 = sbeox0ML/L: Oxygen, SBE 43 [ml/l]
# name 20 = sigma-é00: Density [sigma-theta, kg/m^3]
# name 21 = sigma-é11: Density, 2 [sigma-theta, kg/m^3]
# name 22 = sal00: Salinity, Practical [PSU]
# name 23 = sigma-é00: Density [sigma-theta, kg/m^3]
# name 24 = svCM: Sound Velocity [Chen-Millero, m/s]
# name 25 = svCM1: Sound Velocity, 2 [Chen-Millero, m/s]
# name 26 = gsw_ptA0: potential temperature [ITS-90, deg C]
# name 27 = gsw_densityA0: density, TEOS-10 [density, kg/m^3]
# name 28 = gsw_saA0: Absolute Salinity [g/kg]
# name 29 = flag:
# span 0 =      13661,      23847       
# span 1 = 313.689828, 313.694741       
# span 2 =  -62.14527,  -62.14318       
# span 3 =  -58.43796,  -58.43670       
# span 4 =     -1.169,     -0.245       
# span 5 =    1448.31,    1448.31       
# span 6 =      3.000,    369.000       
# span 7 =      2.979,    365.133       
# span 8 =    -0.8102,    -0.5262       
# span 9 =    -0.8090,    -0.5253       
# span 10 =    -0.0085,     0.0107      
# span 11 =    -0.8156,    -0.5266      
# span 12 =    -0.8143,    -0.5256      
# span 13 =    -0.0085,     0.0107      
# span 14 =   2.791431,   2.829964      
# span 15 =   2.791402,   2.829862      
# span 16 =  -0.000826,   0.000999      
# span 17 =    34.2752,    34.3973      
# span 18 =    34.2736,    34.3965      
# span 19 =     6.7251,     7.6539      
# span 20 =    27.5464,    27.6461      
# span 21 =    27.5453,    27.6455      
# span 22 =    34.2758,    34.3971      
# span 23 =    27.5469,    27.6460      
# span 24 =    1445.77,    1451.85      
# span 25 =    1445.77,    1451.87      
# span 26 =    -0.8154,    -0.5266      
# span 27 =  1027.5660,  1029.4101      
# span 28 =    34.4407,    34.5652      
# span 29 = 0.0000e+00, 0.0000e+00      
# interval = decibars: 1                
# start_time = Nov 09 2023 16:23:52 [NMEA time, header]
# bad_flag = -9.990e-29
*END*
      13661 313.689828  -62.14318  -58.43796     -0.245    1448.31    369.000    365.133    -0.5375    -0.5341     0.0034    -0.5499    -0.5465     0.0034   2.829638   2.829862   0.000235    34.3970    34.3963     6.7348    27.6460    27.6453    34.3967    27.6458    1451.85    1451.87    -0.5496  1029.4101    34.5649 0.0000e+00
      13753 313.689873  -62.14320  -58.43796     -0.276    1448.31    368.000    364.144    -0.5353    -0.5340     0.0013    -0.5476    -0.5463     0.0013   2.829806   2.829848   0.000053    34.3973    34.3965     6.7374    27.6461    27.6455    34.3971    27.6460    1451.84    1451.85    -0.5474  1029.4055    34.5652 0.0000e+00
      13800 313.689896  -62.14321  -58.43795     -0.517    1448.31    367.000    363.156    -0.5325    -0.5336    -0.0012    -0.5448    -0.5459    -0.0012   2.829964   2.829811  -0.000140    34.3968    34.3963     6.7267    27.6456    27.6453    34.3966    27.6455    1451.84    1451.83    -0.5446  1029.4002    34.5648 0.0000e+00
      13835 313.689912  -62.14322  -58.43794     -0.694    1448.31    366.000    362.168    -0.5412    -0.5405     0.0006    -0.5534    -0.5527     0.0006   2.829121   2.829145   0.000024    34.3966    34.3962     6.7251    27.6459    27.6455    34.3957    27.6452    1451.78    1451.79    -0.5532  1029.3953    34.5639 0.0000e+00
      13874 313.689931  -62.14322  -58.43794     -0.629    1448.31    365.000    361.179    -0.5455    -0.5440     0.0015    -0.5577    -0.5561     0.0015   2.828760   2.828807   0.000052    34.3967    34.3957     6.7352    27.6461    27.6452    34.3964    27.6459    1451.75    1451.75    -0.5575  1029.3913    34.5645 0.0000e+00
      13922 313.689954  -62.14323  -58.43794     -0.488    1448.31    364.000    360.192    -0.5474    -0.5389     0.0086    -0.5596    -0.5510     0.0085   2.828455   2.829243   0.000735    34.3958    34.3960     6.7416    27.6455    27.6453    34.3951    27.6449    1451.72    1451.76    -0.5593  1029.3856    34.5632 0.0000e+00
      13965 313.689975  -62.14324  -58.43794     -0.548    1448.31    363.000    359.198    -0.5637    -0.5532     0.0105    -0.5757    -0.5652     0.0105   2.826807   2.827800   0.000999    34.3933    34.3948     6.7470    27.6442    27.6450    34.3920    27.6431    1451.62    1451.67    -0.5755  1029.3792    34.5601 0.0000e+00
      13996 313.689990  -62.14324  -58.43794     -0.737    1448.31    362.000    358.213    -0.5694    -0.5681     0.0013    -0.5814    -0.5801     0.0013   2.826241   2.826279   0.000094    34.3930    34.3928     6.7416    27.6442    27.6440    34.3914    27.6429    1451.58    1451.59    -0.5811  1029.3743    34.5595 0.0000e+00
      14029 313.690006  -62.14324  -58.43794     -0.744    1448.31    361.000    357.224    -0.5742    -0.5753    -0.0011    -0.5862    -0.5872    -0.0011   2.825773   2.825614  -0.000148    34.3921    34.3913     6.7530    27.6437    27.6431    34.3912    27.6430    1451.54    1451.53    -0.5859  1029.3697    34.5593 0.0000e+00
      14062 313.690021  -62.14324  -58.43794     -0.735    1448.31    360.000    356.236    -0.5737    -0.5740    -0.0003    -0.5856    -0.5859    -0.0003   2.825776   2.825682  -0.000092    34.3920    34.3911     6.7814    27.6436    27.6429    34.3912    27.6430    1451.53    1451.53    -0.5854  1029.3650    34.5593 0.0000e+00
      14098 313.690039  -62.14326  -58.43794     -0.684    1448.31    359.000    355.247    -0.5758    -0.5715     0.0043    -0.5877    -0.5834     0.0043   2.825571   2.825910   0.000314    34.3923    34.3916     6.7951    27.6439    27.6432    34.3915    27.6432    1451.50    1451.52    -0.5874  1029.3605    34.5596 0.0000e+00
      14131 313.690055  -62.14326  -58.43794     -0.681    1448.31    358.000    354.258    -0.5797    -0.5758     0.0039    -0.5915    -0.5876     0.0039   2.825107   2.825383   0.000293    34.3912    34.3907     6.7946    27.6432    27.6426    34.3902    27.6424    1451.46    1451.48    -0.5913  1029.3550    34.5583 0.0000e+00
      14159 313.690069  -62.14326  -58.43794     -0.820    1448.31    357.000    353.270    -0.5817    -0.5796     0.0021    -0.5935    -0.5914     0.0021   2.824881   2.824994   0.000130    34.3909    34.3902     6.8000    27.6430    27.6424    34.3901    27.6424    1451.44    1451.45    -0.5932  1029.3502    34.5582 0.0000e+00
      14191 313.690084  -62.14328  -58.43794     -0.798    1448.31    356.000    352.281    -0.5819    -0.5817     0.0001    -0.5936    -0.5935     0.0001   2.824838   2.824774  -0.000060    34.3909    34.3899     6.7921    27.6430    27.6422    34.3904    27.6426    1451.42    1451.42    -0.5934  1029.3457    34.5584 0.0000e+00
      14222 313.690099  -62.14328  -58.43794     -0.755    1448.31    355.000    351.292    -0.5824    -0.5809     0.0015    -0.5941    -0.5926     0.0015   2.824728   2.824800   0.000070    34.3906    34.3898     6.7914    27.6428    27.6421    34.3901    27.6424    1451.40    1451.41    -0.5939  1029.3408    34.5582 0.0000e+00
      14249 313.690112  -62.14328  -58.43794     -0.851    1448.31    354.000    350.304    -0.5821    -0.5815     0.0005    -0.5938    -0.5932     0.0005   2.824727   2.824699  -0.000022    34.3907    34.3898     6.8066    27.6429    27.6421    34.3903    27.6426    1451.39    1451.39    -0.5935  1029.3362    34.5584 0.0000e+00
      14278 313.690126  -62.14328  -58.43794     -0.854    1448.31    353.000    349.315    -0.5828    -0.5818     0.0009    -0.5944    -0.5935     0.0009   2.824622   2.824631   0.000013    34.3907    34.3898     6.8049    27.6429    27.6422    34.3903    27.6425    1451.37    1451.37    -0.5942  1029.3314    34.5583 0.0000e+00
      14309 313.690141  -62.14328  -58.43794     -0.793    1448.31    352.000    348.326    -0.5833    -0.5823     0.0010    -0.5949    -0.5939     0.0010   2.824545   2.824565   0.000015    34.3907    34.3898     6.7982    27.6430    27.6422    34.3904    27.6427    1451.35    1451.35    -0.5947  1029.3268    34.5585 0.0000e+00
      14341 313.690156  -62.14329  -58.43794     -0.744    1448.31    351.000    347.337    -0.5840    -0.5815     0.0024    -0.5955    -0.5931     0.0024   2.824424   2.824566   0.000140    34.3906    34.3897     6.7983    27.6428    27.6420    34.3902    27.6425    1451.33    1451.34    -0.5953  1029.3219    34.5582 0.0000e+00
      14371 313.690171  -62.14330  -58.43794     -0.779    1448.31    350.000    346.349    -0.5845    -0.5838     0.0007    -0.5960    -0.5954     0.0007   2.824292   2.824306   0.000029    34.3898    34.3895     6.8136    27.6423    27.6419    34.3896    27.6421    1451.31    1451.31    -0.5958  1029.3167    34.5577 0.0000e+00
      14397 313.690183  -62.14330  -58.43794     -0.874    1448.31    349.000    345.360    -0.5836    -0.5830     0.0006    -0.5951    -0.5945     0.0006   2.824282   2.824299   0.000011    34.3893    34.3888     6.8008    27.6419    27.6414    34.3890    27.6416    1451.30    1451.30    -0.5948  1029.3115    34.5571 0.0000e+00
      14423 313.690196  -62.14330  -58.43794     -0.918    1448.31    348.000    344.371    -0.5845    -0.5834     0.0011    -0.5959    -0.5948     0.0011   2.824152   2.824194   0.000045    34.3892    34.3885     6.7957    27.6417    27.6411    34.3889    27.6415    1451.28    1451.28    -0.5957  1029.3066    34.5570 0.0000e+00
      14452 313.690210  -62.14330  -58.43794     -0.863    1448.31    347.000    343.382    -0.5851    -0.5838     0.0013    -0.5965    -0.5952     0.0013   2.824051   2.824127   0.000069    34.3891    34.3885     6.8018    27.6417    27.6412    34.3889    27.6416    1451.26    1451.26    -0.5963  1029.3007    34.5554 0.0000e+00
      14482 313.690224 -9.990e-29  -58.43794     -0.798    1448.31    346.000    342.394    -0.5844    -0.5832     0.0013    -0.5958    -0.5946     0.0013   2.824062   2.824121   0.000071    34.3890    34.3885     6.8104    27.6416    27.6411    34.3889    27.6415    1451.24    1451.25    -0.5956  1029.2924    34.5510 0.0000e+00
      14508 313.690237 -9.990e-29  -58.43792     -0.869    1448.31    345.000    341.405    -0.5832    -0.5830     0.0003    -0.5946    -0.5943     0.0003   2.823973   2.823983   0.000010    34.3871    34.3870     6.8060    27.6400    27.6399    34.3869    27.6398    1451.23    1451.23    -0.5943  1029.2860    34.5490 0.0000e+00
      14533 313.690249 -9.990e-29  -58.43792     -0.964    1448.31    344.000    340.416    -0.5839    -0.5833     0.0007    -0.5952    -0.5945     0.0007   2.823786   2.823733  -0.000049    34.3861    34.3846     6.8048    27.6392    27.6380    34.3858    27.6390    1451.21    1451.21    -0.5950  1029.2804    34.5479 0.0000e+00
      14557 313.690260  -62.14332  -58.43792     -0.988    1448.31    343.000    339.427    -0.5846    -0.5837     0.0009    -0.5959    -0.5949     0.0009   2.823617   2.823624   0.000003    34.3851    34.3841     6.8113    27.6384    27.6376    34.3849    27.6383    1451.19    1451.19    -0.5956  1029.2767    34.5492 0.0000e+00
      14581 313.690272  -62.14333  -58.43792     -1.000    1448.31    342.000    338.439    -0.5847    -0.5837     0.0010    -0.5959    -0.5950     0.0010   2.823548   2.823583   0.000039    34.3848    34.3842     6.8216    27.6382    27.6377    34.3847    27.6382    1451.17    1451.18    -0.5957  1029.2748    34.5528 0.0000e+00
      14608 313.690285  -62.14334  -58.43792     -0.933    1448.31    341.000    337.450    -0.5849    -0.5839     0.0009    -0.5961    -0.5951     0.0009   2.823500   2.823539   0.000031    34.3850    34.3844     6.8371    27.6384    27.6378    34.3849    27.6383    1451.16    1451.16    -0.5959  1029.2702    34.5529 0.0000e+00
      14637 313.690299  -62.14334  -58.43792     -0.847    1448.31    340.000    336.461    -0.5856    -0.5840     0.0016    -0.5968    -0.5952     0.0016   2.823346   2.823458   0.000115    34.3844    34.3842     6.8356    27.6379    27.6377    34.3842    27.6378    1451.14    1451.14    -0.5965  1029.2649    34.5523 0.0000e+00
      14665 313.690312  -62.14334  -58.43792     -0.846    1448.31    339.000    335.472    -0.5862    -0.5848     0.0014    -0.5973    -0.5959     0.0014   2.823227   2.823294   0.000061    34.3842    34.3834     6.8322    27.6377    27.6371    34.3839    27.6375    1451.12    1451.12    -0.5971  1029.2599    34.5519 0.0000e+00
      14692 313.690326  -62.14334  -58.43792     -0.872    1448.31    338.000    334.484    -0.5872    -0.5860     0.0012    -0.5982    -0.5971     0.0012   2.823063   2.823111   0.000053    34.3836    34.3829     6.8437    27.6373    27.6367    34.3834    27.6372    1451.09    1451.10    -0.5980  1029.2549    34.5514 0.0000e+00
      14719 313.690339  -62.14334  -58.43792     -0.876    1448.31    337.000    333.495    -0.5872    -0.5861     0.0011    -0.5982    -0.5972     0.0010   2.823024   2.823045   0.000025    34.3836    34.3827     6.8540    27.6373    27.6366    34.3834    27.6372    1451.08    1451.08    -0.5980  1029.2501    34.5515 0.0000e+00
      14746 313.690351  -62.14336  -58.43792     -0.899    1448.31    336.000    332.506    -0.5873    -0.5864     0.0009    -0.5983    -0.5974     0.0009   2.822956   2.822961   0.000007    34.3835    34.3826     6.8417    27.6372    27.6365    34.3834    27.6371    1451.06    1451.06    -0.5981  1029.2453    34.5514 0.0000e+00
      14771 313.690364  -62.14336  -58.43792     -0.930    1448.31    335.000    331.517    -0.5878    -0.5867     0.0011    -0.5988    -0.5977     0.0011   2.822842   2.822883   0.000031    34.3833    34.3825     6.8388    27.6371    27.6364    34.3830    27.6369    1451.04    1451.05    -0.5986  1029.2403    34.5510 0.0000e+00
      14795 313.690375  -62.14336  -58.43792     -0.975    1448.31    334.000    330.528    -0.5895    -0.5872     0.0023    -0.6005    -0.5981     0.0023   2.822593   2.822759   0.000158    34.3826    34.3821     6.8469    27.6366    27.6361    34.3822    27.6363    1451.02    1451.03    -0.6002  1029.2350    34.5502 0.0000e+00
      14818 313.690386  -62.14336  -58.43792     -1.023    1448.31    333.000    329.540    -0.5916    -0.5890     0.0025    -0.6024    -0.5999     0.0025   2.822340   2.822520   0.000181    34.3820    34.3816     6.8594    27.6362    27.6358    34.3817    27.6360    1450.99    1451.00    -0.6022  1029.2299    34.5497 0.0000e+00
      14843 313.690398  -62.14338  -58.43792     -1.005    1448.31    332.000    328.550    -0.5923    -0.5908     0.0015    -0.6031    -0.6017     0.0015   2.822187   2.822272   0.000090    34.3813    34.3809     6.8528    27.6357    27.6353    34.3811    27.6355    1450.97    1450.98    -0.6029  1029.2247    34.5491 0.0000e+00
      14870 313.690411  -62.14338  -58.43792     -0.919    1448.31    331.000    327.562    -0.5927    -0.5909     0.0018    -0.6035    -0.6017     0.0018   2.822114   2.822211   0.000094    34.3814    34.3806     6.8457    27.6358    27.6351    34.3812    27.6356    1450.95    1450.96    -0.6033  1029.2159    34.5440 0.0000e+00
      14899 313.690425 -9.990e-29  -58.43792     -0.851    1448.31    330.000    326.573    -0.5925    -0.5915     0.0010    -0.6033    -0.6023     0.0010   2.822102   2.822121   0.000017    34.3816    34.3807     6.8518    27.6359    27.6351    34.3814    27.6358    1450.94    1450.94    -0.6031  1029.2108    34.5435 0.0000e+00
      14927 313.690439 -9.990e-29  -58.43792     -0.840    1448.31    329.000    325.584    -0.5930    -0.5916     0.0014    -0.6037    -0.6023     0.0014   2.821978   2.822055   0.000081    34.3811    34.3806     6.8569    27.6356    27.6351    34.3809    27.6354    1450.92    1450.92    -0.6035  1029.2056    34.5430 0.0000e+00
      14953 313.690451  -62.14340  -58.43792     -0.885    1448.31    328.000    324.595    -0.5935    -0.5926     0.0009    -0.6042    -0.6033     0.0009   2.821892   2.821886  -0.000002    34.3811    34.3800     6.8678    27.6355    27.6346    34.3809    27.6354    1450.90    1450.90    -0.6040  1029.2021    34.5445 0.0000e+00
      14979 313.690464  -62.14340  -58.43790     -0.934    1448.31    327.000    323.607    -0.5935    -0.5926     0.0008    -0.6041    -0.6033     0.0008   2.821862   2.821842  -0.000016    34.3811    34.3800     6.8643    27.6356    27.6346    34.3810    27.6355    1450.88    1450.88    -0.6039  1029.2010    34.5491 0.0000e+00
      15006 313.690477  -62.14340  -58.43790     -0.917    1448.31    326.000    322.617    -0.5931    -0.5925     0.0007    -0.6037    -0.6031     0.0007   2.821847   2.821825  -0.000022    34.3812    34.3802     6.8661    27.6356    27.6347    34.3811    27.6355    1450.87    1450.87    -0.6035  1029.1963    34.5491 0.0000e+00
      15037 313.690492  -62.14340  -58.43790     -0.802    1448.31    325.000    321.629    -0.5931    -0.5923     0.0008    -0.6037    -0.6029     0.0008   2.821810   2.821801  -0.000007    34.3812    34.3802     6.8690    27.6356    27.6348    34.3811    27.6356    1450.85    1450.85    -0.6035  1029.1916    34.5491 0.0000e+00
      15077 313.690511  -62.14340  -58.43790     -0.603    1448.31    324.000    320.640    -0.5933    -0.5924     0.0009    -0.6039    -0.6030     0.0009   2.821741   2.821746   0.000003    34.3812    34.3802     6.8747    27.6356    27.6348    34.3811    27.6355    1450.83    1450.84    -0.6036  1029.1868    34.5491 0.0000e+00
      15114 313.690529  -62.14342  -58.43790     -0.638    1448.31    323.000    319.651    -0.5934    -0.5924     0.0010    -0.6039    -0.6029     0.0010   2.821685   2.821689   0.000008    34.3811    34.3801     6.8619    27.6356    27.6347    34.3811    27.6355    1450.82    1450.82    -0.6037  1029.1820    34.5491 0.0000e+00
      15144 313.690544  -62.14342  -58.43790     -0.758    1448.31    322.000    318.662    -0.5936    -0.5927     0.0009    -0.6041    -0.6032     0.0009   2.821631   2.821626  -0.000007    34.3812    34.3801     6.8602    27.6356    27.6347    34.3811    27.6356    1450.80    1450.80    -0.6039  1029.1773    34.5491 0.0000e+00
