Pos-Processados/process_op42/Processamento_split/up/uoperantar42_052.cnv
* Sea-Bird SBE 9 Data File:
* FileName = C:\Users\Hidrografia\Desktop\OPXLII\Brutos\OP42052.hdr
* Software Version Seasave V 7.26.7.107
* Temperature SN = 6502
* Conductivity SN = 4998
* Number of Bytes Per Scan = 37
* Number of Voltage Words = 4
* Number of Scans Averaged by the Deck Unit = 1
* NMEA Latitude = 62 08.45 S
* NMEA Longitude = 058 26.37 W
* NMEA UTC (Time) = Nov 10 2023 03:08:21
* NMEA baud rate = 4800
** H41
** NPOALTEMAXIMIANO
** NUMERO DA ESTACAO (XXX) 052
** LAT (XX XX.XX S/N) 62 08.443 S
** LONG (XXX XX.XX W/E) 058 26.408 W
** DATAHORA (dd/mm/aaaa hh:mm Z) 10/11/2023 0307Z
** PROFUNDIDADE (m) 424
** OPERADOR CT FABIREZA
# nquan = 30
# nvalues = 386                         
# units = specified
# name 0 = scan: Scan Count
# name 1 = timeJ: Julian Days
# name 2 = latitude: Latitude [deg]
# name 3 = longitude: Longitude [deg]
# name 4 = dz/dtM: Descent Rate [m/s]
# name 5 = avgsvCM: Average Sound Velocity [Chen-Millero, m/s]
# name 6 = prDM: Pressure, Digiquartz [db]
# name 7 = depSM: Depth [salt water, m]
# name 8 = t090C: Temperature [ITS-90, deg C]
# name 9 = t190C: Temperature, 2 [ITS-90, deg C]
# name 10 = T2-T190C: Temperature Difference, 2 - 1 [ITS-90, deg C]
# name 11 = potemp090C: Potential Temperature [ITS-90, deg C]
# name 12 = potemp190C: Potential Temperature, 2 [ITS-90, deg C]
# name 13 = potemp90Cdiff: Potential Temperature, Diff, 2 - 1 [ITS-90, deg C]
# name 14 = c0S/m: Conductivity [S/m]
# name 15 = c1S/m: Conductivity, 2 [S/m]
# name 16 = C2-C1S/m: Conductivity Difference, 2 - 1 [S/m]
# name 17 = sal00: Salinity, Practical [PSU]
# name 18 = sal11: Salinity, Practical, 2 [PSU]
# name 19 = sbeox0ML/L: Oxygen, SBE 43 [ml/l]
# name 20 = sigma-é00: Density [sigma-theta, kg/m^3]
# name 21 = sigma-é11: Density, 2 [sigma-theta, kg/m^3]
# name 22 = sal00: Salinity, Practical [PSU]
# name 23 = sigma-é00: Density [sigma-theta, kg/m^3]
# name 24 = svCM: Sound Velocity [Chen-Millero, m/s]
# name 25 = svCM1: Sound Velocity, 2 [Chen-Millero, m/s]
# name 26 = gsw_ptA0: potential temperature [ITS-90, deg C]
# name 27 = gsw_densityA0: density, TEOS-10 [density, kg/m^3]
# name 28 = gsw_saA0: Absolute Salinity [g/kg]
# name 29 = flag:
# span 0 =      16717,      32978       
# span 1 = 314.138860, 314.146702       
# span 2 =  -62.14634,  -62.14398       
# span 3 =  -58.43283,  -58.42565       
# span 4 =     -1.170,     -0.090       
# span 5 =    1448.28,    1448.28       
# span 6 =      2.000,    387.000       
# span 7 =      1.998,    382.924       
# span 8 =    -0.8166,    -0.5029       
# span 9 =    -0.8154,    -0.5026       
# span 10 =    -0.0121,     0.0073      
# span 11 =    -0.8233,    -0.5159      
# span 12 =    -0.8222,    -0.5157      
# span 13 =    -0.0121,     0.0073      
# span 14 =   2.793208,   2.835133      
# span 15 =   2.793197,   2.835027      
# span 16 =  -0.001147,   0.000846      
# span 17 =    34.2756,    34.4222      
# span 18 =    34.2739,    34.4205      
# span 19 =     6.5489,     7.6657      
# span 20 =    27.5494,    27.6649      
# span 21 =    27.5484,    27.6635      
# span 22 =    34.2751,    34.4225      
# span 23 =    27.5490,    27.6652      
# span 24 =    1445.55,    1452.32      
# span 25 =    1445.55,    1452.32      
# span 26 =    -0.8232,    -0.5157      
# span 27 =  1027.5624,  1029.5091      
# span 28 =    34.4383,    34.5882      
# span 29 = 0.0000e+00, 0.0000e+00      
# interval = decibars: 1                
# start_time = Nov 10 2023 03:08:21 [NMEA time, header]
# bad_flag = -9.990e-29
*END*
[from data line 339]
      31423 314.145952  -62.14610  -58.42618     -1.107    1448.28     48.000     47.534    -0.5816    -0.5806     0.0011    -0.5831    -0.5820     0.0011   2.802566   2.802564  -0.000007    34.2792    34.2778     7.6345    27.5521    27.5510    34.2790    27.5521    1446.26    1446.26    -0.5830  1027.7863    34.4446 0.0000e+00
      31447 314.145963  -62.14610  -58.42618     -1.044    1448.28     47.000     46.544    -0.5817    -0.5808     0.0009    -0.5831    -0.5822     0.0009   2.802532   2.802502  -0.000030    34.2793    34.2779     7.6370    27.5523    27.5511    34.2793    27.5522    1446.24    1446.25    -0.5831  1027.7817    34.4448 0.0000e+00
      31471 314.145975  -62.14612  -58.42618     -0.998    1448.28     46.000     45.554    -0.5820    -0.5809     0.0010    -0.5833    -0.5823     0.0010   2.802453   2.802451 -4.592e-07    34.2792    34.2780     7.6372    27.5522    27.5512    34.2792    27.5522    1446.23    1446.23    -0.5833  1027.7769    34.4447 0.0000e+00
      31498 314.145988  -62.14612  -58.42616     -0.926    1448.28     45.000     44.563    -0.5816    -0.5809     0.0006    -0.5829    -0.5823     0.0006   2.802450   2.802393  -0.000049    34.2792    34.2778     7.6343    27.5522    27.5510    34.2793    27.5523    1446.21    1446.21    -0.5829  1027.7722    34.4448 0.0000e+00
      31526 314.146002  -62.14612  -58.42616     -0.873    1448.28     44.000     43.573    -0.5806    -0.5803     0.0003    -0.5819    -0.5816     0.0003   2.802490   2.802389  -0.000098    34.2793    34.2776     7.6365    27.5522    27.5509    34.2793    27.5522    1446.20    1446.20    -0.5819  1027.7674    34.4448 0.0000e+00
      31552 314.146014  -62.14612  -58.42615     -0.904    1448.28     43.000     42.583    -0.5798    -0.5795     0.0003    -0.5811    -0.5808     0.0003   2.802502   2.802414  -0.000088    34.2793    34.2777     7.6378    27.5521    27.5508    34.2793    27.5522    1446.19    1446.19    -0.5811  1027.7625    34.4447 0.0000e+00
      31577 314.146026  -62.14612  -58.42614     -0.947    1448.28     42.000     41.593    -0.5797    -0.5790     0.0007    -0.5810    -0.5803     0.0007   2.802465   2.802412  -0.000055    34.2792    34.2777     7.6327    27.5521    27.5509    34.2792    27.5521    1446.17    1446.17    -0.5809  1027.7576    34.4447 0.0000e+00
      31603 314.146039  -62.14612  -58.42614     -0.944    1448.28     41.000     40.602    -0.5799    -0.5789     0.0010    -0.5812    -0.5802     0.0010   2.802353   2.802354  -0.000006    34.2788    34.2776     7.6347    27.5518    27.5507    34.2786    27.5516    1446.15    1446.16    -0.5811  1027.7524    34.4441 0.0000e+00
      31630 314.146052  -62.14613  -58.42613     -0.886    1448.28     40.000     39.612    -0.5802    -0.5793     0.0009    -0.5814    -0.5805     0.0009   2.802261   2.802260   0.000004    34.2783    34.2774     7.6412    27.5514    27.5506    34.2783    27.5514    1446.14    1446.14    -0.5814  1027.7473    34.4437 0.0000e+00
      31659 314.146066  -62.14614  -58.42612     -0.851    1448.28     39.000     38.622    -0.5803    -0.5794     0.0008    -0.5814    -0.5806     0.0008   2.802218   2.802176  -0.000042    34.2784    34.2770     7.6398    27.5515    27.5502    34.2784    27.5515    1446.12    1446.12    -0.5814  1027.7427    34.4439 0.0000e+00
      31685 314.146078  -62.14614  -58.42610     -0.887    1448.28     38.000     37.632    -0.5806    -0.5797     0.0009    -0.5817    -0.5809     0.0009   2.802130   2.802100  -0.000034    34.2784    34.2769     7.6195    27.5515    27.5503    34.2783    27.5514    1446.10    1446.10    -0.5817  1027.7377    34.4437 0.0000e+00
      31709 314.146090  -62.14614  -58.42610     -0.951    1448.28     37.000     36.642    -0.5800    -0.5796     0.0004    -0.5811    -0.5807     0.0004   2.802076   2.802045  -0.000030    34.2774    34.2766     7.6201    27.5507    27.5500    34.2774    27.5507    1446.09    1446.09    -0.5811  1027.7323    34.4428 0.0000e+00
      31734 314.146102  -62.14616  -58.42610     -0.969    1448.28     36.000     35.652    -0.5792    -0.5789     0.0003    -0.5803    -0.5800     0.0003   2.802066   2.802000  -0.000059    34.2770    34.2758     7.6310    27.5502    27.5493    34.2770    27.5503    1446.07    1446.07    -0.5803  1027.7271    34.4424 0.0000e+00
      31761 314.146115  -62.14616  -58.42608     -0.930    1448.28     35.000     34.661    -0.5791    -0.5784     0.0007    -0.5802    -0.5795     0.0007   2.802005   2.801971  -0.000037    34.2768    34.2755     7.6397    27.5501    27.5490    34.2767    27.5500    1446.06    1446.06    -0.5801  1027.7220    34.4421 0.0000e+00
      31789 314.146129  -62.14616  -58.42607     -0.866    1448.28     34.000     33.671    -0.5791    -0.5783     0.0008    -0.5801    -0.5794     0.0008   2.801958   2.801914  -0.000043    34.2767    34.2752     7.6316    27.5501    27.5488    34.2767    27.5500    1446.04    1446.04    -0.5801  1027.7172    34.4421 0.0000e+00
      31817 314.146142  -62.14616  -58.42606     -0.841    1448.28     33.000     32.681    -0.5791    -0.5784     0.0007    -0.5801    -0.5794     0.0007   2.801896   2.801862  -0.000034    34.2765    34.2752     7.6273    27.5499    27.5488    34.2765    27.5498    1446.02    1446.03    -0.5801  1027.7122    34.4418 0.0000e+00
      31843 314.146155  -62.14616  -58.42605     -0.897    1448.28     32.000     31.690    -0.5789    -0.5782     0.0007    -0.5799    -0.5792     0.0007   2.801891   2.801823  -0.000073    34.2769    34.2751     7.6363    27.5502    27.5487    34.2768    27.5501    1446.01    1446.01    -0.5798  1027.7077    34.4422 0.0000e+00
      31867 314.146166  -62.14617  -58.42604     -0.972    1448.28     31.000     30.700    -0.5789    -0.5782     0.0007    -0.5798    -0.5791     0.0007   2.801821   2.801782  -0.000037    34.2764    34.2751     7.6269    27.5498    27.5487    34.2764    27.5498    1445.99    1445.99    -0.5798  1027.7026    34.4417 0.0000e+00
      31891 314.146178  -62.14618  -58.42604     -0.999    1448.28     30.000     29.710    -0.5791    -0.5782     0.0009    -0.5799    -0.5791     0.0009   2.801788   2.801746  -0.000043    34.2769    34.2752     7.6203    27.5502    27.5488    34.2768    27.5501    1445.98    1445.98    -0.5800  1027.6981    34.4421 0.0000e+00
      31916 314.146190  -62.14618  -58.42603     -0.975    1448.28     29.000     28.720    -0.5791    -0.5783     0.0009    -0.5800    -0.5791     0.0009   2.801721   2.801693  -0.000028    34.2766    34.2752     7.6244    27.5499    27.5488    34.2766    27.5499    1445.96    1445.96    -0.5799  1027.6932    34.4419 0.0000e+00
      31942 314.146202  -62.14618  -58.42602     -0.952    1448.28     28.000     27.730    -0.5789    -0.5781     0.0008    -0.5798    -0.5789     0.0008   2.801700   2.801652  -0.000054    34.2769    34.2752     7.6233    27.5501    27.5488    34.2767    27.5500    1445.94    1445.95    -0.5797  1027.6885    34.4420 0.0000e+00
      31967 314.146214  -62.14618  -58.42602     -0.946    1448.28     27.000     26.739    -0.5794    -0.5783     0.0011    -0.5802    -0.5791     0.0011   2.801641   2.801607  -0.000030    34.2770    34.2754     7.6276    27.5503    27.5489    34.2771    27.5503    1445.93    1445.93    -0.5802  1027.6826    34.4406 0.0000e+00
      31992 314.146226 -9.990e-29  -58.42601     -0.949    1448.28     26.000     25.749    -0.5794    -0.5786     0.0008    -0.5801    -0.5793     0.0008   2.801594   2.801552  -0.000042    34.2771    34.2756     7.6324    27.5503    27.5491    34.2771    27.5503    1445.91    1445.91    -0.5802  1027.6763    34.4387 0.0000e+00
      32017 314.146239 -9.990e-29  -58.42600     -0.960    1448.28     25.000     24.759    -0.5790    -0.5784     0.0007    -0.5798    -0.5791     0.0007   2.801568   2.801525  -0.000050    34.2771    34.2756     7.6347    27.5503    27.5491    34.2769    27.5502    1445.89    1445.90    -0.5797  1027.6714    34.4386 0.0000e+00
      32043 314.146251 -9.990e-29  -58.42598     -0.941    1448.28     24.000     23.768    -0.5790    -0.5781     0.0009    -0.5797    -0.5788     0.0009   2.801512   2.801475  -0.000035    34.2767    34.2752     7.6261    27.5500    27.5488    34.2767    27.5500    1445.88    1445.88    -0.5797  1027.6664    34.4383 0.0000e+00
      32069 314.146263  -62.14620  -58.42598     -0.930    1448.28     23.000     22.778    -0.5790    -0.5781     0.0009    -0.5797    -0.5788     0.0009   2.801466   2.801429  -0.000033    34.2767    34.2753     7.6262    27.5500    27.5488    34.2767    27.5500    1445.86    1445.86    -0.5797  1027.6632    34.4403 0.0000e+00
      32094 314.146276  -62.14620  -58.42596     -0.944    1448.28     22.000     21.788    -0.5789    -0.5781     0.0009    -0.5796    -0.5787     0.0009   2.801403   2.801384  -0.000017    34.2765    34.2752     7.6364    27.5498    27.5488    34.2765    27.5498    1445.85    1445.85    -0.5795  1027.6595    34.4417 0.0000e+00
      32119 314.146288  -62.14620  -58.42596     -0.950    1448.28     21.000     20.797    -0.5789    -0.5781     0.0008    -0.5795    -0.5787     0.0008   2.801372   2.801328  -0.000044    34.2766    34.2752     7.6331    27.5500    27.5487    34.2766    27.5499    1445.83    1445.83    -0.5795  1027.6548    34.4418 0.0000e+00
      32144 314.146300  -62.14622  -58.42594     -0.965    1448.28     20.000     19.807    -0.5787    -0.5780     0.0008    -0.5793    -0.5786     0.0008   2.801338   2.801289  -0.000055    34.2767    34.2751     7.6262    27.5500    27.5486    34.2766    27.5499    1445.82    1445.82    -0.5793  1027.6500    34.4418 0.0000e+00
      32168 314.146311  -62.14622  -58.42594     -0.993    1448.28     19.000     18.817    -0.5787    -0.5780     0.0008    -0.5793    -0.5785     0.0008   2.801292   2.801245  -0.000043    34.2766    34.2751     7.6240    27.5499    27.5487    34.2766    27.5499    1445.80    1445.80    -0.5793  1027.6452    34.4418 0.0000e+00
      32192 314.146323  -62.14622  -58.42594     -1.000    1448.28     18.000     17.827    -0.5788    -0.5780     0.0008    -0.5793    -0.5785     0.0008   2.801248   2.801211  -0.000039    34.2768    34.2753     7.6256    27.5500    27.5488    34.2767    27.5500    1445.78    1445.78    -0.5793  1027.6406    34.4419 0.0000e+00
      32218 314.146335  -62.14622  -58.42592     -0.954    1448.28     17.000     16.836    -0.5788    -0.5780     0.0008    -0.5793    -0.5785     0.0008   2.801201   2.801160  -0.000042    34.2767    34.2753     7.6215    27.5500    27.5488    34.2767    27.5500    1445.77    1445.77    -0.5793  1027.6357    34.4419 0.0000e+00
      32244 314.146348  -62.14622  -58.42592     -0.909    1448.28     16.000     15.846    -0.5783    -0.5777     0.0006    -0.5788    -0.5782     0.0006   2.801189   2.801139  -0.000047    34.2766    34.2752     7.6209    27.5499    27.5487    34.2766    27.5499    1445.75    1445.75    -0.5788  1027.6309    34.4419 0.0000e+00
      32271 314.146361  -62.14622  -58.42591     -0.905    1448.28     15.000     14.855    -0.5777    -0.5772     0.0005    -0.5782    -0.5776     0.0005   2.801205   2.801139  -0.000068    34.2768    34.2753     7.6244    27.5500    27.5488    34.2768    27.5500    1445.74    1445.74    -0.5781  1027.6244    34.4397 0.0000e+00
      32297 314.146373 -9.990e-29  -58.42590     -0.922    1448.28     14.000     13.865    -0.5777    -0.5770     0.0007    -0.5781    -0.5774     0.0007   2.801169   2.801112  -0.000053    34.2768    34.2753     7.6240    27.5500    27.5487    34.2769    27.5501    1445.72    1445.72    -0.5781  1027.6186    34.4385 0.0000e+00
      32322 314.146386 -9.990e-29  -58.42589     -0.933    1448.28     13.000     12.875    -0.5759    -0.5757     0.0002    -0.5763    -0.5761     0.0002   2.801273   2.801177  -0.000096    34.2768    34.2752     7.6319    27.5499    27.5486    34.2769    27.5500    1445.72    1445.71    -0.5763  1027.6138    34.4385 0.0000e+00
      32347 314.146397 -9.990e-29  -58.42588     -0.961    1448.28     12.000     11.885    -0.5755    -0.5749     0.0006    -0.5759    -0.5753     0.0006   2.801269   2.801199  -0.000069    34.2769    34.2753     7.6318    27.5500    27.5487    34.2770    27.5501    1445.70    1445.70    -0.5759  1027.6091    34.4387 0.0000e+00
      32371 314.146409  -62.14626  -58.42587     -0.980    1448.28     11.000     10.894    -0.5745    -0.5739     0.0005    -0.5748    -0.5743     0.0005   2.801311   2.801251  -0.000057    34.2768    34.2754     7.6363    27.5499    27.5488    34.2770    27.5500    1445.69    1445.69    -0.5748  1027.6062    34.4410 0.0000e+00
      32398 314.146422  -62.14626  -58.42586     -0.925    1448.28     10.000      9.904    -0.5738    -0.5731     0.0007    -0.5741    -0.5734     0.0007   2.801339   2.801293  -0.000052    34.2771    34.2756     7.6224    27.5501    27.5489    34.2772    27.5502    1445.68    1445.68    -0.5741  1027.6026    34.4426 0.0000e+00
      32460 314.146452  -62.14626  -58.42583     -0.425    1448.28      9.000      8.915    -0.5736    -0.5729     0.0007    -0.5738    -0.5732     0.0007   2.801324   2.801268  -0.000056    34.2773    34.2758     7.6190    27.5503    27.5490    34.2774    27.5503    1445.66    1445.66    -0.5739  1027.5979    34.4428 0.0000e+00
      32567 314.146504  -62.14628  -58.42580     -0.227    1448.28      8.000      7.924    -0.5738    -0.5729     0.0009    -0.5740    -0.5731     0.0009   2.801260   2.801236  -0.000025    34.2774    34.2760     7.6333    27.5503    27.5492    34.2774    27.5503    1445.64    1445.65    -0.5740  1027.5932    34.4428 0.0000e+00
      32650 314.146544  -62.14629  -58.42577     -0.312    1448.28      7.000      6.933    -0.5741    -0.5732     0.0009    -0.5743    -0.5734     0.0009   2.801174   2.801147  -0.000021    34.2772    34.2759     7.6404    27.5502    27.5491    34.2772    27.5502    1445.63    1445.63    -0.5743  1027.5882    34.4426 0.0000e+00
      32713 314.146574  -62.14630  -58.42575     -0.390    1448.28      6.000      5.945    -0.5744    -0.5741     0.0003    -0.5746    -0.5742     0.0003   2.801097   2.801023  -0.000074    34.2771    34.2758     7.6360    27.5501    27.5490    34.2771    27.5501    1445.61    1445.61    -0.5746  1027.5834    34.4425 0.0000e+00
      32777 314.146605  -62.14632  -58.42572     -0.367    1448.28      5.000      4.950    -0.5740    -0.5730     0.0010    -0.5742    -0.5732     0.0010   2.801094   2.801076  -0.000020    34.2773    34.2759     7.6295    27.5502    27.5490    34.2773    27.5502    1445.60    1445.60    -0.5741  1027.5787    34.4426 0.0000e+00
      32844 314.146637  -62.14633  -58.42569     -0.359    1448.28      4.000      3.963    -0.5725    -0.5718     0.0008    -0.5727    -0.5719     0.0008   2.801171   2.801147  -0.000020    34.2772    34.2760     7.6291    27.5501    27.5491    34.2773    27.5502    1445.59    1445.59    -0.5726  1027.5738    34.4426 0.0000e+00
      32910 314.146669  -62.14634  -58.42567     -0.370    1448.28      3.000      2.971    -0.5727    -0.5718     0.0009    -0.5728    -0.5719     0.0009   2.801115   2.801099  -0.000017    34.2773    34.2761     7.6198    27.5502    27.5492    34.2774    27.5502    1445.57    1445.57    -0.5728  1027.5691    34.4427 0.0000e+00
      32978 314.146702  -62.14634  -58.42565     -0.331    1448.28      2.000      1.998    -0.5727    -0.5720     0.0007    -0.5728    -0.5720     0.0007   2.801074   2.801039  -0.000029    34.2773    34.2761     7.6192    27.5502    27.5492    34.2774    27.5503    1445.55    1445.55    -0.5728  1027.5624    34.4403 0.0000e+00
