Pos-Processados/process_op42/Processamento_split/up/uoperantar42_047.cnv
* Sea-Bird SBE 9 Data File:
* FileName = C:\Users\Hidrografia\Desktop\OPXLII\Brutos\OP42047.hdr
* Software Version Seasave V 7.26.7.107
* Temperature SN = 6502
* Conductivity SN = 4998
* Number of Bytes Per Scan = 37
* Number of Voltage Words = 4
* Number of Scans Averaged by the Deck Unit = 1
* NMEA Latitude = 62 08.18 S
* NMEA Longitude = 058 26.60 W
* NMEA UTC (Time) = Nov 09 2023 22:04:48
* NMEA baud rate = 4800
** H41
** NPOALTEMAXIMIANO
** NUMERO DA ESTACAO (XXX) 047
** LAT (XX XX.XX S/N) 62 08. S
** LONG (XXX XX.XX W/E) 058 26. W
** DATAHORA (dd/mm/aaaa hh:mm Z) 09/11/2023 2205Z
** PROFUNDIDADE (m) 424
** OPERADOR 1T ZAMITH
# nquan = 30
# nvalues = 379                         
# units = specified
# name 0 = scan: Scan Count
# name 1 = timeJ: Julian Days
# name 2 = latitude: Latitude [deg]
# name 3 = longitude: Longitude [deg]
# name 4 = dz/dtM: Descent Rate [m/s]
# name 5 = avgsvCM: Average Sound Velocity [Chen-Millero, m/s]
# name 6 = prDM: Pressure, Digiquartz [db]
# name 7 = depSM: Depth [salt water, m]
# name 8 = t090C: Temperature [ITS-90, deg C]
# name 9 = t190C: Temperature, 2 [ITS-90, deg C]
# name 10 = T2-T190C: Temperature Difference, 2 - 1 [ITS-90, deg C]
# name 11 = potemp090C: Potential Temperature [ITS-90, deg C]
# name 12 = potemp190C: Potential Temperature, 2 [ITS-90, deg C]
# name 13 = potemp90Cdiff: Potential Temperature, Diff, 2 - 1 [ITS-90, deg C]
# name 14 = c0S/m: Conductivity [S/m]
# name 15 = c1S/m: Conductivity, 2 [S/m]
# name 16 = C2-C1S/m: Conductivity Difference, 2 - 1 [S/m]
# name 17 = sal00: Salinity, Practical [PSU]
# name 18 = sal11: Salinity, Practical, 2 [PSU]
# name 19 = sbeox0ML/L: Oxygen, SBE 43 [ml/l]
# name 20 = sigma-é00: Density [sigma-theta, kg/m^3]
# name 21 = sigma-é11: Density, 2 [sigma-theta, kg/m^3]
# name 22 = sal00: Salinity, Practical [PSU]
# name 23 = sigma-é00: Density [sigma-theta, kg/m^3]
# name 24 = svCM: Sound Velocity [Chen-Millero, m/s]
# name 25 = svCM1: Sound Velocity, 2 [Chen-Millero, m/s]
# name 26 = gsw_ptA0: potential temperature [ITS-90, deg C]
# name 27 = gsw_densityA0: density, TEOS-10 [density, kg/m^3]
# name 28 = gsw_saA0: Absolute Salinity [g/kg]
# name 29 = flag:
# span 0 =      14237,      24003       
# span 1 = 313.926865, 313.931575       
# span 2 =  -62.14044,  -62.13876       
# span 3 =  -58.43986,  -58.43722       
# span 4 =     -1.256,      0.378       
# span 5 =    1448.33,    1448.33       
# span 6 =      3.000,    381.000       
# span 7 =      3.000,    376.987       
# span 8 =    -0.7922,    -0.4916       
# span 9 =    -0.7908,    -0.4910       
# span 10 =    -0.0120,     0.0152      
# span 11 =    -0.7988,    -0.5045      
# span 12 =    -0.7974,    -0.5039      
# span 13 =    -0.0120,     0.0152      
# span 14 =   2.793571,   2.834605      
# span 15 =   2.793967,   2.834570      
# span 16 =  -0.001084,   0.001372      
# span 17 =    34.2755,    34.4043      
# span 18 =    34.2721,    34.4032      
# span 19 =     6.6583,     7.6351      
# span 20 =    27.5475,    27.6499      
# span 21 =    27.5438,    27.6490      
# span 22 =    34.2765,    34.4042      
# span 23 =    27.5480,    27.6498      
# span 24 =    1445.68,    1452.27      
# span 25 =    1445.68,    1452.27      
# span 26 =    -0.7986,    -0.5043      
# span 27 =  1027.5681,  1029.4702      
# span 28 =    34.4389,    34.5721      
# span 29 = 0.0000e+00, 0.0000e+00      
# interval = decibars: 1                
# start_time = Nov 09 2023 22:04:48 [NMEA time, header]
# bad_flag = -9.990e-29
*END*
      14237 313.926865  -62.13877  -58.43986     -0.283    1448.33    381.000    376.987    -0.4916    -0.4910     0.0006    -0.5045    -0.5039     0.0006   2.834605   2.834570  -0.000034    34.4043    34.4032     6.6629    27.6499    27.6490    34.4042    27.6498    1452.27    1452.27    -0.5043  1029.4702    34.5721 0.0000e+00
      14254 313.926874  -62.13876  -58.43986     -0.585    1448.33    380.000    376.009    -0.4944    -0.4932     0.0011    -0.5073    -0.5061     0.0011   2.834280   2.834306   0.000018    34.4037    34.4027     6.6583    27.6496    27.6487    34.4036    27.6495    1452.24    1452.24    -0.5071  1029.4654    34.5718 0.0000e+00
      14283 313.926888  -62.13878  -58.43984     -0.766    1448.33    379.000    375.020    -0.4940    -0.4927     0.0013    -0.5069    -0.5055     0.0013   2.834269   2.834305   0.000043    34.4037    34.4028     6.6612    27.6495    27.6487    34.4036    27.6494    1452.22    1452.23    -0.5066  1029.4606    34.5718 0.0000e+00
      14310 313.926900  -62.13878  -58.43984     -0.882    1448.33    378.000    374.031    -0.4932    -0.4931     0.0001    -0.5060    -0.5059     0.0001   2.834311   2.834251  -0.000056    34.4038    34.4029     6.6729    27.6496    27.6488    34.4039    27.6497    1452.21    1452.21    -0.5058  1029.4561    34.5721 0.0000e+00
      14336 313.926913  -62.13878  -58.43984     -0.910    1448.33    377.000    373.043    -0.4931    -0.4925     0.0006    -0.5059    -0.5053     0.0006   2.834273   2.834247  -0.000029    34.4040    34.4030     6.6708    27.6498    27.6489    34.4039    27.6497    1452.20    1452.20    -0.5057  1029.4513    34.5721 0.0000e+00
      14363 313.926926  -62.13878  -58.43984     -0.906    1448.33    376.000    372.054    -0.4951    -0.4934     0.0016    -0.5078    -0.5062     0.0016   2.834005   2.834113   0.000089    34.4034    34.4028     6.6707    27.6494    27.6488    34.4031    27.6491    1452.17    1452.18    -0.5076  1029.4460    34.5713 0.0000e+00
      14390 313.926939  -62.13879  -58.43982     -0.898    1448.33    375.000    371.065    -0.4977    -0.4948     0.0029    -0.5104    -0.5075     0.0029   2.833730   2.833923   0.000194    34.4032    34.4026     6.6683    27.6493    27.6487    34.4030    27.6491    1452.14    1452.16    -0.5102  1029.4413    34.5712 0.0000e+00
      14418 313.926953  -62.13880  -58.43982     -0.865    1448.33    374.000    370.077    -0.4979    -0.4963     0.0016    -0.5106    -0.5090     0.0016   2.833633   2.833725   0.000092    34.4028    34.4022     6.6702    27.6490    27.6484    34.4026    27.6488    1452.12    1452.13    -0.5104  1029.4363    34.5708 0.0000e+00
      14446 313.926966  -62.13880  -58.43981     -0.848    1448.33    373.000    369.088    -0.5023    -0.4986     0.0037    -0.5150    -0.5113     0.0037   2.833134   2.833445   0.000289    34.4022    34.4018     6.6735    27.6487    27.6482    34.4014    27.6481    1452.09    1452.10    -0.5147  1029.4309    34.5696 0.0000e+00
      14472 313.926979  -62.13880  -58.43980     -0.892    1448.33    372.000    368.100    -0.5114    -0.5040     0.0075    -0.5240    -0.5166     0.0075   2.832147   2.832832   0.000671    34.4005    34.4011     6.6718    27.6477    27.6479    34.3991    27.6466    1452.02    1452.06    -0.5238  1029.4248    34.5673 0.0000e+00
      14498 313.926991  -62.13880  -58.43978     -0.929    1448.33    371.000    367.111    -0.5150    -0.5099     0.0051    -0.5275    -0.5224     0.0051   2.831821   2.832246   0.000407    34.4004    34.4000     6.6800    27.6477    27.6472    34.3994    27.6469    1451.99    1452.01    -0.5273  1029.4204    34.5675 0.0000e+00
      14522 313.927003  -62.13880  -58.43978     -0.959    1448.33    370.000    366.123    -0.5183    -0.5156     0.0027    -0.5308    -0.5281     0.0027   2.831458   2.831623   0.000196    34.3995    34.3991     6.6826    27.6472    27.6467    34.3989    27.6467    1451.96    1451.97    -0.5305  1029.4155    34.5670 0.0000e+00
      14545 313.927014  -62.13882  -58.43978     -1.010    1448.33    369.000    365.134    -0.5187    -0.5162     0.0024    -0.5311    -0.5287     0.0024   2.831356   2.831535   0.000178    34.3991    34.3987     6.6927    27.6469    27.6465    34.3985    27.6464    1451.94    1451.95    -0.5309  1029.4117    34.5682 0.0000e+00
      14569 313.927026  -62.13882 -9.990e-29     -1.021    1448.33    368.000    364.145    -0.5191    -0.5173     0.0018    -0.5315    -0.5297     0.0018   2.831266   2.831373   0.000116    34.3990    34.3985     6.7001    27.6468    27.6463    34.3984    27.6464    1451.92    1451.93    -0.5313  1029.4077    34.5691 0.0000e+00
      14594 313.927038  -62.13882 -9.990e-29     -0.983    1448.33    367.000    363.157    -0.5222    -0.5193     0.0029    -0.5345    -0.5316     0.0029   2.830904   2.831133   0.000211    34.3987    34.3983     6.7190    27.6467    27.6463    34.3976    27.6458    1451.89    1451.90    -0.5343  1029.4025    34.5683 0.0000e+00
      14620 313.927050  -62.13882 -9.990e-29     -0.941    1448.33    366.000    362.168    -0.5270    -0.5224     0.0046    -0.5393    -0.5347     0.0046   2.830447   2.830786   0.000343    34.3983    34.3976     6.7197    27.6466    27.6459    34.3975    27.6460    1451.85    1451.87    -0.5391  1029.3980    34.5683 0.0000e+00
      14645 313.927062  -62.13882  -58.43976     -0.939    1448.33    365.000    361.179    -0.5293    -0.5254     0.0039    -0.5415    -0.5376     0.0039   2.830138   2.830469   0.000299    34.3977    34.3973     6.7124    27.6462    27.6457    34.3965    27.6453    1451.82    1451.84    -0.5413  1029.3913    34.5657 0.0000e+00
      14668 313.927073  -62.13884  -58.43974     -0.999    1448.33    364.000    360.190    -0.5319    -0.5331    -0.0011    -0.5441    -0.5452    -0.0011   2.829808   2.829660  -0.000097    34.3968    34.3967     6.7154    27.6456    27.6456    34.3957    27.6448    1451.79    1451.79    -0.5439  1029.3852    34.5639 0.0000e+00
      14691 313.927084  -62.13884  -58.43974     -1.038    1448.33    363.000    359.202    -0.5395    -0.5373     0.0022    -0.5516    -0.5494     0.0022   2.829142   2.829292   0.000133    34.3972    34.3964     6.7198    27.6462    27.6456    34.3960    27.6453    1451.74    1451.75    -0.5514  1029.3811    34.5641 0.0000e+00
      14715 313.927096  -62.13884  -58.43974     -1.023    1448.33    362.000    358.213    -0.5439    -0.5392     0.0047    -0.5560    -0.5513     0.0047   2.828711   2.829063   0.000326    34.3971    34.3961     6.7228    27.6464    27.6454    34.3958    27.6453    1451.70    1451.73    -0.5558  1029.3764    34.5639 0.0000e+00
      14739 313.927107  -62.13884  -58.43972     -1.011    1448.33    361.000    357.225    -0.5523    -0.5421     0.0103    -0.5644    -0.5541     0.0102   2.827897   2.828723   0.000798    34.3969    34.3960     6.7288    27.6466    27.6454    34.3950    27.6450    1451.65    1451.69    -0.5641  1029.3715    34.5631 0.0000e+00
      14762 313.927118  -62.13884  -58.43972     -1.022    1448.33    360.000    356.236    -0.5584    -0.5522     0.0062    -0.5704    -0.5642     0.0062   2.827249   2.827767   0.000529    34.3953    34.3954     6.7342    27.6456    27.6454    34.3938    27.6443    1451.60    1451.63    -0.5701  1029.3661    34.5619 0.0000e+00
      14785 313.927130  -62.13885  -58.43971     -1.042    1448.33    359.000    355.247    -0.5592    -0.5569     0.0023    -0.5711    -0.5689     0.0023   2.827216   2.827303   0.000131    34.3955    34.3947     6.7313    27.6458    27.6450    34.3948    27.6452    1451.58    1451.59    -0.5709  1029.3623    34.5629 0.0000e+00
      14809 313.927141  -62.13886  -58.43970     -1.001    1448.33    358.000    354.258    -0.5562    -0.5563    -0.0001    -0.5681    -0.5682    -0.0001   2.827404   2.827325  -0.000077    34.3952    34.3943     6.7392    27.6454    27.6447    34.3945    27.6448    1451.58    1451.58    -0.5679  1029.3571    34.5626 0.0000e+00
      14831 313.927152  -62.13886  -58.43970     -1.057    1448.33    357.000    353.270    -0.5568    -0.5565     0.0004    -0.5687    -0.5683     0.0004   2.827294   2.827257  -0.000025    34.3952    34.3944     6.7567    27.6454    27.6448    34.3944    27.6448    1451.56    1451.56    -0.5684  1029.3523    34.5625 0.0000e+00
      14853 313.927162  -62.13886  -58.43969     -1.091    1448.33    356.000    352.281    -0.5616    -0.5619    -0.0003    -0.5734    -0.5738    -0.0003   2.826752   2.826687  -0.000074    34.3946    34.3940     6.7611    27.6451    27.6447    34.3931    27.6439    1451.52    1451.52    -0.5732  1029.3468    34.5612 0.0000e+00
      14877 313.927174  -62.13887  -58.43968     -1.055    1448.33    355.000    351.292    -0.5666    -0.5610     0.0056    -0.5784    -0.5728     0.0056   2.826239   2.826738   0.000434    34.3940    34.3935     6.7685    27.6449    27.6442    34.3925    27.6437    1451.48    1451.51    -0.5781  1029.3418    34.5606 0.0000e+00
      14901 313.927185  -62.13888  -58.43968     -1.010    1448.33    354.000    350.303    -0.5735    -0.5670     0.0065    -0.5852    -0.5787     0.0065   2.825506   2.826050   0.000569    34.3926    34.3929     6.7593    27.6441    27.6440    34.3911    27.6428    1451.43    1451.46    -0.5850  1029.3363    34.5591 0.0000e+00
      14925 313.927197  -62.13888  -58.43967     -0.997    1448.33    353.000    349.315    -0.5843    -0.5759     0.0084    -0.5959    -0.5875     0.0084   2.824268   2.825124   0.000807    34.3896    34.3908     6.7645    27.6420    27.6427    34.3873    27.6402    1451.36    1451.40    -0.5957  1029.3291    34.5553 0.0000e+00
      14949 313.927209  -62.13888  -58.43966     -0.991    1448.33    352.000    348.326    -0.5927    -0.5823     0.0105    -0.6043    -0.5939     0.0104   2.823253   2.824374   0.001039    34.3867    34.3887     6.7635    27.6401    27.6413    34.3838    27.6377    1451.30    1451.35    -0.6041  1029.3220    34.5518 0.0000e+00
      14974 313.927221  -62.13888  -58.43966     -0.979    1448.33    351.000    347.338    -0.6063    -0.5931     0.0133    -0.6178    -0.6046     0.0132   2.821938   2.823219   0.001302    34.3842    34.3867     6.7827    27.6387    27.6401    34.3820    27.6369    1451.22    1451.28    -0.6176  1029.3166    34.5501 0.0000e+00
      14998 313.927232  -62.13888  -58.43966     -0.979    1448.33    350.000    346.349    -0.6133    -0.6037     0.0096    -0.6247    -0.6152     0.0096   2.821158   2.822088   0.000939    34.3826    34.3843     6.7953    27.6376    27.6387    34.3801    27.6357    1451.16    1451.21    -0.6245  1029.3106    34.5481 0.0000e+00
      15022 313.927244  -62.13888  -58.43965     -0.995    1448.33    349.000    345.360    -0.6226    -0.6131     0.0094    -0.6339    -0.6245     0.0094   2.820216   2.821084   0.000878    34.3809    34.3820     6.8287    27.6367    27.6372    34.3785    27.6347    1451.10    1451.15    -0.6337  1029.3051    34.5465 0.0000e+00
      15045 313.927255  -62.13888  -58.43964     -1.013    1448.33    348.000    344.371    -0.6248    -0.6219     0.0029    -0.6361    -0.6332     0.0029   2.819956   2.820151   0.000251    34.3798    34.3799     6.8511    27.6359    27.6358    34.3781    27.6345    1451.07    1451.09    -0.6359  1029.2972    34.5424 0.0000e+00
      15068 313.927266 -9.990e-29  -58.43963     -1.028    1448.33    347.000    343.383    -0.6257    -0.6242     0.0015    -0.6370    -0.6355     0.0015   2.819701   2.819836   0.000159    34.3777    34.3781     6.8695    27.6342    27.6345    34.3763    27.6331    1451.05    1451.06    -0.6367  1029.2893    34.5384 0.0000e+00
      15091 313.927277 -9.990e-29  -58.43962     -1.056    1448.33    346.000    342.393    -0.6236    -0.6234     0.0002    -0.6349    -0.6347     0.0002   2.819744   2.819726  -0.000002    34.3763    34.3760     6.8841    27.6330    27.6328    34.3752    27.6321    1451.04    1451.04    -0.6346  1029.2835    34.5372 0.0000e+00
      15113 313.927288 -9.990e-29  -58.43962     -1.074    1448.33    345.000    341.405    -0.6226    -0.6226     0.0001    -0.6339    -0.6338     0.0001   2.819769   2.819743  -0.000011    34.3759    34.3756     6.9013    27.6327    27.6325    34.3750    27.6319    1451.03    1451.03    -0.6336  1029.2786    34.5371 0.0000e+00
      15135 313.927298  -62.13892  -58.43961     -1.094    1448.33    344.000    340.416    -0.6225    -0.6217     0.0008    -0.6337    -0.6329     0.0008   2.819684   2.819714   0.000033    34.3753    34.3748     6.8987    27.6322    27.6317    34.3743    27.6314    1451.01    1451.02    -0.6335  1029.2739    34.5372 0.0000e+00
      15155 313.927308  -62.13892  -58.43960     -1.128    1448.33    343.000    339.427    -0.6237    -0.6222     0.0014    -0.6348    -0.6333     0.0014   2.819552   2.819601   0.000054    34.3754    34.3745     6.9129    27.6323    27.6315    34.3744    27.6315    1450.99    1451.00    -0.6346  1029.2734    34.5424 0.0000e+00
      15176 313.927318  -62.13892  -58.43960     -1.154    1448.33    342.000    338.439    -0.6243    -0.6231     0.0012    -0.6354    -0.6343     0.0012   2.819474   2.819510   0.000048    34.3754    34.3747     6.9220    27.6323    27.6317    34.3747    27.6318    1450.97    1450.98    -0.6352  1029.2689    34.5427 0.0000e+00
      15197 313.927328  -62.13892  -58.43960     -1.164    1448.33    341.000    337.450    -0.6242    -0.6230     0.0012    -0.6352    -0.6340     0.0012   2.819429   2.819472   0.000046    34.3753    34.3746     6.9213    27.6322    27.6316    34.3746    27.6316    1450.96    1450.96    -0.6350  1029.2640    34.5425 0.0000e+00
      15217 313.927338  -62.13892  -58.43958     -1.172    1448.33    340.000    336.461    -0.6245    -0.6237     0.0009    -0.6356    -0.6347     0.0009   2.819366   2.819366   0.000012    34.3754    34.3745     6.9279    27.6323    27.6316    34.3748    27.6318    1450.94    1450.94    -0.6353  1029.2594    34.5427 0.0000e+00
      15238 313.927348  -62.13892  -58.43958     -1.171    1448.33    339.000    335.472    -0.6245    -0.6234     0.0010    -0.6355    -0.6344     0.0010   2.819325   2.819333   0.000012    34.3752    34.3742     6.9248    27.6322    27.6313    34.3747    27.6318    1450.92    1450.93    -0.6353  1029.2547    34.5427 0.0000e+00
      15259 313.927358  -62.13893  -58.43958     -1.141    1448.33    338.000    334.484    -0.6233    -0.6227     0.0006    -0.6342    -0.6336     0.0006   2.819343   2.819339 3.6498e-07    34.3746    34.3740     6.9271    27.6316    27.6311    34.3742    27.6313    1450.91    1450.92    -0.6340  1029.2494    34.5422 0.0000e+00
      15282 313.927369  -62.13894  -58.43957     -1.088    1448.33    337.000    333.495    -0.6225    -0.6223     0.0002    -0.6334    -0.6332     0.0002   2.819362   2.819322  -0.000035    34.3745    34.3738     6.9226    27.6315    27.6309    34.3742    27.6313    1450.90    1450.90    -0.6332  1029.2446    34.5422 0.0000e+00
      15305 313.927380  -62.13894  -58.43956     -1.058    1448.33    336.000    332.506    -0.6213    -0.6215    -0.0001    -0.6323    -0.6324    -0.0001   2.819394   2.819318  -0.000064    34.3741    34.3734     6.9239    27.6312    27.6306    34.3739    27.6310    1450.89    1450.89    -0.6320  1029.2396    34.5419 0.0000e+00
      15326 313.927391  -62.13894  -58.43956     -1.079    1448.33    335.000    331.517    -0.6196    -0.6206    -0.0010    -0.6304    -0.6315    -0.0010   2.819459   2.819333  -0.000117    34.3734    34.3731     6.9233    27.6305    27.6303    34.3734    27.6305    1450.88    1450.88    -0.6302  1029.2343    34.5414 0.0000e+00
      15346 313.927400  -62.13894  -58.43956     -1.141    1448.33    334.000    330.528    -0.6179    -0.6178     0.0001    -0.6288    -0.6286     0.0001   2.819508   2.819457  -0.000057    34.3729    34.3720     6.9236    27.6300    27.6293    34.3728    27.6299    1450.87    1450.87    -0.6285  1029.2290    34.5408 0.0000e+00
