Pos-Processados/process_op42/Processamento_split/up/uoperantar42_046.cnv
* Sea-Bird SBE 9 Data File:
* FileName = C:\Users\Hidrografia\Desktop\OPXLII\Brutos\OP42046.hdr
* Software Version Seasave V 7.26.7.107
* Temperature SN = 6502
* Conductivity SN = 4998
* Number of Bytes Per Scan = 37
* Number of Voltage Words = 4
* Number of Scans Averaged by the Deck Unit = 1
* NMEA Latitude = 62 08.52 S
* NMEA Longitude = 058 26.59 W
* NMEA UTC (Time) = Nov 09 2023 21:09:08
* NMEA baud rate = 4800
** H41
** NPOALTEMAXIMIANO
** NUMERO DA ESTACAO (XXX) 046
** LAT (XX XX.XX S/N) 62 08. S
** LONG (XXX XX.XX W/E) 058 26. W
** DATAHORA (dd/mm/aaaa hh:mm Z) 09/11/2023 2105Z
** PROFUNDIDADE (m)
** OPERADOR 1T ZAMITH
# nquan = 30
# nvalues = 357                         
# units = specified
# name 0 = scan: Scan Count
# name 1 = timeJ: Julian Days
# name 2 = latitude: Latitude [deg]
# name 3 = longitude: Longitude [deg]
# name 4 = dz/dtM: Descent Rate [m/s]
# name 5 = avgsvCM: Average Sound Velocity [Chen-Millero, m/s]
# name 6 = prDM: Pressure, Digiquartz [db]
# name 7 = depSM: Depth [salt water, m]
# name 8 = t090C: Temperature [ITS-90, deg C]
# name 9 = t190C: Temperature, 2 [ITS-90, deg C]
# name 10 = T2-T190C: Temperature Difference, 2 - 1 [ITS-90, deg C]
# name 11 = potemp090C: Potential Temperature [ITS-90, deg C]
# name 12 = potemp190C: Potential Temperature, 2 [ITS-90, deg C]
# name 13 = potemp90Cdiff: Potential Temperature, Diff, 2 - 1 [ITS-90, deg C]
# name 14 = c0S/m: Conductivity [S/m]
# name 15 = c1S/m: Conductivity, 2 [S/m]
# name 16 = C2-C1S/m: Conductivity Difference, 2 - 1 [S/m]
# name 17 = sal00: Salinity, Practical [PSU]
# name 18 = sal11: Salinity, Practical, 2 [PSU]
# name 19 = sbeox0ML/L: Oxygen, SBE 43 [ml/l]
# name 20 = sigma-é00: Density [sigma-theta, kg/m^3]
# name 21 = sigma-é11: Density, 2 [sigma-theta, kg/m^3]
# name 22 = sal00: Salinity, Practical [PSU]
# name 23 = sigma-é00: Density [sigma-theta, kg/m^3]
# name 24 = svCM: Sound Velocity [Chen-Millero, m/s]
# name 25 = svCM1: Sound Velocity, 2 [Chen-Millero, m/s]
# name 26 = gsw_ptA0: potential temperature [ITS-90, deg C]
# name 27 = gsw_densityA0: density, TEOS-10 [density, kg/m^3]
# name 28 = gsw_saA0: Absolute Salinity [g/kg]
# name 29 = flag:
# span 0 =      13286,      22895       
# span 1 = 313.887749, 313.892383       
# span 2 =  -62.14572,  -62.14461       
# span 3 =  -58.44466,  -58.44133       
# span 4 =     -1.169,     -0.227       
# span 5 =    1448.01,    1448.01       
# span 6 =      5.000,    361.000       
# span 7 =      4.960,    357.222       
# span 8 =    -0.8139,    -0.5022       
# span 9 =    -0.8129,    -0.5048       
# span 10 =    -0.0115,     0.0153      
# span 11 =    -0.8211,    -0.5144      
# span 12 =    -0.8201,    -0.5170      
# span 13 =    -0.0115,     0.0152      
# span 14 =   2.792994,   2.831788      
# span 15 =   2.792974,   2.831484      
# span 16 =  -0.000930,   0.001450      
# span 17 =    34.2828,    34.3913      
# span 18 =    34.2814,    34.3899      
# span 19 =     6.7459,     7.6132      
# span 20 =    27.5556,    27.6399      
# span 21 =    27.5546,    27.6389      
# span 22 =    34.2839,    34.3905      
# span 23 =    27.5561,    27.6392      
# span 24 =    1445.72,    1451.88      
# span 25 =    1445.72,    1451.86      
# span 26 =    -0.8209,    -0.5141      
# span 27 =  1027.5853,  1029.3651      
# span 28 =    34.4461,    34.5586      
# span 29 = 0.0000e+00, 0.0000e+00      
# interval = decibars: 1                
# start_time = Nov 09 2023 21:09:08 [NMEA time, header]
# bad_flag = -9.990e-29
*END*
[from data line 291]
      20921 313.891431  -62.14558  -58.44220     -0.961    1448.01     70.000     69.317    -0.6457    -0.6377     0.0080    -0.6478    -0.6398     0.0080   2.798842   2.799343   0.000548    34.2876    34.2859     7.5755    27.5618    27.5601    34.2878    27.5620    1446.33    1446.36    -0.6477  1027.9017    34.4536 0.0000e+00
      20947 313.891444  -62.14558  -58.44219     -0.947    1448.01     69.000     68.327    -0.6413    -0.6429    -0.0016    -0.6433    -0.6450    -0.0016   2.799082   2.798917  -0.000168    34.2862    34.2858     7.5699    27.5605    27.5602    34.2866    27.5608    1446.33    1446.32    -0.6433  1027.8946    34.4509 0.0000e+00
      20973 313.891456 -9.990e-29  -58.44218     -0.932    1448.01     68.000     67.336    -0.6327    -0.6361    -0.0033    -0.6347    -0.6381    -0.0033   2.799683   2.799314  -0.000332    34.2845    34.2838     7.5675    27.5587    27.5583    34.2857    27.5597    1446.35    1446.34    -0.6347  1027.8866    34.4473 0.0000e+00
      20998 313.891469 -9.990e-29  -58.44217     -0.926    1448.01     67.000     66.346    -0.6276    -0.6298    -0.0021    -0.6296    -0.6317    -0.0021   2.800089   2.799794  -0.000310    34.2849    34.2831     7.5665    27.5588    27.5574    34.2860    27.5597    1446.36    1446.35    -0.6295  1027.8818    34.4477 0.0000e+00
      21022 313.891480 -9.990e-29  -58.44216     -0.965    1448.01     66.000     65.356    -0.6206    -0.6239    -0.0033    -0.6225    -0.6258    -0.0033   2.800619   2.800218  -0.000388    34.2843    34.2828     7.5662    27.5580    27.5569    34.2858    27.5592    1446.38    1446.36    -0.6225  1027.8765    34.4474 0.0000e+00
      21045 313.891491  -62.14560  -58.44215     -1.026    1448.01     65.000     64.366    -0.6056    -0.6137    -0.0082    -0.6075    -0.6157    -0.0082   2.801858   2.800984  -0.000833    34.2838    34.2818     7.5828    27.5570    27.5557    34.2861    27.5588    1446.43    1446.39    -0.6075  1027.8722    34.4488 0.0000e+00
      21068 313.891502  -62.14560  -58.44214     -1.050    1448.01     64.000     63.376    -0.6038    -0.6063    -0.0024    -0.6057    -0.6082    -0.0024   2.801798   2.801524  -0.000312    34.2831    34.2816     7.5853    27.5563    27.5553    34.2839    27.5570    1446.42    1446.41    -0.6057  1027.8679    34.4496 0.0000e+00
      21091 313.891513  -62.14560  -58.44213     -1.037    1448.01     63.000     62.386    -0.6004    -0.6029    -0.0024    -0.6023    -0.6047    -0.0024   2.802087   2.801752  -0.000330    34.2832    34.2815     7.5844    27.5562    27.5550    34.2846    27.5574    1446.42    1446.41    -0.6022  1027.8635    34.4503 0.0000e+00
      21115 313.891525  -62.14560  -58.44211     -1.025    1448.01     62.000     61.396    -0.5977    -0.5993    -0.0016    -0.5995    -0.6012    -0.0016   2.802285   2.801988  -0.000287    34.2834    34.2814     7.5826    27.5563    27.5548    34.2848    27.5574    1446.42    1446.41    -0.5995  1027.8587    34.4505 0.0000e+00
      21139 313.891536  -62.14560  -58.44210     -1.019    1448.01     61.000     60.406    -0.5933    -0.5972    -0.0039    -0.5951    -0.5991    -0.0039   2.802569   2.802124  -0.000441    34.2831    34.2816     7.5823    27.5559    27.5548    34.2843    27.5568    1446.42    1446.40    -0.5951  1027.8534    34.4499 0.0000e+00
      21163 313.891548  -62.14560  -58.44209     -1.003    1448.01     60.000     59.416    -0.5928    -0.5931    -0.0004    -0.5946    -0.5949    -0.0004   2.802580   2.802429  -0.000174    34.2835    34.2816     7.5865    27.5562    27.5546    34.2844    27.5569    1446.41    1446.41    -0.5946  1027.8487    34.4501 0.0000e+00
      21188 313.891560  -62.14560  -58.44208     -0.976    1448.01     59.000     58.426    -0.5897    -0.5922    -0.0025    -0.5915    -0.5939    -0.0025   2.802816   2.802465  -0.000327    34.2834    34.2818     7.5875    27.5560    27.5548    34.2847    27.5570    1446.41    1446.39    -0.5914  1027.8440    34.4504 0.0000e+00
      21213 313.891572  -62.14560  -58.44208     -0.949    1448.01     58.000     57.435    -0.5860    -0.5877    -0.0016    -0.5878    -0.5894    -0.0016   2.803046   2.802806  -0.000258    34.2834    34.2818     7.5976    27.5558    27.5546    34.2843    27.5565    1446.41    1446.40    -0.5877  1027.8387    34.4500 0.0000e+00
      21240 313.891585  -62.14560  -58.44207     -0.923    1448.01     57.000     56.445    -0.5858    -0.5860    -0.0002    -0.5875    -0.5877    -0.0002   2.803050   2.802909  -0.000154    34.2840    34.2821     7.5978    27.5562    27.5548    34.2847    27.5568    1446.39    1446.39    -0.5875  1027.8342    34.4503 0.0000e+00
      21266 313.891598  -62.14560  -58.44206     -0.905    1448.01     56.000     55.455    -0.5857    -0.5856     0.0001    -0.5874    -0.5873     0.0001   2.803008   2.802895  -0.000120    34.2840    34.2823     7.5976    27.5563    27.5549    34.2847    27.5568    1446.38    1446.37    -0.5873  1027.8294    34.4503 0.0000e+00
      21292 313.891610  -62.14560  -58.44204     -0.907    1448.01     55.000     54.465    -0.5847    -0.5844     0.0004    -0.5864    -0.5860     0.0004   2.803017   2.802945  -0.000081    34.2838    34.2823     7.5954    27.5561    27.5548    34.2843    27.5565    1446.37    1446.37    -0.5863  1027.8243    34.4500 0.0000e+00
      21318 313.891623  -62.14560  -58.44202     -0.931    1448.01     54.000     53.475    -0.5857    -0.5844     0.0013    -0.5873    -0.5860     0.0013   2.802888   2.802899   0.000003    34.2839    34.2825     7.5910    27.5562    27.5550    34.2843    27.5565    1446.34    1446.35    -0.5873  1027.8195    34.4499 0.0000e+00
      21342 313.891634  -62.14560  -58.44202     -0.981    1448.01     53.000     52.485    -0.5812    -0.5833    -0.0022    -0.5828    -0.5849    -0.0022   2.803322   2.802960  -0.000330    34.2845    34.2824     7.5909    27.5564    27.5549    34.2857    27.5574    1446.35    1446.34    -0.5827  1027.8152    34.4508 0.0000e+00
      21365 313.891645 -9.990e-29  -58.44200     -1.021    1448.01     52.000     51.495    -0.5749    -0.5799    -0.0050    -0.5765    -0.5814    -0.0050   2.803749   2.803233  -0.000524    34.2839    34.2825     7.5844    27.5557    27.5548    34.2849    27.5565    1446.36    1446.34    -0.5764  1027.8068    34.4466 0.0000e+00
      21388 313.891657 -9.990e-29  -58.44200     -1.025    1448.01     51.000     50.504    -0.5739    -0.5745    -0.0006    -0.5754    -0.5760    -0.0006   2.803753   2.803622  -0.000141    34.2838    34.2826     7.5969    27.5556    27.5546    34.2845    27.5561    1446.35    1446.35    -0.5754  1027.8016    34.4461 0.0000e+00
      21413 313.891668 -9.990e-29  -58.44198     -1.007    1448.01     50.000     49.514    -0.5735    -0.5735    -0.0001    -0.5750    -0.5750    -0.0001   2.803770   2.803664  -0.000100    34.2842    34.2828     7.5994    27.5559    27.5548    34.2848    27.5564    1446.34    1446.33    -0.5750  1027.7971    34.4465 0.0000e+00
      21438 313.891681 -9.990e-29  -58.44198     -0.972    1448.01     49.000     48.524    -0.5723    -0.5720     0.0002    -0.5737    -0.5735     0.0002   2.803858   2.803753  -0.000115    34.2848    34.2830     7.5934    27.5563    27.5548    34.2853    27.5567    1446.33    1446.33    -0.5737  1027.7926    34.4469 0.0000e+00
      21464 313.891693  -62.14562  -58.44196     -0.926    1448.01     48.000     47.534    -0.5737    -0.5726     0.0011    -0.5751    -0.5740     0.0011   2.803714   2.803652  -0.000069    34.2854    34.2831     7.5930    27.5568    27.5550    34.2855    27.5569    1446.31    1446.31    -0.5751  1027.7912    34.4511 0.0000e+00
      21491 313.891706  -62.14562  -58.44194     -0.908    1448.01     47.000     46.544    -0.5779    -0.5753     0.0025    -0.5793    -0.5767     0.0025   2.803250   2.803375   0.000105    34.2848    34.2834     7.5987    27.5566    27.5553    34.2847    27.5564    1446.27    1446.28    -0.5793  1027.7859    34.4502 0.0000e+00
      21516 313.891718  -62.14562  -58.44194     -0.924    1448.01     46.000     45.554    -0.5807    -0.5775     0.0032    -0.5821    -0.5789     0.0032   2.802959   2.803136   0.000167    34.2848    34.2834     7.5985    27.5566    27.5554    34.2846    27.5565    1446.24    1446.25    -0.5820  1027.7811    34.4501 0.0000e+00
      21542 313.891731  -62.14562  -58.44192     -0.942    1448.01     45.000     44.563    -0.5844    -0.5815     0.0029    -0.5858    -0.5829     0.0029   2.802583   2.802734   0.000148    34.2846    34.2833     7.5943    27.5567    27.5555    34.2843    27.5564    1446.20    1446.22    -0.5857  1027.7763    34.4498 0.0000e+00
      21567 313.891743  -62.14562  -58.44191     -0.946    1448.01     44.000     43.573    -0.5847    -0.5835     0.0011    -0.5860    -0.5849     0.0011   2.802539   2.802523  -0.000008    34.2846    34.2832     7.5962    27.5567    27.5555    34.2846    27.5567    1446.19    1446.19    -0.5860  1027.7718    34.4501 0.0000e+00
      21593 313.891756  -62.14562  -58.44190     -0.925    1448.01     43.000     42.583    -0.5795    -0.5807    -0.0012    -0.5808    -0.5820    -0.0012   2.802944   2.802721  -0.000207    34.2843    34.2828     7.6042    27.5562    27.5550    34.2849    27.5567    1446.20    1446.19    -0.5808  1027.7670    34.4504 0.0000e+00
      21620 313.891768  -62.14562  -58.44189     -0.904    1448.01     42.000     41.593    -0.5771    -0.5785    -0.0013    -0.5784    -0.5798    -0.0013   2.803054   2.802854  -0.000209    34.2842    34.2830     7.5902    27.5561    27.5551    34.2843    27.5561    1446.19    1446.18    -0.5783  1027.7616    34.4498 0.0000e+00
      21646 313.891781  -62.14562  -58.44188     -0.911    1448.01     41.000     40.602    -0.5759    -0.5761    -0.0002    -0.5772    -0.5773    -0.0002   2.803187   2.803017  -0.000154    34.2848    34.2830     7.5925    27.5565    27.5550    34.2853    27.5569    1446.18    1446.18    -0.5771  1027.7576    34.4508 0.0000e+00
      21671 313.891793  -62.14563  -58.44187     -0.946    1448.01     40.000     39.612    -0.5723    -0.5748    -0.0025    -0.5734    -0.5760    -0.0025   2.803412   2.803094  -0.000304    34.2843    34.2830     7.5920    27.5559    27.5550    34.2848    27.5563    1446.18    1446.17    -0.5735  1027.7522    34.4503 0.0000e+00
      21696 313.891805  -62.14564  -58.44186     -0.960    1448.01     39.000     38.622    -0.5703    -0.5710    -0.0007    -0.5714    -0.5722    -0.0007   2.803576   2.803389  -0.000202    34.2851    34.2832     7.5893    27.5564    27.5549    34.2854    27.5567    1446.17    1446.17    -0.5714  1027.7478    34.4509 0.0000e+00
      21721 313.891817  -62.14564  -58.44184     -0.950    1448.01     38.000     37.632    -0.5703    -0.5702     0.0001    -0.5714    -0.5714     0.0001   2.803552   2.803407  -0.000149    34.2854    34.2834     7.5874    27.5567    27.5550    34.2857    27.5569    1446.16    1446.15    -0.5714  1027.7433    34.4511 0.0000e+00
      21746 313.891829  -62.14564  -58.44182     -0.958    1448.01     37.000     36.642    -0.5705    -0.5695     0.0010    -0.5716    -0.5706     0.0010   2.803419   2.803429   0.000001    34.2847    34.2835     7.5866    27.5561    27.5551    34.2848    27.5562    1446.14    1446.14    -0.5716  1027.7378    34.4502 0.0000e+00
      21770 313.891841  -62.14564  -58.44182     -0.979    1448.01     36.000     35.652    -0.5710    -0.5700     0.0010    -0.5721    -0.5711     0.0010   2.803378   2.803341  -0.000033    34.2852    34.2836     7.6000    27.5566    27.5552    34.2854    27.5567    1446.12    1446.12    -0.5721  1027.7335    34.4508 0.0000e+00
      21795 313.891853  -62.14564  -58.44182     -0.994    1448.01     35.000     34.661    -0.5712    -0.5701     0.0011    -0.5723    -0.5712     0.0011   2.803274   2.803270  -0.000016    34.2850    34.2835     7.6129    27.5564    27.5552    34.2849    27.5563    1446.10    1446.11    -0.5722  1027.7283    34.4503 0.0000e+00
      21820 313.891865  -62.14564  -58.44180     -0.976    1448.01     34.000     33.671    -0.5718    -0.5709     0.0009    -0.5728    -0.5719     0.0009   2.803194   2.803162  -0.000026    34.2849    34.2836     7.5998    27.5563    27.5552    34.2851    27.5565    1446.09    1446.09    -0.5728  1027.7237    34.4504 0.0000e+00
      21846 313.891878  -62.14564  -58.44180     -0.924    1448.01     33.000     32.686    -0.5714    -0.5707     0.0006    -0.5723    -0.5717     0.0006   2.803172   2.803123  -0.000050    34.2848    34.2835     7.5905    27.5563    27.5552    34.2849    27.5563    1446.07    1446.07    -0.5723  1027.7187    34.4503 0.0000e+00
      21874 313.891891  -62.14564  -58.44178     -0.881    1448.01     32.000     31.686    -0.5704    -0.5702     0.0003    -0.5714    -0.5711     0.0003   2.803232   2.803137  -0.000095    34.2852    34.2836     7.5930    27.5565    27.5552    34.2853    27.5566    1446.06    1446.06    -0.5713  1027.7142    34.4506 0.0000e+00
      21900 313.891904  -62.14564  -58.44178     -0.889    1448.01     31.000     30.700    -0.5694    -0.5694     0.0000    -0.5704    -0.5703     0.0000   2.803252   2.803160  -0.000088    34.2848    34.2836     7.5941    27.5562    27.5552    34.2851    27.5564    1446.05    1446.05    -0.5703  1027.7092    34.4504 0.0000e+00
      21925 313.891916  -62.14564  -58.44176     -0.938    1448.01     30.000     29.710    -0.5686    -0.5686     0.0001    -0.5695    -0.5695     0.0001   2.803328   2.803198  -0.000133    34.2856    34.2837     7.5967    27.5568    27.5553    34.2858    27.5569    1446.04    1446.03    -0.5695  1027.7049    34.4511 0.0000e+00
      21950 313.891928  -62.14564  -58.44175     -0.967    1448.01     29.000     28.720    -0.5674    -0.5670     0.0005    -0.5683    -0.5678     0.0005   2.803356   2.803302  -0.000061    34.2852    34.2838     7.5870    27.5564    27.5553    34.2854    27.5566    1446.03    1446.02    -0.5683  1027.6998    34.4507 0.0000e+00
      21975 313.891940  -62.14565  -58.44174     -0.967    1448.01     28.000     27.730    -0.5664    -0.5658     0.0006    -0.5673    -0.5667     0.0006   2.803429   2.803370  -0.000058    34.2857    34.2842     7.5955    27.5567    27.5555    34.2859    27.5569    1446.02    1446.01    -0.5672  1027.6953    34.4512 0.0000e+00
      22000 313.891952  -62.14566  -58.44173     -0.957    1448.01     27.000     26.739    -0.5652    -0.5654    -0.0002    -0.5660    -0.5662    -0.0002   2.803510   2.803357  -0.000147    34.2860    34.2843     7.6132    27.5569    27.5555    34.2862    27.5571    1446.01    1446.00    -0.5660  1027.6907    34.4515 0.0000e+00
      22025 313.891964  -62.14566  -58.44172     -0.963    1448.01     26.000     25.749    -0.5648    -0.5646     0.0002    -0.5655    -0.5654     0.0002   2.803453   2.803384  -0.000071    34.2854    34.2842     7.6049    27.5565    27.5555    34.2856    27.5566    1445.99    1445.99    -0.5655  1027.6854    34.4508 0.0000e+00
      22049 313.891975  -62.14566  -58.44171     -0.976    1448.01     25.000     24.759    -0.5651    -0.5642     0.0008    -0.5658    -0.5650     0.0008   2.803415   2.803367  -0.000047    34.2859    34.2843     7.5942    27.5568    27.5555    34.2860    27.5569    1445.97    1445.97    -0.5658  1027.6810    34.4513 0.0000e+00
      22073 313.891987  -62.14566  -58.44169     -0.993    1448.01     24.000     23.768    -0.5651    -0.5645     0.0006    -0.5658    -0.5652     0.0006   2.803362   2.803309  -0.000057    34.2859    34.2844     7.5911    27.5569    27.5556    34.2859    27.5569    1445.96    1445.96    -0.5658  1027.6761    34.4512 0.0000e+00
