Pos-Processados/process_op42/Processamento_split/up/uoperantar42_005.cnv
* Sea-Bird SBE 9 Data File:
* FileName = C:\Users\Hidrografia\Desktop\OPXLII\Brutos\OP42005.hdr
* Software Version Seasave V 7.26.7.107
* Temperature SN = 6502
* Conductivity SN = 4998
* Number of Bytes Per Scan = 31
* Number of Voltage Words = 2
* Number of Scans Averaged by the Deck Unit = 1
* NMEA Latitude = 39 18.87 S
* NMEA Longitude = 053 09.31 W
* NMEA UTC (Time) = Oct 17 2023 00:39:31
* NMEA baud rate = 4800
** H41
** NPOALTEMAXIMIANO
** NUMERO DA ESTACAO (XXX) 005
** LAT (XX XX.XX S/N) 39 19.919 S
** LONG (XXX XX.XX W/E) 053 09.46 W
** DATAHORA (dd/mm/aaaa hh:mm Z) 17/10/2023 0025Z
** PROFUNDIDADE (m) 4727
** OPERADOR ZAMITH
# nquan = 30
# nvalues = 1005                        
# units = specified
# name 0 = scan: Scan Count
# name 1 = timeJ: Julian Days
# name 2 = latitude: Latitude [deg]
# name 3 = longitude: Longitude [deg]
# name 4 = dz/dtM: Descent Rate [m/s]
# name 5 = avgsvCM: Average Sound Velocity [Chen-Millero, m/s]
# name 6 = prDM: Pressure, Digiquartz [db]
# name 7 = depSM: Depth [salt water, m]
# name 8 = t090C: Temperature [ITS-90, deg C]
# name 9 = t190C: Temperature, 2 [ITS-90, deg C]
# name 10 = T2-T190C: Temperature Difference, 2 - 1 [ITS-90, deg C]
# name 11 = potemp090C: Potential Temperature [ITS-90, deg C]
# name 12 = potemp190C: Potential Temperature, 2 [ITS-90, deg C]
# name 13 = potemp90Cdiff: Potential Temperature, Diff, 2 - 1 [ITS-90, deg C]
# name 14 = c0S/m: Conductivity [S/m]
# name 15 = c1S/m: Conductivity, 2 [S/m]
# name 16 = C2-C1S/m: Conductivity Difference, 2 - 1 [S/m]
# name 17 = sal00: Salinity, Practical [PSU]
# name 18 = sal11: Salinity, Practical, 2 [PSU]
# name 19 = sbeox0ML/L: Oxygen, SBE 43 [ml/l]
# name 20 = sigma-é00: Density [sigma-theta, kg/m^3]
# name 21 = sigma-é11: Density, 2 [sigma-theta, kg/m^3]
# name 22 = sal00: Salinity, Practical [PSU]
# name 23 = sigma-é00: Density [sigma-theta, kg/m^3]
# name 24 = svCM: Sound Velocity [Chen-Millero, m/s]
# name 25 = svCM1: Sound Velocity, 2 [Chen-Millero, m/s]
# name 26 = gsw_ptA0: potential temperature [ITS-90, deg C]
# name 27 = gsw_densityA0: density, TEOS-10 [density, kg/m^3]
# name 28 = gsw_saA0: Absolute Salinity [g/kg]
# name 29 = flag:
# span 0 =      32415,      68185       
# span 1 = 290.043074, 290.060324       
# span 2 =  -39.31285,  -39.31084       
# span 3 =  -53.15054,  -53.14778       
# span 4 =     -1.712,     -0.023       
# span 5 =    1471.91,    1471.91       
# span 6 =      0.000,   1004.000       
# span 7 =      0.040,    993.965       
# span 8 =     2.6975,     9.4599       
# span 9 =     2.6979,     9.4666       
# span 10 =    -0.1422,     0.0797      
# span 11 =     2.6329,     9.4594      
# span 12 =     2.6337,     9.4661      
# span 13 =    -0.1422,     0.0797      
# span 14 =   3.090347,   3.658214      
# span 15 =   3.090342,   3.658536      
# span 16 =  -0.011993,   0.006644      
# span 17 =    33.9580,    34.5402      
# span 18 =    33.9536,    34.5399      
# span 19 =     3.9113,     6.7820      
# span 20 =    26.2282,    27.5508      
# span 21 =    26.2236,    27.5505      
# span 22 =    33.9628,    34.5402      
# span 23 =    26.2336,    27.5508      
# span 24 =    1465.55,    1486.70      
# span 25 =    1465.56,    1486.72      
# span 26 =     2.6328,     9.4594      
# span 27 =  1026.2469,  1032.2089      
# span 28 =    34.1231,    34.7060      
# span 29 = 0.0000e+00, 0.0000e+00      
# interval = decibars: 1                
# start_time = Oct 17 2023 00:39:31 [NMEA time, header]
# bad_flag = -9.990e-29
*END*
[from data line 774]
      54911 290.053923  -39.31158  -53.14808     -0.822    1471.91    230.000    228.125     3.3520     3.3532     0.0012     3.3373     3.3385     0.0012   3.130676   3.130733   0.000066    34.0657    34.0652     6.4242    27.1081    27.1076    34.0662    27.1086    1466.45    1466.46     3.3373  1028.1818    34.2273 0.0000e+00
      54937 290.053935  -39.31158  -53.14808     -0.927    1471.91    229.000    227.133     3.3542     3.3542    -0.0000     3.3396     3.3396    -0.0000   3.130791   3.130758  -0.000030    34.0654    34.0650     6.4270    27.1077    27.1074    34.0659    27.1080    1466.44    1466.45     3.3396  1028.1766    34.2269 0.0000e+00
      54965 290.053949  -39.31158  -53.14808     -0.903    1471.91    228.000    226.143     3.3603     3.3593    -0.0010     3.3457     3.3447    -0.0010   3.131315   3.131239  -0.000089    34.0647    34.0647     6.4285    27.1066    27.1067    34.0663    27.1078    1466.46    1466.45     3.3457  1028.1717    34.2274 0.0000e+00
      55000 290.053966  -39.31158  -53.14808     -0.721    1471.91    227.000    225.151     3.3862     3.3834    -0.0028     3.3717     3.3689    -0.0028   3.133673   3.133323  -0.000336    34.0662    34.0651     6.4211    27.1053    27.1047    34.0680    27.1067    1466.55    1466.54     3.3717  1028.1658    34.2291 0.0000e+00
      55042 290.053986  -39.31158  -53.14808     -0.561    1471.91    226.000    224.158     3.4005     3.4027     0.0022     3.3860     3.3882     0.0022   3.135146   3.135113   0.000034    34.0682    34.0663     6.4244    27.1055    27.1038    34.0714    27.1080    1466.60    1466.61     3.3860  1028.1624    34.2325 0.0000e+00
      55074 290.054001  -39.31158  -53.14808     -0.701    1471.91    225.000    223.169     3.4232     3.4051    -0.0181     3.4087     3.3906    -0.0180   3.136945   3.135265  -0.001625    34.0675    34.0669     6.4210    27.1028    27.1040    34.0698    27.1046    1466.68    1466.60     3.4087  1028.1542    34.2309 0.0000e+00
      55099 290.054013  -39.31158  -53.14808     -0.876    1471.91    224.000    222.177     3.4210     3.4238     0.0028     3.4065     3.4094     0.0028   3.136775   3.137099   0.000158    34.0690    34.0679     6.4265    27.1042    27.1030    34.0706    27.1055    1466.65    1466.67     3.4065  1028.1504    34.2317 0.0000e+00
      55125 290.054026  -39.31158  -53.14808     -0.944    1471.91    223.000    221.186     3.4427     3.4359    -0.0068     3.4283     3.4215    -0.0068   3.138781   3.138086  -0.000592    34.0690    34.0690     6.4250    27.1022    27.1028    34.0725    27.1049    1466.73    1466.70     3.4283  1028.1451    34.2336 0.0000e+00
      55154 290.054040  -39.31158  -53.14808     -0.873    1471.91    222.000    220.195     3.4611     3.4591    -0.0020     3.4468     3.4447    -0.0020   3.140512   3.140281  -0.000276    34.0713    34.0701     6.4230    27.1022    27.1014    34.0745    27.1047    1466.80    1466.79     3.4467  1028.1401    34.2356 0.0000e+00
      55186 290.054055  -39.31158  -53.14808     -0.756    1471.91    221.000    219.203     3.4736     3.4710    -0.0026     3.4593     3.4567    -0.0026   3.141594   3.141238  -0.000357    34.0726    34.0710     6.4174    27.1020    27.1010    34.0750    27.1039    1466.83    1466.82     3.4593  1028.1345    34.2360 0.0000e+00
      55218 290.054071 -9.990e-29  -53.14808     -0.745    1471.91    220.000    218.212     3.4763     3.4749    -0.0014     3.4621     3.4607    -0.0014   3.141747   3.141533  -0.000215    34.0725    34.0714     6.4237    27.1017    27.1009    34.0745    27.1033    1466.83    1466.82     3.4621  1028.1292    34.2355 0.0000e+00
      55248 290.054085 -9.990e-29  -53.14808     -0.789    1471.91    219.000    217.220     3.4874     3.4813    -0.0061     3.4732     3.4671    -0.0061   3.142714   3.142115  -0.000559    34.0719    34.0716     6.4200    27.1001    27.1005    34.0751    27.1027    1466.86    1466.83     3.4732  1028.1238    34.2361 0.0000e+00
      55278 290.054100  -39.31156  -53.14808     -0.803    1471.91    218.000    216.229     3.5050     3.4985    -0.0065     3.4908     3.4843    -0.0065   3.144160   3.143554  -0.000612    34.0720    34.0715     6.4213    27.0985    27.0988    34.0745    27.1005    1466.92    1466.89     3.4908  1028.1170    34.2356 0.0000e+00
      55306 290.054113  -39.31156  -53.14808     -0.843    1471.91    217.000    215.238     3.5103     3.5008    -0.0094     3.4962     3.4867    -0.0094   3.144482   3.143667  -0.000789    34.0711    34.0715     6.4214    27.0973    27.0985    34.0734    27.0991    1466.92    1466.88     3.4962  1028.1110    34.2345 0.0000e+00
      55332 290.054126  -39.31156  -53.14808     -0.900    1471.91    216.000    214.246     3.5152     3.5083    -0.0068     3.5011     3.4943    -0.0068   3.144786   3.144255  -0.000583    34.0708    34.0709     6.4139    27.0965    27.0973    34.0725    27.0979    1466.92    1466.89     3.5011  1028.1051    34.2336 0.0000e+00
      55360 290.054139  -39.31156  -53.14808     -0.876    1471.91    215.000    213.255     3.5205     3.5194    -0.0010     3.5065     3.5054    -0.0010   3.145245   3.145074  -0.000172    34.0706    34.0696     6.4068    27.0959    27.0952    34.0730    27.0978    1466.93    1466.93     3.5065  1028.1003    34.2341 0.0000e+00
      55393 290.054155  -39.31156  -53.14808     -0.778    1471.91    214.000    212.264     3.5299     3.5292    -0.0008     3.5160     3.5152    -0.0008   3.145861   3.145744  -0.000125    34.0688    34.0681     6.4062    27.0935    27.0930    34.0710    27.0953    1466.95    1466.95     3.5159  1028.0931    34.2321 0.0000e+00
      55434 290.054175  -39.31156  -53.14808     -0.586    1471.91    213.000    211.272     3.5380     3.5382     0.0001     3.5242     3.5243     0.0001   3.146217   3.146177  -0.000052    34.0661    34.0653     6.4166    27.0906    27.0900    34.0673    27.0916    1466.96    1466.96     3.5241  1028.0847    34.2284 0.0000e+00
      55471 290.054192  -39.31156  -53.14808     -0.622    1471.91    212.000    210.281     3.5364     3.5367     0.0003     3.5226     3.5229     0.0003   3.145994   3.145988  -0.000016    34.0659    34.0653     6.4354    27.0906    27.0901    34.0669    27.0914    1466.94    1466.94     3.5226  1028.0799    34.2280 0.0000e+00
      55496 290.054205  -39.31156  -53.14808     -0.825    1471.91    211.000    209.289     3.5343     3.5359     0.0017     3.5205     3.5222     0.0017   3.145862   3.145922   0.000037    34.0670    34.0657     6.4394    27.0917    27.0905    34.0681    27.0925    1466.91    1466.92     3.5205  1028.0764    34.2292 0.0000e+00
      55519 290.054216  -39.31156  -53.14808     -1.006    1471.91    210.000    208.298     3.5395     3.5397     0.0003     3.5258     3.5260     0.0003   3.146228   3.146123  -0.000079    34.0662    34.0649     6.4430    27.0905    27.0895    34.0676    27.0916    1466.92    1466.92     3.5258  1028.0708    34.2287 0.0000e+00
      55543 290.054228  -39.31156  -53.14808     -1.034    1471.91    209.000    207.307     3.5483     3.5440    -0.0043     3.5347     3.5304    -0.0043   3.146828   3.146438  -0.000366    34.0643    34.0644     6.4385    27.0882    27.0886    34.0661    27.0896    1466.94    1466.92     3.5346  1028.0641    34.2272 0.0000e+00
      55575 290.054243  -39.31156  -53.14808     -0.829    1471.91    208.000    206.315     3.5611     3.5603    -0.0007     3.5475     3.5468    -0.0007   3.147878   3.147729  -0.000166    34.0639    34.0627     6.4242    27.0866    27.0857    34.0659    27.0881    1466.98    1466.97     3.5475  1028.0579    34.2269 0.0000e+00
      55608 290.054259  -39.31156  -53.14808     -0.708    1471.91    207.000    205.324     3.5755     3.5673    -0.0082     3.5619     3.5537    -0.0082   3.149004   3.148221  -0.000736    34.0628    34.0626     6.4328    27.0843    27.0849    34.0648    27.0859    1467.02    1466.99     3.5619  1028.0509    34.2259 0.0000e+00
      55635 290.054272  -39.31154  -53.14808     -0.811    1471.91    206.000    204.332     3.5808     3.5767    -0.0041     3.5673     3.5632    -0.0041   3.149389   3.149020  -0.000393    34.0626    34.0621     6.4347    27.0836    27.0837    34.0644    27.0851    1467.03    1467.01     3.5673  1028.0455    34.2255 0.0000e+00
      55659 290.054283  -39.31154  -53.14808     -0.965    1471.91    205.000    203.341     3.5836     3.5831    -0.0005     3.5702     3.5696    -0.0005   3.149542   3.149446  -0.000011    34.0616    34.0620     6.4378    27.0825    27.0830    34.0638    27.0844    1467.02    1467.02     3.5701  1028.0401    34.2249 0.0000e+00
      55683 290.054295  -39.31154  -53.14808     -1.010    1471.91    204.000    202.350     3.5956     3.5916    -0.0040     3.5822     3.5782    -0.0040   3.150611   3.150202  -0.000434    34.0619    34.0610     6.4347    27.0817    27.0813    34.0646    27.0838    1467.06    1467.04     3.5822  1028.0347    34.2256 0.0000e+00
      55714 290.054310 -9.990e-29  -53.14808     -0.855    1471.91    203.000    201.358     3.6405     3.6293    -0.0112     3.6271     3.6160    -0.0112   3.154676   3.153590  -0.001083    34.0621    34.0608     6.4341    27.0774    27.0775    34.0669    27.0812    1467.23    1467.18     3.6271  1028.0272    34.2279 0.0000e+00
      55750 290.054327 -9.990e-29  -53.14808     -0.672    1471.91    202.000    200.367     3.6681     3.6604    -0.0077     3.6547     3.6470    -0.0077   3.157086   3.156206  -0.000810    34.0636    34.0620     6.4380    27.0759    27.0753    34.0674    27.0789    1467.33    1467.30     3.6547  1028.0201    34.2284 0.0000e+00
      55781 290.054342  -39.31156  -53.14808     -0.722    1471.91    201.000    199.375     3.6742     3.6619    -0.0124     3.6609     3.6486    -0.0123   3.157429   3.156429  -0.001070    34.0628    34.0629     6.4496    27.0746    27.0759    34.0657    27.0769    1467.34    1467.29     3.6609  1028.0135    34.2267 0.0000e+00
      55804 290.054353  -39.31156  -53.14808     -0.909    1471.91    200.000    198.384     3.6826     3.6860     0.0035     3.6693     3.6728     0.0034   3.158118   3.158549   0.000255    34.0632    34.0626     6.4511    27.0741    27.0733    34.0657    27.0762    1467.36    1467.37     3.6693  1028.0081    34.2268 0.0000e+00
      55824 290.054363  -39.31154  -53.14808     -1.091    1471.91    199.000    197.392     3.6867     3.7014     0.0147     3.6735     3.6882     0.0147   3.158676   3.159883   0.001129    34.0640    34.0621     6.4498    27.0743    27.0714    34.0686    27.0781    1467.36    1467.42     3.6735  1028.0053    34.2297 0.0000e+00
      55844 290.054372  -39.31154  -53.14808     -1.208    1471.91    198.000    196.401     3.7190     3.7317     0.0127     3.7058     3.7185     0.0126   3.161510   3.162561   0.000903    34.0644    34.0620     6.4409    27.0715    27.0684    34.0693    27.0754    1467.48    1467.54     3.7058  1027.9979    34.2304 0.0000e+00
      55864 290.054382  -39.31154  -53.14808     -1.226    1471.91    197.000    195.410     3.7565     3.7564    -0.0001     3.7433     3.7432    -0.0001   3.164775   3.164647   0.000099    34.0624    34.0637     6.4372    27.0662    27.0672    34.0697    27.0720    1467.63    1467.62     3.7433  1027.9896    34.2308 0.0000e+00
      55888 290.054394  -39.31154  -53.14808     -1.098    1471.91    196.000    194.418     3.7793     3.7719    -0.0074     3.7662     3.7588    -0.0074   3.166937   3.166130  -0.000775    34.0666    34.0651     6.4403    27.0672    27.0668    34.0722    27.0717    1467.71    1467.67     3.7661  1027.9846    34.2333 0.0000e+00
      55919 290.054409  -39.31154  -53.14808     -0.839    1471.91    195.000    193.426     3.7988     3.7936    -0.0052     3.7857     3.7805    -0.0052   3.168704   3.168072  -0.000625    34.0685    34.0664     6.4461    27.0668    27.0657    34.0735    27.0708    1467.77    1467.75     3.7857  1027.9789    34.2346 0.0000e+00
      55956 290.054426  -39.31154  -53.14808     -0.658    1471.91    194.000    192.435     3.8105     3.8072    -0.0033     3.7975     3.7942    -0.0033   3.169604   3.169215  -0.000407    34.0691    34.0677     6.4436    27.0661    27.0654    34.0725    27.0689    1467.81    1467.79     3.7974  1027.9722    34.2336 0.0000e+00
      55988 290.054442  -39.31154  -53.14808     -0.717    1471.91    193.000    191.444     3.8114     3.8094    -0.0020     3.7984     3.7964    -0.0020   3.169596   3.169292  -0.000298    34.0688    34.0673     6.4446    27.0658    27.0648    34.0720    27.0684    1467.79    1467.78     3.7984  1027.9671    34.2331 0.0000e+00
      56015 290.054455  -39.31154  -53.14808     -0.829    1471.91    192.000    190.453     3.8239     3.8218    -0.0021     3.8110     3.8089    -0.0021   3.170752   3.170440  -0.000272    34.0684    34.0674     6.4378    27.0643    27.0636    34.0734    27.0682    1467.83    1467.82     3.8109  1027.9622    34.2345 0.0000e+00
      56041 290.054468  -39.31154  -53.14808     -0.905    1471.91    191.000    189.460     3.8520     3.8427    -0.0094     3.8391     3.8298    -0.0093   3.173139   3.172169  -0.000899    34.0683    34.0673     6.4395    27.0613    27.0615    34.0730    27.0650    1467.93    1467.89     3.8391  1027.9543    34.2341 0.0000e+00
      56066 290.054480  -39.31154  -53.14808     -0.952    1471.91    190.000    188.469     3.8645     3.8541    -0.0104     3.8516     3.8412    -0.0104   3.173963   3.173076  -0.000936    34.0672    34.0669     6.4489    27.0592    27.0600    34.0704    27.0617    1467.96    1467.92     3.8516  1027.9462    34.2314 0.0000e+00
      56090 290.054491  -39.31154  -53.14808     -0.987    1471.91    189.000    187.477     3.8742     3.8687    -0.0056     3.8614     3.8559    -0.0056   3.174960   3.174293  -0.000639    34.0677    34.0659     6.4460    27.0586    27.0577    34.0726    27.0625    1467.99    1467.97     3.8614  1027.9424    34.2337 0.0000e+00
      56113 290.054502  -39.31154  -53.14806     -1.028    1471.91    188.000    186.486     3.8969     3.8882    -0.0087     3.8841     3.8754    -0.0087   3.176837   3.175980  -0.000870    34.0675    34.0662     6.4443    27.0562    27.0560    34.0719    27.0596    1468.07    1468.03     3.8841  1027.9347    34.2330 0.0000e+00
      56134 290.054512  -39.31154  -53.14806     -1.083    1471.91    187.000    185.495     3.9057     3.9111     0.0054     3.8930     3.8984     0.0054   3.177589   3.177994   0.000318    34.0678    34.0659     6.4429    27.0555    27.0534    34.0722    27.0590    1468.09    1468.11     3.8930  1027.9294    34.2333 0.0000e+00
      56155 290.054523  -39.31153  -53.14807     -1.133    1471.91    186.000    184.504     3.9264     3.9247    -0.0017     3.9137     3.9120    -0.0017   3.179494   3.179077  -0.000348    34.0692    34.0669     6.4334    27.0546    27.0528    34.0738    27.0582    1468.16    1468.15     3.9137  1027.9238    34.2349 0.0000e+00
      56178 290.054534  -39.31152  -53.14808     -1.100    1471.91    185.000    183.512     3.9522     3.9408    -0.0113     3.9395     3.9282    -0.0113   3.181772   3.180665  -0.001089    34.0684    34.0673     6.4333    27.0512    27.0515    34.0746    27.0562    1468.26    1468.21     3.9395  1027.9171    34.2357 0.0000e+00
      56210 290.054549  -39.31152  -53.14808     -0.838    1471.91    184.000    182.520     3.9776     3.9745    -0.0030     3.9650     3.9619    -0.0030   3.183819   3.183448  -0.000411    34.0684    34.0666     6.4399    27.0486    27.0476    34.0730    27.0523    1468.34    1468.33     3.9650  1027.9084    34.2341 0.0000e+00
