Pos-Processados/process_op42/Processamento_split/up/uoperantar42_035.cnv
* Sea-Bird SBE 9 Data File:
* FileName = C:\Users\Hidrografia\Desktop\OPXLII\Brutos\OP42035.hdr
* Software Version Seasave V 7.26.7.107
* Temperature SN = 6502
* Conductivity SN = 4998
* Number of Bytes Per Scan = 37
* Number of Voltage Words = 4
* Number of Scans Averaged by the Deck Unit = 1
* NMEA Latitude = 62 08.15 S
* NMEA Longitude = 058 26.56 W
* NMEA UTC (Time) = Nov 09 2023 10:06:19
* NMEA baud rate = 4800
** H41
** NPOALTEMAXIMIANO
** NUMERO DA ESTACAO (XXX) 035
** LAT (XX XX.XX S/N) 62 08.14 S
** LONG (XXX XX.XX W/E) 058 26.57 W
** DATAHORA (dd/mm/aaaa hh:mm Z) 09/11/2023 1005Z
** PROFUNDIDADE (m) 424
** OPERADOR CT FABIREZA
# nquan = 30
# nvalues = 396                         
# units = specified
# name 0 = scan: Scan Count
# name 1 = timeJ: Julian Days
# name 2 = latitude: Latitude [deg]
# name 3 = longitude: Longitude [deg]
# name 4 = dz/dtM: Descent Rate [m/s]
# name 5 = avgsvCM: Average Sound Velocity [Chen-Millero, m/s]
# name 6 = prDM: Pressure, Digiquartz [db]
# name 7 = depSM: Depth [salt water, m]
# name 8 = t090C: Temperature [ITS-90, deg C]
# name 9 = t190C: Temperature, 2 [ITS-90, deg C]
# name 10 = T2-T190C: Temperature Difference, 2 - 1 [ITS-90, deg C]
# name 11 = potemp090C: Potential Temperature [ITS-90, deg C]
# name 12 = potemp190C: Potential Temperature, 2 [ITS-90, deg C]
# name 13 = potemp90Cdiff: Potential Temperature, Diff, 2 - 1 [ITS-90, deg C]
# name 14 = c0S/m: Conductivity [S/m]
# name 15 = c1S/m: Conductivity, 2 [S/m]
# name 16 = C2-C1S/m: Conductivity Difference, 2 - 1 [S/m]
# name 17 = sal00: Salinity, Practical [PSU]
# name 18 = sal11: Salinity, Practical, 2 [PSU]
# name 19 = sbeox0ML/L: Oxygen, SBE 43 [ml/l]
# name 20 = sigma-é00: Density [sigma-theta, kg/m^3]
# name 21 = sigma-é11: Density, 2 [sigma-theta, kg/m^3]
# name 22 = sal00: Salinity, Practical [PSU]
# name 23 = sigma-é00: Density [sigma-theta, kg/m^3]
# name 24 = svCM: Sound Velocity [Chen-Millero, m/s]
# name 25 = svCM1: Sound Velocity, 2 [Chen-Millero, m/s]
# name 26 = gsw_ptA0: potential temperature [ITS-90, deg C]
# name 27 = gsw_densityA0: density, TEOS-10 [density, kg/m^3]
# name 28 = gsw_saA0: Absolute Salinity [g/kg]
# name 29 = flag:
# span 0 =      14623,      25779       
# span 1 = 313.428105, 313.433485       
# span 2 =  -62.14015,  -62.13830       
# span 3 =  -58.44210,  -58.44064       
# span 4 =     -1.204,     -0.119       
# span 5 =    1448.29,    1448.29       
# span 6 =      2.000,    397.000       
# span 7 =      1.982,    392.814       
# span 8 =    -0.7849,    -0.5498       
# span 9 =    -0.7839,    -0.5490       
# span 10 =    -0.0113,     0.0156      
# span 11 =    -0.7905,    -0.5500      
# span 12 =    -0.7895,    -0.5492      
# span 13 =    -0.0113,     0.0156      
# span 14 =   2.793609,   2.823153      
# span 15 =   2.793581,   2.823182      
# span 16 =  -0.000959,   0.001362      
# span 17 =    34.2788,    34.3918      
# span 18 =    34.2773,    34.3910      
# span 19 =     6.7875,     7.6586      
# span 20 =    27.5531,    27.6458      
# span 21 =    27.5517,    27.6450      
# span 22 =    34.2793,    34.3917      
# span 23 =    27.5534,    27.6456      
# span 24 =    1445.66,    1451.89      
# span 25 =    1445.66,    1451.90      
# span 26 =    -0.7903,    -0.5500      
# span 27 =  1027.5664,  1029.5438      
# span 28 =    34.4413,    34.5602      
# span 29 = 0.0000e+00, 0.0000e+00      
# interval = decibars: 1                
# start_time = Nov 09 2023 10:06:19 [NMEA time, header]
# bad_flag = -9.990e-29
*END*
[from data line 242]
      20994 313.431177  -62.13938  -58.44124     -0.768    1448.29    155.000    153.455    -0.7381    -0.7371     0.0010    -0.7427    -0.7417     0.0010   2.795227   2.795223  -0.000005    34.2911    34.2899     7.5166    27.5686    27.5676    34.2911    27.5686    1447.28    1447.28    -0.7426  1028.3157    34.4579 0.0000e+00
      21024 313.431192  -62.13938  -58.44124     -0.772    1448.29    154.000    152.466    -0.7387    -0.7378     0.0009    -0.7432    -0.7423     0.0009   2.795139   2.795126  -0.000012    34.2912    34.2899     7.5144    27.5687    27.5677    34.2912    27.5687    1447.26    1447.27    -0.7431  1028.3110    34.4580 0.0000e+00
      21053 313.431206  -62.13938  -58.44124     -0.810    1448.29    153.000    151.476    -0.7373    -0.7373     0.0001    -0.7419    -0.7418     0.0001   2.795194   2.795114  -0.000080    34.2909    34.2897     7.5197    27.5684    27.5675    34.2910    27.5685    1447.25    1447.25    -0.7417  1028.3041    34.4555 0.0000e+00
      21082 313.431219 -9.990e-29  -58.44122     -0.842    1448.29    152.000    150.486    -0.7366    -0.7362     0.0005    -0.7411    -0.7407     0.0005   2.795189   2.795152  -0.000040    34.2907    34.2896     7.5289    27.5682    27.5674    34.2908    27.5683    1447.24    1447.24    -0.7410  1028.2969    34.4525 0.0000e+00
      21109 313.431233 -9.990e-29  -58.44122     -0.860    1448.29    151.000    149.496    -0.7365    -0.7357     0.0007    -0.7409    -0.7402     0.0007   2.795165   2.795137  -0.000028    34.2908    34.2896     7.5133    27.5683    27.5673    34.2909    27.5683    1447.23    1447.23    -0.7408  1028.2922    34.4525 0.0000e+00
      21137 313.431246 -9.990e-29  -58.44122     -0.867    1448.29    150.000    148.507    -0.7354    -0.7352     0.0002    -0.7398    -0.7396     0.0002   2.795205   2.795126  -0.000076    34.2906    34.2894     7.5153    27.5681    27.5671    34.2908    27.5682    1447.21    1447.21    -0.7397  1028.2873    34.4525 0.0000e+00
      21165 313.431260  -62.13940  -58.44122     -0.860    1448.29    149.000    147.517    -0.7349    -0.7343     0.0006    -0.7393    -0.7387     0.0006   2.795203   2.795157  -0.000050    34.2908    34.2894     7.5142    27.5682    27.5671    34.2909    27.5683    1447.20    1447.20    -0.7392  1028.2862    34.4571 0.0000e+00
      21196 313.431275  -62.13942  -58.44122     -0.803    1448.29    148.000    146.528    -0.7342    -0.7340     0.0002    -0.7386    -0.7384     0.0002   2.795208   2.795142  -0.000064    34.2906    34.2895     7.5154    27.5681    27.5671    34.2908    27.5682    1447.19    1447.19    -0.7385  1028.2818    34.4576 0.0000e+00
      21228 313.431290  -62.13942  -58.44120     -0.742    1448.29    147.000    145.538    -0.7333    -0.7338    -0.0005    -0.7376    -0.7382    -0.0005   2.795251   2.795119  -0.000130    34.2907    34.2896     7.5305    27.5681    27.5672    34.2909    27.5683    1447.17    1447.17    -0.7375  1028.2771    34.4577 0.0000e+00
      21253 313.431302  -62.13942  -58.44120     -0.861    1448.29    146.000    144.548    -0.7313    -0.7320    -0.0007    -0.7356    -0.7363    -0.0007   2.795359   2.795214  -0.000143    34.2906    34.2894     7.5256    27.5679    27.5670    34.2908    27.5681    1447.17    1447.16    -0.7355  1028.2721    34.4576 0.0000e+00
      21277 313.431314  -62.13942  -58.44120     -0.982    1448.29    145.000    143.558    -0.7307    -0.7311    -0.0004    -0.7350    -0.7354    -0.0004   2.795364   2.795245  -0.000127    34.2906    34.2894     7.5159    27.5679    27.5669    34.2907    27.5680    1447.15    1447.15    -0.7349  1028.2673    34.4575 0.0000e+00
      21298 313.431324  -62.13944  -58.44120     -1.070    1448.29    144.000    142.569    -0.7298    -0.7294     0.0004    -0.7341    -0.7337     0.0004   2.795379   2.795333  -0.000040    34.2903    34.2893     7.5128    27.5676    27.5668    34.2905    27.5678    1447.14    1447.14    -0.7339  1028.2623    34.4573 0.0000e+00
      21319 313.431334  -62.13944  -58.44120     -1.133    1448.29    143.000    141.579    -0.7281    -0.7284    -0.0004    -0.7323    -0.7327    -0.0004   2.795500   2.795369  -0.000122    34.2905    34.2892     7.5086    27.5676    27.5667    34.2908    27.5680    1447.13    1447.13    -0.7322  1028.2576    34.4576 0.0000e+00
      21343 313.431346  -62.13944  -58.44118     -1.077    1448.29    142.000    140.589    -0.7271    -0.7272    -0.0002    -0.7313    -0.7314    -0.0002   2.795526   2.795422  -0.000101    34.2904    34.2892     7.5216    27.5676    27.5666    34.2907    27.5678    1447.12    1447.12    -0.7312  1028.2527    34.4574 0.0000e+00
      21374 313.431360  -62.13944  -58.44118     -0.845    1448.29    141.000    139.600    -0.7268    -0.7291    -0.0024    -0.7310    -0.7333    -0.0024   2.795502   2.795236  -0.000262    34.2905    34.2896     7.5370    27.5676    27.5670    34.2906    27.5678    1447.11    1447.09    -0.7309  1028.2479    34.4574 0.0000e+00
      21407 313.431376  -62.13945  -58.44118     -0.728    1448.29    140.000    138.610    -0.7265    -0.7263     0.0002    -0.7306    -0.7304     0.0002   2.795489   2.795406  -0.000086    34.2905    34.2891     7.5245    27.5676    27.5665    34.2907    27.5678    1447.09    1447.09    -0.7305  1028.2431    34.4575 0.0000e+00
      21436 313.431390  -62.13946  -58.44118     -0.793    1448.29    139.000    137.620    -0.7246    -0.7249    -0.0003    -0.7287    -0.7290    -0.0003   2.795598   2.795485  -0.000125    34.2905    34.2891     7.5234    27.5675    27.5664    34.2907    27.5677    1447.08    1447.08    -0.7286  1028.2383    34.4575 0.0000e+00
      21461 313.431402  -62.13946  -58.44118     -0.897    1448.29    138.000    136.630    -0.7206    -0.7218    -0.0012    -0.7247    -0.7259    -0.0012   2.795921   2.795680  -0.000207    34.2904    34.2889     7.5267    27.5673    27.5661    34.2912    27.5679    1447.09    1447.08    -0.7246  1028.2306    34.4540 0.0000e+00
      21486 313.431414 -9.990e-29  -58.44116     -0.956    1448.29    137.000    135.641    -0.7155    -0.7184    -0.0029    -0.7196    -0.7225    -0.0029   2.796292   2.795937  -0.000351    34.2901    34.2887     7.5179    27.5669    27.5659    34.2910    27.5675    1447.09    1447.08    -0.7194  1028.2244    34.4526 0.0000e+00
      21510 313.431426 -9.990e-29  -58.44116     -0.980    1448.29    136.000    134.651    -0.7090    -0.7138    -0.0048    -0.7131    -0.7178    -0.0048   2.796809   2.796286  -0.000520    34.2903    34.2887     7.5095    27.5668    27.5656    34.2913    27.5675    1447.11    1447.08    -0.7129  1028.2196    34.4530 0.0000e+00
      21535 313.431438 -9.990e-29  -58.44116     -0.971    1448.29    135.000    133.661    -0.7057    -0.7092    -0.0035    -0.7097    -0.7132    -0.0035   2.797031   2.796619  -0.000398    34.2902    34.2888     7.5198    27.5665    27.5655    34.2911    27.5672    1447.11    1447.09    -0.7096  1028.2145    34.4528 0.0000e+00
      21562 313.431451  -62.13948  -58.44116     -0.937    1448.29    134.000    132.671    -0.7035    -0.7052    -0.0017    -0.7074    -0.7091    -0.0017   2.797139   2.796921  -0.000235    34.2901    34.2888     7.5127    27.5663    27.5653    34.2907    27.5668    1447.10    1447.09    -0.7074  1028.2123    34.4561 0.0000e+00
      21591 313.431465  -62.13948  -58.44116     -0.855    1448.29    133.000    131.681    -0.7017    -0.7031    -0.0014    -0.7057    -0.7071    -0.0014   2.797249   2.797037  -0.000212    34.2901    34.2888     7.5141    27.5662    27.5653    34.2908    27.5668    1447.09    1447.09    -0.7056  1028.2085    34.4574 0.0000e+00
      21621 313.431480  -62.13948  -58.44116     -0.792    1448.29    132.000    130.692    -0.7017    -0.7017    -0.0000    -0.7056    -0.7056    -0.0000   2.797200   2.797092  -0.000113    34.2902    34.2887     7.5112    27.5663    27.5651    34.2906    27.5667    1447.08    1447.08    -0.7055  1028.2036    34.4573 0.0000e+00
      21650 313.431493  -62.13950  -58.44116     -0.818    1448.29    131.000    129.702    -0.6992    -0.6998    -0.0006    -0.7031    -0.7037    -0.0006   2.797345   2.797198  -0.000144    34.2899    34.2886     7.5106    27.5660    27.5650    34.2905    27.5664    1447.07    1447.07    -0.7030  1028.1986    34.4571 0.0000e+00
      21675 313.431506  -62.13950  -58.44114     -0.902    1448.29    130.000    128.712    -0.6981    -0.6993    -0.0012    -0.7020    -0.7031    -0.0012   2.797374   2.797205  -0.000179    34.2899    34.2888     7.5145    27.5659    27.5651    34.2902    27.5662    1447.06    1447.05    -0.7019  1028.1936    34.4569 0.0000e+00
      21700 313.431518  -62.13950  -58.44114     -0.955    1448.29    129.000    127.723    -0.6988    -0.6982     0.0006    -0.7026    -0.7020     0.0006   2.797270   2.797223  -0.000056    34.2900    34.2886     7.5311    27.5660    27.5648    34.2902    27.5662    1447.04    1447.04    -0.7025  1028.1888    34.4568 0.0000e+00
      21727 313.431531  -62.13950  -58.44114     -0.926    1448.29    128.000    126.733    -0.6990    -0.6986     0.0003    -0.7028    -0.7024     0.0003   2.797219   2.797147  -0.000072    34.2900    34.2886     7.5162    27.5660    27.5649    34.2903    27.5663    1447.03    1447.02    -0.7027  1028.1841    34.4569 0.0000e+00
      21757 313.431545  -62.13950  -58.44114     -0.827    1448.29    127.000    125.743    -0.6993    -0.6985     0.0008    -0.7030    -0.7022     0.0008   2.797128   2.797113  -0.000024    34.2899    34.2887     7.5071    27.5660    27.5650    34.2900    27.5661    1447.01    1447.01    -0.7030  1028.1768    34.4538 0.0000e+00
      21787 313.431560 -9.990e-29  -58.44113     -0.791    1448.29    126.000    124.753    -0.7013    -0.6997     0.0016    -0.7051    -0.7034     0.0016   2.796917   2.796964   0.000040    34.2901    34.2888     7.5119    27.5662    27.5651    34.2901    27.5663    1446.98    1446.99    -0.7049  1028.1705    34.4518 0.0000e+00
      21814 313.431573 -9.990e-29  -58.44112     -0.856    1448.29    125.000    123.763    -0.7006    -0.7001     0.0004    -0.7043    -0.7038     0.0004   2.796957   2.796887  -0.000060    34.2902    34.2889     7.5212    27.5662    27.5652    34.2904    27.5665    1446.97    1446.97    -0.7042  1028.1660    34.4521 0.0000e+00
      21839 313.431585 -9.990e-29  -58.44112     -0.925    1448.29    124.000    122.774    -0.6987    -0.6994    -0.0007    -0.7023    -0.7031    -0.0007   2.797052   2.796894  -0.000151    34.2899    34.2887     7.5270    27.5660    27.5650    34.2902    27.5662    1446.96    1446.95    -0.7023  1028.1609    34.4519 0.0000e+00
      21865 313.431597  -62.13952  -58.44112     -0.942    1448.29    123.000    121.784    -0.6965    -0.6968    -0.0003    -0.7002    -0.7005    -0.0003   2.797174   2.797061  -0.000119    34.2898    34.2885     7.5406    27.5658    27.5647    34.2900    27.5660    1446.95    1446.95    -0.7001  1028.1594    34.4561 0.0000e+00
      21892 313.431610  -62.13954  -58.44110     -0.895    1448.29    122.000    120.794    -0.6956    -0.6955     0.0001    -0.6992    -0.6991     0.0001   2.797193   2.797107  -0.000090    34.2897    34.2883     7.5328    27.5657    27.5646    34.2899    27.5658    1446.94    1446.94    -0.6991  1028.1549    34.4564 0.0000e+00
      21920 313.431624  -62.13954  -58.44110     -0.875    1448.29    121.000    119.804    -0.6946    -0.6943     0.0003    -0.6982    -0.6979     0.0003   2.797255   2.797162  -0.000086    34.2898    34.2884     7.5261    27.5658    27.5645    34.2902    27.5660    1446.93    1446.93    -0.6981  1028.1503    34.4567 0.0000e+00
      21946 313.431636  -62.13954  -58.44110     -0.896    1448.29    120.000    118.814    -0.6920    -0.6928    -0.0008    -0.6955    -0.6963    -0.0008   2.797396   2.797247  -0.000150    34.2894    34.2883     7.5267    27.5653    27.5644    34.2898    27.5656    1446.93    1446.92    -0.6955  1028.1450    34.4563 0.0000e+00
      21972 313.431649  -62.13954  -58.44110     -0.917    1448.29    119.000    117.824    -0.6915    -0.6912     0.0003    -0.6951    -0.6947     0.0003   2.797391   2.797324  -0.000069    34.2895    34.2882     7.5217    27.5653    27.5643    34.2898    27.5655    1446.91    1446.91    -0.6949  1028.1402    34.4563 0.0000e+00
      22000 313.431662  -62.13955  -58.44110     -0.895    1448.29    118.000    116.835    -0.6904    -0.6905    -0.0002    -0.6939    -0.6940    -0.0002   2.797444   2.797335  -0.000108    34.2895    34.2882     7.5257    27.5652    27.5642    34.2898    27.5655    1446.90    1446.90    -0.6938  1028.1354    34.4563 0.0000e+00
      22027 313.431676  -62.13956  -58.44110     -0.865    1448.29    117.000    115.845    -0.6878    -0.6883    -0.0004    -0.6913    -0.6917    -0.0004   2.797597   2.797459  -0.000141    34.2892    34.2878     7.5313    27.5650    27.5638    34.2896    27.5653    1446.90    1446.89    -0.6912  1028.1304    34.4561 0.0000e+00
      22054 313.431688  -62.13956  -58.44109     -0.889    1448.29    116.000    114.855    -0.6861    -0.6875    -0.0015    -0.6895    -0.6910    -0.0015   2.797709   2.797493  -0.000197    34.2892    34.2882     7.5340    27.5648    27.5641    34.2897    27.5653    1446.89    1446.88    -0.6894  1028.1256    34.4562 0.0000e+00
      22079 313.431700  -62.13956  -58.44108     -0.936    1448.29    115.000    113.865    -0.6838    -0.6849    -0.0011    -0.6872    -0.6883    -0.0011   2.797815   2.797642  -0.000173    34.2888    34.2877     7.5283    27.5644    27.5636    34.2892    27.5647    1446.88    1446.88    -0.6871  1028.1202    34.4556 0.0000e+00
      22105 313.431713  -62.13956  -58.44108     -0.937    1448.29    114.000    112.875    -0.6830    -0.6833    -0.0003    -0.6863    -0.6867    -0.0003   2.797826   2.797724  -0.000111    34.2887    34.2876     7.5346    27.5643    27.5634    34.2890    27.5646    1446.87    1446.87    -0.6863  1028.1153    34.4555 0.0000e+00
      22136 313.431728  -62.13956  -58.44108     -0.832    1448.29    113.000    111.885    -0.6803    -0.6829    -0.0026    -0.6836    -0.6863    -0.0026   2.797970   2.797684  -0.000264    34.2881    34.2876     7.5299    27.5637    27.5634    34.2885    27.5641    1446.87    1446.85    -0.6836  1028.1100    34.4550 0.0000e+00
      22168 313.431743  -62.13959  -58.44108     -0.739    1448.29    112.000    110.895    -0.6788    -0.6821    -0.0033    -0.6822    -0.6855    -0.0033   2.798030   2.797716  -0.000327    34.2880    34.2873     7.5350    27.5635    27.5632    34.2883    27.5638    1446.86    1446.84    -0.6821  1028.1014    34.4503 0.0000e+00
      22195 313.431757 -9.990e-29  -58.44108     -0.815    1448.29    111.000    109.905    -0.6775    -0.6778    -0.0003    -0.6808    -0.6811    -0.0003   2.798117   2.797985  -0.000142    34.2883    34.2867     7.5393    27.5637    27.5625    34.2886    27.5640    1446.85    1446.84    -0.6807  1028.0965    34.4503 0.0000e+00
      22219 313.431768 -9.990e-29  -58.44107     -0.961    1448.29    110.000    108.916    -0.6762    -0.6760     0.0002    -0.6794    -0.6792     0.0002   2.798160   2.798069  -0.000094    34.2880    34.2865     7.5477    27.5634    27.5622    34.2884    27.5637    1446.84    1446.84    -0.6794  1028.0915    34.4500 0.0000e+00
      22240 313.431778 -9.990e-29  -58.44106     -1.067    1448.29    109.000    107.926    -0.6749    -0.6753    -0.0003    -0.6782    -0.6785    -0.0003   2.798214   2.798091  -0.000120    34.2878    34.2866     7.5431    27.5633    27.5623    34.2883    27.5636    1446.83    1446.82    -0.6781  1028.0866    34.4500 0.0000e+00
      22264 313.431789  -62.13960  -58.44106     -1.078    1448.29    108.000    106.936    -0.6741    -0.6741     0.0000    -0.6773    -0.6773     0.0000   2.798206   2.798123  -0.000087    34.2875    34.2864     7.5354    27.5630    27.5621    34.2878    27.5632    1446.81    1446.81    -0.6772  1028.0847    34.4536 0.0000e+00
