Pos-Processados/process_op42/Processamento_split/up/uoperantar42_049.cnv
* Sea-Bird SBE 9 Data File:
* FileName = C:\Users\Hidrografia\Desktop\OPXLII\Brutos\OP42049.hdr
* Software Version Seasave V 7.26.7.107
* Temperature SN = 6502
* Conductivity SN = 4998
* Number of Bytes Per Scan = 37
* Number of Voltage Words = 4
* Number of Scans Averaged by the Deck Unit = 1
* NMEA Latitude = 62 08.21 S
* NMEA Longitude = 058 26.69 W
* NMEA UTC (Time) = Nov 10 2023 00:06:10
* NMEA baud rate = 4800
** H41
** NPOALTEMAXIMIANO
** NUMERO DA ESTACAO (XXX) 049
** LAT (XX XX.XX S/N) 62 08. S
** LONG (XXX XX.XX W/E) 058 26. W
** DATAHORA (dd/mm/aaaa hh:mm Z) 10/11/2023 0005Z
** PROFUNDIDADE (m) 424
** OPERADOR CT FILIPE LOPES
# nquan = 30
# nvalues = 383                         
# units = specified
# name 0 = scan: Scan Count
# name 1 = timeJ: Julian Days
# name 2 = latitude: Latitude [deg]
# name 3 = longitude: Longitude [deg]
# name 4 = dz/dtM: Descent Rate [m/s]
# name 5 = avgsvCM: Average Sound Velocity [Chen-Millero, m/s]
# name 6 = prDM: Pressure, Digiquartz [db]
# name 7 = depSM: Depth [salt water, m]
# name 8 = t090C: Temperature [ITS-90, deg C]
# name 9 = t190C: Temperature, 2 [ITS-90, deg C]
# name 10 = T2-T190C: Temperature Difference, 2 - 1 [ITS-90, deg C]
# name 11 = potemp090C: Potential Temperature [ITS-90, deg C]
# name 12 = potemp190C: Potential Temperature, 2 [ITS-90, deg C]
# name 13 = potemp90Cdiff: Potential Temperature, Diff, 2 - 1 [ITS-90, deg C]
# name 14 = c0S/m: Conductivity [S/m]
# name 15 = c1S/m: Conductivity, 2 [S/m]
# name 16 = C2-C1S/m: Conductivity Difference, 2 - 1 [S/m]
# name 17 = sal00: Salinity, Practical [PSU]
# name 18 = sal11: Salinity, Practical, 2 [PSU]
# name 19 = sbeox0ML/L: Oxygen, SBE 43 [ml/l]
# name 20 = sigma-é00: Density [sigma-theta, kg/m^3]
# name 21 = sigma-é11: Density, 2 [sigma-theta, kg/m^3]
# name 22 = sal00: Salinity, Practical [PSU]
# name 23 = sigma-é00: Density [sigma-theta, kg/m^3]
# name 24 = svCM: Sound Velocity [Chen-Millero, m/s]
# name 25 = svCM1: Sound Velocity, 2 [Chen-Millero, m/s]
# name 26 = gsw_ptA0: potential temperature [ITS-90, deg C]
# name 27 = gsw_densityA0: density, TEOS-10 [density, kg/m^3]
# name 28 = gsw_saA0: Absolute Salinity [g/kg]
# name 29 = flag:
# span 0 =      19031,      30652       
# span 1 = 314.013459, 314.019064       
# span 2 =  -62.14438,  -62.14168       
# span 3 =  -58.44450,  -58.44394       
# span 4 =     -0.982,     -0.271       
# span 5 =    1448.33,    1448.33       
# span 6 =      3.000,    385.000       
# span 7 =      2.981,    380.952       
# span 8 =    -0.7994,    -0.5071       
# span 9 =    -0.7985,    -0.5063       
# span 10 =    -0.0077,     0.0161      
# span 11 =    -0.8059,    -0.5188      
# span 12 =    -0.8050,    -0.5180      
# span 13 =    -0.0077,     0.0161      
# span 14 =   2.794208,   2.831899      
# span 15 =   2.794184,   2.831848      
# span 16 =  -0.000769,   0.001625      
# span 17 =    34.2679,    34.3928      
# span 18 =    34.2667,    34.3918      
# span 19 =     6.7489,     7.6170      
# span 20 =    27.5435,    27.6416      
# span 21 =    27.5425,    27.6407      
# span 22 =    34.2677,    34.3929      
# span 23 =    27.5434,    27.6417      
# span 24 =    1445.46,    1452.21      
# span 25 =    1445.46,    1452.21      
# span 26 =    -0.8058,    -0.5186      
# span 27 =  1027.5621,  1029.4814      
# span 28 =    34.4305,    34.5610      
# span 29 = 0.0000e+00, 0.0000e+00      
# interval = decibars: 1                
# start_time = Nov 10 2023 00:06:10 [NMEA time, header]
# bad_flag = -9.990e-29
*END*
[from data line 194]
      24840 314.016261  -62.14302  -58.44433     -0.755    1448.33    191.000    189.080    -0.7353    -0.7332     0.0021    -0.7410    -0.7389     0.0021   2.797624   2.797726   0.000070    34.2968    34.2955     7.4885    27.5732    27.5720    34.2981    27.5742    1447.89    1447.90    -0.7409  1028.4933    34.4652 0.0000e+00
      24873 314.016277  -62.14302  -58.44432     -0.712    1448.33    190.000    188.091    -0.7255    -0.7219     0.0037    -0.7313    -0.7276     0.0037   2.798379   2.798609   0.000220    34.2967    34.2955     7.4915    27.5727    27.5716    34.2979    27.5736    1447.92    1447.94    -0.7311  1028.4878    34.4650 0.0000e+00
      24907 314.016293  -62.14303  -58.44432     -0.722    1448.33    189.000    187.101    -0.7196    -0.7189     0.0007    -0.7253    -0.7246     0.0007   2.798837   2.798792  -0.000031    34.2970    34.2958     7.4829    27.5727    27.5717    34.2979    27.5734    1447.93    1447.93    -0.7251  1028.4828    34.4650 0.0000e+00
      24939 314.016309  -62.14304  -58.44432     -0.727    1448.33    188.000    186.112    -0.7175    -0.7169     0.0006    -0.7231    -0.7225     0.0006   2.798960   2.798912  -0.000057    34.2971    34.2956     7.4874    27.5727    27.5714    34.2978    27.5733    1447.92    1447.93    -0.7230  1028.4779    34.4649 0.0000e+00
      24971 314.016324  -62.14304  -58.44432     -0.748    1448.33    187.000    185.122    -0.7164    -0.7152     0.0013    -0.7220    -0.7208     0.0013   2.799008   2.799009   0.000006    34.2971    34.2957     7.4933    27.5726    27.5714    34.2979    27.5732    1447.91    1447.92    -0.7219  1028.4731    34.4649 0.0000e+00
      25004 314.016340  -62.14304  -58.44432     -0.734    1448.33    186.000    184.132    -0.7154    -0.7139     0.0015    -0.7210    -0.7195     0.0015   2.799040   2.799070   0.000020    34.2972    34.2958     7.4824    27.5727    27.5715    34.2978    27.5731    1447.90    1447.91    -0.7208  1028.4650    34.4609 0.0000e+00
      25037 314.016356 -9.990e-29  -58.44432     -0.728    1448.33    185.000    183.143    -0.7110    -0.7099     0.0012    -0.7166    -0.7154     0.0012   2.799353   2.799345 -8.494e-07    34.2967    34.2954     7.4860    27.5721    27.5710    34.2977    27.5728    1447.91    1447.91    -0.7164  1028.4588    34.4594 0.0000e+00
      25069 314.016372 -9.990e-29  -58.44432     -0.742    1448.33    184.000    182.153    -0.7104    -0.7096     0.0008    -0.7160    -0.7152     0.0008   2.799361   2.799327  -0.000031    34.2973    34.2959     7.4882    27.5725    27.5713    34.2977    27.5729    1447.89    1447.89    -0.7158  1028.4541    34.4595 0.0000e+00
      25102 314.016387  -62.14306  -58.44432     -0.740    1448.33    183.000    181.164    -0.7112    -0.7101     0.0010    -0.7167    -0.7157     0.0010   2.799261   2.799241  -0.000021    34.2975    34.2960     7.4813    27.5727    27.5715    34.2978    27.5730    1447.87    1447.88    -0.7166  1028.4522    34.4631 0.0000e+00
      25135 314.016403  -62.14308  -58.44430     -0.731    1448.33    182.000    180.174    -0.7102    -0.7084     0.0017    -0.7157    -0.7139     0.0017   2.799279   2.799319   0.000036    34.2971    34.2956     7.4814    27.5723    27.5711    34.2976    27.5727    1447.86    1447.87    -0.7155  1028.4487    34.4646 0.0000e+00
      25168 314.016419  -62.14308  -58.44430     -0.726    1448.33    181.000    179.185    -0.7104    -0.7083     0.0021    -0.7159    -0.7138     0.0021   2.799220   2.799274   0.000057    34.2974    34.2958     7.4793    27.5726    27.5712    34.2977    27.5728    1447.84    1447.85    -0.7157  1028.4440    34.4647 0.0000e+00
      25202 314.016436  -62.14308  -58.44430     -0.706    1448.33    180.000    178.195    -0.7101    -0.7097     0.0003    -0.7155    -0.7151     0.0003   2.799199   2.799123  -0.000077    34.2974    34.2960     7.4936    27.5726    27.5714    34.2976    27.5727    1447.83    1447.83    -0.7154  1028.4391    34.4646 0.0000e+00
      25236 314.016452  -62.14308  -58.44430     -0.714    1448.33    179.000    177.206    -0.7099    -0.7095     0.0004    -0.7152    -0.7149     0.0004   2.799170   2.799103  -0.000061    34.2973    34.2961     7.4950    27.5725    27.5715    34.2976    27.5727    1447.81    1447.81    -0.7151  1028.4343    34.4646 0.0000e+00
      25268 314.016468  -62.14309  -58.44430     -0.728    1448.33    178.000    176.216    -0.7094    -0.7088     0.0006    -0.7148    -0.7142     0.0006   2.799174   2.799110  -0.000065    34.2976    34.2960     7.4909    27.5727    27.5714    34.2977    27.5728    1447.80    1447.80    -0.7146  1028.4297    34.4648 0.0000e+00
      25298 314.016482  -62.14310  -58.44430     -0.794    1448.33    177.000    175.227    -0.7102    -0.7094     0.0008    -0.7155    -0.7147     0.0008   2.799047   2.799014  -0.000036    34.2975    34.2961     7.4879    27.5727    27.5715    34.2975    27.5727    1447.78    1447.78    -0.7154  1028.4247    34.4646 0.0000e+00
      25330 314.016497  -62.14310  -58.44430     -0.775    1448.33    176.000    174.237    -0.7109    -0.7103     0.0006    -0.7162    -0.7156     0.0006   2.798961   2.798902  -0.000058    34.2978    34.2962     7.4838    27.5729    27.5716    34.2978    27.5729    1447.76    1447.76    -0.7161  1028.4202    34.4648 0.0000e+00
      25364 314.016514  -62.14310  -58.44430     -0.705    1448.33    175.000    173.248    -0.7116    -0.7112     0.0004    -0.7169    -0.7165     0.0004   2.798836   2.798771  -0.000065    34.2976    34.2963     7.4856    27.5728    27.5717    34.2975    27.5728    1447.74    1447.74    -0.7167  1028.4153    34.4646 0.0000e+00
      25396 314.016529  -62.14312  -58.44430     -0.725    1448.33    174.000    172.258    -0.7129    -0.7122     0.0007    -0.7181    -0.7174     0.0007   2.798699   2.798659  -0.000035    34.2977    34.2964     7.4848    27.5729    27.5719    34.2977    27.5729    1447.72    1447.72    -0.7180  1028.4107    34.4647 0.0000e+00
      25428 314.016545  -62.14312  -58.44430     -0.753    1448.33    173.000    171.268    -0.7088    -0.7094    -0.0006    -0.7140    -0.7146    -0.0006   2.798983   2.798833  -0.000156    34.2973    34.2958     7.4869    27.5724    27.5713    34.2975    27.5726    1447.72    1447.72    -0.7139  1028.4056    34.4646 0.0000e+00
      25461 314.016560  -62.14312  -58.44430     -0.741    1448.33    172.000    170.279    -0.7071    -0.7061     0.0010    -0.7123    -0.7113     0.0010   2.799053   2.799043  -0.000014    34.2969    34.2956     7.4940    27.5721    27.5710    34.2972    27.5723    1447.71    1447.72    -0.7121  1028.4004    34.4642 0.0000e+00
      25494 314.016577  -62.14312  -58.44430     -0.724    1448.33    171.000    169.289    -0.7035    -0.7020     0.0014    -0.7086    -0.7072     0.0014   2.799290   2.799314   0.000026    34.2963    34.2951     7.4960    27.5714    27.5704    34.2969    27.5719    1447.71    1447.72    -0.7085  1028.3934    34.4616 0.0000e+00
      25526 314.016592 -9.990e-29  -58.44428     -0.734    1448.33    170.000    168.300    -0.6990    -0.6986     0.0004    -0.7041    -0.7037     0.0004   2.799601   2.799532  -0.000062    34.2960    34.2947     7.4965    27.5710    27.5700    34.2966    27.5715    1447.72    1447.72    -0.7040  1028.3858    34.4583 0.0000e+00
      25557 314.016607 -9.990e-29  -58.44428     -0.783    1448.33    169.000    167.310    -0.6954    -0.6955    -0.0001    -0.7005    -0.7006    -0.0001   2.799824   2.799710  -0.000115    34.2957    34.2943     7.4906    27.5706    27.5694    34.2962    27.5710    1447.72    1447.71    -0.7004  1028.3805    34.4579 0.0000e+00
      25585 314.016620  -62.14314  -58.44428     -0.824    1448.33    168.000    166.321    -0.6935    -0.6934     0.0001    -0.6986    -0.6985     0.0001   2.799929   2.799837  -0.000101    34.2956    34.2942     7.4875    27.5704    27.5693    34.2961    27.5708    1447.71    1447.71    -0.6984  1028.3760    34.4584 0.0000e+00
      25616 314.016635  -62.14316  -58.44428     -0.811    1448.33    167.000    165.331    -0.6909    -0.6902     0.0007    -0.6960    -0.6952     0.0007   2.800074   2.800024  -0.000040    34.2951    34.2937     7.4856    27.5699    27.5688    34.2957    27.5704    1447.70    1447.71    -0.6958  1028.3745    34.4626 0.0000e+00
      25649 314.016651  -62.14316  -58.44428     -0.726    1448.33    166.000    164.341    -0.6887    -0.6889    -0.0002    -0.6937    -0.6939    -0.0002   2.800188   2.800079  -0.000107    34.2949    34.2937     7.4969    27.5696    27.5687    34.2953    27.5700    1447.70    1447.69    -0.6936  1028.3694    34.4623 0.0000e+00
      25681 314.016666  -62.14316  -58.44428     -0.742    1448.33    165.000    163.352    -0.6867    -0.6863     0.0004    -0.6917    -0.6913     0.0004   2.800307   2.800237  -0.000071    34.2948    34.2934     7.5007    27.5695    27.5683    34.2953    27.5699    1447.69    1447.69    -0.6915  1028.3645    34.4622 0.0000e+00
      25712 314.016682 -9.990e-29  -58.44428     -0.770    1448.33    164.000    162.362    -0.6862    -0.6854     0.0007    -0.6911    -0.6903     0.0007   2.800290   2.800260  -0.000040    34.2948    34.2934     7.4943    27.5694    27.5683    34.2951    27.5697    1447.68    1447.68    -0.6910  1028.3554    34.4569 0.0000e+00
      25746 314.016698 -9.990e-29  -58.44428     -0.715    1448.33    163.000    161.372    -0.6841    -0.6833     0.0009    -0.6890    -0.6882     0.0009   2.800397   2.800363  -0.000026    34.2943    34.2930     7.5022    27.5690    27.5679    34.2948    27.5694    1447.67    1447.67    -0.6889  1028.3502    34.4565 0.0000e+00
      25782 314.016716  -62.14318  -58.44426     -0.669    1448.33    162.000    160.383    -0.6823    -0.6821     0.0002    -0.6872    -0.6870     0.0002   2.800478   2.800410  -0.000071    34.2941    34.2929     7.5151    27.5687    27.5677    34.2945    27.5690    1447.66    1447.66    -0.6871  1028.3455    34.4568 0.0000e+00
      25818 314.016733  -62.14318  -58.44426     -0.669    1448.33    161.000    159.393    -0.6823    -0.6814     0.0008    -0.6871    -0.6863     0.0008   2.800442   2.800400  -0.000044    34.2943    34.2928     7.5231    27.5689    27.5676    34.2946    27.5691    1447.65    1447.65    -0.6870  1028.3446    34.4616 0.0000e+00
      25851 314.016749  -62.14319  -58.44426     -0.715    1448.33    160.000    158.404    -0.6822    -0.6814     0.0008    -0.6871    -0.6862     0.0008   2.800395   2.800358  -0.000038    34.2943    34.2929     7.5170    27.5689    27.5677    34.2945    27.5690    1447.63    1447.63    -0.6869  1028.3397    34.4614 0.0000e+00
      25881 314.016763  -62.14320  -58.44426     -0.780    1448.33    159.000    157.414    -0.6826    -0.6817     0.0009    -0.6874    -0.6865     0.0009   2.800307   2.800278  -0.000027    34.2942    34.2929     7.5177    27.5688    27.5677    34.2944    27.5690    1447.61    1447.61    -0.6873  1028.3349    34.4613 0.0000e+00
      25911 314.016777  -62.14321  -58.44426     -0.809    1448.33    158.000    156.424    -0.6824    -0.6816     0.0007    -0.6871    -0.6864     0.0007   2.800284   2.800235  -0.000049    34.2942    34.2927     7.5184    27.5688    27.5676    34.2944    27.5689    1447.60    1447.60    -0.6870  1028.3301    34.4613 0.0000e+00
      25940 314.016791  -62.14322  -58.44426     -0.818    1448.33    157.000    155.435    -0.6826    -0.6817     0.0009    -0.6873    -0.6865     0.0009   2.800202   2.800173  -0.000032    34.2941    34.2927     7.5145    27.5688    27.5676    34.2942    27.5688    1447.58    1447.58    -0.6872  1028.3251    34.4611 0.0000e+00
      25970 314.016806  -62.14322  -58.44426     -0.808    1448.33    156.000    154.445    -0.6836    -0.6825     0.0011    -0.6883    -0.6872     0.0011   2.800059   2.800054  -0.000008    34.2941    34.2927     7.5117    27.5687    27.5676    34.2940    27.5687    1447.56    1447.56    -0.6882  1028.3203    34.4609 0.0000e+00
      26002 314.016821  -62.14322  -58.44426     -0.771    1448.33    155.000    153.455    -0.6843    -0.6832     0.0011    -0.6890    -0.6879     0.0011   2.799942   2.799924  -0.000017    34.2939    34.2925     7.5187    27.5686    27.5674    34.2938    27.5686    1447.54    1447.54    -0.6888  1028.3126    34.4573 0.0000e+00
      26041 314.016840 -9.990e-29  -58.44425     -0.623    1448.33    154.000    152.465    -0.6853    -0.6843     0.0010    -0.6899    -0.6889     0.0010   2.799799   2.799783  -0.000017    34.2937    34.2924     7.5220    27.5685    27.5674    34.2936    27.5684    1447.52    1447.52    -0.6898  1028.3063    34.4553 0.0000e+00
      26079 314.016858 -9.990e-29  -58.44424     -0.625    1448.33    153.000    151.476    -0.6887    -0.6862     0.0025    -0.6933    -0.6908     0.0025   2.799421   2.799550   0.000108    34.2935    34.2921     7.5270    27.5685    27.5672    34.2930    27.5681    1447.48    1447.49    -0.6932  1028.3013    34.4547 0.0000e+00
      26114 314.016876  -62.14324  -58.44424     -0.679    1448.33    152.000    150.486    -0.6916    -0.6900     0.0017    -0.6962    -0.6945     0.0017   2.799130   2.799164   0.000046    34.2932    34.2920     7.5245    27.5684    27.5673    34.2930    27.5682    1447.45    1447.46    -0.6960  1028.3006    34.4597 0.0000e+00
      26152 314.016894  -62.14326  -58.44424     -0.641    1448.33    151.000    149.496    -0.6913    -0.6900     0.0014    -0.6959    -0.6945     0.0014   2.799094   2.799123   0.000025    34.2931    34.2918     7.5305    27.5682    27.5672    34.2928    27.5680    1447.44    1447.44    -0.6957  1028.2958    34.4597 0.0000e+00
      26185 314.016910  -62.14326  -58.44424     -0.690    1448.33    150.000    148.507    -0.6916    -0.6910     0.0006    -0.6961    -0.6955     0.0006   2.798999   2.798953  -0.000044    34.2926    34.2913     7.5385    27.5679    27.5668    34.2924    27.5678    1447.42    1447.42    -0.6960  1028.2907    34.4593 0.0000e+00
      26217 314.016925  -62.14326  -58.44424     -0.759    1448.33    149.000    147.517    -0.6911    -0.6904     0.0007    -0.6955    -0.6949     0.0007   2.798983   2.798940  -0.000039    34.2923    34.2910     7.5324    27.5676    27.5665    34.2922    27.5676    1447.41    1447.41    -0.6954  1028.2857    34.4591 0.0000e+00
      26247 314.016939  -62.14328  -58.44424     -0.794    1448.33    148.000    146.528    -0.6914    -0.6906     0.0008    -0.6959    -0.6950     0.0008   2.798900   2.798877  -0.000020    34.2922    34.2910     7.5264    27.5676    27.5665    34.2921    27.5675    1447.39    1447.39    -0.6957  1028.2809    34.4589 0.0000e+00
      26278 314.016955  -62.14328  -58.44424     -0.777    1448.33    147.000    145.538    -0.6913    -0.6906     0.0008    -0.6957    -0.6950     0.0008   2.798870   2.798828  -0.000041    34.2924    34.2909     7.5362    27.5677    27.5665    34.2922    27.5676    1447.37    1447.37    -0.6956  1028.2762    34.4591 0.0000e+00
      26311 314.016970  -62.14328  -58.44424     -0.741    1448.33    146.000    144.548    -0.6911    -0.6904     0.0007    -0.6954    -0.6947     0.0007   2.798830   2.798794  -0.000039    34.2921    34.2908     7.5324    27.5674    27.5664    34.2920    27.5674    1447.36    1447.36    -0.6953  1028.2674    34.4541 0.0000e+00
      26343 314.016986 -9.990e-29  -58.44423     -0.737    1448.33    145.000    143.558    -0.6910    -0.6901     0.0009    -0.6953    -0.6944     0.0009   2.798793   2.798765  -0.000029    34.2921    34.2907     7.5307    27.5675    27.5663    34.2921    27.5674    1447.34    1447.34    -0.6952  1028.2624    34.4538 0.0000e+00
