Pos-Processados/process_op42/Processamento_split/up/uoperantar42_011.cnv
* Sea-Bird SBE 9 Data File:
* FileName = C:\Users\Hidrografia\Desktop\OPXLII\Brutos\OP42011.hdr
* Software Version Seasave V 7.26.7.107
* Temperature SN = 6502
* Conductivity SN = 4998
* Number of Bytes Per Scan = 31
* Number of Voltage Words = 2
* Number of Scans Averaged by the Deck Unit = 1
* NMEA Latitude = 45 08.67 S
* NMEA Longitude = 055 57.85 W
* NMEA UTC (Time) = Oct 19 2023 08:19:59
* NMEA baud rate = 4800
** H41
** NPOALTEMAXIMIANO
** NUMERO DA ESTACAO (XXX) 011
** LAT (XX XX.XX S/N) 45 5.419 S
** LONG (XXX XX.XX W/E) 055 57.980 W
** DATAHORA (dd/mm/aaaa hh:mm Z) 19/10/2023 0819Z
** PROFUNDIDADE (m) 5475
** OPERADOR CT FILIPE LOPES
# nquan = 30
# nvalues = 1013                        
# units = specified
# name 0 = scan: Scan Count
# name 1 = timeJ: Julian Days
# name 2 = latitude: Latitude [deg]
# name 3 = longitude: Longitude [deg]
# name 4 = dz/dtM: Descent Rate [m/s]
# name 5 = avgsvCM: Average Sound Velocity [Chen-Millero, m/s]
# name 6 = prDM: Pressure, Digiquartz [db]
# name 7 = depSM: Depth [salt water, m]
# name 8 = t090C: Temperature [ITS-90, deg C]
# name 9 = t190C: Temperature, 2 [ITS-90, deg C]
# name 10 = T2-T190C: Temperature Difference, 2 - 1 [ITS-90, deg C]
# name 11 = potemp090C: Potential Temperature [ITS-90, deg C]
# name 12 = potemp190C: Potential Temperature, 2 [ITS-90, deg C]
# name 13 = potemp90Cdiff: Potential Temperature, Diff, 2 - 1 [ITS-90, deg C]
# name 14 = c0S/m: Conductivity [S/m]
# name 15 = c1S/m: Conductivity, 2 [S/m]
# name 16 = C2-C1S/m: Conductivity Difference, 2 - 1 [S/m]
# name 17 = sal00: Salinity, Practical [PSU]
# name 18 = sal11: Salinity, Practical, 2 [PSU]
# name 19 = sbeox0ML/L: Oxygen, SBE 43 [ml/l]
# name 20 = sigma-é00: Density [sigma-theta, kg/m^3]
# name 21 = sigma-é11: Density, 2 [sigma-theta, kg/m^3]
# name 22 = sal00: Salinity, Practical [PSU]
# name 23 = sigma-é00: Density [sigma-theta, kg/m^3]
# name 24 = svCM: Sound Velocity [Chen-Millero, m/s]
# name 25 = svCM1: Sound Velocity, 2 [Chen-Millero, m/s]
# name 26 = gsw_ptA0: potential temperature [ITS-90, deg C]
# name 27 = gsw_densityA0: density, TEOS-10 [density, kg/m^3]
# name 28 = gsw_saA0: Absolute Salinity [g/kg]
# name 29 = flag:
# span 0 =      32686,      64842       
# span 1 = 292.362973, 292.378481       
# span 2 =  -45.15070,  -45.14777       
# span 3 =  -55.95854,  -55.95214       
# span 4 =     -1.502,     -0.121       
# span 5 =    1474.96,    1474.96       
# span 6 =      2.000,   1014.000       
# span 7 =      1.992,   1003.303       
# span 8 =     2.7717,    12.3772       
# span 9 =     2.7723,    12.3793       
# span 10 =    -0.9215,     0.3450      
# span 11 =     2.7047,    12.3715      
# span 12 =     2.7053,    12.3736      
# span 13 =    -0.9211,     0.3449      
# span 14 =   3.125101,   4.051111      
# span 15 =   3.125082,   4.050918      
# span 16 =  -0.094903,   0.038685      
# span 17 =    34.1125,    35.1181      
# span 18 =    34.1102,    35.1137      
# span 19 =     4.0879,     6.5033      
# span 20 =    26.5238,    27.4697      
# span 21 =    26.5237,    27.4693      
# span 22 =    34.1119,    35.1254      
# span 23 =    26.5201,    27.4697      
# span 24 =    1471.40,    1498.97      
# span 25 =    1471.39,    1498.97      
# span 26 =     2.7046,    12.3715      
# span 27 =  1026.5365,  1032.1742      
# span 28 =    34.2731,    35.2914      
# span 29 = 0.0000e+00, 0.0000e+00      
# interval = decibars: 1                
# start_time = Oct 19 2023 08:19:59 [NMEA time, header]
# bad_flag = -9.990e-29
*END*
      32686 292.362973  -45.14777  -55.95854     -0.329    1474.96   1014.000   1003.303     2.7718     2.7723     0.0006     2.7047     2.7053     0.0006   3.145864   3.145876   0.000012    34.4466    34.4462     4.0898    27.4697    27.4693    34.4466    27.4697    1477.38    1477.38     2.7046  1032.1742    34.6134 0.0000e+00
      32812 292.363034  -45.14778  -55.95854     -0.295    1474.96   1013.000   1002.319     2.7720     2.7732     0.0012     2.7050     2.7062     0.0012   3.145805   3.145850   0.000041    34.4462    34.4454     4.0900    27.4693    27.4686    34.4462    27.4693    1477.36    1477.37     2.7049  1032.1691    34.6129 0.0000e+00
      32941 292.363096  -45.14780  -55.95849     -0.352    1474.96   1012.000   1001.335     2.7717     2.7730     0.0013     2.7048     2.7061     0.0013   3.145747   3.145785   0.000038    34.4463    34.4454     4.0899    27.4695    27.4686    34.4463    27.4694    1477.35    1477.35     2.7047  1032.1645    34.6128 0.0000e+00
      33040 292.363144  -45.14780  -55.95848     -0.218    1474.96   1011.000   1000.344     2.7719     2.7730     0.0011     2.7051     2.7062     0.0011   3.145714   3.145744   0.000032    34.4462    34.4453     4.0927    27.4693    27.4686    34.4462    27.4693    1477.33    1477.33     2.7050  1032.1602    34.6132 0.0000e+00
      33107 292.363176  -45.14780  -55.95846     -0.373    1474.96   1010.000    999.355     2.7727     2.7736     0.0009     2.7059     2.7068     0.0009   3.145722   3.145743   0.000022    34.4459    34.4452     4.0916    27.4690    27.4684    34.4459    27.4691    1477.32    1477.32     2.7058  1032.1553    34.6129 0.0000e+00
      33164 292.363204  -45.14782  -55.95846     -0.419    1474.96   1009.000    998.371     2.7743     2.7744     0.0001     2.7077     2.7078     0.0001   3.145819   3.145763  -0.000054    34.4458    34.4451     4.0946    27.4688    27.4682    34.4459    27.4689    1477.31    1477.31     2.7075  1032.1505    34.6129 0.0000e+00
      33231 292.363236  -45.14782  -55.95844     -0.331    1474.96   1008.000    997.380     2.7754     2.7751    -0.0004     2.7088     2.7084    -0.0004   3.145868   3.145761  -0.000102    34.4457    34.4449     4.0951    27.4687    27.4680    34.4458    27.4687    1477.30    1477.29     2.7087  1032.1457    34.6128 0.0000e+00
      33268 292.363254  -45.14782  -55.95844     -0.616    1474.96   1007.000    996.396     2.7773     2.7766    -0.0007     2.7107     2.7101    -0.0007   3.145976   3.145871  -0.000105    34.4456    34.4450     4.0912    27.4684    27.4680    34.4457    27.4685    1477.29    1477.28     2.7106  1032.1408    34.6127 0.0000e+00
      33300 292.363269  -45.14782  -55.95844     -0.750    1474.96   1006.000    995.409     2.7814     2.7814     0.0000     2.7148     2.7149     0.0000   3.146342   3.146262  -0.000082    34.4458    34.4448     4.0879    27.4682    27.4674    34.4464    27.4686    1477.29    1477.29     2.7147  1032.1363    34.6133 0.0000e+00
      33330 292.363284  -45.14782  -55.95842     -0.777    1474.96   1005.000    994.422     2.7846     2.7859     0.0014     2.7181     2.7194     0.0014   3.146549   3.146625   0.000056    34.4456    34.4449     4.0917    27.4678    27.4670    34.4460    27.4681    1477.29    1477.29     2.7180  1032.1310    34.6130 0.0000e+00
      33363 292.363299  -45.14782  -55.95842     -0.765    1474.96   1004.000    993.435     2.7867     2.7886     0.0019     2.7203     2.7222     0.0019   3.146730   3.146821   0.000092    34.4460    34.4451     4.0918    27.4679    27.4670    34.4465    27.4683    1477.28    1477.29     2.7202  1032.1265    34.6134 0.0000e+00
      33404 292.363319  -45.14783  -55.95841     -0.592    1474.96   1003.000    992.448     2.7886     2.7897     0.0011     2.7223     2.7233     0.0010   3.146896   3.146833  -0.000044    34.4466    34.4449     4.0904    27.4682    27.4667    34.4469    27.4684    1477.27    1477.27     2.7222  1032.1221    34.6139 0.0000e+00
      33443 292.363338  -45.14784  -55.95840     -0.592    1474.96   1002.000    991.461     2.7951     2.7927    -0.0023     2.7287     2.7264    -0.0023   3.147432   3.147119  -0.000300    34.4464    34.4452     4.0912    27.4675    27.4667    34.4472    27.4681    1477.28    1477.27     2.7286  1032.1169    34.6141 0.0000e+00
      33474 292.363353  -45.14784  -55.95840     -0.741    1474.96   1001.000    990.473     2.7981     2.7971    -0.0009     2.7318     2.7309    -0.0009   3.147663   3.147545  -0.000159    34.4463    34.4454     4.0950    27.4671    27.4665    34.4473    27.4679    1477.28    1477.27     2.7317  1032.1121    34.6142 0.0000e+00
      33503 292.363367  -45.14785  -55.95840     -0.827    1474.96   1000.000    989.487     2.8108     2.8134     0.0026     2.7445     2.7471     0.0026   3.148713   3.148851   0.000115    34.4461    34.4448     4.0889    27.4659    27.4645    34.4470    27.4666    1477.32    1477.33     2.7444  1032.1058    34.6140 0.0000e+00
      33532 292.363381  -45.14786  -55.95840     -0.828    1474.96    999.000    988.499     2.8090     2.8178     0.0088     2.7428     2.7515     0.0087   3.148487   3.149151   0.000658    34.4460    34.4446     4.0920    27.4659    27.4640    34.4467    27.4665    1477.29    1477.33     2.7427  1032.1012    34.6137 0.0000e+00
      33566 292.363397  -45.14786  -55.95838     -0.742    1474.96    998.000    987.512     2.8148     2.8181     0.0033     2.7486     2.7519     0.0033   3.148876   3.149128   0.000264    34.4450    34.4447     4.0902    27.4646    27.4641    34.4458    27.4652    1477.30    1477.31     2.7485  1032.0951    34.6126 0.0000e+00
      33599 292.363414  -45.14786 -9.990e-29     -0.710    1474.96    997.000    986.525     2.8193     2.8186    -0.0006     2.7532     2.7525    -0.0006   3.149204   3.149103  -0.000093    34.4448    34.4443     4.0886    27.4640    27.4637    34.4456    27.4646    1477.30    1477.30     2.7530  1032.0896    34.6120 0.0000e+00
      33632 292.363430  -45.14786 -9.990e-29     -0.722    1474.96    996.000    985.538     2.8213     2.8210    -0.0003     2.7552     2.7549    -0.0003   3.149293   3.149235  -0.000056    34.4444    34.4441     4.0951    27.4635    27.4633    34.4451    27.4640    1477.29    1477.29     2.7551  1032.0843    34.6115 0.0000e+00
      33665 292.363445  -45.14786  -55.95836     -0.735    1474.96    995.000    984.551     2.8222     2.8242     0.0020     2.7562     2.7581     0.0020   3.149300   3.149390   0.000085    34.4442    34.4431     4.0981    27.4632    27.4622    34.4447    27.4637    1477.28    1477.29     2.7560  1032.0790    34.6107 0.0000e+00
      33694 292.363459 -9.990e-29  -55.95836     -0.795    1474.96    994.000    983.563     2.8230     2.8248     0.0018     2.7571     2.7588     0.0018   3.149308   3.149385   0.000078    34.4440    34.4431     4.0993    27.4630    27.4621    34.4444    27.4634    1477.27    1477.27     2.7570  1032.0715    34.6071 0.0000e+00
      33722 292.363473 -9.990e-29  -55.95836     -0.846    1474.96    993.000    982.576     2.8236     2.8256     0.0020     2.7577     2.7597     0.0020   3.149293   3.149386   0.000087    34.4438    34.4427     4.1048    27.4628    27.4618    34.4441    27.4631    1477.25    1477.26     2.7576  1032.0667    34.6069 0.0000e+00
      33752 292.363487 -9.990e-29  -55.95834     -0.827    1474.96    992.000    981.589     2.8245     2.8278     0.0033     2.7587     2.7620     0.0033   3.149302   3.149495   0.000183    34.4434    34.4421     4.0995    27.4624    27.4611    34.4438    27.4627    1477.24    1477.25     2.7586  1032.0617    34.6066 0.0000e+00
      33779 292.363500  -45.14788  -55.95834     -0.846    1474.96    991.000    980.602     2.8266     2.8287     0.0021     2.7608     2.7629     0.0021   3.149422   3.149509   0.000091    34.4432    34.4420     4.1004    27.4620    27.4610    34.4436    27.4624    1477.23    1477.24     2.7607  1032.0585    34.6087 0.0000e+00
      33803 292.363512  -45.14788 -9.990e-29     -0.937    1474.96    990.000    979.615     2.8283     2.8303     0.0019     2.7626     2.7646     0.0019   3.149499   3.149580   0.000085    34.4428    34.4418     4.1055    27.4616    27.4606    34.4432    27.4619    1477.22    1477.23     2.7625  1032.0545    34.6096 0.0000e+00
      33830 292.363525  -45.14788 -9.990e-29     -0.954    1474.96    989.000    978.628     2.8302     2.8340     0.0038     2.7646     2.7683     0.0038   3.149615   3.149888   0.000250    34.4427    34.4417     4.1008    27.4613    27.4602    34.4431    27.4617    1477.21    1477.23     2.7645  1032.0496    34.6096 0.0000e+00
      33861 292.363540  -45.14788 -9.990e-29     -0.793    1474.96    988.000    977.641     2.8334     2.8361     0.0027     2.7678     2.7705     0.0027   3.149821   3.150028   0.000211    34.4423    34.4420     4.1017    27.4607    27.4602    34.4428    27.4611    1477.21    1477.22     2.7677  1032.0444    34.6092 0.0000e+00
      33891 292.363554  -45.14788 -9.990e-29     -0.781    1474.96    987.000    976.654     2.8378     2.8354    -0.0023     2.7722     2.7699    -0.0023   3.150316   3.149950  -0.000282    34.4432    34.4423     4.1094    27.4611    27.4605    34.4447    27.4623    1477.21    1477.20     2.7721  1032.0408    34.6111 0.0000e+00
      33916 292.363566  -45.14788 -9.990e-29     -0.905    1474.96    986.000    975.666     2.8490     2.8505     0.0015     2.7834     2.7849     0.0015   3.151342   3.151525   0.000019    34.4442    34.4429     4.1064    27.4609    27.4596    34.4458    27.4621    1477.25    1477.25     2.7833  1032.0358    34.6122 0.0000e+00
      33940 292.363578  -45.14788 -9.990e-29     -0.978    1474.96    985.000    974.679     2.8681     2.8752     0.0071     2.8025     2.8095     0.0071   3.153124   3.153596   0.000527    34.4453    34.4442     4.1032    27.4601    27.4585    34.4476    27.4619    1477.32    1477.35     2.8023  1032.0305    34.6141 0.0000e+00
      33965 292.363590  -45.14788  -55.95830     -0.961    1474.96    984.000    973.692     2.8710     2.8734     0.0023     2.8054     2.8078     0.0023   3.153251   3.153359   0.000145    34.4454    34.4447     4.1125    27.4599    27.4591    34.4466    27.4608    1477.31    1477.32     2.8053  1032.0248    34.6131 0.0000e+00
      33991 292.363602  -45.14788  -55.95830     -0.948    1474.96    983.000    972.704     2.8710     2.8712     0.0002     2.8055     2.8057     0.0002   3.153134   3.153037  -0.000066    34.4449    34.4439     4.1131    27.4595    27.4587    34.4457    27.4601    1477.29    1477.29     2.8054  1032.0198    34.6125 0.0000e+00
      34021 292.363617  -45.14790  -55.95830     -0.858    1474.96    982.000    971.717     2.8687     2.8682    -0.0005     2.8033     2.8028    -0.0005   3.152820   3.152638  -0.000203    34.4444    34.4425     4.1171    27.4593    27.4577    34.4448    27.4596    1477.27    1477.26     2.8032  1032.0147    34.6117 0.0000e+00
      34052 292.363632  -45.14790  -55.95830     -0.765    1474.96    981.000    970.730     2.8652     2.8659     0.0007     2.7999     2.8006     0.0007   3.152287   3.152306   0.000020    34.4424    34.4419     4.1173    27.4580    27.4575    34.4426    27.4582    1477.23    1477.23     2.7998  1032.0088    34.6095 0.0000e+00
      34080 292.363645  -45.14790  -55.95829     -0.818    1474.96    980.000    969.743     2.8630     2.8647     0.0017     2.7978     2.7995     0.0017   3.151949   3.152057   0.000123    34.4412    34.4408     4.1211    27.4572    27.4568    34.4414    27.4573    1477.20    1477.21     2.7977  1032.0035    34.6082 0.0000e+00
      34102 292.363656  -45.14790  -55.95828     -0.965    1474.96    979.000    968.756     2.8616     2.8616     0.0000     2.7964     2.7965     0.0001   3.151708   3.151618  -0.000096    34.4405    34.4393     4.1221    27.4567    27.4558    34.4405    27.4568    1477.18    1477.18     2.7963  1031.9984    34.6073 0.0000e+00
      34122 292.363665  -45.14790  -55.95828     -1.128    1474.96    978.000    967.768     2.8608     2.8615     0.0007     2.7958     2.7965     0.0007   3.151584   3.151562  -0.000026    34.4402    34.4391     4.1277    27.4565    27.4556    34.4403    27.4566    1477.16    1477.16     2.7956  1031.9937    34.6071 0.0000e+00
      34142 292.363675  -45.14791  -55.95828     -1.203    1474.96    977.000    966.781     2.8610     2.8625     0.0015     2.7960     2.7975     0.0014   3.151546   3.151596   0.000047    34.4398    34.4388     4.1223    27.4562    27.4553    34.4402    27.4565    1477.14    1477.15     2.7959  1031.9890    34.6070 0.0000e+00
      34166 292.363687  -45.14792  -55.95827     -1.096    1474.96    976.000    965.798     2.8624     2.8646     0.0022     2.7974     2.7997     0.0022   3.151606   3.151735   0.000123    34.4398    34.4389     4.1263    27.4561    27.4552    34.4400    27.4563    1477.13    1477.14     2.7973  1031.9841    34.6068 0.0000e+00
      34198 292.363702  -45.14792  -55.95826     -0.800    1474.96    975.000    964.803     2.8633     2.8627    -0.0005     2.7984     2.7979    -0.0005   3.151670   3.151567  -0.000082    34.4400    34.4396     4.1317    27.4562    27.4559    34.4403    27.4565    1477.12    1477.12     2.7983  1031.9796    34.6071 0.0000e+00
      34230 292.363718  -45.14792  -55.95826     -0.730    1474.96    974.000    963.819     2.8656     2.8653    -0.0004     2.8008     2.8005    -0.0004   3.151834   3.151745  -0.000091    34.4400    34.4393     4.1287    27.4560    27.4554    34.4404    27.4563    1477.11    1477.11     2.8007  1031.9748    34.6072 0.0000e+00
      34259 292.363731  -45.14792  -55.95826     -0.823    1474.96    973.000    962.832     2.8677     2.8714     0.0037     2.8030     2.8067     0.0037   3.151998   3.152265   0.000222    34.4401    34.4389     4.1307    27.4559    27.4546    34.4407    27.4563    1477.11    1477.12     2.8028  1031.9702    34.6074 0.0000e+00
      34284 292.363744  -45.14792  -55.95826     -0.903    1474.96    972.000    961.845     2.8764     2.8804     0.0039     2.8117     2.8156     0.0039   3.152758   3.153035   0.000234    34.4400    34.4387     4.1267    27.4550    27.4536    34.4412    27.4559    1477.13    1477.14     2.8116  1031.9650    34.6079 0.0000e+00
      34304 292.363753  -45.14792  -55.95824     -1.039    1474.96    971.000    960.858     2.8878     2.8992     0.0113     2.8231     2.8344     0.0113   3.153807   3.154641   0.000804    34.4401    34.4378     4.1269    27.4540    27.4512    34.4423    27.4558    1477.16    1477.21     2.8230  1031.9600    34.6091 0.0000e+00
      34323 292.363763  -45.14792  -55.95824     -1.194    1474.96    970.000    959.870     2.9009     2.9109     0.0101     2.8361     2.8461     0.0100   3.154906   3.155598   0.000712    34.4400    34.4379     4.1299    27.4528    27.4503    34.4423    27.4547    1477.20    1477.24     2.8360  1031.9539    34.6091 0.0000e+00
      34342 292.363772  -45.14792  -55.95824     -1.260    1474.96    969.000    958.883     2.9087     2.9145     0.0057     2.8440     2.8497     0.0057   3.155449   3.155838   0.000391    34.4395    34.4382     4.1317    27.4518    27.4502    34.4411    27.4530    1477.22    1477.24     2.8438  1031.9474    34.6079 0.0000e+00
      34364 292.363782  -45.14792  -55.95824     -1.206    1474.96    968.000    957.896     2.9149     2.9192     0.0044     2.8502     2.8545     0.0043   3.155940   3.156191   0.000275    34.4394    34.4381     4.1367    27.4511    27.4497    34.4410    27.4524    1477.23    1477.24     2.8500  1031.9421    34.6078 0.0000e+00
      34391 292.363795  -45.14793  -55.95824     -0.994    1474.96    967.000    956.909     2.9163     2.9178     0.0015     2.8516     2.8531     0.0015   3.155986   3.155971   0.000029    34.4394    34.4381     4.1397    27.4509    27.4498    34.4406    27.4519    1477.22    1477.22     2.8515  1031.9370    34.6074 0.0000e+00
