Pos-Processados/process_op42/Processamento_split/up/uoperantar42_023.cnv
* Sea-Bird SBE 9 Data File:
* FileName = C:\Users\Hidrografia\Desktop\OPXLII\Brutos\OP42023.hdr
* Software Version Seasave V 7.26.7.107
* Temperature SN = 6502
* Conductivity SN = 4998
* Number of Bytes Per Scan = 37
* Number of Voltage Words = 4
* Number of Scans Averaged by the Deck Unit = 1
* NMEA Latitude = 62 09.26 S
* NMEA Longitude = 058 24.38 W
* NMEA UTC (Time) = Nov 08 2023 09:02:28
* NMEA baud rate = 4800
** H41
** NPOALTEMAXIMIANO
** NUMERO DA ESTACAO (XXX) 023
** LAT (XX XX.XX S/N) 62 09.60 S
** LONG (XXX XX.XX W/E) 058 24.03 W
** DATAHORA (dd/mm/aaaa hh:mm Z) 08/11/2023 0901Z
** PROFUNDIDADE (m) 462
** OPERADOR CT FILIPE LOPES
# nquan = 30
# nvalues = 429                         
# units = specified
# name 0 = scan: Scan Count
# name 1 = timeJ: Julian Days
# name 2 = latitude: Latitude [deg]
# name 3 = longitude: Longitude [deg]
# name 4 = dz/dtM: Descent Rate [m/s]
# name 5 = avgsvCM: Average Sound Velocity [Chen-Millero, m/s]
# name 6 = prDM: Pressure, Digiquartz [db]
# name 7 = depSM: Depth [salt water, m]
# name 8 = t090C: Temperature [ITS-90, deg C]
# name 9 = t190C: Temperature, 2 [ITS-90, deg C]
# name 10 = T2-T190C: Temperature Difference, 2 - 1 [ITS-90, deg C]
# name 11 = potemp090C: Potential Temperature [ITS-90, deg C]
# name 12 = potemp190C: Potential Temperature, 2 [ITS-90, deg C]
# name 13 = potemp90Cdiff: Potential Temperature, Diff, 2 - 1 [ITS-90, deg C]
# name 14 = c0S/m: Conductivity [S/m]
# name 15 = c1S/m: Conductivity, 2 [S/m]
# name 16 = C2-C1S/m: Conductivity Difference, 2 - 1 [S/m]
# name 17 = sal00: Salinity, Practical [PSU]
# name 18 = sal11: Salinity, Practical, 2 [PSU]
# name 19 = sbeox0ML/L: Oxygen, SBE 43 [ml/l]
# name 20 = sigma-é00: Density [sigma-theta, kg/m^3]
# name 21 = sigma-é11: Density, 2 [sigma-theta, kg/m^3]
# name 22 = sal00: Salinity, Practical [PSU]
# name 23 = sigma-é00: Density [sigma-theta, kg/m^3]
# name 24 = svCM: Sound Velocity [Chen-Millero, m/s]
# name 25 = svCM1: Sound Velocity, 2 [Chen-Millero, m/s]
# name 26 = gsw_ptA0: potential temperature [ITS-90, deg C]
# name 27 = gsw_densityA0: density, TEOS-10 [density, kg/m^3]
# name 28 = gsw_saA0: Absolute Salinity [g/kg]
# name 29 = flag:
# span 0 =      20839,      33294       
# span 1 = 312.386762, 312.392769       
# span 2 =  -62.15478,  -62.15450       
# span 3 =  -58.39898,  -58.39391       
# span 4 =     -1.055,     -0.190       
# span 5 =    1448.49,    1448.49       
# span 6 =      2.000,    430.000       
# span 7 =      1.983,    425.431       
# span 8 =    -0.8457,    -0.5123       
# span 9 =    -0.8448,    -0.5117       
# span 10 =    -0.0078,     0.0112      
# span 11 =    -0.8519,    -0.5264      
# span 12 =    -0.8509,    -0.5258      
# span 13 =    -0.0078,     0.0111      
# span 14 =   2.789048,   2.834793      
# span 15 =   2.789015,   2.834816      
# span 16 =  -0.000744,   0.001089      
# span 17 =    34.2875,    34.4205      
# span 18 =    34.2863,    34.4198      
# span 19 =     6.5660,     7.5750      
# span 20 =    27.5619,    27.6656      
# span 21 =    27.5606,    27.6650      
# span 22 =    34.2898,    34.4204      
# span 23 =    27.5626,    27.6655      
# span 24 =    1445.42,    1452.85      
# span 25 =    1445.43,    1452.84      
# span 26 =    -0.8517,    -0.5262      
# span 27 =  1027.5773,  1029.7192      
# span 28 =    34.4556,    34.5889      
# span 29 = 0.0000e+00, 0.0000e+00      
# interval = decibars: 1                
# start_time = Nov 08 2023 09:02:28 [NMEA time, header]
# bad_flag = -9.990e-29
*END*
[from data line 339]
      30544 312.391443  -62.15464  -58.39503     -0.942    1448.49     91.000     90.107    -0.7191    -0.7193    -0.0002    -0.7217    -0.7219    -0.0002   2.793892   2.793778  -0.000115    34.2910    34.2896     7.5014    27.5676    27.5666    34.2911    27.5677    1446.33    1446.33    -0.7217  1028.0084    34.4572 0.0000e+00
      30571 312.391456  -62.15464  -58.39502     -0.909    1448.49     90.000     89.117    -0.7174    -0.7173     0.0002    -0.7201    -0.7199     0.0002   2.793991   2.793905  -0.000087    34.2910    34.2896     7.5068    27.5676    27.5665    34.2912    27.5677    1446.32    1446.32    -0.7200  1028.0036    34.4573 0.0000e+00
      30599 312.391469  -62.15464  -58.39501     -0.865    1448.49     89.000     88.127    -0.7163    -0.7160     0.0004    -0.7189    -0.7186     0.0004   2.794027   2.793964  -0.000063    34.2909    34.2897     7.5225    27.5675    27.5665    34.2910    27.5676    1446.31    1446.31    -0.7188  1027.9986    34.4571 0.0000e+00
      30628 312.391483  -62.15464  -58.39500     -0.850    1448.49     88.000     87.137    -0.7161    -0.7157     0.0004    -0.7187    -0.7183     0.0004   2.794000   2.793944  -0.000053    34.2909    34.2897     7.5122    27.5674    27.5664    34.2910    27.5676    1446.30    1446.30    -0.7186  1027.9939    34.4571 0.0000e+00
      30655 312.391496  -62.15464  -58.39498     -0.874    1448.49     87.000     86.147    -0.7150    -0.7151    -0.0002    -0.7175    -0.7177    -0.0002   2.794055   2.793943  -0.000110    34.2909    34.2897     7.5055    27.5674    27.5664    34.2911    27.5676    1446.29    1446.28    -0.7175  1027.9890    34.4572 0.0000e+00
      30682 312.391509  -62.15464  -58.39498     -0.890    1448.49     86.000     85.157    -0.7139    -0.7140    -0.0001    -0.7164    -0.7165    -0.0001   2.794085   2.793994  -0.000089    34.2907    34.2896     7.4945    27.5672    27.5663    34.2909    27.5674    1446.27    1446.27    -0.7163  1027.9840    34.4569 0.0000e+00
      30711 312.391523  -62.15464  -58.39496     -0.838    1448.49     85.000     84.167    -0.7137    -0.7137     0.0000    -0.7162    -0.7161     0.0000   2.794057   2.793975  -0.000085    34.2908    34.2897     7.4997    27.5673    27.5663    34.2909    27.5674    1446.26    1446.26    -0.7161  1027.9793    34.4570 0.0000e+00
      30741 312.391538  -62.15464  -58.39496     -0.796    1448.49     84.000     83.177    -0.7130    -0.7126     0.0003    -0.7154    -0.7151     0.0003   2.794067   2.794009  -0.000055    34.2907    34.2895     7.5089    27.5671    27.5662    34.2909    27.5673    1446.25    1446.25    -0.7154  1027.9744    34.4569 0.0000e+00
      30770 312.391551  -62.15464  -58.39495     -0.831    1448.49     83.000     82.187    -0.7122    -0.7117     0.0006    -0.7146    -0.7141     0.0006   2.794091   2.794046  -0.000049    34.2908    34.2895     7.5089    27.5672    27.5661    34.2909    27.5673    1446.23    1446.23    -0.7146  1027.9696    34.4569 0.0000e+00
      30798 312.391565  -62.15464  -58.39494     -0.856    1448.49     82.000     81.197    -0.7127    -0.7118     0.0009    -0.7151    -0.7142     0.0009   2.794008   2.793997  -0.000014    34.2910    34.2897     7.5009    27.5673    27.5663    34.2910    27.5674    1446.21    1446.22    -0.7150  1027.9649    34.4570 0.0000e+00
      30826 312.391578  -62.15464  -58.39492     -0.851    1448.49     81.000     80.207    -0.7131    -0.7121     0.0010    -0.7154    -0.7144     0.0010   2.793928   2.793920  -0.000011    34.2910    34.2896     7.5024    27.5674    27.5663    34.2910    27.5674    1446.20    1446.20    -0.7154  1027.9601    34.4569 0.0000e+00
      30854 312.391592  -62.15462  -58.39491     -0.852    1448.49     80.000     79.217    -0.7128    -0.7116     0.0012    -0.7151    -0.7139     0.0011   2.793920   2.793917   0.000002    34.2910    34.2897     7.5093    27.5674    27.5663    34.2911    27.5675    1446.18    1446.19    -0.7151  1027.9554    34.4571 0.0000e+00
      30882 312.391605  -62.15462  -58.39490     -0.861    1448.49     79.000     78.227    -0.7110    -0.7107     0.0003    -0.7133    -0.7130     0.0003   2.794020   2.793956  -0.000065    34.2909    34.2897     7.5020    27.5672    27.5663    34.2911    27.5674    1446.18    1446.17    -0.7132  1027.9505    34.4570 0.0000e+00
      30910 312.391619  -62.15462  -58.39489     -0.851    1448.49     78.000     77.237    -0.7106    -0.7101     0.0004    -0.7128    -0.7124     0.0004   2.794005   2.793949  -0.000052    34.2909    34.2897     7.5039    27.5672    27.5663    34.2911    27.5673    1446.16    1446.16    -0.7128  1027.9456    34.4570 0.0000e+00
      30941 312.391634  -62.15462  -58.39488     -0.793    1448.49     77.000     76.247    -0.7088    -0.7101    -0.0013    -0.7110    -0.7124    -0.0013   2.794104   2.793910  -0.000182    34.2907    34.2897     7.5213    27.5669    27.5662    34.2910    27.5672    1446.15    1446.14    -0.7110  1027.9407    34.4569 0.0000e+00
      30971 312.391649  -62.15462  -58.39486     -0.779    1448.49     76.000     75.257    -0.7062    -0.7069    -0.0007    -0.7084    -0.7091    -0.0007   2.794280   2.794118  -0.000165    34.2907    34.2893     7.5100    27.5669    27.5658    34.2910    27.5671    1446.15    1446.14    -0.7083  1027.9358    34.4569 0.0000e+00
      30999 312.391662  -62.15462  -58.39484     -0.847    1448.49     75.000     74.267    -0.7034    -0.7050    -0.0016    -0.7056    -0.7072    -0.0016   2.794506   2.794243  -0.000240    34.2909    34.2894     7.5055    27.5669    27.5658    34.2916    27.5674    1446.15    1446.13    -0.7055  1027.9313    34.4574 0.0000e+00
      31025 312.391674  -62.15462  -58.39483     -0.901    1448.49     74.000     73.277    -0.6946    -0.6989    -0.0043    -0.6968    -0.7011    -0.0043   2.795200   2.794724  -0.000470    34.2905    34.2891     7.5054    27.5662    27.5652    34.2915    27.5670    1446.17    1446.15    -0.6967  1027.9261    34.4574 0.0000e+00
      31052 312.391687  -62.15462  -58.39482     -0.913    1448.49     73.000     72.287    -0.6918    -0.6940    -0.0022    -0.6940    -0.6961    -0.0022   2.795321   2.795060  -0.000268    34.2900    34.2889     7.5049    27.5657    27.5649    34.2906    27.5662    1446.17    1446.15    -0.6939  1027.9205    34.4565 0.0000e+00
      31079 312.391700  -62.15462  -58.39482     -0.887    1448.49     72.000     71.297    -0.6823    -0.6860    -0.0037    -0.6844    -0.6881    -0.0037   2.796115   2.795697  -0.000387    34.2893    34.2882     7.4982    27.5647    27.5640    34.2912    27.5663    1446.20    1446.18    -0.6844  1027.9157    34.4571 0.0000e+00
      31108 312.391714  -62.15462  -58.39480     -0.855    1448.49     71.000     70.306    -0.6736    -0.6756    -0.0020    -0.6757    -0.6777    -0.0020   2.796740   2.796492  -0.000245    34.2889    34.2878     7.4973    27.5640    27.5632    34.2904    27.5653    1446.22    1446.21    -0.6756  1027.9099    34.4563 0.0000e+00
      31137 312.391729  -62.15462  -58.39480     -0.812    1448.49     70.000     69.317    -0.6524    -0.6601    -0.0078    -0.6544    -0.6622    -0.0078   2.798436   2.797708  -0.000744    34.2875    34.2863     7.5013    27.5620    27.5613    34.2898    27.5639    1446.30    1446.26    -0.6544  1027.9037    34.4556 0.0000e+00
      31165 312.391742  -62.15462  -58.39478     -0.833    1448.49     69.000     68.327    -0.6444    -0.6494    -0.0050    -0.6464    -0.6515    -0.0050   2.799179   2.798547  -0.000580    34.2891    34.2869     7.5107    27.5630    27.5614    34.2915    27.5649    1446.32    1446.30    -0.6464  1027.8998    34.4573 0.0000e+00
      31192 312.391755  -62.15462  -58.39477     -0.886    1448.49     68.000     67.336    -0.6370    -0.6420    -0.0050    -0.6390    -0.6440    -0.0050   2.799724   2.799169  -0.000547    34.2888    34.2871     7.5178    27.5624    27.5612    34.2911    27.5642    1446.34    1446.32    -0.6390  1027.8944    34.4569 0.0000e+00
      31218 312.391767  -62.15461  -58.39476     -0.914    1448.49     67.000     66.347    -0.6279    -0.6354    -0.0074    -0.6299    -0.6373    -0.0074   2.800444   2.799682  -0.000740    34.2892    34.2876     7.5232    27.5623    27.5613    34.2911    27.5639    1446.37    1446.33    -0.6299  1027.8892    34.4569 0.0000e+00
      31243 312.391780  -62.15460  -58.39475     -0.939    1448.49     66.000     65.356    -0.6211    -0.6258    -0.0047    -0.6231    -0.6278    -0.0047   2.800978   2.800469  -0.000538    34.2891    34.2872     7.5281    27.5619    27.5606    34.2912    27.5636    1446.38    1446.36    -0.6230  1027.8842    34.4570 0.0000e+00
      31268 312.391792  -62.15460  -58.39474     -0.964    1448.49     65.000     64.366    -0.6173    -0.6188    -0.0015    -0.6193    -0.6207    -0.0015   2.801250   2.800994  -0.000275    34.2897    34.2877     7.5327    27.5623    27.5607    34.2912    27.5635    1446.39    1446.38    -0.6192  1027.8792    34.4570 0.0000e+00
      31294 312.391804  -62.15460  -58.39473     -0.941    1448.49     64.000     63.376    -0.6162    -0.6168    -0.0006    -0.6181    -0.6187    -0.0006   2.801292   2.801142  -0.000171    34.2898    34.2881     7.5354    27.5623    27.5610    34.2912    27.5634    1446.37    1446.37    -0.6181  1027.8744    34.4569 0.0000e+00
      31320 312.391817  -62.15460  -58.39472     -0.918    1448.49     63.000     62.386    -0.6162    -0.6161     0.0001    -0.6181    -0.6180     0.0001   2.801237   2.801145  -0.000100    34.2899    34.2885     7.5486    27.5624    27.5612    34.2910    27.5633    1446.36    1446.36    -0.6180  1027.8694    34.4567 0.0000e+00
      31346 312.391829  -62.15460  -58.39470     -0.923    1448.49     62.000     61.396    -0.6166    -0.6158     0.0009    -0.6185    -0.6176     0.0009   2.801161   2.801127  -0.000044    34.2902    34.2886     7.5418    27.5626    27.5613    34.2911    27.5633    1446.34    1446.34    -0.6184  1027.8647    34.4568 0.0000e+00
      31372 312.391842  -62.15460  -58.39470     -0.926    1448.49     61.000     60.406    -0.6173    -0.6162     0.0011    -0.6191    -0.6180     0.0011   2.801058   2.801045  -0.000022    34.2903    34.2888     7.5429    27.5628    27.5615    34.2910    27.5633    1446.32    1446.32    -0.6191  1027.8600    34.4568 0.0000e+00
      31399 312.391855  -62.15460  -58.39468     -0.900    1448.49     60.000     59.416    -0.6173    -0.6170     0.0004    -0.6191    -0.6188     0.0004   2.801024   2.800937  -0.000088    34.2906    34.2890     7.5480    27.5630    27.5616    34.2913    27.5635    1446.30    1446.30    -0.6190  1027.8553    34.4570 0.0000e+00
      31427 312.391868  -62.15460  -58.39468     -0.873    1448.49     59.000     58.425    -0.6166    -0.6158     0.0007    -0.6183    -0.6176     0.0007   2.801025   2.800983  -0.000054    34.2905    34.2890     7.5477    27.5628    27.5616    34.2910    27.5633    1446.29    1446.29    -0.6183  1027.8503    34.4567 0.0000e+00
      31454 312.391881  -62.15460  -58.39466     -0.880    1448.49     58.000     57.436    -0.6172    -0.6162     0.0010    -0.6190    -0.6179     0.0010   2.800915   2.800900  -0.000015    34.2905    34.2891     7.5394    27.5629    27.5617    34.2909    27.5632    1446.27    1446.27    -0.6189  1027.8455    34.4566 0.0000e+00
      31479 312.391893  -62.15460  -58.39465     -0.927    1448.49     57.000     56.445    -0.6165    -0.6158     0.0007    -0.6182    -0.6175     0.0007   2.800941   2.800888  -0.000058    34.2906    34.2890     7.5412    27.5629    27.5616    34.2911    27.5633    1446.26    1446.26    -0.6182  1027.8408    34.4568 0.0000e+00
      31504 312.391905  -62.15460  -58.39464     -0.955    1448.49     56.000     55.455    -0.6152    -0.6150     0.0003    -0.6169    -0.6166     0.0003   2.801002   2.800906  -0.000095    34.2906    34.2890     7.5529    27.5629    27.5616    34.2911    27.5633    1446.25    1446.25    -0.6168  1027.8360    34.4568 0.0000e+00
      31530 312.391918  -62.15460  -58.39463     -0.949    1448.49     55.000     54.465    -0.6146    -0.6143     0.0003    -0.6162    -0.6159     0.0003   2.801008   2.800926  -0.000087    34.2907    34.2892     7.5534    27.5629    27.5617    34.2910    27.5632    1446.23    1446.24    -0.6162  1027.8311    34.4567 0.0000e+00
      31556 312.391931  -62.15460  -58.39462     -0.919    1448.49     54.000     53.475    -0.6143    -0.6138     0.0005    -0.6159    -0.6154     0.0005   2.800981   2.800924  -0.000061    34.2907    34.2893     7.5530    27.5629    27.5617    34.2910    27.5632    1446.22    1446.22    -0.6159  1027.8262    34.4567 0.0000e+00
      31583 312.391944  -62.15460  -58.39461     -0.890    1448.49     53.000     52.485    -0.6143    -0.6136     0.0007    -0.6159    -0.6152     0.0007   2.800938   2.800889  -0.000054    34.2908    34.2892     7.5507    27.5630    27.5617    34.2910    27.5632    1446.20    1446.21    -0.6158  1027.8214    34.4566 0.0000e+00
      31611 312.391957  -62.15460  -58.39460     -0.869    1448.49     52.000     51.494    -0.6145    -0.6137     0.0008    -0.6161    -0.6153     0.0008   2.800862   2.800828  -0.000034    34.2907    34.2893     7.5496    27.5629    27.5618    34.2909    27.5631    1446.19    1446.19    -0.6160  1027.8166    34.4565 0.0000e+00
      31638 312.391970  -62.15460  -58.39458     -0.873    1448.49     51.000     50.504    -0.6145    -0.6137     0.0008    -0.6160    -0.6152     0.0008   2.800816   2.800779  -0.000045    34.2908    34.2893     7.5480    27.5630    27.5617    34.2908    27.5630    1446.17    1446.17    -0.6160  1027.8117    34.4564 0.0000e+00
      31665 312.391983  -62.15458  -58.39458     -0.897    1448.49     50.000     49.514    -0.6184    -0.6165     0.0018    -0.6198    -0.6180     0.0018   2.800393   2.800484   0.000082    34.2904    34.2894     7.5472    27.5629    27.5620    34.2901    27.5626    1446.13    1446.14    -0.6198  1027.8066    34.4557 0.0000e+00
      31691 312.391996  -62.15458  -58.39456     -0.909    1448.49     49.000     48.524    -0.6183    -0.6179     0.0004    -0.6198    -0.6194     0.0004   2.800397   2.800316  -0.000069    34.2905    34.2892     7.5505    27.5629    27.5618    34.2908    27.5631    1446.12    1446.12    -0.6197  1027.8023    34.4564 0.0000e+00
      31719 312.392009  -62.15458  -58.39455     -0.874    1448.49     48.000     47.534    -0.6161    -0.6159     0.0002    -0.6175    -0.6174     0.0002   2.800531   2.800444  -0.000089    34.2905    34.2891     7.5527    27.5628    27.5617    34.2906    27.5629    1446.12    1446.11    -0.6175  1027.7973    34.4562 0.0000e+00
      31748 312.392023  -62.15458  -58.39454     -0.851    1448.49     47.000     46.544    -0.6156    -0.6150     0.0006    -0.6170    -0.6164     0.0006   2.800527   2.800476  -0.000048    34.2905    34.2892     7.5474    27.5628    27.5617    34.2907    27.5629    1446.10    1446.10    -0.6170  1027.7925    34.4562 0.0000e+00
      31774 312.392036  -62.15458  -58.39453     -0.885    1448.49     46.000     45.554    -0.6158    -0.6152     0.0006    -0.6171    -0.6165     0.0006   2.800457   2.800417  -0.000047    34.2906    34.2893     7.5455    27.5629    27.5618    34.2905    27.5629    1446.08    1446.08    -0.6171  1027.7876    34.4561 0.0000e+00
      31799 312.392047  -62.15458  -58.39452     -0.948    1448.49     45.000     44.564    -0.6164    -0.6153     0.0011    -0.6177    -0.6166     0.0011   2.800368   2.800363  -0.000002    34.2905    34.2893     7.5578    27.5629    27.5618    34.2906    27.5629    1446.06    1446.07    -0.6177  1027.7829    34.4562 0.0000e+00
