Pos-Processados/process_op42/Processamento_split/up/uoperantar42_030.cnv
* Sea-Bird SBE 9 Data File:
* FileName = C:\Users\Hidrografia\Desktop\OPXLII\Brutos\OP42030.hdr
* Software Version Seasave V 7.26.7.107
* Temperature SN = 6502
* Conductivity SN = 4998
* Number of Bytes Per Scan = 37
* Number of Voltage Words = 4
* Number of Scans Averaged by the Deck Unit = 1
* NMEA Latitude = 62 08.10 S
* NMEA Longitude = 058 26.40 W
* NMEA UTC (Time) = Nov 09 2023 05:10:08
* NMEA baud rate = 4800
** H41
** NPOALTEMAXIMIANO
** NUMERO DA ESTACAO (XXX) 030
** LAT (XX XX.XX S/N) 62 08.9 S
** LONG (XXX XX.XX W/E) 058 29.443 W
** DATAHORA (dd/mm/aaaa hh:mm Z) 09/11/2023 0509Z
** PROFUNDIDADE (m) 424
** OPERADOR CT FILIPE LOPES
# nquan = 30
# nvalues = 391                         
# units = specified
# name 0 = scan: Scan Count
# name 1 = timeJ: Julian Days
# name 2 = latitude: Latitude [deg]
# name 3 = longitude: Longitude [deg]
# name 4 = dz/dtM: Descent Rate [m/s]
# name 5 = avgsvCM: Average Sound Velocity [Chen-Millero, m/s]
# name 6 = prDM: Pressure, Digiquartz [db]
# name 7 = depSM: Depth [salt water, m]
# name 8 = t090C: Temperature [ITS-90, deg C]
# name 9 = t190C: Temperature, 2 [ITS-90, deg C]
# name 10 = T2-T190C: Temperature Difference, 2 - 1 [ITS-90, deg C]
# name 11 = potemp090C: Potential Temperature [ITS-90, deg C]
# name 12 = potemp190C: Potential Temperature, 2 [ITS-90, deg C]
# name 13 = potemp90Cdiff: Potential Temperature, Diff, 2 - 1 [ITS-90, deg C]
# name 14 = c0S/m: Conductivity [S/m]
# name 15 = c1S/m: Conductivity, 2 [S/m]
# name 16 = C2-C1S/m: Conductivity Difference, 2 - 1 [S/m]
# name 17 = sal00: Salinity, Practical [PSU]
# name 18 = sal11: Salinity, Practical, 2 [PSU]
# name 19 = sbeox0ML/L: Oxygen, SBE 43 [ml/l]
# name 20 = sigma-é00: Density [sigma-theta, kg/m^3]
# name 21 = sigma-é11: Density, 2 [sigma-theta, kg/m^3]
# name 22 = sal00: Salinity, Practical [PSU]
# name 23 = sigma-é00: Density [sigma-theta, kg/m^3]
# name 24 = svCM: Sound Velocity [Chen-Millero, m/s]
# name 25 = svCM1: Sound Velocity, 2 [Chen-Millero, m/s]
# name 26 = gsw_ptA0: potential temperature [ITS-90, deg C]
# name 27 = gsw_densityA0: density, TEOS-10 [density, kg/m^3]
# name 28 = gsw_saA0: Absolute Salinity [g/kg]
# name 29 = flag:
# span 0 =      16139,      27352       
# span 1 = 313.223153, 313.228560       
# span 2 =  -62.13883,  -62.13722       
# span 3 =  -58.43676,  -58.43458       
# span 4 =     -1.103,     -0.193       
# span 5 =    1448.44,    1448.44       
# span 6 =      2.000,    392.000       
# span 7 =      2.024,    387.866       
# span 8 =    -0.8000,    -0.5642       
# span 9 =    -0.7989,    -0.5635       
# span 10 =    -0.0142,     0.0191      
# span 11 =    -0.8057,    -0.5646      
# span 12 =    -0.8046,    -0.5640      
# span 13 =    -0.0141,     0.0191      
# span 14 =   2.792620,   2.822555      
# span 15 =   2.792630,   2.822443      
# span 16 =  -0.001137,   0.001780      
# span 17 =    34.2804,    34.3905      
# span 18 =    34.2791,    34.3889      
# span 19 =     6.7919,     7.6299      
# span 20 =    27.5538,    27.6448      
# span 21 =    27.5525,    27.6435      
# span 22 =    34.2807,    34.3905      
# span 23 =    27.5538,    27.6448      
# span 24 =    1445.58,    1451.79      
# span 25 =    1445.57,    1451.79      
# span 26 =    -0.8055,    -0.5646      
# span 27 =  1027.5681,  1029.5180      
# span 28 =    34.4423,    34.5581      
# span 29 = 0.0000e+00, 0.0000e+00      
# interval = decibars: 1                
# start_time = Nov 09 2023 05:10:08 [NMEA time, header]
# bad_flag = -9.990e-29
*END*
[from data line 49]
      17903 313.224004  -62.13748  -58.43638     -0.903    1448.44    343.000    339.427    -0.6101    -0.6116    -0.0015    -0.6213    -0.6228    -0.0015   2.820555   2.820362  -0.000181    34.3722    34.3715     6.9025    27.6291    27.6286    34.3726    27.6294    1451.05    1451.05    -0.6211  1029.2712    34.5406 0.0000e+00
      17930 313.224017  -62.13748  -58.43638     -0.901    1448.44    342.000    338.439    -0.6084    -0.6091    -0.0008    -0.6195    -0.6203    -0.0008   2.820620   2.820497  -0.000126    34.3718    34.3710     6.9001    27.6287    27.6281    34.3721    27.6289    1451.04    1451.04    -0.6193  1029.2659    34.5401 0.0000e+00
      17958 313.224030  -62.13748  -58.43638     -0.866    1448.44    341.000    337.450    -0.6070    -0.6082    -0.0012    -0.6181    -0.6193    -0.0012   2.820693   2.820520  -0.000170    34.3718    34.3709     6.9158    27.6286    27.6280    34.3721    27.6289    1451.04    1451.03    -0.6179  1029.2611    34.5401 0.0000e+00
      17989 313.224045  -62.13748  -58.43636     -0.788    1448.44    340.000    336.461    -0.6061    -0.6072    -0.0011    -0.6172    -0.6183    -0.0011   2.820688   2.820548  -0.000146    34.3714    34.3707     6.9117    27.6283    27.6278    34.3717    27.6285    1451.02    1451.02    -0.6170  1029.2559    34.5396 0.0000e+00
      18020 313.224060  -62.13749  -58.43636     -0.768    1448.44    339.000    335.473    -0.6057    -0.6054     0.0003    -0.6167    -0.6164     0.0003   2.820619   2.820609  -0.000012    34.3707    34.3702     6.9143    27.6277    27.6273    34.3708    27.6278    1451.01    1451.01    -0.6165  1029.2505    34.5388 0.0000e+00
      18048 313.224074  -62.13750  -58.43636     -0.830    1448.44    338.000    334.483    -0.6058    -0.6054     0.0005    -0.6169    -0.6164     0.0005   2.820445   2.820443  -0.000005    34.3693    34.3687     6.9157    27.6266    27.6261    34.3693    27.6266    1450.99    1450.99    -0.6166  1029.2445    34.5373 0.0000e+00
      18074 313.224086  -62.13750  -58.43634     -0.911    1448.44    337.000    333.495    -0.6062    -0.6054     0.0008    -0.6172    -0.6164     0.0008   2.820295   2.820285  -0.000011    34.3682    34.3672     6.8887    27.6257    27.6249    34.3683    27.6258    1450.97    1450.97    -0.6169  1029.2390    34.5363 0.0000e+00
      18099 313.224098  -62.13750  -58.43634     -0.944    1448.44    336.000    332.506    -0.6065    -0.6056     0.0009    -0.6174    -0.6165     0.0009   2.820191   2.820201   0.000004    34.3678    34.3668     6.9049    27.6253    27.6245    34.3678    27.6254    1450.95    1450.95    -0.6172  1029.2338    34.5358 0.0000e+00
      18126 313.224111  -62.13750  -58.43634     -0.910    1448.44    335.000    331.517    -0.6064    -0.6057     0.0006    -0.6173    -0.6166     0.0006   2.820125   2.820174   0.000048    34.3673    34.3673     6.9206    27.6250    27.6249    34.3674    27.6251    1450.93    1450.94    -0.6171  1029.2288    34.5354 0.0000e+00
      18155 313.224125  -62.13752  -58.43634     -0.843    1448.44    334.000    330.529    -0.6061    -0.6058     0.0002    -0.6169    -0.6167     0.0002   2.820082   2.820108   0.000031    34.3670    34.3672     6.9130    27.6247    27.6249    34.3671    27.6248    1450.92    1450.92    -0.6167  1029.2237    34.5350 0.0000e+00
      18185 313.224140  -62.13752  -58.43632     -0.805    1448.44    333.000    329.539    -0.6063    -0.6055     0.0008    -0.6172    -0.6163     0.0008   2.819972   2.820007   0.000024    34.3667    34.3661     6.9386    27.6245    27.6239    34.3666    27.6244    1450.90    1450.90    -0.6169  1029.2186    34.5345 0.0000e+00
      18214 313.224154  -62.13752  -58.43632     -0.822    1448.44    332.000    328.551    -0.6078    -0.6059     0.0019    -0.6186    -0.6167     0.0019   2.819696   2.819875   0.000184    34.3652    34.3655     6.9405    27.6233    27.6235    34.3651    27.6232    1450.88    1450.88    -0.6184  1029.2127    34.5330 0.0000e+00
      18242 313.224167  -62.13752  -58.43632     -0.851    1448.44    331.000    327.562    -0.6082    -0.6068     0.0014    -0.6189    -0.6176     0.0013   2.819597   2.819685   0.000080    34.3649    34.3645     6.9462    27.6231    27.6227    34.3648    27.6230    1450.86    1450.86    -0.6187  1029.2077    34.5327 0.0000e+00
      18269 313.224180  -62.13752  -58.43630     -0.886    1448.44    330.000    326.573    -0.6087    -0.6073     0.0014    -0.6194    -0.6180     0.0014   2.819465   2.819562   0.000093    34.3644    34.3640     6.9545    27.6227    27.6223    34.3643    27.6226    1450.84    1450.84    -0.6192  1029.2026    34.5322 0.0000e+00
      18296 313.224193  -62.13754  -58.43630     -0.893    1448.44    329.000    325.584    -0.6090    -0.6078     0.0012    -0.6197    -0.6185     0.0012   2.819378   2.819447   0.000073    34.3641    34.3637     6.9475    27.6225    27.6221    34.3641    27.6224    1450.82    1450.82    -0.6195  1029.1977    34.5320 0.0000e+00
      18324 313.224207  -62.13754  -58.43630     -0.869    1448.44    328.000    324.595    -0.6096    -0.6084     0.0012    -0.6202    -0.6190     0.0012   2.819280   2.819320   0.000034    34.3641    34.3632     6.9524    27.6225    27.6217    34.3639    27.6224    1450.80    1450.80    -0.6200  1029.1928    34.5319 0.0000e+00
      18353 313.224221  -62.13754  -58.43629     -0.830    1448.44    327.000    323.607    -0.6103    -0.6089     0.0014    -0.6209    -0.6195     0.0014   2.819132   2.819202   0.000069    34.3636    34.3629     6.9615    27.6221    27.6215    34.3634    27.6220    1450.78    1450.78    -0.6207  1029.1877    34.5313 0.0000e+00
      18382 313.224235  -62.13754  -58.43628     -0.822    1448.44    326.000    322.618    -0.6111    -0.6098     0.0013    -0.6217    -0.6204     0.0013   2.818974   2.819038   0.000068    34.3630    34.3624     6.9494    27.6217    27.6212    34.3628    27.6215    1450.76    1450.76    -0.6215  1029.1825    34.5307 0.0000e+00
      18411 313.224248  -62.13754  -58.43628     -0.833    1448.44    325.000    321.629    -0.6119    -0.6104     0.0015    -0.6225    -0.6209     0.0015   2.818820   2.818904   0.000075    34.3625    34.3618     6.9640    27.6213    27.6207    34.3622    27.6211    1450.74    1450.74    -0.6222  1029.1745    34.5266 0.0000e+00
      18437 313.224261 -9.990e-29  -58.43628     -0.881    1448.44    324.000    320.640    -0.6131    -0.6112     0.0019    -0.6236    -0.6217     0.0019   2.818611   2.818747   0.000133    34.3616    34.3613     6.9683    27.6207    27.6203    34.3613    27.6204    1450.71    1450.72    -0.6234  1029.1671    34.5233 0.0000e+00
      18463 313.224274 -9.990e-29  -58.43628     -0.925    1448.44    323.000    319.651    -0.6143    -0.6123     0.0019    -0.6247    -0.6228     0.0019   2.818417   2.818558   0.000140    34.3610    34.3607     6.9625    27.6202    27.6199    34.3607    27.6200    1450.69    1450.70    -0.6245  1029.1620    34.5227 0.0000e+00
      18489 313.224286 -9.990e-29  -58.43626     -0.931    1448.44    322.000    318.662    -0.6158    -0.6129     0.0029    -0.6262    -0.6234     0.0029   2.818192   2.818453   0.000249    34.3605    34.3606     6.9757    27.6198    27.6198    34.3600    27.6194    1450.67    1450.68    -0.6260  1029.1568    34.5220 0.0000e+00
      18517 313.224300 -9.990e-29  -58.43626     -0.874    1448.44    321.000    317.674    -0.6174    -0.6150     0.0024    -0.6278    -0.6254     0.0024   2.817974   2.818170   0.000201    34.3598    34.3597     6.9705    27.6194    27.6192    34.3595    27.6191    1450.64    1450.65    -0.6275  1029.1517    34.5215 0.0000e+00
      18547 313.224314 -9.990e-29  -58.43625     -0.810    1448.44    320.000    316.685    -0.6185    -0.6168     0.0017    -0.6289    -0.6272     0.0017   2.817804   2.817895   0.000103    34.3594    34.3588     6.9753    27.6191    27.6185    34.3591    27.6188    1450.62    1450.63    -0.6286  1029.1467    34.5211 0.0000e+00
      18577 313.224329 -9.990e-29  -58.43624     -0.800    1448.44    319.000    315.696    -0.6207    -0.6190     0.0017    -0.6309    -0.6293     0.0017   2.817482   2.817576   0.000084    34.3584    34.3576     6.9853    27.6183    27.6176    34.3578    27.6178    1450.59    1450.60    -0.6307  1029.1410    34.5198 0.0000e+00
      18606 313.224343  -62.13758  -58.43624     -0.826    1448.44    318.000    314.707    -0.6227    -0.6200     0.0027    -0.6329    -0.6303     0.0027   2.817193   2.817418   0.000209    34.3573    34.3571     6.9820    27.6176    27.6173    34.3568    27.6171    1450.57    1450.58    -0.6327  1029.1376    34.5213 0.0000e+00
      18633 313.224356  -62.13758  -58.43622     -0.858    1448.44    317.000    313.718    -0.6252    -0.6217     0.0035    -0.6354    -0.6320     0.0035   2.816838   2.817164   0.000323    34.3561    34.3565     6.9931    27.6167    27.6168    34.3555    27.6162    1450.54    1450.55    -0.6352  1029.1346    34.5233 0.0000e+00
      18661 313.224369  -62.13758  -58.43622     -0.866    1448.44    316.000    312.729    -0.6293    -0.6256     0.0037    -0.6394    -0.6358     0.0037   2.816337   2.816677   0.000339    34.3548    34.3552     7.0085    27.6158    27.6160    34.3540    27.6151    1450.50    1450.52    -0.6392  1029.1288    34.5218 0.0000e+00
      18689 313.224383  -62.13758  -58.43622     -0.860    1448.44    315.000    311.741    -0.6326    -0.6290     0.0036    -0.6427    -0.6391     0.0035   2.815960   2.816252   0.000304    34.3538    34.3539     7.0071    27.6152    27.6151    34.3532    27.6147    1450.47    1450.48    -0.6425  1029.1236    34.5210 0.0000e+00
      18718 313.224397  -62.13758  -58.43622     -0.846    1448.44    314.000    310.751    -0.6372    -0.6348     0.0024    -0.6473    -0.6449     0.0024   2.815427   2.815552   0.000127    34.3528    34.3518     7.0282    27.6145    27.6136    34.3519    27.6138    1450.43    1450.44    -0.6470  1029.1180    34.5197 0.0000e+00
      18747 313.224411  -62.13758  -58.43620     -0.825    1448.44    313.000    309.762    -0.6450    -0.6397     0.0053    -0.6550    -0.6497     0.0053   2.814521   2.814987   0.000433    34.3507    34.3505     7.0419    27.6131    27.6128    34.3491    27.6119    1450.37    1450.39    -0.6548  1029.1115    34.5170 0.0000e+00
      18778 313.224426  -62.13760  -58.43620     -0.788    1448.44    312.000    308.774    -0.6484    -0.6439     0.0046    -0.6584    -0.6538     0.0046   2.814143   2.814514   0.000378    34.3494    34.3493     7.0458    27.6123    27.6120    34.3485    27.6115    1450.34    1450.36    -0.6582  1029.1064    34.5163 0.0000e+00
      18809 313.224441  -62.13760  -58.43620     -0.770    1448.44    311.000    307.784    -0.6511    -0.6486     0.0025    -0.6610    -0.6585     0.0025   2.813843   2.814001   0.000171    34.3489    34.3483     7.0649    27.6120    27.6114    34.3481    27.6113    1450.31    1450.32    -0.6608  1029.1015    34.5159 0.0000e+00
      18838 313.224455  -62.13760  -58.43620     -0.799    1448.44    310.000    306.795    -0.6524    -0.6503     0.0021    -0.6623    -0.6602     0.0021   2.813638   2.813779   0.000125    34.3483    34.3476     7.0735    27.6116    27.6109    34.3475    27.6109    1450.28    1450.29    -0.6621  1029.0963    34.5153 0.0000e+00
      18865 313.224468  -62.13760  -58.43620     -0.872    1448.44    309.000    305.807    -0.6537    -0.6514     0.0022    -0.6635    -0.6613     0.0022   2.813497   2.813611   0.000132    34.3481    34.3473     7.0692    27.6114    27.6107    34.3475    27.6110    1450.26    1450.27    -0.6633  1029.0917    34.5154 0.0000e+00
      18892 313.224481  -62.13760  -58.43618     -0.901    1448.44    308.000    304.818    -0.6533    -0.6523     0.0010    -0.6631    -0.6621     0.0009   2.813470   2.813485   0.000024    34.3478    34.3471     7.0930    27.6112    27.6106    34.3474    27.6108    1450.25    1450.25    -0.6629  1029.0867    34.5152 0.0000e+00
      18918 313.224493  -62.13762  -58.43618     -0.905    1448.44    307.000    303.829    -0.6533    -0.6528     0.0005    -0.6630    -0.6626     0.0005   2.813444   2.813402  -0.000037    34.3480    34.3470     7.0932    27.6113    27.6104    34.3476    27.6110    1450.23    1450.23    -0.6629  1029.0822    34.5155 0.0000e+00
      18944 313.224506  -62.13762  -58.43618     -0.914    1448.44    306.000    302.839    -0.6535    -0.6527     0.0008    -0.6632    -0.6624     0.0008   2.813375   2.813368  -0.000007    34.3480    34.3470     7.0876    27.6113    27.6105    34.3475    27.6110    1450.21    1450.22    -0.6630  1029.0774    34.5154 0.0000e+00
      18971 313.224518  -62.13762  -58.43618     -0.917    1448.44    305.000    301.851    -0.6544    -0.6532     0.0012    -0.6641    -0.6629     0.0012   2.813232   2.813272   0.000041    34.3477    34.3469     7.0900    27.6111    27.6104    34.3473    27.6108    1450.19    1450.20    -0.6639  1029.0724    34.5151 0.0000e+00
      18997 313.224531  -62.13762  -58.43616     -0.912    1448.44    304.000    300.862    -0.6553    -0.6538     0.0014    -0.6649    -0.6635     0.0014   2.813117   2.813163   0.000048    34.3477    34.3467     7.0921    27.6111    27.6103    34.3473    27.6108    1450.17    1450.18    -0.6647  1029.0677    34.5151 0.0000e+00
      19026 313.224545  -62.13762  -58.43616     -0.856    1448.44    303.000    299.873    -0.6558    -0.6544     0.0015    -0.6655    -0.6640     0.0015   2.813023   2.813065   0.000038    34.3477    34.3466     7.0873    27.6112    27.6102    34.3473    27.6109    1450.15    1450.16    -0.6652  1029.0630    34.5151 0.0000e+00
      19058 313.224561  -62.13763  -58.43616     -0.771    1448.44    302.000    298.885    -0.6571    -0.6542     0.0029    -0.6667    -0.6637     0.0029   2.812910   2.813041   0.000130    34.3481    34.3466     7.0947    27.6116    27.6102    34.3478    27.6113    1450.13    1450.14    -0.6665  1029.0587    34.5156 0.0000e+00
      19091 313.224576  -62.13764  -58.43614     -0.733    1448.44    301.000    297.895    -0.6580    -0.6562     0.0018    -0.6676    -0.6658     0.0018   2.812805   2.812848   0.000051    34.3484    34.3470     7.1030    27.6118    27.6106    34.3481    27.6116    1450.11    1450.12    -0.6674  1029.0542    34.5159 0.0000e+00
      19123 313.224592  -62.13764  -58.43614     -0.738    1448.44    300.000    296.906    -0.6577    -0.6570     0.0008    -0.6673    -0.6665     0.0008   2.812769   2.812758  -0.000010    34.3481    34.3471     7.0934    27.6116    27.6107    34.3478    27.6114    1450.10    1450.10    -0.6670  1029.0493    34.5157 0.0000e+00
      19153 313.224607  -62.13764  -58.43614     -0.777    1448.44    299.000    295.917    -0.6587    -0.6577     0.0009    -0.6681    -0.6672     0.0009   2.812687   2.812662  -0.000020    34.3486    34.3473     7.0970    27.6120    27.6109    34.3484    27.6119    1450.08    1450.08    -0.6680  1029.0450    34.5162 0.0000e+00
      19181 313.224620  -62.13764  -58.43612     -0.840    1448.44    298.000    294.928    -0.6586    -0.6578     0.0008    -0.6680    -0.6672     0.0008   2.812650   2.812625  -0.000021    34.3486    34.3474     7.0952    27.6120    27.6110    34.3484    27.6119    1450.06    1450.06    -0.6678  1029.0403    34.5162 0.0000e+00
      19207 313.224633  -62.13764  -58.43612     -0.901    1448.44    297.000    293.939    -0.6586    -0.6578     0.0008    -0.6680    -0.6672     0.0008   2.812599   2.812581  -0.000020    34.3486    34.3474     7.0927    27.6120    27.6110    34.3484    27.6118    1450.04    1450.05    -0.6678  1029.0331    34.5133 0.0000e+00
