Pos-Processados/process_op42/Processamento_split/up/uoperantar42_003.cnv
* Sea-Bird SBE 9 Data File:
* FileName = C:\Users\Hidrografia\Desktop\OPXLII\Brutos\OP42003.hdr
* Software Version Seasave V 7.26.7.107
* Temperature SN = 6502
* Conductivity SN = 4998
* Number of Bytes Per Scan = 37
* Number of Voltage Words = 4
* Number of Scans Averaged by the Deck Unit = 1
* NMEA Latitude = 38 28.81 S
* NMEA Longitude = 052 09.38 W
* NMEA UTC (Time) = Oct 16 2023 14:11:02
* NMEA baud rate = 4800
** H41
** NPOALTEMAXIMIANO
** NUMERO DA ESTACAO (XXX) 003
** LAT (XX XX.XX S/N) 38 28,767 S
** LONG (XXX XX.XX W/E) 052 09,375 W
** DATAHORA (dd/mm/aaaa hh:mm Z) 16/10/2023 1410 Z
** PROFUNDIDADE (m) 4597
** OPERADOR CHEOPE
# nquan = 30
# nvalues = 1011                        
# units = specified
# name 0 = scan: Scan Count
# name 1 = timeJ: Julian Days
# name 2 = latitude: Latitude [deg]
# name 3 = longitude: Longitude [deg]
# name 4 = dz/dtM: Descent Rate [m/s]
# name 5 = avgsvCM: Average Sound Velocity [Chen-Millero, m/s]
# name 6 = prDM: Pressure, Digiquartz [db]
# name 7 = depSM: Depth [salt water, m]
# name 8 = t090C: Temperature [ITS-90, deg C]
# name 9 = t190C: Temperature, 2 [ITS-90, deg C]
# name 10 = T2-T190C: Temperature Difference, 2 - 1 [ITS-90, deg C]
# name 11 = potemp090C: Potential Temperature [ITS-90, deg C]
# name 12 = potemp190C: Potential Temperature, 2 [ITS-90, deg C]
# name 13 = potemp90Cdiff: Potential Temperature, Diff, 2 - 1 [ITS-90, deg C]
# name 14 = c0S/m: Conductivity [S/m]
# name 15 = c1S/m: Conductivity, 2 [S/m]
# name 16 = C2-C1S/m: Conductivity Difference, 2 - 1 [S/m]
# name 17 = sal00: Salinity, Practical [PSU]
# name 18 = sal11: Salinity, Practical, 2 [PSU]
# name 19 = sbeox0ML/L: Oxygen, SBE 43 [ml/l]
# name 20 = sigma-é00: Density [sigma-theta, kg/m^3]
# name 21 = sigma-é11: Density, 2 [sigma-theta, kg/m^3]
# name 22 = sal00: Salinity, Practical [PSU]
# name 23 = sigma-é00: Density [sigma-theta, kg/m^3]
# name 24 = svCM: Sound Velocity [Chen-Millero, m/s]
# name 25 = svCM1: Sound Velocity, 2 [Chen-Millero, m/s]
# name 26 = gsw_ptA0: potential temperature [ITS-90, deg C]
# name 27 = gsw_densityA0: density, TEOS-10 [density, kg/m^3]
# name 28 = gsw_saA0: Absolute Salinity [g/kg]
# name 29 = flag:
# span 0 =      33929,      71521       
# span 1 = 289.607357, 289.625486       
# span 2 =  -38.50253,  -38.49062       
# span 3 =  -52.15740,  -52.15710       
# span 4 =     -1.689,     -0.120       
# span 5 =    1503.29,    1503.29       
# span 6 =      1.000,   1011.000       
# span 7 =      1.017,   1000.961       
# span 8 =     4.3336,    18.7030       
# span 9 =     4.3347,    18.7037       
# span 10 =    -0.0442,     0.1234      
# span 11 =     4.2550,    18.7020      
# span 12 =     4.2561,    18.7036      
# span 13 =    -0.0441,     0.1229      
# span 14 =   3.266233,   4.809770      
# span 15 =   3.266362,   4.809920      
# span 16 =  -0.008748,   0.011435      
# span 17 =    34.2385,    36.2844      
# span 18 =    34.2381,    36.2855      
# span 19 =     4.4407,     5.2398      
# span 20 =    25.9351,    27.1787      
# span 21 =    25.8771,    27.1784      
# span 22 =    34.2381,    36.2855      
# span 23 =    25.9460,    27.1792      
# span 24 =    1483.26,    1520.88      
# span 25 =    1483.25,    1520.89      
# span 26 =     4.2548,    18.7020      
# span 27 =  1025.9544,  1031.8270      
# span 28 =    34.4001,    36.4569      
# span 29 = 0.0000e+00, 0.0000e+00      
# interval = decibars: 1                
# start_time = Oct 16 2023 14:11:02 [NMEA time, header]
# bad_flag = -9.990e-29
*END*
[from data line 194]
      39923 289.610248  -38.49250  -52.15726     -1.192    1503.29    817.000    809.257     5.8874     5.8850    -0.0024     5.8151     5.8127    -0.0024   3.403835   3.403479  -0.000311    34.3348    34.3337     5.1141    27.0502    27.0497    34.3362    27.0513    1486.90    1486.89     5.8149  1030.7838    34.4997 0.0000e+00
      39953 289.610263  -38.49251  -52.15726     -0.879    1503.29    816.000    808.268     5.8918     5.8875    -0.0042     5.8196     5.8154    -0.0042   3.404089   3.403681  -0.000432    34.3343    34.3337     5.1008    27.0492    27.0493    34.3350    27.0499    1486.90    1486.88     5.8194  1030.7777    34.4986 0.0000e+00
      39983 289.610277  -38.49252  -52.15726     -0.769    1503.29    815.000    807.279     5.8977     5.8981     0.0003     5.8256     5.8259     0.0004   3.404631   3.404548  -0.000062    34.3342    34.3331     5.0911    27.0484    27.0476    34.3356    27.0496    1486.91    1486.91     5.8254  1030.7728    34.4992 0.0000e+00
      40006 289.610288  -38.49252  -52.15726     -0.932    1503.29    814.000    806.291     5.9008     5.9093     0.0085     5.8287     5.8372     0.0085   3.404926   3.405612   0.000599    34.3348    34.3329     5.0925    27.0485    27.0460    34.3363    27.0498    1486.90    1486.94     5.8285  1030.7684    34.4999 0.0000e+00
      40028 289.610298  -38.49254  -52.15726     -1.078    1503.29    813.000    805.302     5.9153     5.9195     0.0043     5.8432     5.8474     0.0042   3.406306   3.406451   0.000250    34.3351    34.3337     5.0879    27.0470    27.0453    34.3377    27.0490    1486.95    1486.96     5.8430  1030.7628    34.5013 0.0000e+00
      40051 289.610310  -38.49254  -52.15726     -1.078    1503.29    812.000    804.313     5.9297     5.9228    -0.0068     5.8576     5.8508    -0.0068   3.407671   3.406781  -0.000806    34.3363    34.3341     5.0974    27.0461    27.0452    34.3390    27.0482    1486.99    1486.96     5.8574  1030.7572    34.5026 0.0000e+00
      40080 289.610324  -38.49254  -52.15726     -0.909    1503.29    811.000    803.325     5.9559     5.9339    -0.0220     5.8838     5.8619    -0.0219   3.410105   3.407717  -0.002271    34.3373    34.3340     5.1084    27.0436    27.0438    34.3404    27.0461    1487.08    1486.99     5.8836  1030.7500    34.5039 0.0000e+00
      40119 289.610342  -38.49256  -52.15726     -0.624    1503.29    810.000    802.336     5.9709     5.9596    -0.0112     5.8987     5.8875    -0.0112   3.411547   3.410400  -0.001265    34.3393    34.3365     5.1205    27.0434    27.0425    34.3419    27.0454    1487.12    1487.08     5.8985  1030.7445    34.5055 0.0000e+00
      40151 289.610358  -38.49256  -52.15726     -0.675    1503.29    809.000    801.348     5.9821     5.9819    -0.0002     5.9100     5.9098    -0.0002   3.412756   3.412589  -0.000157    34.3420    34.3404     5.1080    27.0440    27.0428    34.3446    27.0461    1487.15    1487.15     5.9098  1030.7404    34.5082 0.0000e+00
      40170 289.610367  -38.49258  -52.15726     -0.969    1503.29    808.000    800.359     5.9898     5.9916     0.0018     5.9178     5.9196     0.0018   3.413578   3.413581  -0.000046    34.3434    34.3411     5.1042    27.0442    27.0421    34.3466    27.0467    1487.17    1487.18     5.9175  1030.7363    34.5101 0.0000e+00
      40186 289.610375  -38.49258  -52.15726     -1.250    1503.29    807.000    799.370     6.0012     6.0067     0.0055     5.9292     5.9347     0.0055   3.414566   3.415026   0.000424    34.3433    34.3424     5.1011    27.0426    27.0413    34.3467    27.0453    1487.20    1487.22     5.9290  1030.7302    34.5102 0.0000e+00
      40202 289.610382  -38.49258  -52.15726     -1.433    1503.29    806.000    798.382     6.0094     6.0187     0.0093     5.9374     5.9466     0.0092   3.415333   3.416143   0.000721    34.3446    34.3433     5.0960    27.0426    27.0405    34.3474    27.0449    1487.22    1487.26     5.9372  1030.7251    34.5110 0.0000e+00
      40220 289.610391  -38.49260  -52.15726     -1.459    1503.29    805.000    797.393     6.0160     6.0271     0.0112     5.9440     5.9551     0.0111   3.416023   3.416930   0.000925    34.3458    34.3449     5.0960    27.0428    27.0406    34.3491    27.0454    1487.23    1487.27     5.9438  1030.7209    34.5127 0.0000e+00
      40257 289.610409  -38.49260  -52.15728     -0.840    1503.29    804.000    796.403     6.0643     6.0521    -0.0123     5.9922     5.9800    -0.0122   3.420810   3.419597  -0.001146    34.3486    34.3481     5.0796    27.0389    27.0401    34.3544    27.0435    1487.41    1487.36     5.9920  1030.7136    34.5181 0.0000e+00
      40304 289.610432  -38.49262  -52.15728     -0.413    1503.29    803.000    795.416     6.0972     6.0885    -0.0087     6.0250     6.0164    -0.0086   3.423549   3.422912  -0.000665    34.3521    34.3534     5.0716    27.0375    27.0396    34.3525    27.0378    1487.52    1487.49     6.0248  1030.7027    34.5161 0.0000e+00
      40325 289.610442  -38.49262  -52.15728     -0.845    1503.29    802.000    794.427     6.1017     6.1106     0.0089     6.0295     6.0384     0.0088   3.425111   3.425452   0.000290    34.3581    34.3524     5.0596    27.0417    27.0361    34.3659    27.0479    1487.54    1487.57     6.0293  1030.7080    34.5296 0.0000e+00
      40342 289.610450  -38.49262  -52.15728     -1.176    1503.29    801.000    793.439     6.1241     6.1353     0.0111     6.0519     6.0630     0.0111   3.426736   3.427672   0.000823    34.3581    34.3561     5.0378    27.0388    27.0358    34.3620    27.0419    1487.61    1487.65     6.0517  1030.6972    34.5257 0.0000e+00
      40360 289.610459  -38.49263  -52.15728     -1.348    1503.29    800.000    792.450     6.1335     6.1400     0.0065     6.0613     6.0678     0.0064   3.427557   3.428059   0.000589    34.3579    34.3579     5.0339    27.0374    27.0367    34.3622    27.0409    1487.63    1487.65     6.0611  1030.6914    34.5258 0.0000e+00
      40389 289.610473  -38.49264  -52.15728     -1.056    1503.29    799.000    791.462     6.1462     6.1387    -0.0076     6.0740     6.0665    -0.0075   3.428700   3.427909  -0.000739    34.3590    34.3583     5.0346    27.0367    27.0371    34.3627    27.0397    1487.66    1487.63     6.0738  1030.6854    34.5263 0.0000e+00
      40434 289.610494  -38.49266  -52.15728     -0.399    1503.29    798.000    790.469     6.1500     6.1529     0.0029     6.0779     6.0808     0.0029   3.428883   3.429122   0.000179    34.3594    34.3585     5.0212    27.0366    27.0355    34.3614    27.0382    1487.66    1487.67     6.0777  1030.6793    34.5250 0.0000e+00
      40455 289.610505  -38.49266  -52.15728     -0.804    1503.29    797.000    789.484     6.1479     6.1498     0.0019     6.0759     6.0778     0.0019   3.428263   3.428593   0.000261    34.3582    34.3592     5.0213    27.0359    27.0364    34.3571    27.0350    1487.63    1487.64     6.0757  1030.6717    34.5207 0.0000e+00
      40472 289.610513  -38.49266  -52.15728     -1.169    1503.29    796.000    788.495     6.1220     6.1167    -0.0052     6.0503     6.0450    -0.0052   3.425632   3.425034  -0.000463    34.3539    34.3540     5.0262    27.0358    27.0365    34.3542    27.0360    1487.51    1487.49     6.0501  1030.6687    34.5178 0.0000e+00
      40488 289.610520  -38.49268  -52.15728     -1.413    1503.29    795.000    787.506     6.1141     6.1118    -0.0023     6.0425     6.0402    -0.0023   3.424654   3.424438  -0.000283    34.3520    34.3511     5.0288    27.0352    27.0348    34.3517    27.0350    1487.46    1487.45     6.0423  1030.6634    34.5153 0.0000e+00
      40509 289.610531  -38.49268  -52.15728     -1.347    1503.29    794.000    786.522     6.1141     6.1135    -0.0006     6.0426     6.0420    -0.0006   3.424361   3.424582   0.000019    34.3522    34.3510     5.0365    27.0354    27.0345    34.3489    27.0328    1487.44    1487.44     6.0424  1030.6566    34.5125 0.0000e+00
      40559 289.610555  -38.49270  -52.15728     -0.415    1503.29    793.000    785.524     6.1396     6.1334    -0.0062     6.0680     6.0619    -0.0061   3.427154   3.426509  -0.000624    34.3526    34.3521     5.0759    27.0324    27.0328    34.3550    27.0343    1487.53    1487.50     6.0678  1030.6533    34.5188 0.0000e+00
      40589 289.610569  -38.49270 -9.990e-29     -0.663    1503.29    792.000    784.540     6.1349     6.1351     0.0003     6.0634     6.0637     0.0003   3.426667   3.426601  -0.000076    34.3532    34.3521     5.0932    27.0335    27.0326    34.3548    27.0347    1487.49    1487.49     6.0632  1030.6493    34.5186 0.0000e+00
      40608 289.610578  -38.49270 -9.990e-29     -1.028    1503.29    791.000    783.552     6.1525     6.1664     0.0139     6.0810     6.0948     0.0138   3.428622   3.429763   0.001056    34.3560    34.3538     5.0915    27.0334    27.0300    34.3594    27.0361    1487.55    1487.61     6.0809  1030.6458    34.5232 0.0000e+00
      40626 289.610587  -38.49272 -9.990e-29     -1.267    1503.29    790.000    782.563     6.1681     6.1778     0.0097     6.0967     6.1064     0.0097   3.430078   3.430941   0.000705    34.3580    34.3561     5.0867    27.0330    27.0303    34.3604    27.0349    1487.60    1487.64     6.0965  1030.6398    34.5242 0.0000e+00
      40645 289.610596  -38.49272  -52.15730     -1.336    1503.29    789.000    781.574     6.1793     6.1864     0.0071     6.1079     6.1149     0.0070   3.431073   3.431509   0.000615    34.3579    34.3576     5.0900    27.0315    27.0304    34.3607    27.0338    1487.63    1487.65     6.1077  1030.6338    34.5245 0.0000e+00
      40672 289.610609  -38.49273  -52.15730     -1.067    1503.29    788.000    780.586     6.2178     6.1931    -0.0247     6.1462     6.1216    -0.0246   3.434956   3.432489  -0.002405    34.3603    34.3583     5.0863    27.0285    27.0301    34.3658    27.0329    1487.77    1487.67     6.1460  1030.6275    34.5295 0.0000e+00
      40704 289.610625  -38.49274  -52.15728     -0.739    1503.29    787.000    779.597     6.2473     6.2422    -0.0051     6.1757     6.1706    -0.0051   3.437900   3.437385  -0.000536    34.3659    34.3650     5.0725    27.0291    27.0291    34.3695    27.0320    1487.87    1487.85     6.1755  1030.6215    34.5331 0.0000e+00
      40731 289.610637  -38.49276  -52.15728     -0.820    1503.29    786.000    778.608     6.2478     6.2497     0.0019     6.1763     6.1781     0.0019   3.438012   3.438278   0.000096    34.3671    34.3663     5.0584    27.0300    27.0292    34.3707    27.0329    1487.86    1487.87     6.1761  1030.6179    34.5343 0.0000e+00
      40751 289.610647  -38.49276  -52.15728     -1.027    1503.29    785.000    777.619     6.2760     6.3057     0.0297     6.2044     6.2339     0.0296   3.441368   3.444072   0.002506    34.3735    34.3716     5.0316    27.0315    27.0261    34.3802    27.0368    1487.97    1488.09     6.2042  1030.6167    34.5439 0.0000e+00
      40768 289.610655  -38.49276  -52.15728     -1.229    1503.29    784.000    776.631     6.2983     6.3285     0.0301     6.2267     6.2566     0.0299   3.443236   3.446149   0.002863    34.3740    34.3755     5.0152    27.0290    27.0263    34.3791    27.0330    1488.04    1488.16     6.2265  1030.6080    34.5428 0.0000e+00
      40783 289.610663  -38.49276  -52.15728     -1.417    1503.29    783.000    775.642     6.3166     6.3378     0.0212     6.2449     6.2660     0.0211   3.445230   3.447035   0.001902    34.3772    34.3771     5.0089    27.0292    27.0263    34.3834    27.0341    1488.10    1488.18     6.2447  1030.6041    34.5471 0.0000e+00
      40799 289.610670  -38.49278  -52.15730     -1.535    1503.29    782.000    774.653     6.3269     6.3421     0.0152     6.2552     6.2704     0.0151   3.446186   3.447422   0.001256    34.3798    34.3785     5.0060    27.0299    27.0269    34.3842    27.0334    1488.13    1488.18     6.2551  1030.5987    34.5479 0.0000e+00
      40827 289.610684  -38.49278  -52.15730     -1.147    1503.29    781.000    773.667     6.3366     6.3404     0.0039     6.2650     6.2688     0.0038   3.446709   3.447219   0.000570    34.3770    34.3794     4.9832    27.0263    27.0278    34.3808    27.0294    1488.14    1488.16     6.2648  1030.5900    34.5444 0.0000e+00
      40881 289.610710  -38.49280  -52.15729     -0.311    1503.29    780.000    772.669     6.3504     6.3487    -0.0017     6.2788     6.2772    -0.0016   3.448273   3.448040  -0.000252    34.3820    34.3809     4.9411    27.0285    27.0278    34.3848    27.0308    1488.19    1488.18     6.2786  1030.5866    34.5485 0.0000e+00
      40909 289.610724  -38.49281  -52.15728     -0.687    1503.29    779.000    771.687     6.3479     6.3504     0.0025     6.2764     6.2790     0.0025   3.448049   3.448190   0.000115    34.3823    34.3811     4.9403    27.0291    27.0278    34.3853    27.0314    1488.16    1488.17     6.2762  1030.5828    34.5489 0.0000e+00
      40929 289.610733  -38.49282  -52.15728     -1.019    1503.29    778.000    770.698     6.3563     6.3633     0.0070     6.2849     6.2919     0.0069   3.448867   3.449436   0.000535    34.3837    34.3827     4.9435    27.0291    27.0274    34.3864    27.0312    1488.18    1488.20     6.2848  1030.5779    34.5501 0.0000e+00
      40947 289.610742  -38.49282  -52.15728     -1.222    1503.29    777.000    769.709     6.3595     6.3660     0.0065     6.2881     6.2946     0.0065   3.449188   3.449768   0.000512    34.3844    34.3836     4.9467    27.0292    27.0277    34.3873    27.0315    1488.17    1488.20     6.2880  1030.5736    34.5510 0.0000e+00
      40965 289.610750  -38.49282  -52.15730     -1.330    1503.29    776.000    768.720     6.3674     6.3823     0.0149     6.2960     6.3109     0.0149   3.449833   3.451322   0.001383    34.3845    34.3849     4.9434    27.0283    27.0267    34.3870    27.0303    1488.19    1488.25     6.2959  1030.5677    34.5507 0.0000e+00
      40985 289.610760  -38.49283  -52.15730     -1.311    1503.29    775.000    767.732     6.3713     6.4006     0.0293     6.3000     6.3292     0.0291   3.450276   3.453232   0.002739    34.3858    34.3869     4.9451    27.0288    27.0258    34.3885    27.0309    1488.19    1488.31     6.2999  1030.5638    34.5522 0.0000e+00
      41013 289.610773  -38.49284  -52.15731     -1.013    1503.29    774.000    766.743     6.4114     6.4154     0.0040     6.3401     6.3440     0.0040   3.454282   3.454721   0.000685    34.3865    34.3901     4.9426    27.0241    27.0264    34.3932    27.0294    1488.34    1488.36     6.3399  1030.5570    34.5569 0.0000e+00
      41049 289.610791  -38.49286  -52.15730     -0.679    1503.29    773.000    765.754     6.4583     6.4517    -0.0067     6.3868     6.3802    -0.0066   3.459154   3.458312  -0.000741    34.3958    34.3943     4.9316    27.0253    27.0250    34.4007    27.0292    1488.52    1488.49     6.3866  1030.5513    34.5644 0.0000e+00
      41081 289.610807  -38.49287  -52.15730     -0.700    1503.29    772.000    764.766     6.4636     6.4629    -0.0008     6.3921     6.3914    -0.0008   3.459359   3.459542   0.000005    34.3956    34.3964     4.9177    27.0245    27.0252    34.3982    27.0265    1488.52    1488.52     6.3919  1030.5440    34.5619 0.0000e+00
      41106 289.610819  -38.49288  -52.15730     -0.863    1503.29    771.000    763.776     6.4674     6.4793     0.0119     6.3960     6.4078     0.0118   3.459960   3.460939   0.001038    34.3980    34.3976     4.8873    27.0258    27.0240    34.4015    27.0286    1488.52    1488.56     6.3958  1030.5415    34.5652 0.0000e+00
