Pos-Processados/process_op42/Processamento_split/up/uoperantar42_037.cnv
* Sea-Bird SBE 9 Data File:
* FileName = C:\Users\Hidrografia\Desktop\OPXLII\Brutos\OP42037.hdr
* Software Version Seasave V 7.26.7.107
* Temperature SN = 6502
* Conductivity SN = 4998
* Number of Bytes Per Scan = 37
* Number of Voltage Words = 4
* Number of Scans Averaged by the Deck Unit = 1
* NMEA Latitude = 62 08.60 S
* NMEA Longitude = 058 26.37 W
* NMEA UTC (Time) = Nov 09 2023 12:08:15
* NMEA baud rate = 4800
** H41
** NPOALTEMAXIMIANO
** NUMERO DA ESTACAO (XXX) 037
** LAT (XX XX.XX S/N) 62 08.14 S
** LONG (XXX XX.XX W/E) 058 26.57 W
** DATAHORA (dd/mm/aaaa hh:mm Z) 09/11/2023 1205Z
** PROFUNDIDADE (m) 400
** OPERADOR 1T ZAMITH
# nquan = 30
# nvalues = 331                         
# units = specified
# name 0 = scan: Scan Count
# name 1 = timeJ: Julian Days
# name 2 = latitude: Latitude [deg]
# name 3 = longitude: Longitude [deg]
# name 4 = dz/dtM: Descent Rate [m/s]
# name 5 = avgsvCM: Average Sound Velocity [Chen-Millero, m/s]
# name 6 = prDM: Pressure, Digiquartz [db]
# name 7 = depSM: Depth [salt water, m]
# name 8 = t090C: Temperature [ITS-90, deg C]
# name 9 = t190C: Temperature, 2 [ITS-90, deg C]
# name 10 = T2-T190C: Temperature Difference, 2 - 1 [ITS-90, deg C]
# name 11 = potemp090C: Potential Temperature [ITS-90, deg C]
# name 12 = potemp190C: Potential Temperature, 2 [ITS-90, deg C]
# name 13 = potemp90Cdiff: Potential Temperature, Diff, 2 - 1 [ITS-90, deg C]
# name 14 = c0S/m: Conductivity [S/m]
# name 15 = c1S/m: Conductivity, 2 [S/m]
# name 16 = C2-C1S/m: Conductivity Difference, 2 - 1 [S/m]
# name 17 = sal00: Salinity, Practical [PSU]
# name 18 = sal11: Salinity, Practical, 2 [PSU]
# name 19 = sbeox0ML/L: Oxygen, SBE 43 [ml/l]
# name 20 = sigma-é00: Density [sigma-theta, kg/m^3]
# name 21 = sigma-é11: Density, 2 [sigma-theta, kg/m^3]
# name 22 = sal00: Salinity, Practical [PSU]
# name 23 = sigma-é00: Density [sigma-theta, kg/m^3]
# name 24 = svCM: Sound Velocity [Chen-Millero, m/s]
# name 25 = svCM1: Sound Velocity, 2 [Chen-Millero, m/s]
# name 26 = gsw_ptA0: potential temperature [ITS-90, deg C]
# name 27 = gsw_densityA0: density, TEOS-10 [density, kg/m^3]
# name 28 = gsw_saA0: Absolute Salinity [g/kg]
# name 29 = flag:
# span 0 =      13940,      22910       
# span 1 = 313.512451, 313.516777       
# span 2 =  -62.14786,  -62.14600       
# span 3 =  -58.43492,  -58.43322       
# span 4 =     -1.322,     -0.358       
# span 5 =    1447.84,    1447.84       
# span 6 =      4.000,    334.000       
# span 7 =      4.007,    330.522       
# span 8 =    -0.8284,    -0.5493       
# span 9 =    -0.8271,    -0.5489       
# span 10 =    -0.0092,     0.0118      
# span 11 =    -0.8337,    -0.5496      
# span 12 =    -0.8323,    -0.5492      
# span 13 =    -0.0092,     0.0118      
# span 14 =   2.790017,   2.824949      
# span 15 =   2.789995,   2.824914      
# span 16 =  -0.000887,   0.001077      
# span 17 =    34.2824,    34.3927      
# span 18 =    34.2810,    34.3918      
# span 19 =     6.7715,     7.6549      
# span 20 =    27.5535,    27.6440      
# span 21 =    27.5529,    27.6432      
# span 22 =    34.2825,    34.3925      
# span 23 =    27.5534,    27.6439      
# span 24 =    1445.69,    1451.12      
# span 25 =    1445.70,    1451.12      
# span 26 =    -0.8336,    -0.5496      
# span 27 =  1027.5772,  1029.2425      
# span 28 =    34.4452,    34.5622      
# span 29 = 0.0000e+00, 0.0000e+00      
# interval = decibars: 1                
# start_time = Nov 09 2023 12:08:15 [NMEA time, header]
# bad_flag = -9.990e-29
*END*
[from data line 97]
      16219 313.513550  -62.14648  -58.43444     -0.867    1447.84    237.000    234.591    -0.7174    -0.7133     0.0041    -0.7246    -0.7206     0.0041   2.804272   2.804606   0.000311    34.3410    34.3406     7.1715    27.6083    27.6077    34.3393    27.6069    1448.78    1448.80    -0.7245  1028.7452    34.5068 0.0000e+00
      16240 313.513561  -62.14648  -58.43443     -1.023    1447.84    236.000    233.602    -0.7208    -0.7174     0.0035    -0.7280    -0.7246     0.0034   2.803928   2.804117   0.000230    34.3405    34.3397     7.1868    27.6080    27.6072    34.3392    27.6070    1448.75    1448.76    -0.7278  1028.7406    34.5067 0.0000e+00
      16260 313.513570  -62.14648  -58.43442     -1.152    1447.84    235.000    232.613    -0.7231    -0.7212     0.0019    -0.7303    -0.7284     0.0019   2.803646   2.803733   0.000095    34.3399    34.3391     7.1829    27.6076    27.6069    34.3386    27.6066    1448.72    1448.73    -0.7301  1028.7354    34.5061 0.0000e+00
      16281 313.513580  -62.14650  -58.43442     -1.186    1447.84    234.000    231.624    -0.7243    -0.7224     0.0019    -0.7314    -0.7296     0.0019   2.803461   2.803576   0.000108    34.3393    34.3386     7.1890    27.6071    27.6065    34.3381    27.6062    1448.70    1448.70    -0.7313  1028.7303    34.5056 0.0000e+00
      16305 313.513592  -62.14650  -58.43442     -1.085    1447.84    233.000    230.634    -0.7251    -0.7226     0.0025    -0.7322    -0.7297     0.0025   2.803361   2.803526   0.000164    34.3392    34.3386     7.1988    27.6071    27.6065    34.3383    27.6064    1448.68    1448.69    -0.7320  1028.7257    34.5057 0.0000e+00
      16335 313.513606  -62.14650  -58.43442     -0.864    1447.84    232.000    229.645    -0.7258    -0.7235     0.0023    -0.7329    -0.7306     0.0023   2.803261   2.803378   0.000126    34.3392    34.3383     7.1987    27.6072    27.6063    34.3384    27.6065    1448.66    1448.67    -0.7327  1028.7210    34.5058 0.0000e+00
      16365 313.513621  -62.14651  -58.43441     -0.781    1447.84    231.000    228.655    -0.7268    -0.7257     0.0011    -0.7338    -0.7328     0.0011   2.803116   2.803125   0.000019    34.3388    34.3379     7.2167    27.6069    27.6061    34.3381    27.6063    1448.64    1448.64    -0.7337  1028.7161    34.5056 0.0000e+00
      16390 313.513633  -62.14652  -58.43440     -0.879    1447.84    230.000    227.666    -0.7279    -0.7264     0.0015    -0.7349    -0.7334     0.0015   2.802936   2.803005   0.000067    34.3383    34.3375     7.2041    27.6065    27.6058    34.3376    27.6059    1448.61    1448.62    -0.7347  1028.7109    34.5050 0.0000e+00
      16414 313.513644  -62.14652  -58.43440     -0.997    1447.84    229.000    226.677    -0.7289    -0.7275     0.0015    -0.7359    -0.7344     0.0015   2.802811   2.802861   0.000055    34.3383    34.3374     7.2155    27.6066    27.6058    34.3376    27.6060    1448.59    1448.60    -0.7357  1028.7063    34.5051 0.0000e+00
      16438 313.513656  -62.14652  -58.43440     -1.009    1447.84    228.000    225.688    -0.7300    -0.7281     0.0019    -0.7370    -0.7351     0.0019   2.802643   2.802757   0.000104    34.3380    34.3372     7.2077    27.6063    27.6056    34.3372    27.6057    1448.57    1448.58    -0.7368  1028.7012    34.5047 0.0000e+00
      16469 313.513671  -62.14654  -58.43438     -0.851    1447.84    227.000    224.698    -0.7303    -0.7284     0.0019    -0.7372    -0.7353     0.0019   2.802589   2.802685   0.000106    34.3379    34.3372     7.2211    27.6063    27.6056    34.3375    27.6059    1448.55    1448.56    -0.7370  1028.6967    34.5049 0.0000e+00
      16499 313.513686  -62.14654  -58.43438     -0.759    1447.84    226.000    223.709    -0.7315    -0.7307     0.0008    -0.7384    -0.7376     0.0008   2.802383   2.802394   0.000014    34.3373    34.3365     7.2053    27.6058    27.6052    34.3366    27.6053    1448.53    1448.53    -0.7382  1028.6913    34.5041 0.0000e+00
      16525 313.513698  -62.14654  -58.43438     -0.875    1447.84    225.000    222.720    -0.7332    -0.7318     0.0013    -0.7400    -0.7387     0.0013   2.802160   2.802213   0.000056    34.3366    34.3359     7.2202    27.6054    27.6047    34.3361    27.6050    1448.50    1448.51    -0.7399  1028.6862    34.5036 0.0000e+00
      16548 313.513709  -62.14654  -58.43438     -0.993    1447.84    224.000    221.731    -0.7339    -0.7326     0.0013    -0.7407    -0.7394     0.0013   2.802017   2.802096   0.000076    34.3362    34.3357     7.2182    27.6050    27.6046    34.3356    27.6046    1448.48    1448.49    -0.7405  1028.6810    34.5031 0.0000e+00
      16574 313.513721  -62.14655  -58.43436     -0.993    1447.84    223.000    220.741    -0.7347    -0.7335     0.0012    -0.7415    -0.7402     0.0012   2.801920   2.801963   0.000046    34.3362    34.3354     7.2262    27.6051    27.6044    34.3358    27.6048    1448.46    1448.47    -0.7413  1028.6764    34.5032 0.0000e+00
      16607 313.513737  -62.14656  -58.43436     -0.778    1447.84    222.000    219.752    -0.7345    -0.7328     0.0018    -0.7412    -0.7395     0.0018   2.801894   2.801993   0.000093    34.3363    34.3355     7.2324    27.6051    27.6045    34.3359    27.6048    1448.45    1448.46    -0.7411  1028.6717    34.5033 0.0000e+00
      16642 313.513754  -62.14656  -58.43436     -0.660    1447.84    221.000    218.763    -0.7355    -0.7341     0.0014    -0.7422    -0.7408     0.0014   2.801743   2.801791   0.000058    34.3359    34.3351     7.2382    27.6049    27.6042    34.3356    27.6046    1448.43    1448.43    -0.7420  1028.6668    34.5030 0.0000e+00
      16669 313.513767  -62.14656  -58.43436     -0.811    1447.84    220.000    217.773    -0.7366    -0.7353     0.0013    -0.7432    -0.7420     0.0013   2.801548   2.801598   0.000058    34.3351    34.3344     7.2357    27.6043    27.6037    34.3348    27.6040    1448.41    1448.41    -0.7431  1028.6614    34.5022 0.0000e+00
      16692 313.513778  -62.14658  -58.43434     -0.989    1447.84    219.000    216.784    -0.7372    -0.7362     0.0010    -0.7439    -0.7429     0.0010   2.801443   2.801454   0.000006    34.3351    34.3341     7.2333    27.6043    27.6035    34.3347    27.6040    1448.39    1448.39    -0.7437  1028.6566    34.5021 0.0000e+00
      16716 313.513790  -62.14658  -58.43434     -1.030    1447.84    218.000    215.795    -0.7387    -0.7372     0.0015    -0.7453    -0.7438     0.0015   2.801243   2.801315   0.000068    34.3347    34.3339     7.2387    27.6040    27.6033    34.3343    27.6037    1448.36    1448.37    -0.7451  1028.6515    34.5017 0.0000e+00
      16748 313.513805  -62.14659  -58.43434     -0.819    1447.84    217.000    214.805    -0.7389    -0.7372     0.0017    -0.7454    -0.7437     0.0017   2.801199   2.801263   0.000070    34.3348    34.3339     7.2393    27.6042    27.6033    34.3345    27.6039    1448.35    1448.35    -0.7453  1028.6470    34.5019 0.0000e+00
      16783 313.513822  -62.14660  -58.43434     -0.674    1447.84    216.000    213.816    -0.7415    -0.7401     0.0014    -0.7480    -0.7467     0.0014   2.800830   2.800900   0.000062    34.3337    34.3330     7.2429    27.6034    27.6027    34.3331    27.6029    1448.31    1448.32    -0.7479  1028.6412    34.5005 0.0000e+00
      16814 313.513837  -62.14660  -58.43432     -0.746    1447.84    215.000    212.826    -0.7454    -0.7423     0.0031    -0.7519    -0.7488     0.0031   2.800248   2.800549   0.000298    34.3310    34.3315     7.2471    27.6013    27.6016    34.3303    27.6007    1448.28    1448.29    -0.7517  1028.6332    34.4963 0.0000e+00
      16840 313.513850 -9.990e-29  -58.43432     -0.869    1447.84    214.000    211.837    -0.7470    -0.7448     0.0022    -0.7534    -0.7513     0.0022   2.799970   2.800182   0.000215    34.3296    34.3300     7.2468    27.6002    27.6005    34.3289    27.5997    1448.25    1448.26    -0.7533  1028.6241    34.4908 0.0000e+00
      16867 313.513863 -9.990e-29  -58.43431     -0.904    1447.84    213.000    210.848    -0.7476    -0.7465     0.0011    -0.7540    -0.7530     0.0011   2.799825   2.799865   0.000048    34.3287    34.3281     7.2449    27.5995    27.5990    34.3283    27.5992    1448.23    1448.24    -0.7539  1028.6189    34.4902 0.0000e+00
      16899 313.513878 -9.990e-29  -58.43430     -0.784    1447.84    212.000    209.858    -0.7475    -0.7461     0.0014    -0.7539    -0.7525     0.0014   2.799799   2.799883   0.000083    34.3287    34.3283     7.2687    27.5996    27.5991    34.3285    27.5993    1448.22    1448.22    -0.7537  1028.6143    34.4903 0.0000e+00
      16933 313.513894  -62.14662  -58.43430     -0.720    1447.84    211.000    208.869    -0.7477    -0.7467     0.0010    -0.7540    -0.7531     0.0010   2.799703   2.799728   0.000028    34.3283    34.3276     7.2815    27.5992    27.5986    34.3280    27.5990    1448.20    1448.20    -0.7539  1028.6130    34.4947 0.0000e+00
      16964 313.513910  -62.14663  -58.43430     -0.752    1447.84    210.000    207.879    -0.7483    -0.7474     0.0008    -0.7546    -0.7538     0.0008   2.799560   2.799556  -0.000005    34.3277    34.3267     7.2888    27.5987    27.5979    34.3273    27.5984    1448.18    1448.18    -0.7545  1028.6082    34.4946 0.0000e+00
      16995 313.513924  -62.14664  -58.43428     -0.781    1447.84    209.000    206.890    -0.7495    -0.7486     0.0009    -0.7558    -0.7549     0.0009   2.799367   2.799372   0.000013    34.3270    34.3261     7.2927    27.5982    27.5975    34.3267    27.5980    1448.15    1448.16    -0.7556  1028.6030    34.4940 0.0000e+00
      17025 313.513939  -62.14664  -58.43428     -0.782    1447.84    208.000    205.901    -0.7508    -0.7499     0.0009    -0.7570    -0.7561     0.0009   2.799175   2.799182   0.000003    34.3266    34.3257     7.2947    27.5980    27.5972    34.3262    27.5976    1448.13    1448.14    -0.7569  1028.5979    34.4935 0.0000e+00
      17055 313.513953  -62.14665  -58.43428     -0.801    1447.84    207.000    204.911    -0.7531    -0.7517     0.0014    -0.7593    -0.7579     0.0014   2.798880   2.798932   0.000051    34.3259    34.3250     7.2919    27.5975    27.5967    34.3255    27.5971    1448.10    1448.11    -0.7592  1028.5926    34.4927 0.0000e+00
      17082 313.513967  -62.14666  -58.43427     -0.854    1447.84    206.000    203.922    -0.7539    -0.7525     0.0014    -0.7600    -0.7586     0.0014   2.798734   2.798792   0.000056    34.3254    34.3245     7.2952    27.5971    27.5963    34.3250    27.5968    1448.08    1448.09    -0.7599  1028.5875    34.4923 0.0000e+00
      17111 313.513980  -62.14666  -58.43426     -0.862    1447.84    205.000    202.932    -0.7556    -0.7545     0.0011    -0.7617    -0.7606     0.0011   2.798527   2.798556   0.000027    34.3253    34.3244     7.2970    27.5971    27.5963    34.3248    27.5967    1448.06    1448.06    -0.7616  1028.5830    34.4925 0.0000e+00
      17144 313.513996  -62.14666 -9.990e-29     -0.753    1447.84    204.000    201.943    -0.7579    -0.7556     0.0023    -0.7640    -0.7617     0.0023   2.798280   2.798435   0.000150    34.3250    34.3244     7.3138    27.5969    27.5964    34.3247    27.5967    1448.03    1448.04    -0.7639  1028.5797    34.4942 0.0000e+00
      17180 313.514014  -62.14668 -9.990e-29     -0.658    1447.84    203.000    200.953    -0.7659    -0.7630     0.0029    -0.7720    -0.7691     0.0029   2.797423   2.797637   0.000214    34.3242    34.3238     7.3155    27.5966    27.5962    34.3227    27.5954    1447.97    1447.99    -0.7718  1028.5738    34.4923 0.0000e+00
      17212 313.514029  -62.14668  -58.43424     -0.724    1447.84    202.000    199.964    -0.7765    -0.7716     0.0048    -0.7825    -0.7776     0.0048   2.796379   2.796773   0.000368    34.3225    34.3220     7.3170    27.5957    27.5951    34.3212    27.5947    1447.91    1447.93    -0.7823  1028.5679    34.4903 0.0000e+00
      17240 313.514043  -62.14668  -58.43424     -0.829    1447.84    201.000    198.975    -0.7845    -0.7803     0.0042    -0.7904    -0.7863     0.0042   2.795574   2.795906   0.000349    34.3216    34.3215     7.3140    27.5953    27.5951    34.3200    27.5940    1447.85    1447.87    -0.7903  1028.5611    34.4873 0.0000e+00
      17267 313.514056  -62.14670  -58.43424     -0.894    1447.84    200.000    197.985    -0.7888    -0.7855     0.0033    -0.7947    -0.7915     0.0033   2.795122   2.795362   0.000230    34.3207    34.3201     7.3348    27.5948    27.5942    34.3194    27.5937    1447.81    1447.83    -0.7946  1028.5561    34.4867 0.0000e+00
      17297 313.514070  -62.14670  -58.43423     -0.846    1447.84    199.000    196.996    -0.7895    -0.7863     0.0033    -0.7954    -0.7922     0.0033   2.794993   2.795268   0.000225    34.3201    34.3194     7.3418    27.5943    27.5936    34.3192    27.5935    1447.79    1447.81    -0.7952  1028.5511    34.4864 0.0000e+00
      17332 313.514087  -62.14670  -58.43422     -0.699    1447.84    198.000    196.006    -0.7982    -0.7891     0.0091    -0.8040    -0.7949     0.0091   2.794171   2.794911   0.000777    34.3199    34.3200     7.3660    27.5944    27.5942    34.3185    27.5933    1447.74    1447.78    -0.8039  1028.5461    34.4857 0.0000e+00
      17364 313.514103  -62.14671  -58.43422     -0.706    1447.84    197.000    195.017    -0.8026    -0.8000     0.0026    -0.8084    -0.8058     0.0026   2.793621   2.793791   0.000168    34.3181    34.3174     7.3636    27.5932    27.5925    34.3167    27.5920    1447.70    1447.71    -0.8083  1028.5401    34.4839 0.0000e+00
      17393 313.514116  -62.14672  -58.43421     -0.821    1447.84    196.000    194.027    -0.8064    -0.8044     0.0020    -0.8121    -0.8102     0.0020   2.793159   2.793302   0.000149    34.3164    34.3162     7.3765    27.5920    27.5917    34.3153    27.5911    1447.66    1447.67    -0.8120  1028.5344    34.4825 0.0000e+00
      17420 313.514129  -62.14672  -58.43420     -0.876    1447.84    195.000    193.038    -0.8087    -0.8071     0.0016    -0.8145    -0.8129     0.0016   2.792893   2.792986   0.000094    34.3161    34.3155     7.3708    27.5918    27.5913    34.3150    27.5909    1447.63    1447.64    -0.8143  1028.5295    34.4822 0.0000e+00
      17451 313.514144  -62.14672  -58.43420     -0.811    1447.84    194.000    192.048    -0.8100    -0.8054     0.0045    -0.8157    -0.8111     0.0045   2.792776   2.793129   0.000341    34.3160    34.3155     7.3886    27.5918    27.5912    34.3154    27.5913    1447.61    1447.63    -0.8155  1028.5251    34.4826 0.0000e+00
      17485 313.514161  -62.14674  -58.43420     -0.700    1447.84    193.000    191.059    -0.8133    -0.8087     0.0047    -0.8190    -0.8143     0.0047   2.792344   2.792736   0.000395    34.3154    34.3155     7.4008    27.5915    27.5913    34.3140    27.5903    1447.58    1447.60    -0.8188  1028.5194    34.4812 0.0000e+00
      17517 313.514176  -62.14674  -58.43419     -0.737    1447.84    192.000    190.069    -0.8195    -0.8172     0.0023    -0.8251    -0.8229     0.0023   2.791736   2.791879   0.000156    34.3143    34.3139     7.4050    27.5908    27.5904    34.3134    27.5900    1447.53    1447.54    -0.8250  1028.5128    34.4786 0.0000e+00
      17544 313.514189 -9.990e-29  -58.43418     -0.845    1447.84    191.000    189.080    -0.8210    -0.8193     0.0017    -0.8266    -0.8249     0.0017   2.791540   2.791630   0.000091    34.3140    34.3133     7.4002    27.5906    27.5900    34.3130    27.5898    1447.51    1447.52    -0.8264  1028.5051    34.4748 0.0000e+00
      17572 313.514203 -9.990e-29  -58.43418     -0.870    1447.84    190.000    188.090    -0.8223    -0.8212     0.0011    -0.8279    -0.8268     0.0011   2.791378   2.791404   0.000038    34.3137    34.3130     7.4103    27.5905    27.5898    34.3130    27.5898    1447.49    1447.49    -0.8277  1028.5004    34.4748 0.0000e+00
