Pos-Processados/process_op42/Processamento_split/up/uoperantar42_051.cnv
* Sea-Bird SBE 9 Data File:
* FileName = C:\Users\Hidrografia\Desktop\OPXLII\Brutos\OP42051.hdr
* Software Version Seasave V 7.26.7.107
* Temperature SN = 6502
* Conductivity SN = 4998
* Number of Bytes Per Scan = 37
* Number of Voltage Words = 4
* Number of Scans Averaged by the Deck Unit = 1
* NMEA Latitude = 62 08.18 S
* NMEA Longitude = 058 26.57 W
* NMEA UTC (Time) = Nov 10 2023 02:01:52
* NMEA baud rate = 4800
** H41
** NPOALTEMAXIMIANO
** NUMERO DA ESTACAO (XXX) 51
** LAT (XX XX.XX S/N) 62 08.171 S
** LONG (XXX XX.XX W/E) 058 26.68 W
** DATAHORA (dd/mm/aaaa hh:mm Z) 10/11/2023 0205Z
** PROFUNDIDADE (m) 424
** OPERADOR CT FILIPE LOPES
# nquan = 30
# nvalues = 386                         
# units = specified
# name 0 = scan: Scan Count
# name 1 = timeJ: Julian Days
# name 2 = latitude: Latitude [deg]
# name 3 = longitude: Longitude [deg]
# name 4 = dz/dtM: Descent Rate [m/s]
# name 5 = avgsvCM: Average Sound Velocity [Chen-Millero, m/s]
# name 6 = prDM: Pressure, Digiquartz [db]
# name 7 = depSM: Depth [salt water, m]
# name 8 = t090C: Temperature [ITS-90, deg C]
# name 9 = t190C: Temperature, 2 [ITS-90, deg C]
# name 10 = T2-T190C: Temperature Difference, 2 - 1 [ITS-90, deg C]
# name 11 = potemp090C: Potential Temperature [ITS-90, deg C]
# name 12 = potemp190C: Potential Temperature, 2 [ITS-90, deg C]
# name 13 = potemp90Cdiff: Potential Temperature, Diff, 2 - 1 [ITS-90, deg C]
# name 14 = c0S/m: Conductivity [S/m]
# name 15 = c1S/m: Conductivity, 2 [S/m]
# name 16 = C2-C1S/m: Conductivity Difference, 2 - 1 [S/m]
# name 17 = sal00: Salinity, Practical [PSU]
# name 18 = sal11: Salinity, Practical, 2 [PSU]
# name 19 = sbeox0ML/L: Oxygen, SBE 43 [ml/l]
# name 20 = sigma-é00: Density [sigma-theta, kg/m^3]
# name 21 = sigma-é11: Density, 2 [sigma-theta, kg/m^3]
# name 22 = sal00: Salinity, Practical [PSU]
# name 23 = sigma-é00: Density [sigma-theta, kg/m^3]
# name 24 = svCM: Sound Velocity [Chen-Millero, m/s]
# name 25 = svCM1: Sound Velocity, 2 [Chen-Millero, m/s]
# name 26 = gsw_ptA0: potential temperature [ITS-90, deg C]
# name 27 = gsw_densityA0: density, TEOS-10 [density, kg/m^3]
# name 28 = gsw_saA0: Absolute Salinity [g/kg]
# name 29 = flag:
# span 0 =      17822,      29794       
# span 1 = 314.093224, 314.098997       
# span 2 =  -62.14128,  -62.13938       
# span 3 =  -58.43609,  -58.43110       
# span 4 =     -1.020,     -0.004       
# span 5 =    1448.41,    1448.41       
# span 6 =      2.000,    387.000       
# span 7 =      1.990,    382.925       
# span 8 =    -0.8053,    -0.5221       
# span 9 =    -0.8043,    -0.5211       
# span 10 =    -0.0084,     0.0096      
# span 11 =    -0.8106,    -0.5339      
# span 12 =    -0.8096,    -0.5330      
# span 13 =    -0.0084,     0.0096      
# span 14 =   2.792010,   2.832667      
# span 15 =   2.791972,   2.832501      
# span 16 =  -0.000817,   0.000982      
# span 17 =    34.2659,    34.4163      
# span 18 =    34.2644,    34.4142      
# span 19 =     6.6048,     7.6697      
# span 20 =    27.5410,    27.6613      
# span 21 =    27.5397,    27.6596      
# span 22 =    34.2659,    34.4163      
# span 23 =    27.5410,    27.6613      
# span 24 =    1445.57,    1452.21      
# span 25 =    1445.56,    1452.20      
# span 26 =    -0.8105,    -0.5337      
# span 27 =  1027.5555,  1029.5109      
# span 28 =    34.4289,    34.5847      
# span 29 = 0.0000e+00, 0.0000e+00      
# interval = decibars: 1                
# start_time = Nov 10 2023 02:01:52 [NMEA time, header]
# bad_flag = -9.990e-29
*END*
[from data line 194]
      23471 314.095948  -62.14035  -58.43383     -0.907    1448.41    193.000    191.059    -0.8025    -0.8015     0.0010    -0.8082    -0.8072     0.0010   2.793062   2.793082   0.000012    34.3118    34.3108     7.4415    27.5881    27.5873    34.3115    27.5878    1447.62    1447.63    -0.8080  1028.5168    34.4786 0.0000e+00
      23498 314.095961  -62.14036  -58.43382     -0.900    1448.41    192.000    190.070    -0.8040    -0.8024     0.0016    -0.8097    -0.8081     0.0016   2.792886   2.792955   0.000068    34.3117    34.3108     7.4412    27.5881    27.5873    34.3114    27.5878    1447.60    1447.61    -0.8095  1028.5121    34.4786 0.0000e+00
      23526 314.095975  -62.14036  -58.43380     -0.877    1448.41    191.000    189.084    -0.8046    -0.8035     0.0011    -0.8102    -0.8091     0.0011   2.792786   2.792803   0.000023    34.3115    34.3106     7.4405    27.5879    27.5871    34.3113    27.5877    1447.58    1447.59    -0.8101  1028.5072    34.4784 0.0000e+00
      23557 314.095990  -62.14036  -58.43379     -0.792    1448.41    190.000    188.087    -0.8044    -0.8037     0.0008    -0.8100    -0.8093     0.0008   2.792758   2.792726  -0.000029    34.3115    34.3103     7.4270    27.5879    27.5869    34.3114    27.5878    1447.57    1447.57    -0.8098  1028.5025    34.4785 0.0000e+00
      23588 314.096005  -62.14036  -58.43378     -0.757    1448.41    189.000    187.101    -0.8042    -0.8035     0.0007    -0.8098    -0.8091     0.0007   2.792689   2.792674  -0.000016    34.3110    34.3099     7.4320    27.5875    27.5866    34.3108    27.5874    1447.55    1447.55    -0.8096  1028.4973    34.4780 0.0000e+00
      23616 314.096018  -62.14037  -58.43377     -0.826    1448.41    188.000    186.111    -0.8031    -0.8029     0.0003    -0.8087    -0.8084     0.0003   2.792698   2.792655  -0.000037    34.3103    34.3095     7.4395    27.5869    27.5863    34.3103    27.5869    1447.54    1447.54    -0.8085  1028.4920    34.4775 0.0000e+00
      23643 314.096031  -62.14038  -58.43376     -0.891    1448.41    187.000    185.122    -0.8020    -0.8017     0.0003    -0.8075    -0.8072     0.0003   2.792673   2.792641  -0.000034    34.3094    34.3086     7.4416    27.5861    27.5855    34.3093    27.5860    1447.53    1447.53    -0.8073  1028.4864    34.4764 0.0000e+00
      23669 314.096044  -62.14038  -58.43374     -0.903    1448.41    186.000    184.132    -0.8023    -0.8015     0.0008    -0.8078    -0.8070     0.0008   2.792577   2.792570  -0.000010    34.3091    34.3081     7.4456    27.5859    27.5850    34.3089    27.5857    1447.51    1447.51    -0.8076  1028.4813    34.4761 0.0000e+00
      23696 314.096057  -62.14038  -58.43374     -0.911    1448.41    185.000    183.143    -0.8034    -0.8022     0.0013    -0.8089    -0.8076     0.0013   2.792364   2.792435   0.000068    34.3082    34.3077     7.4532    27.5852    27.5847    34.3080    27.5850    1447.49    1447.49    -0.8087  1028.4758    34.4751 0.0000e+00
      23723 314.096070  -62.14040  -58.43372     -0.889    1448.41    184.000    182.154    -0.8045    -0.8032     0.0013    -0.8099    -0.8086     0.0013   2.792210   2.792251   0.000044    34.3078    34.3069     7.4697    27.5849    27.5842    34.3076    27.5848    1447.46    1447.47    -0.8097  1028.4704    34.4742 0.0000e+00
      23750 314.096083 -9.990e-29  -58.43371     -0.890    1448.41    183.000    181.164    -0.8049    -0.8038     0.0010    -0.8102    -0.8092     0.0010   2.792103   2.792116   0.000011    34.3075    34.3065     7.4590    27.5847    27.5838    34.3073    27.5845    1447.45    1447.45    -0.8101  1028.4614    34.4690 0.0000e+00
      23777 314.096096 -9.990e-29  -58.43369     -0.893    1448.41    182.000    180.174    -0.8053    -0.8043     0.0009    -0.8106    -0.8096     0.0009   2.792012   2.792009  -0.000003    34.3072    34.3061     7.4537    27.5845    27.5836    34.3071    27.5844    1447.43    1447.43    -0.8105  1028.4566    34.4689 0.0000e+00
      23804 314.096109 -9.990e-29  -58.43368     -0.892    1448.41    181.000    179.185    -0.8045    -0.8040     0.0005    -0.8098    -0.8093     0.0005   2.792010   2.791972  -0.000033    34.3069    34.3059     7.4645    27.5842    27.5833    34.3069    27.5842    1447.41    1447.41    -0.8097  1028.4516    34.4687 0.0000e+00
      23832 314.096122  -62.14042  -58.43368     -0.878    1448.41    180.000    178.195    -0.8020    -0.8023    -0.0003    -0.8073    -0.8076    -0.0003   2.792109   2.792021  -0.000080    34.3059    34.3051     7.4698    27.5832    27.5826    34.3060    27.5833    1447.41    1447.41    -0.8071  1028.4479    34.4701 0.0000e+00
      23862 314.096136  -62.14042  -58.43366     -0.819    1448.41    179.000    177.206    -0.7982    -0.7990    -0.0008    -0.8034    -0.8042    -0.0008   2.792331   2.792197  -0.000133    34.3049    34.3040     7.4747    27.5823    27.5816    34.3052    27.5826    1447.41    1447.40    -0.8033  1028.4447    34.4723 0.0000e+00
      23890 314.096150  -62.14042  -58.43364     -0.809    1448.41    178.000    176.216    -0.7945    -0.7953    -0.0009    -0.7997    -0.8005    -0.0009   2.792570   2.792410  -0.000143    34.3044    34.3034     7.4762    27.5817    27.5810    34.3049    27.5821    1447.41    1447.40    -0.7996  1028.4395    34.4720 0.0000e+00
      23916 314.096163  -62.14042  -58.43364     -0.891    1448.41    177.000    175.227    -0.7913    -0.7925    -0.0012    -0.7965    -0.7977    -0.0012   2.792748   2.792578  -0.000180    34.3040    34.3030     7.4806    27.5813    27.5805    34.3044    27.5816    1447.41    1447.40    -0.7964  1028.4341    34.4714 0.0000e+00
      23944 314.096176  -62.14042  -58.43362     -0.898    1448.41    176.000    174.237    -0.7903    -0.7903     0.0000    -0.7955    -0.7955     0.0000   2.792770   2.792694  -0.000078    34.3038    34.3027     7.4932    27.5811    27.5802    34.3041    27.5813    1447.40    1447.40    -0.7953  1028.4254    34.4666 0.0000e+00
      23973 314.096190 -9.990e-29  -58.43361     -0.826    1448.41    175.000    173.248    -0.7894    -0.7895    -0.0000    -0.7946    -0.7946    -0.0000   2.792802   2.792704  -0.000094    34.3038    34.3026     7.4846    27.5811    27.5800    34.3042    27.5814    1447.38    1447.38    -0.7944  1028.4201    34.4659 0.0000e+00
      24002 314.096204 -9.990e-29  -58.43360     -0.824    1448.41    174.000    172.258    -0.7884    -0.7880     0.0004    -0.7935    -0.7931     0.0004   2.792826   2.792772  -0.000059    34.3037    34.3024     7.4866    27.5809    27.5799    34.3039    27.5811    1447.37    1447.37    -0.7934  1028.4150    34.4657 0.0000e+00
      24031 314.096218  -62.14044  -58.43358     -0.837    1448.41    173.000    171.269    -0.7877    -0.7874     0.0002    -0.7928    -0.7925     0.0002   2.792845   2.792762  -0.000079    34.3037    34.3024     7.4807    27.5809    27.5798    34.3040    27.5812    1447.36    1447.36    -0.7926  1028.4120    34.4679 0.0000e+00
      24058 314.096231  -62.14044  -58.43358     -0.866    1448.41    172.000    170.279    -0.7860    -0.7861    -0.0001    -0.7910    -0.7911    -0.0001   2.792911   2.792824  -0.000088    34.3033    34.3022     7.4786    27.5805    27.5796    34.3036    27.5807    1447.35    1447.35    -0.7909  1028.4094    34.4707 0.0000e+00
      24083 314.096243  -62.14044  -58.43356     -0.925    1448.41    171.000    169.289    -0.7848    -0.7846     0.0001    -0.7898    -0.7897     0.0001   2.792971   2.792885  -0.000084    34.3033    34.3020     7.4774    27.5805    27.5794    34.3036    27.5807    1447.34    1447.34    -0.7897  1028.4045    34.4706 0.0000e+00
      24111 314.096257  -62.14046  -58.43355     -0.912    1448.41    170.000    168.300    -0.7840    -0.7840     0.0001    -0.7890    -0.7889     0.0001   2.792979   2.792893  -0.000086    34.3033    34.3020     7.4752    27.5804    27.5794    34.3035    27.5806    1447.33    1447.33    -0.7889  1028.3996    34.4705 0.0000e+00
      24141 314.096271  -62.14046  -58.43354     -0.815    1448.41    169.000    167.310    -0.7841    -0.7834     0.0007    -0.7891    -0.7884     0.0007   2.792922   2.792884  -0.000041    34.3032    34.3019     7.4776    27.5803    27.5793    34.3035    27.5805    1447.31    1447.31    -0.7889  1028.3948    34.4705 0.0000e+00
      24172 314.096286  -62.14046  -58.43352     -0.771    1448.41    168.000    166.321    -0.7830    -0.7826     0.0004    -0.7879    -0.7875     0.0004   2.792967   2.792908  -0.000058    34.3031    34.3018     7.4910    27.5802    27.5792    34.3034    27.5805    1447.30    1447.30    -0.7878  1028.3899    34.4704 0.0000e+00
      24200 314.096299  -62.14048  -58.43352     -0.829    1448.41    167.000    165.331    -0.7812    -0.7814    -0.0002    -0.7861    -0.7863    -0.0002   2.793070   2.792947  -0.000115    34.3030    34.3017     7.4844    27.5801    27.5790    34.3034    27.5804    1447.29    1447.29    -0.7860  1028.3851    34.4704 0.0000e+00
      24226 314.096312  -62.14048  -58.43350     -0.897    1448.41    166.000    164.341    -0.7794    -0.7797    -0.0002    -0.7843    -0.7845    -0.0002   2.793144   2.793036  -0.000114    34.3028    34.3015     7.4808    27.5798    27.5787    34.3030    27.5800    1447.28    1447.28    -0.7842  1028.3789    34.4688 0.0000e+00
      24253 314.096325 -9.990e-29  -58.43348     -0.909    1448.41    165.000    163.352    -0.7791    -0.7788     0.0004    -0.7840    -0.7836     0.0004   2.793134   2.793063  -0.000071    34.3029    34.3015     7.4809    27.5799    27.5788    34.3031    27.5801    1447.27    1447.27    -0.7838  1028.3710    34.4649 0.0000e+00
      24280 314.096338 -9.990e-29  -58.43347     -0.892    1448.41    164.000    162.362    -0.7782    -0.7775     0.0007    -0.7830    -0.7823     0.0007   2.793152   2.793115  -0.000043    34.3028    34.3013     7.4760    27.5797    27.5786    34.3030    27.5799    1447.25    1447.26    -0.7829  1028.3660    34.4647 0.0000e+00
      24309 314.096352 -9.990e-29  -58.43346     -0.851    1448.41    163.000    161.372    -0.7766    -0.7759     0.0007    -0.7814    -0.7807     0.0007   2.793227   2.793185  -0.000041    34.3025    34.3011     7.4763    27.5794    27.5783    34.3027    27.5796    1447.25    1447.25    -0.7812  1028.3610    34.4645 0.0000e+00
      24338 314.096366  -62.14050  -58.43345     -0.818    1448.41    162.000    160.383    -0.7759    -0.7752     0.0006    -0.7806    -0.7800     0.0006   2.793225   2.793191  -0.000036    34.3024    34.3011     7.4813    27.5793    27.5783    34.3026    27.5795    1447.23    1447.24    -0.7805  1028.3588    34.4677 0.0000e+00
      24366 314.096380  -62.14050  -58.43344     -0.843    1448.41    161.000    159.393    -0.7747    -0.7744     0.0003    -0.7794    -0.7791     0.0003   2.793275   2.793208  -0.000065    34.3022    34.3009     7.4925    27.5791    27.5781    34.3025    27.5794    1447.22    1447.22    -0.7793  1028.3553    34.4695 0.0000e+00
      24394 314.096393  -62.14050  -58.43342     -0.856    1448.41    160.000    158.404    -0.7734    -0.7729     0.0006    -0.7781    -0.7776     0.0006   2.793316   2.793263  -0.000053    34.3020    34.3006     7.4949    27.5789    27.5778    34.3023    27.5791    1447.21    1447.21    -0.7780  1028.3503    34.4692 0.0000e+00
      24425 314.096408  -62.14050  -58.43341     -0.801    1448.41    159.000    157.414    -0.7733    -0.7725     0.0007    -0.7779    -0.7772     0.0007   2.793275   2.793241  -0.000035    34.3019    34.3007     7.4987    27.5788    27.5778    34.3021    27.5790    1447.20    1447.20    -0.7778  1028.3454    34.4690 0.0000e+00
      24453 314.096422  -62.14051  -58.43340     -0.813    1448.41    158.000    156.424    -0.7729    -0.7721     0.0007    -0.7775    -0.7768     0.0007   2.793280   2.793224  -0.000052    34.3021    34.3006     7.4903    27.5790    27.5777    34.3023    27.5791    1447.18    1447.19    -0.7774  1028.3408    34.4693 0.0000e+00
      24480 314.096435  -62.14052  -58.43339     -0.881    1448.41    157.000    155.435    -0.7690    -0.7711    -0.0020    -0.7737    -0.7757    -0.0020   2.793538   2.793272  -0.000239    34.3014    34.3005     7.4876    27.5782    27.5775    34.3021    27.5788    1447.18    1447.17    -0.7735  1028.3356    34.4690 0.0000e+00
      24508 314.096448  -62.14052  -58.43336     -0.883    1448.41    156.000    154.445    -0.7627    -0.7653    -0.0026    -0.7673    -0.7699    -0.0026   2.793944   2.793651  -0.000304    34.3004    34.2993     7.4851    27.5772    27.5764    34.3011    27.5777    1447.20    1447.18    -0.7672  1028.3297    34.4680 0.0000e+00
      24536 314.096462  -62.14052  -58.43336     -0.856    1448.41    155.000    153.455    -0.7541    -0.7548    -0.0007    -0.7587    -0.7594    -0.0007   2.794588   2.794404  -0.000171    34.2992    34.2977     7.4844    27.5758    27.5746    34.3006    27.5770    1447.22    1447.21    -0.7586  1028.3242    34.4675 0.0000e+00
      24565 314.096476  -62.14053  -58.43334     -0.842    1448.41    154.000    152.465    -0.7438    -0.7469    -0.0031    -0.7483    -0.7514    -0.0031   2.795338   2.794976  -0.000343    34.2980    34.2969     7.4931    27.5744    27.5737    34.2996    27.5758    1447.25    1447.23    -0.7482  1028.3181    34.4665 0.0000e+00
      24595 314.096490  -62.14054  -58.43334     -0.799    1448.41    153.000    151.476    -0.7310    -0.7358    -0.0049    -0.7355    -0.7404    -0.0049   2.796260   2.795734  -0.000501    34.2964    34.2952     7.4939    27.5726    27.5718    34.2982    27.5741    1447.29    1447.27    -0.7354  1028.3116    34.4651 0.0000e+00
      24623 314.096504  -62.14054  -58.43333     -0.828    1448.41    152.000    150.486    -0.7149    -0.7234    -0.0084    -0.7194    -0.7279    -0.0084   2.797533   2.796690  -0.000817    34.2951    34.2936     7.4923    27.5709    27.5701    34.2978    27.5731    1447.35    1447.31    -0.7193  1028.3051    34.4639 0.0000e+00
      24651 314.096517 -9.990e-29  -58.43332     -0.858    1448.41    151.000    149.497    -0.7060    -0.7104    -0.0044    -0.7105    -0.7149    -0.0044   2.798092   2.797634  -0.000488    34.2941    34.2926     7.5003    27.5697    27.5686    34.2959    27.5712    1447.37    1447.35    -0.7104  1028.2949    34.4577 0.0000e+00
      24682 314.096532 -9.990e-29  -58.43330     -0.798    1448.41    150.000    148.507    -0.7011    -0.7021    -0.0010    -0.7056    -0.7066    -0.0010   2.798374   2.798218  -0.000180    34.2933    34.2920     7.5205    27.5688    27.5679    34.2947    27.5700    1447.38    1447.37    -0.7055  1028.2889    34.4565 0.0000e+00
      24713 314.096547 -9.990e-29  -58.43329     -0.776    1448.41    149.000    147.524    -0.6979    -0.6986    -0.0006    -0.7024    -0.7030    -0.0006   2.798614   2.798449  -0.000160    34.2934    34.2920     7.5214    27.5688    27.5677    34.2950    27.5701    1447.38    1447.37    -0.7022  1028.2842    34.4567 0.0000e+00
      24743 314.096562  -62.14056  -58.43327     -0.789    1448.41    148.000    146.520    -0.6937    -0.6959    -0.0021    -0.6981    -0.7003    -0.0021   2.798899   2.798622  -0.000272    34.2931    34.2919     7.5174    27.5684    27.5675    34.2947    27.5697    1447.38    1447.37    -0.6980  1028.2824    34.4607 0.0000e+00
      24771 314.096575  -62.14056  -58.43326     -0.835    1448.41    147.000    145.538    -0.6897    -0.6904    -0.0006    -0.6941    -0.6948    -0.0006   2.799145   2.798973  -0.000172    34.2927    34.2911     7.5239    27.5679    27.5666    34.2941    27.5691    1447.38    1447.38    -0.6940  1028.2777    34.4610 0.0000e+00
