Pos-Processados/process_op42/Processamento_split/up/uoperantar42_009.cnv
* Sea-Bird SBE 9 Data File:
* FileName = C:\Users\Hidrografia\Desktop\OPXLII\Brutos\OP42009.hdr
* Software Version Seasave V 7.26.7.107
* Temperature SN = 6502
* Conductivity SN = 4998
* Number of Bytes Per Scan = 31
* Number of Voltage Words = 2
* Number of Scans Averaged by the Deck Unit = 1
* NMEA Latitude = 43 19.24 S
* NMEA Longitude = 055 32.42 W
* NMEA UTC (Time) = Oct 18 2023 16:32:08
* NMEA baud rate = 4800
** H41
** NPOALTEMAXIMIANO
** NUMERO DA ESTACAO (XXX) 009
** LAT (XX XX.XX S/N) 43 19.058 S
** LONG (XXX XX.XX W/E) 055 32.32 W
** DATAHORA (dd/mm/aaaa hh:mm Z) 18/10/2023 1631Z
** PROFUNDIDADE (m) 5145
** OPERADOR CT FABIREZA
# nquan = 30
# nvalues = 1010                        
# units = specified
# name 0 = scan: Scan Count
# name 1 = timeJ: Julian Days
# name 2 = latitude: Latitude [deg]
# name 3 = longitude: Longitude [deg]
# name 4 = dz/dtM: Descent Rate [m/s]
# name 5 = avgsvCM: Average Sound Velocity [Chen-Millero, m/s]
# name 6 = prDM: Pressure, Digiquartz [db]
# name 7 = depSM: Depth [salt water, m]
# name 8 = t090C: Temperature [ITS-90, deg C]
# name 9 = t190C: Temperature, 2 [ITS-90, deg C]
# name 10 = T2-T190C: Temperature Difference, 2 - 1 [ITS-90, deg C]
# name 11 = potemp090C: Potential Temperature [ITS-90, deg C]
# name 12 = potemp190C: Potential Temperature, 2 [ITS-90, deg C]
# name 13 = potemp90Cdiff: Potential Temperature, Diff, 2 - 1 [ITS-90, deg C]
# name 14 = c0S/m: Conductivity [S/m]
# name 15 = c1S/m: Conductivity, 2 [S/m]
# name 16 = C2-C1S/m: Conductivity Difference, 2 - 1 [S/m]
# name 17 = sal00: Salinity, Practical [PSU]
# name 18 = sal11: Salinity, Practical, 2 [PSU]
# name 19 = sbeox0ML/L: Oxygen, SBE 43 [ml/l]
# name 20 = sigma-é00: Density [sigma-theta, kg/m^3]
# name 21 = sigma-é11: Density, 2 [sigma-theta, kg/m^3]
# name 22 = sal00: Salinity, Practical [PSU]
# name 23 = sigma-é00: Density [sigma-theta, kg/m^3]
# name 24 = svCM: Sound Velocity [Chen-Millero, m/s]
# name 25 = svCM1: Sound Velocity, 2 [Chen-Millero, m/s]
# name 26 = gsw_ptA0: potential temperature [ITS-90, deg C]
# name 27 = gsw_densityA0: density, TEOS-10 [density, kg/m^3]
# name 28 = gsw_saA0: Absolute Salinity [g/kg]
# name 29 = flag:
# span 0 =      32809,      68815       
# span 1 = 291.704803, 291.722167       
# span 2 =  -43.32958,  -43.32694       
# span 3 =  -55.54540,  -55.54260       
# span 4 =     -1.384,     -0.134       
# span 5 =    1481.75,    1481.75       
# span 6 =      2.000,   1011.000       
# span 7 =      1.993,   1000.512       
# span 8 =     3.1014,    13.1660       
# span 9 =     3.1013,    13.1630       
# span 10 =    -0.1181,     0.1207      
# span 11 =     3.0322,    13.1655      
# span 12 =     3.0321,    13.1625      
# span 13 =    -0.1179,     0.1205      
# span 14 =   3.156009,   4.134666      
# span 15 =   3.155840,   4.134469      
# span 16 =  -0.012196,   0.011498      
# span 17 =    34.1311,    35.2349      
# span 18 =    34.1298,    35.2346      
# span 19 =     4.5662,     6.1453      
# span 20 =    26.5205,    27.3456      
# span 21 =    26.5217,    27.3452      
# span 22 =    34.1317,    35.2362      
# span 23 =    26.5215,    27.3456      
# span 24 =    1474.89,    1501.04      
# span 25 =    1474.90,    1501.03      
# span 26 =     3.0320,    13.1655      
# span 27 =  1026.5351,  1032.0280      
# span 28 =    34.2951,    35.4026      
# span 29 = 0.0000e+00, 0.0000e+00      
# interval = decibars: 1                
# start_time = Oct 18 2023 16:32:08 [NMEA time, header]
# bad_flag = -9.990e-29
*END*
[from data line 291]
      40694 291.708606  -43.32816  -55.54382     -0.937    1481.75    720.000    713.027     3.6311     3.6301    -0.0010     3.5806     3.5796    -0.0010   3.186118   3.185913  -0.000229    34.1765    34.1748     5.6426    27.1731    27.1718    34.1797    27.1756    1475.83    1475.83     3.5805  1030.5116    34.3437 0.0000e+00
      40715 291.708616  -43.32818  -55.54384     -1.097    1481.75    719.000    712.038     3.6337     3.6328    -0.0009     3.5833     3.5824    -0.0009   3.186229   3.186000  -0.000188    34.1764    34.1752     5.6330    27.1728    27.1719    34.1787    27.1746    1475.83    1475.82     3.5832  1030.5059    34.3428 0.0000e+00
      40736 291.708626  -43.32818  -55.54384     -1.148    1481.75    718.000    711.050     3.6284     3.6220    -0.0064     3.5781     3.5717    -0.0064   3.185479   3.184663  -0.000634    34.1742    34.1733     5.6353    27.1715    27.1714    34.1759    27.1728    1475.78    1475.75     3.5780  1030.4997    34.3399 0.0000e+00
      40763 291.708639  -43.32818  -55.54384     -1.013    1481.75    717.000    710.061     3.6126     3.6063    -0.0063     3.5625     3.5562    -0.0062   3.183859   3.183103  -0.000917    34.1743    34.1699     5.6477    27.1731    27.1702    34.1736    27.1725    1475.70    1475.67     3.5623  1030.4949    34.3373 0.0000e+00
      40791 291.708653  -43.32818 -9.990e-29     -0.846    1481.75    716.000    709.072     3.6001     3.6005     0.0004     3.5501     3.5505     0.0004   3.182463   3.182323  -0.000131    34.1700    34.1680     5.6491    27.1708    27.1692    34.1705    27.1713    1475.63    1475.62     3.5500  1030.4891    34.3339 0.0000e+00
      40816 291.708665  -43.32818 -9.990e-29     -0.893    1481.75    715.000    708.084     3.5945     3.5942    -0.0003     3.5446     3.5443    -0.0003   3.181715   3.181586  -0.000115    34.1682    34.1672     5.6664    27.1700    27.1692    34.1680    27.1698    1475.58    1475.58     3.5445  1030.4831    34.3313 0.0000e+00
      40839 291.708676  -43.32818 -9.990e-29     -1.011    1481.75    714.000    707.095     3.5923     3.5990     0.0067     3.5425     3.5491     0.0066   3.181542   3.182021   0.000476    34.1674    34.1661     5.6844    27.1695    27.1679    34.1687    27.1706    1475.56    1475.58     3.5424  1030.4793    34.3321 0.0000e+00
      40864 291.708688  -43.32818  -55.54386     -1.025    1481.75    713.000    706.106     3.6005     3.6112     0.0107     3.5507     3.5613     0.0106   3.182227   3.183115   0.000848    34.1679    34.1668     5.7046    27.1691    27.1673    34.1688    27.1699    1475.58    1475.62     3.5506  1030.4741    34.3325 0.0000e+00
      40897 291.708704  -43.32818  -55.54387     -0.800    1481.75    712.000    705.118     3.6506     3.6378    -0.0128     3.6006     3.5879    -0.0127   3.186975   3.185697  -0.001055    34.1671    34.1679     5.7132    27.1636    27.1655    34.1737    27.1689    1475.78    1475.72     3.6005  1030.4678    34.3377 0.0000e+00
      40944 291.708726  -43.32820  -55.54388     -0.491    1481.75    711.000    704.129     3.7249     3.7213    -0.0036     3.6746     3.6710    -0.0036   3.193853   3.193693  -0.000355    34.1749    34.1744     5.7229    27.1626    27.1625    34.1786    27.1656    1476.08    1476.07     3.6745  1030.4584    34.3426 0.0000e+00
      40978 291.708743  -43.32820  -55.54388     -0.636    1481.75    710.000    703.141     3.7224     3.7122    -0.0102     3.6721     3.6620    -0.0101   3.193534   3.192713  -0.000765    34.1746    34.1761     5.6919    27.1626    27.1648    34.1780    27.1653    1476.05    1476.01     3.6720  1030.4536    34.3420 0.0000e+00
      41002 291.708754  -43.32820  -55.54388     -0.898    1481.75    709.000    702.152     3.7316     3.7391     0.0075     3.6814     3.6888     0.0074   3.194736   3.195220   0.000439    34.1792    34.1766     5.6494    27.1653    27.1626    34.1832    27.1685    1476.08    1476.11     3.6813  1030.4520    34.3472 0.0000e+00
      41021 291.708764  -43.32820  -55.54390     -1.102    1481.75    708.000    701.163     3.7411     3.7525     0.0115     3.6909     3.7023     0.0114   3.195592   3.196413   0.000846    34.1797    34.1778     5.6296    27.1648    27.1622    34.1840    27.1682    1476.10    1476.15     3.6908  1030.4469    34.3480 0.0000e+00
      41042 291.708774  -43.32820  -55.54390     -1.198    1481.75    707.000    700.174     3.7555     3.7574     0.0019     3.7053     3.7072     0.0019   3.196714   3.196807   0.000064    34.1802    34.1789     5.6227    27.1637    27.1626    34.1829    27.1659    1476.15    1476.15     3.7052  1030.4397    34.3469 0.0000e+00
      41070 291.708787  -43.32820  -55.54390     -0.996    1481.75    706.000    699.188     3.7580     3.7603     0.0023     3.7078     3.7101     0.0023   3.196849   3.197026   0.000186    34.1796    34.1794     5.6245    27.1630    27.1626    34.1824    27.1653    1476.14    1476.15     3.7077  1030.4345    34.3464 0.0000e+00
      41114 291.708809  -43.32820  -55.54390     -0.533    1481.75    705.000    698.196     3.7654     3.7668     0.0013     3.7153     3.7167     0.0013   3.197475   3.197494   0.000014    34.1803    34.1791     5.6081    27.1629    27.1617    34.1826    27.1647    1476.16    1476.16     3.7152  1030.4291    34.3466 0.0000e+00
      41149 291.708825  -43.32822  -55.54392     -0.612    1481.75    704.000    697.209     3.7646     3.7660     0.0015     3.7145     3.7160     0.0015   3.197337   3.197354   0.000024    34.1808    34.1795     5.5976    27.1633    27.1621    34.1824    27.1646    1476.14    1476.14     3.7144  1030.4245    34.3463 0.0000e+00
      41170 291.708835  -43.32822  -55.54392     -0.937    1481.75    703.000    696.220     3.7681     3.7698     0.0016     3.7182     3.7198     0.0016   3.197636   3.197646   0.000010    34.1806    34.1790     5.5955    27.1628    27.1614    34.1827    27.1645    1476.14    1476.14     3.7180  1030.4197    34.3467 0.0000e+00
      41189 291.708844  -43.32822  -55.54392     -1.174    1481.75    702.000    695.231     3.7735     3.7792     0.0057     3.7236     3.7292     0.0057   3.198033   3.198468   0.000355    34.1804    34.1787     5.6028    27.1621    27.1602    34.1823    27.1636    1476.14    1476.16     3.7235  1030.4142    34.3463 0.0000e+00
      41208 291.708854  -43.32822  -55.54392     -1.266    1481.75    701.000    694.242     3.7791     3.7857     0.0066     3.7292     3.7358     0.0065   3.198502   3.198949   0.000450    34.1806    34.1790     5.6090    27.1617    27.1598    34.1826    27.1633    1476.15    1476.18     3.7291  1030.4092    34.3466 0.0000e+00
      41232 291.708865  -43.32822  -55.54393     -1.147    1481.75    700.000    693.254     3.7839     3.7885     0.0046     3.7341     3.7387     0.0046   3.198831   3.199160   0.000324    34.1802    34.1792     5.6107    27.1609    27.1596    34.1820    27.1624    1476.15    1476.17     3.7340  1030.4035    34.3460 0.0000e+00
      41263 291.708880  -43.32822  -55.54394     -0.849    1481.75    699.000    692.265     3.7938     3.7932    -0.0007     3.7440     3.7434    -0.0007   3.199667   3.199513  -0.000111    34.1800    34.1793     5.6098    27.1597    27.1593    34.1822    27.1615    1476.18    1476.17     3.7439  1030.3979    34.3461 0.0000e+00
      41295 291.708896  -43.32824  -55.54394     -0.710    1481.75    698.000    691.276     3.7982     3.8009     0.0027     3.7485     3.7512     0.0027   3.199945   3.200156   0.000187    34.1801    34.1795     5.6106    27.1594    27.1586    34.1814    27.1604    1476.18    1476.19     3.7484  1030.3921    34.3453 0.0000e+00
      41320 291.708908  -43.32824  -55.54394     -0.866    1481.75    697.000    690.287     3.8001     3.8004     0.0003     3.7504     3.7507     0.0003   3.200115   3.200062  -0.000036    34.1804    34.1797     5.6047    27.1594    27.1589    34.1819    27.1607    1476.17    1476.17     3.7503  1030.3877    34.3459 0.0000e+00
      41341 291.708918  -43.32824  -55.54394     -1.046    1481.75    696.000    689.299     3.8022     3.8028     0.0006     3.7526     3.7532     0.0006   3.200265   3.200250  -0.000006    34.1807    34.1800     5.6072    27.1595    27.1588    34.1821    27.1605    1476.16    1476.16     3.7525  1030.3830    34.3460 0.0000e+00
      41361 291.708928  -43.32824  -55.54396     -1.160    1481.75    695.000    688.310     3.8035     3.8050     0.0014     3.7540     3.7554     0.0014   3.200371   3.200406   0.000021    34.1814    34.1801     5.6138    27.1599    27.1587    34.1825    27.1607    1476.15    1476.16     3.7539  1030.3786    34.3464 0.0000e+00
      41385 291.708939  -43.32824  -55.54396     -1.123    1481.75    694.000    687.322     3.8042     3.8071     0.0030     3.7547     3.7577     0.0029   3.200359   3.200555   0.000201    34.1810    34.1804     5.6121    27.1595    27.1587    34.1822    27.1604    1476.14    1476.15     3.7546  1030.3736    34.3461 0.0000e+00
      41417 291.708954  -43.32824  -55.54396     -0.837    1481.75    693.000    686.333     3.8171     3.8137    -0.0033     3.7676     3.7643    -0.0033   3.201571   3.201219  -0.000358    34.1812    34.1804     5.6174    27.1583    27.1581    34.1836    27.1603    1476.18    1476.16     3.7675  1030.3687    34.3475 0.0000e+00
      41455 291.708973  -43.32824  -55.54396     -0.609    1481.75    692.000    685.344     3.8402     3.8429     0.0027     3.7907     3.7934     0.0026   3.203436   3.203713   0.000265    34.1803    34.1807     5.6159    27.1553    27.1554    34.1822    27.1569    1476.26    1476.27     3.7906  1030.3602    34.3461 0.0000e+00
      41483 291.708986  -43.32824 -9.990e-29     -0.760    1481.75    691.000    684.355     3.8420     3.8399    -0.0021     3.7926     3.7905    -0.0021   3.203664   3.203395  -0.000221    34.1818    34.1813     5.6173    27.1563    27.1561    34.1836    27.1578    1476.25    1476.24     3.7924  1030.3561    34.3469 0.0000e+00
      41506 291.708997  -43.32826 -9.990e-29     -0.969    1481.75    690.000    683.366     3.8479     3.8535     0.0056     3.7985     3.8041     0.0056   3.204246   3.204629   0.000301    34.1831    34.1808     5.6090    27.1568    27.1544    34.1849    27.1582    1476.26    1476.28     3.7984  1030.3518    34.3482 0.0000e+00
      41530 291.709009  -43.32826 -9.990e-29     -1.035    1481.75    689.000    682.378     3.8541     3.8672     0.0132     3.8047     3.8178     0.0131   3.204671   3.205796   0.001080    34.1822    34.1813     5.6130    27.1554    27.1534    34.1840    27.1568    1476.27    1476.32     3.8046  1030.3457    34.3473 0.0000e+00
      41563 291.709025  -43.32826  -55.54398     -0.791    1481.75    688.000    681.389     3.8690     3.8736     0.0046     3.8197     3.8242     0.0045   3.205963   3.206368   0.000451    34.1815    34.1821     5.6170    27.1534    27.1534    34.1843    27.1556    1476.31    1476.33     3.8196  1030.3398    34.3479 0.0000e+00
      41599 291.709042  -43.32826  -55.54399     -0.649    1481.75    687.000    680.400     3.8786     3.8799     0.0013     3.8292     3.8306     0.0013   3.206731   3.206808   0.000079    34.1828    34.1823     5.6233    27.1534    27.1529    34.1840    27.1544    1476.34    1476.34     3.8291  1030.3341    34.3479 0.0000e+00
      41626 291.709055  -43.32826  -55.54400     -0.815    1481.75    686.000    679.411     3.8762     3.8771     0.0009     3.8269     3.8278     0.0009   3.206537   3.206519   0.000001    34.1833    34.1824     5.6201    27.1541    27.1533    34.1847    27.1552    1476.31    1476.31     3.8268  1030.3303    34.3485 0.0000e+00
      41650 291.709067  -43.32828  -55.54400     -0.952    1481.75    685.000    678.423     3.8764     3.8766     0.0002     3.8272     3.8274     0.0002   3.206412   3.206378  -0.000033    34.1826    34.1820     5.6219    27.1535    27.1530    34.1835    27.1542    1476.29    1476.29     3.8271  1030.3247    34.3474 0.0000e+00
      41675 291.709079  -43.32828  -55.54400     -0.983    1481.75    684.000    677.434     3.8742     3.8742    -0.0000     3.8252     3.8251    -0.0000   3.206165   3.206068  -0.000076    34.1827    34.1818     5.6302    27.1537    27.1530    34.1833    27.1543    1476.27    1476.27     3.8250  1030.3203    34.3472 0.0000e+00
      41701 291.709092  -43.32828  -55.54402     -0.940    1481.75    683.000    676.445     3.8693     3.8717     0.0024     3.8204     3.8227     0.0024   3.205559   3.205704   0.000107    34.1821    34.1809     5.6379    27.1538    27.1526    34.1817    27.1535    1476.23    1476.24     3.8202  1030.3150    34.3456 0.0000e+00
      41730 291.709105  -43.32828  -55.54402     -0.863    1481.75    682.000    675.456     3.8474     3.8545     0.0072     3.7986     3.8057     0.0071   3.203394   3.203828   0.000452    34.1804    34.1784     5.6414    27.1546    27.1523    34.1794    27.1538    1476.12    1476.14     3.7985  1030.3112    34.3433 0.0000e+00
      41761 291.709120  -43.32828  -55.54402     -0.796    1481.75    681.000    674.468     3.8288     3.8278    -0.0010     3.7802     3.7792    -0.0010   3.201105   3.200912  -0.000212    34.1753    34.1738     5.6473    27.1524    27.1513    34.1721    27.1499    1476.01    1476.01     3.7801  1030.3030    34.3359 0.0000e+00
      41798 291.709138  -43.32828  -55.54402     -0.669    1481.75    680.000    673.479     3.7908     3.7916     0.0008     3.7425     3.7433     0.0007   3.197088   3.196982  -0.000093    34.1685    34.1666     5.6767    27.1507    27.1491    34.1645    27.1476    1475.83    1475.83     3.7424  1030.2968    34.3283 0.0000e+00
      41839 291.709158  -43.32828  -55.54402     -0.572    1481.75    679.000    672.489     3.7635     3.7587    -0.0048     3.7154     3.7107    -0.0047   3.194402   3.193612  -0.000700    34.1632    34.1599     5.7357    27.1493    27.1470    34.1616    27.1479    1475.69    1475.67     3.7153  1030.2930    34.3253 0.0000e+00
      41869 291.709172  -43.32828  -55.54404     -0.730    1481.75    678.000    671.501     3.7655     3.7621    -0.0035     3.7175     3.7141    -0.0034   3.194289   3.193945  -0.000427    34.1616    34.1601     5.7903    27.1477    27.1469    34.1586    27.1454    1475.68    1475.67     3.7174  1030.2856    34.3220 0.0000e+00
      41892 291.709184  -43.32828 -9.990e-29     -0.929    1481.75    677.000    670.512     3.7510     3.7494    -0.0016     3.7031     3.7015    -0.0016   3.192699   3.192523  -0.000164    34.1584    34.1581     5.8313    27.1466    27.1465    34.1554    27.1442    1475.60    1475.59     3.7030  1030.2799    34.3185 0.0000e+00
      41913 291.709194  -43.32830 -9.990e-29     -1.081    1481.75    676.000    669.523     3.7404     3.7372    -0.0032     3.6927     3.6895    -0.0032   3.191536   3.191214  -0.000262    34.1558    34.1560     5.8491    27.1456    27.1460    34.1531    27.1434    1475.54    1475.52     3.6925  1030.2748    34.3162 0.0000e+00
      41935 291.709204  -43.32830 -9.990e-29     -1.114    1481.75    675.000    668.534     3.7360     3.7286    -0.0074     3.6884     3.6810    -0.0074   3.191021   3.190320  -0.000757    34.1546    34.1533     5.8563    27.1451    27.1448    34.1520    27.1430    1475.50    1475.47     3.6883  1030.2698    34.3151 0.0000e+00
      41964 291.709218  -43.32830  -55.54406     -0.932    1481.75    674.000    667.546     3.7270     3.7272     0.0002     3.6795     3.6797     0.0002   3.190073   3.190028  -0.000053    34.1530    34.1522     5.8659    27.1447    27.1440    34.1506    27.1428    1475.44    1475.44     3.6794  1030.2654    34.3140 0.0000e+00
