Pos-Processados/process_op42/Processamento_split/up/uoperantar42_031.cnv
* Sea-Bird SBE 9 Data File:
* FileName = C:\Users\Hidrografia\Desktop\OPXLII\Brutos\OP42031.hdr
* Software Version Seasave V 7.26.7.107
* Temperature SN = 6502
* Conductivity SN = 4998
* Number of Bytes Per Scan = 37
* Number of Voltage Words = 4
* Number of Scans Averaged by the Deck Unit = 1
* NMEA Latitude = 62 08.51 S
* NMEA Longitude = 058 26.69 W
* NMEA UTC (Time) = Nov 09 2023 06:07:33
* NMEA baud rate = 4800
** H41
** NPOALTEMAXIMIANO
** NUMERO DA ESTACAO (XXX) 031
** LAT (XX XX.XX S/N) 62 08.5 S
** LONG (XXX XX.XX W/E) 058 26.7 W
** DATAHORA (dd/mm/aaaa hh:mm Z) 09/11/2023 0606Z
** PROFUNDIDADE (m) 410
** OPERADOR CT FILIPE LOPES
# nquan = 30
# nvalues = 369                         
# units = specified
# name 0 = scan: Scan Count
# name 1 = timeJ: Julian Days
# name 2 = latitude: Latitude [deg]
# name 3 = longitude: Longitude [deg]
# name 4 = dz/dtM: Descent Rate [m/s]
# name 5 = avgsvCM: Average Sound Velocity [Chen-Millero, m/s]
# name 6 = prDM: Pressure, Digiquartz [db]
# name 7 = depSM: Depth [salt water, m]
# name 8 = t090C: Temperature [ITS-90, deg C]
# name 9 = t190C: Temperature, 2 [ITS-90, deg C]
# name 10 = T2-T190C: Temperature Difference, 2 - 1 [ITS-90, deg C]
# name 11 = potemp090C: Potential Temperature [ITS-90, deg C]
# name 12 = potemp190C: Potential Temperature, 2 [ITS-90, deg C]
# name 13 = potemp90Cdiff: Potential Temperature, Diff, 2 - 1 [ITS-90, deg C]
# name 14 = c0S/m: Conductivity [S/m]
# name 15 = c1S/m: Conductivity, 2 [S/m]
# name 16 = C2-C1S/m: Conductivity Difference, 2 - 1 [S/m]
# name 17 = sal00: Salinity, Practical [PSU]
# name 18 = sal11: Salinity, Practical, 2 [PSU]
# name 19 = sbeox0ML/L: Oxygen, SBE 43 [ml/l]
# name 20 = sigma-é00: Density [sigma-theta, kg/m^3]
# name 21 = sigma-é11: Density, 2 [sigma-theta, kg/m^3]
# name 22 = sal00: Salinity, Practical [PSU]
# name 23 = sigma-é00: Density [sigma-theta, kg/m^3]
# name 24 = svCM: Sound Velocity [Chen-Millero, m/s]
# name 25 = svCM1: Sound Velocity, 2 [Chen-Millero, m/s]
# name 26 = gsw_ptA0: potential temperature [ITS-90, deg C]
# name 27 = gsw_densityA0: density, TEOS-10 [density, kg/m^3]
# name 28 = gsw_saA0: Absolute Salinity [g/kg]
# name 29 = flag:
# span 0 =      17930,      29481       
# span 1 = 313.263889, 313.269460       
# span 2 =  -62.14393,  -62.14376       
# span 3 =  -58.43991,  -58.43559       
# span 4 =     -0.984,      0.305       
# span 5 =    1448.14,    1448.14       
# span 6 =      3.000,    371.000       
# span 7 =      2.972,    367.108       
# span 8 =    -0.8312,    -0.5432       
# span 9 =    -0.8298,    -0.5425       
# span 10 =    -0.0134,     0.0096      
# span 11 =    -0.8383,    -0.5452      
# span 12 =    -0.8369,    -0.5445      
# span 13 =    -0.0134,     0.0096      
# span 14 =   2.792248,   2.824940      
# span 15 =   2.792227,   2.824993      
# span 16 =  -0.001104,   0.001010      
# span 17 =    34.2835,    34.3919      
# span 18 =    34.2825,    34.3915      
# span 19 =     6.7736,     7.6516      
# span 20 =    27.5545,    27.6442      
# span 21 =    27.5535,    27.6439      
# span 22 =    34.2836,    34.3918      
# span 23 =    27.5544,    27.6441      
# span 24 =    1445.68,    1451.63      
# span 25 =    1445.69,    1451.63      
# span 26 =    -0.8381,    -0.5452      
# span 27 =  1027.5737,  1029.4185      
# span 28 =    34.4461,    34.5599      
# span 29 = 0.0000e+00, 0.0000e+00      
# interval = decibars: 1                
# start_time = Nov 09 2023 06:07:33 [NMEA time, header]
# bad_flag = -9.990e-29
*END*
      17930 313.263889  -62.14376  -58.43991     -0.143    1448.14    371.000    367.108    -0.5900    -0.5891     0.0009    -0.6022    -0.6013     0.0009   2.824940   2.824993   0.000051    34.3919    34.3915     6.7736    27.6442    27.6439    34.3918    27.6441    1451.63    1451.63    -0.6019  1029.4185    34.5599 0.0000e+00
      18010 313.263928  -62.14376  -58.43987     -0.336    1448.14    370.000    366.122    -0.5891    -0.5885     0.0006    -0.6013    -0.6008     0.0006   2.824817   2.824823   0.000010    34.3897    34.3892     6.7938    27.6424    27.6420    34.3897    27.6424    1451.62    1451.62    -0.6011  1029.4121    34.5578 0.0000e+00
      18072 313.263958  -62.14377  -58.43985     -0.398    1448.14    369.000    365.134    -0.5893    -0.5884     0.0009    -0.6015    -0.6006     0.0009   2.824718   2.824720 -9.570e-07    34.3893    34.3883     6.8016    27.6421    27.6412    34.3892    27.6420    1451.60    1451.60    -0.6012  1029.4070    34.5573 0.0000e+00
      18127 313.263984  -62.14378  -58.43983     -0.434    1448.14    368.000    364.145    -0.5900    -0.5889     0.0011    -0.6021    -0.6011     0.0011   2.824472   2.824534   0.000063    34.3874    34.3870     6.8022    27.6406    27.6402    34.3873    27.6405    1451.58    1451.58    -0.6019  1029.4007    34.5554 0.0000e+00
      18191 313.264015  -62.14378  -58.43980     -0.362    1448.14    367.000    363.160    -0.5904    -0.5897     0.0008    -0.6026    -0.6018     0.0008   2.824310   2.824314   0.000003    34.3863    34.3855     6.8195    27.6398    27.6390    34.3863    27.6397    1451.56    1451.56    -0.6023  1029.3951    34.5544 0.0000e+00
      18263 313.264050  -62.14378  -58.43978     -0.338    1448.14    366.000    362.165    -0.5907    -0.5899     0.0009    -0.6028    -0.6020     0.0009   2.824194   2.824202   0.000007    34.3857    34.3848     6.8197    27.6392    27.6385    34.3856    27.6392    1451.54    1451.54    -0.6025  1029.3899    34.5537 0.0000e+00
      18325 313.264080  -62.14378  -58.43975     -0.389    1448.14    365.000    361.178    -0.5907    -0.5900     0.0007    -0.6027    -0.6020     0.0007   2.824138   2.824127  -0.000010    34.3855    34.3845     6.8269    27.6390    27.6383    34.3855    27.6390    1451.52    1451.52    -0.6025  1029.3850    34.5535 0.0000e+00
      18380 313.264106  -62.14378  -58.43973     -0.442    1448.14    364.000    360.191    -0.5908    -0.5901     0.0008    -0.6028    -0.6021     0.0008   2.824086   2.824074  -0.000011    34.3856    34.3845     6.8292    27.6391    27.6383    34.3855    27.6391    1451.50    1451.51    -0.6026  1029.3803    34.5536 0.0000e+00
      18430 313.264130  -62.14378  -58.43970     -0.481    1448.14    363.000    359.202    -0.5910    -0.5902     0.0009    -0.6030    -0.6021     0.0009   2.824015   2.824015  -0.000002    34.3854    34.3844     6.8294    27.6390    27.6382    34.3854    27.6390    1451.49    1451.49    -0.6027  1029.3754    34.5534 0.0000e+00
      18484 313.264157  -62.14378  -58.43968     -0.439    1448.14    362.000    358.213    -0.5918    -0.5908     0.0010    -0.6038    -0.6028     0.0010   2.823836   2.823871   0.000027    34.3848    34.3840     6.8304    27.6385    27.6378    34.3845    27.6383    1451.47    1451.47    -0.6035  1029.3700    34.5526 0.0000e+00
      18532 313.264180  -62.14378  -58.43967     -0.504    1448.14    361.000    357.224    -0.5951    -0.5919     0.0033    -0.6070    -0.6038     0.0033   2.823402   2.823697   0.000285    34.3832    34.3833     6.8333    27.6374    27.6374    34.3830    27.6373    1451.43    1451.45    -0.6068  1029.3643    34.5511 0.0000e+00
      18573 313.264199  -62.14378  -58.43965     -0.582    1448.14    360.000    356.236    -0.5961    -0.5941     0.0020    -0.6079    -0.6059     0.0020   2.823266   2.823367   0.000116    34.3831    34.3824     6.8353    27.6373    27.6367    34.3828    27.6371    1451.41    1451.42    -0.6077  1029.3594    34.5509 0.0000e+00
      18613 313.264219  -62.14378  -58.43963     -0.598    1448.14    359.000    355.247    -0.5968    -0.5955     0.0012    -0.6086    -0.6073     0.0012   2.823123   2.823170   0.000046    34.3825    34.3817     6.8484    27.6369    27.6362    34.3823    27.6367    1451.39    1451.39    -0.6083  1029.3543    34.5503 0.0000e+00
      18654 313.264239  -62.14380  -58.43962     -0.579    1448.14    358.000    354.258    -0.5971    -0.5960     0.0010    -0.6088    -0.6078     0.0010   2.823037   2.823053   0.000017    34.3822    34.3813     6.8461    27.6367    27.6359    34.3821    27.6366    1451.37    1451.38    -0.6086  1029.3494    34.5501 0.0000e+00
      18695 313.264258  -62.14380  -58.43960     -0.591    1448.14    357.000    353.270    -0.5971    -0.5962     0.0009    -0.6089    -0.6079     0.0009   2.822946   2.822976   0.000033    34.3817    34.3811     6.8530    27.6362    27.6357    34.3816    27.6361    1451.36    1451.36    -0.6086  1029.3442    34.5496 0.0000e+00
      18733 313.264277  -62.14380  -58.43958     -0.630    1448.14    356.000    352.281    -0.5969    -0.5964     0.0006    -0.6086    -0.6081     0.0006   2.822876   2.822875   0.000002    34.3811    34.3805     6.8544    27.6358    27.6352    34.3810    27.6357    1451.34    1451.34    -0.6084  1029.3390    34.5490 0.0000e+00
      18776 313.264297  -62.14380  -58.43956     -0.566    1448.14    355.000    351.292    -0.5958    -0.5958     0.0000    -0.6074    -0.6075     0.0000   2.822878   2.822844  -0.000032    34.3803    34.3799     6.8632    27.6351    27.6348    34.3803    27.6351    1451.33    1451.33    -0.6072  1029.3336    34.5483 0.0000e+00
      18824 313.264320  -62.14380  -58.43954     -0.498    1448.14    354.000    350.303    -0.5953    -0.5950     0.0003    -0.6069    -0.6066     0.0003   2.822848   2.822828  -0.000018    34.3800    34.3794     6.8702    27.6348    27.6343    34.3800    27.6348    1451.31    1451.31    -0.6067  1029.3286    34.5480 0.0000e+00
      18867 313.264341  -62.14380  -58.43953     -0.544    1448.14    353.000    349.315    -0.5958    -0.5949     0.0009    -0.6074    -0.6065     0.0009   2.822732   2.822751   0.000018    34.3797    34.3789     6.8708    27.6346    27.6339    34.3796    27.6345    1451.29    1451.30    -0.6072  1029.3236    34.5477 0.0000e+00
      18907 313.264360  -62.14380  -58.43952     -0.608    1448.14    352.000    348.326    -0.5969    -0.5954     0.0015    -0.6084    -0.6069     0.0015   2.822570   2.822644   0.000071    34.3794    34.3786     6.8673    27.6343    27.6337    34.3792    27.6342    1451.27    1451.28    -0.6082  1029.3185    34.5472 0.0000e+00
      18945 313.264379  -62.14380  -58.43950     -0.627    1448.14    351.000    347.337    -0.5980    -0.5968     0.0012    -0.6095    -0.6083     0.0012   2.822414   2.822451   0.000035    34.3792    34.3783     6.8654    27.6343    27.6335    34.3790    27.6341    1451.25    1451.26    -0.6093  1029.3137    34.5470 0.0000e+00
      18986 313.264399  -62.14380  -58.43948     -0.586    1448.14    350.000    346.349    -0.5997    -0.5975     0.0022    -0.6112    -0.6090     0.0022   2.822194   2.822325   0.000125    34.3789    34.3781     6.8711    27.6341    27.6333    34.3786    27.6339    1451.22    1451.23    -0.6109  1029.3087    34.5467 0.0000e+00
      19028 313.264419  -62.14380  -58.43946     -0.576    1448.14    349.000    345.360    -0.6006    -0.5983     0.0022    -0.6120    -0.6098     0.0022   2.822067   2.822197   0.000130    34.3786    34.3779     6.8738    27.6339    27.6332    34.3785    27.6338    1451.20    1451.21    -0.6118  1029.3039    34.5465 0.0000e+00
      19069 313.264439  -62.14380  -58.43944     -0.582    1448.14    348.000    344.371    -0.6007    -0.5996     0.0010    -0.6120    -0.6110     0.0010   2.821979   2.822019   0.000044    34.3781    34.3776     6.8692    27.6335    27.6330    34.3780    27.6334    1451.19    1451.19    -0.6118  1029.2988    34.5460 0.0000e+00
      19108 313.264457  -62.14380  -58.43944     -0.615    1448.14    347.000    343.383    -0.6009    -0.5998     0.0010    -0.6122    -0.6112     0.0010   2.821921   2.821945   0.000031    34.3782    34.3774     6.8770    27.6335    27.6329    34.3781    27.6335    1451.17    1451.17    -0.6120  1029.2941    34.5461 0.0000e+00
      19143 313.264474  -62.14380  -58.43942     -0.669    1448.14    346.000    342.393    -0.5989    -0.5995    -0.0006    -0.6103    -0.6109    -0.0006   2.821986   2.821893  -0.000084    34.3773    34.3768     6.8740    27.6327    27.6324    34.3774    27.6328    1451.16    1451.16    -0.6100  1029.2887    34.5454 0.0000e+00
      19177 313.264491  -62.14380  -58.43941     -0.705    1448.14    345.000    341.405    -0.5967    -0.5973    -0.0006    -0.6080    -0.6086    -0.0006   2.822092   2.821994  -0.000098    34.3768    34.3761     6.8750    27.6323    27.6318    34.3769    27.6323    1451.15    1451.15    -0.6078  1029.2834    34.5449 0.0000e+00
      19211 313.264507  -62.14380  -58.43939     -0.707    1448.14    344.000    340.416    -0.5961    -0.5958     0.0004    -0.6074    -0.6071     0.0004   2.822038   2.822024  -0.000015    34.3761    34.3755     6.8888    27.6317    27.6312    34.3761    27.6317    1451.14    1451.14    -0.6071  1029.2780    34.5441 0.0000e+00
      19244 313.264523  -62.14380  -58.43938     -0.721    1448.14    343.000    339.427    -0.5959    -0.5950     0.0009    -0.6071    -0.6063     0.0009   2.821948   2.821959   0.000010    34.3752    34.3744     6.8738    27.6310    27.6302    34.3753    27.6310    1451.12    1451.13    -0.6069  1029.2725    34.5432 0.0000e+00
      19276 313.264538  -62.14380  -58.43936     -0.749    1448.14    342.000    338.440    -0.5973    -0.5955     0.0017    -0.6085    -0.6067     0.0017   2.821706   2.821835   0.000119    34.3744    34.3740     6.8928    27.6303    27.6299    34.3742    27.6301    1451.10    1451.11    -0.6083  1029.2670    34.5422 0.0000e+00
      19307 313.264553  -62.14380  -58.43935     -0.758    1448.14    341.000    337.449    -0.5982    -0.5970     0.0011    -0.6093    -0.6082     0.0011   2.821579   2.821599   0.000026    34.3741    34.3732     6.8985    27.6302    27.6293    34.3741    27.6301    1451.08    1451.08    -0.6091  1029.2622    34.5420 0.0000e+00
      19338 313.264569  -62.14380  -58.43934     -0.766    1448.14    340.000    336.461    -0.5992    -0.5978     0.0014    -0.6103    -0.6089     0.0014   2.821388   2.821448   0.000058    34.3735    34.3727     6.9095    27.6296    27.6290    34.3733    27.6295    1451.06    1451.06    -0.6101  1029.2568    34.5412 0.0000e+00
      19370 313.264584  -62.14380  -58.43933     -0.758    1448.14    339.000    335.475    -0.5997    -0.5986     0.0011    -0.6107    -0.6096     0.0011   2.821256   2.821289   0.000037    34.3727    34.3720     6.9017    27.6291    27.6284    34.3726    27.6290    1451.04    1451.04    -0.6105  1029.2516    34.5406 0.0000e+00
      19402 313.264599  -62.14380  -58.43932     -0.752    1448.14    338.000    334.481    -0.5998    -0.5988     0.0010    -0.6109    -0.6098     0.0010   2.821174   2.821210   0.000034    34.3724    34.3717     6.9169    27.6288    27.6283    34.3723    27.6287    1451.02    1451.02    -0.6106  1029.2466    34.5403 0.0000e+00
      19435 313.264615  -62.14380  -58.43929     -0.737    1448.14    337.000    333.494    -0.5999    -0.5992     0.0008    -0.6109    -0.6102     0.0008   2.821122   2.821107  -0.000012    34.3724    34.3714     6.9030    27.6288    27.6279    34.3723    27.6288    1451.00    1451.00    -0.6107  1029.2419    34.5403 0.0000e+00
      19468 313.264631  -62.14380  -58.43928     -0.722    1448.14    336.000    332.506    -0.6000    -0.5992     0.0008    -0.6109    -0.6101     0.0008   2.821026   2.821025 -6.926e-07    34.3718    34.3709     6.9165    27.6284    27.6276    34.3717    27.6283    1450.99    1450.99    -0.6107  1029.2366    34.5397 0.0000e+00
      19502 313.264648  -62.14380  -58.43927     -0.707    1448.14    335.000    331.517    -0.6001    -0.5993     0.0009    -0.6110    -0.6102     0.0009   2.820963   2.820956  -0.000007    34.3717    34.3707     6.9062    27.6283    27.6274    34.3716    27.6282    1450.97    1450.97    -0.6108  1029.2318    34.5396 0.0000e+00
      19535 313.264663  -62.14380  -58.43926     -0.721    1448.14    334.000    330.528    -0.6003    -0.5994     0.0008    -0.6112    -0.6103     0.0008   2.820891   2.820893   0.000003    34.3715    34.3706     6.9198    27.6281    27.6273    34.3715    27.6281    1450.95    1450.95    -0.6110  1029.2269    34.5394 0.0000e+00
      19566 313.264678  -62.14380  -58.43924     -0.770    1448.14    333.000    329.539    -0.6005    -0.5996     0.0009    -0.6113    -0.6105     0.0009   2.820844   2.820837  -0.000009    34.3717    34.3706     6.9117    27.6283    27.6274    34.3716    27.6282    1450.93    1450.94    -0.6111  1029.2224    34.5396 0.0000e+00
      19595 313.264692  -62.14380  -58.43924     -0.813    1448.14    332.000    328.551    -0.6007    -0.5997     0.0009    -0.6115    -0.6106     0.0009   2.820773   2.820767  -0.000004    34.3716    34.3705     6.9232    27.6282    27.6273    34.3715    27.6281    1450.92    1450.92    -0.6113  1029.2175    34.5395 0.0000e+00
      19623 313.264706  -62.14382  -58.43922     -0.849    1448.14    331.000    327.562    -0.6007    -0.5999     0.0007    -0.6114    -0.6107     0.0007   2.820723   2.820715  -0.000009    34.3715    34.3706     6.9158    27.6281    27.6273    34.3714    27.6281    1450.90    1450.90    -0.6112  1029.2127    34.5394 0.0000e+00
      19652 313.264720  -62.14382  -58.43921     -0.835    1448.14    330.000    326.573    -0.6023    -0.6006     0.0017    -0.6131    -0.6114     0.0017   2.820367   2.820530   0.000134    34.3699    34.3697     6.9156    27.6269    27.6267    34.3692    27.6263    1450.87    1450.88    -0.6128  1029.2062    34.5371 0.0000e+00
      19681 313.264734  -62.14382  -58.43920     -0.832    1448.14    329.000    325.584    -0.6092    -0.6037     0.0055    -0.6199    -0.6144     0.0055   2.819513   2.820073   0.000533    34.3671    34.3680     6.9185    27.6249    27.6254    34.3661    27.6241    1450.82    1450.85    -0.6197  1029.1993    34.5340 0.0000e+00
      19709 313.264747  -62.14382  -58.43918     -0.850    1448.14    328.000    324.595    -0.6149    -0.6096     0.0053    -0.6256    -0.6203     0.0053   2.818806   2.819312   0.000531    34.3642    34.3653     6.9275    27.6228    27.6235    34.3636    27.6224    1450.77    1450.80    -0.6253  1029.1929    34.5316 0.0000e+00
      19735 313.264760  -62.14382  -58.43916     -0.884    1448.14    327.000    323.606    -0.6205    -0.6128     0.0077    -0.6311    -0.6234     0.0076   2.817973   2.818879   0.000808    34.3612    34.3634     6.9363    27.6207    27.6221    34.3593    27.6191    1450.73    1450.77    -0.6308  1029.1850    34.5272 0.0000e+00
      19762 313.264773  -62.14382  -58.43916     -0.909    1448.14    326.000    322.618    -0.6310    -0.6214     0.0096    -0.6415    -0.6320     0.0096   2.816761   2.817742   0.001010    34.3574    34.3601     6.9553    27.6180    27.6198    34.3556    27.6165    1450.66    1450.70    -0.6413  1029.1777    34.5234 0.0000e+00
      19790 313.264787  -62.14382  -58.43914     -0.861    1448.14    325.000    321.629    -0.6408    -0.6336     0.0072    -0.6512    -0.6440     0.0072   2.815672   2.816422   0.000733    34.3542    34.3559     6.9864    27.6158    27.6169    34.3525    27.6145    1450.59    1450.63    -0.6510  1029.1711    34.5204 0.0000e+00
      19821 313.264801  -62.14382  -58.43913     -0.790    1448.14    324.000    320.640    -0.6468    -0.6410     0.0059    -0.6572    -0.6514     0.0058   2.814990   2.815535   0.000570    34.3521    34.3532     7.0079    27.6144    27.6150    34.3507    27.6133    1450.54    1450.57    -0.6570  1029.1652    34.5186 0.0000e+00
