Pos-Processados/process_op42/Processamento_split/up/uoperantar42_025.cnv
* Sea-Bird SBE 9 Data File:
* FileName = C:\Users\Hidrografia\Desktop\OPXLII\Brutos\OP42025.hdr
* Software Version Seasave V 7.26.7.107
* Temperature SN = 6502
* Conductivity SN = 4998
* Number of Bytes Per Scan = 37
* Number of Voltage Words = 4
* Number of Scans Averaged by the Deck Unit = 1
* NMEA Latitude = 62 11.31 S
* NMEA Longitude = 058 02.91 W
* NMEA UTC (Time) = Nov 08 2023 13:45:45
* NMEA baud rate = 4800
** H41
** NPOALTEMAXIMIANO
** NUMERO DA ESTACAO (XXX) 025
** LAT (XX XX.XX S/N) 62  11.331 S
** LONG (XXX XX.XX W/E) 058  02.993 W
** DATAHORA (dd/mm/aaaa hh:mm Z) 08/11/2023 1345Z
** PROFUNDIDADE (m) 484
** OPERADOR CT FABIREZA
# nquan = 30
# nvalues = 437                         
# units = specified
# name 0 = scan: Scan Count
# name 1 = timeJ: Julian Days
# name 2 = latitude: Latitude [deg]
# name 3 = longitude: Longitude [deg]
# name 4 = dz/dtM: Descent Rate [m/s]
# name 5 = avgsvCM: Average Sound Velocity [Chen-Millero, m/s]
# name 6 = prDM: Pressure, Digiquartz [db]
# name 7 = depSM: Depth [salt water, m]
# name 8 = t090C: Temperature [ITS-90, deg C]
# name 9 = t190C: Temperature, 2 [ITS-90, deg C]
# name 10 = T2-T190C: Temperature Difference, 2 - 1 [ITS-90, deg C]
# name 11 = potemp090C: Potential Temperature [ITS-90, deg C]
# name 12 = potemp190C: Potential Temperature, 2 [ITS-90, deg C]
# name 13 = potemp90Cdiff: Potential Temperature, Diff, 2 - 1 [ITS-90, deg C]
# name 14 = c0S/m: Conductivity [S/m]
# name 15 = c1S/m: Conductivity, 2 [S/m]
# name 16 = C2-C1S/m: Conductivity Difference, 2 - 1 [S/m]
# name 17 = sal00: Salinity, Practical [PSU]
# name 18 = sal11: Salinity, Practical, 2 [PSU]
# name 19 = sbeox0ML/L: Oxygen, SBE 43 [ml/l]
# name 20 = sigma-é00: Density [sigma-theta, kg/m^3]
# name 21 = sigma-é11: Density, 2 [sigma-theta, kg/m^3]
# name 22 = sal00: Salinity, Practical [PSU]
# name 23 = sigma-é00: Density [sigma-theta, kg/m^3]
# name 24 = svCM: Sound Velocity [Chen-Millero, m/s]
# name 25 = svCM1: Sound Velocity, 2 [Chen-Millero, m/s]
# name 26 = gsw_ptA0: potential temperature [ITS-90, deg C]
# name 27 = gsw_densityA0: density, TEOS-10 [density, kg/m^3]
# name 28 = gsw_saA0: Absolute Salinity [g/kg]
# name 29 = flag:
# span 0 =      18155,      35543       
# span 1 = 312.582192, 312.590578       
# span 2 =  -62.18712,  -62.18610       
# span 3 =  -58.03867,  -58.02922       
# span 4 =     -1.404,     -0.188       
# span 5 =    1449.47,    1449.47       
# span 6 =      3.000,    439.000       
# span 7 =      3.004,    434.316       
# span 8 =    -0.8645,    -0.0107       
# span 9 =    -0.8532,    -0.0118       
# span 10 =    -0.0196,     0.0404      
# span 11 =    -0.8725,    -0.0253      
# span 12 =    -0.8613,    -0.0263      
# span 13 =    -0.0195,     0.0403      
# span 14 =   2.792453,   2.881453      
# span 15 =   2.793364,   2.881075      
# span 16 =  -0.001831,   0.003645      
# span 17 =    34.2976,    34.4866      
# span 18 =    34.2962,    34.4851      
# span 19 =     5.8685,     7.5282      
# span 20 =    27.5676,    27.6974      
# span 21 =    27.5664,    27.6962      
# span 22 =    34.2978,    34.4890      
# span 23 =    27.5677,    27.6993      
# span 24 =    1445.49,    1455.11      
# span 25 =    1445.50,    1455.08      
# span 26 =    -0.8722,    -0.0251      
# span 27 =  1027.5867,  1029.7869      
# span 28 =    34.4612,    34.6578      
# span 29 = 0.0000e+00, 0.0000e+00      
# interval = decibars: 1                
# start_time = Nov 08 2023 13:45:45 [NMEA time, header]
# bad_flag = -9.990e-29
*END*
[from data line 387]
      30517 312.588154  -62.18644  -58.03192     -0.927    1449.47     52.000     51.494    -0.6119    -0.6111     0.0008    -0.6134    -0.6126     0.0008   2.801632   2.801589  -0.000037    34.2982    34.2968     7.5083    27.5688    27.5677    34.2983    27.5689    1446.21    1446.21    -0.6134  1027.8225    34.4641 0.0000e+00
      30547 312.588168  -62.18644  -58.03191     -0.840    1449.47     51.000     50.504    -0.6113    -0.6108     0.0005    -0.6128    -0.6123     0.0005   2.801622   2.801575  -0.000049    34.2981    34.2968     7.5078    27.5688    27.5677    34.2981    27.5688    1446.19    1446.20    -0.6128  1027.8176    34.4639 0.0000e+00
      30579 312.588184  -62.18644  -58.03188     -0.770    1449.47     50.000     49.514    -0.6114    -0.6107     0.0007    -0.6128    -0.6121     0.0007   2.801574   2.801535  -0.000037    34.2981    34.2968     7.5060    27.5688    27.5677    34.2982    27.5688    1446.18    1446.18    -0.6128  1027.8129    34.4639 0.0000e+00
      30623 312.588205  -62.18644  -58.03186     -0.560    1449.47     49.000     48.524    -0.6109    -0.6110    -0.0001    -0.6123    -0.6124    -0.0001   2.801578   2.801469  -0.000101    34.2981    34.2969     7.5103    27.5688    27.5678    34.2983    27.5689    1446.16    1446.16    -0.6123  1027.8081    34.4640 0.0000e+00
      30670 312.588228  -62.18644  -58.03185     -0.469    1449.47     48.000     47.534    -0.6070    -0.6091    -0.0021    -0.6084    -0.6106    -0.0021   2.801845   2.801566  -0.000275    34.2978    34.2965     7.5047    27.5683    27.5674    34.2981    27.5686    1446.16    1446.15    -0.6084  1027.8030    34.4639 0.0000e+00
      30693 312.588239  -62.18643  -58.03183     -0.806    1449.47     47.000     46.543    -0.6038    -0.6048    -0.0011    -0.6052    -0.6062    -0.0011   2.802081   2.801887  -0.000213    34.2979    34.2962     7.5035    27.5683    27.5670    34.2982    27.5686    1446.17    1446.16    -0.6052  1027.7982    34.4640 0.0000e+00
      30711 312.588248  -62.18642  -58.03182     -1.119    1449.47     46.000     45.553    -0.6030    -0.6018     0.0012    -0.6044    -0.6031     0.0012   2.802115   2.802084  -0.000035    34.2980    34.2962     7.4961    27.5684    27.5668    34.2984    27.5687    1446.15    1446.16    -0.6043  1027.7935    34.4642 0.0000e+00
      30730 312.588257  -62.18642  -58.03182     -1.279    1449.47     45.000     44.563    -0.6014    -0.6006     0.0008    -0.6028    -0.6019     0.0008   2.802155   2.802130  -0.000025    34.2976    34.2963     7.5027    27.5679    27.5668    34.2978    27.5681    1446.14    1446.15    -0.6027  1027.7882    34.4636 0.0000e+00
      30758 312.588270  -62.18643  -58.03178     -1.053    1449.47     44.000     43.573    -0.6008    -0.6006     0.0002    -0.6021    -0.6019     0.0002   2.802179   2.802092  -0.000085    34.2979    34.2965     7.5149    27.5681    27.5670    34.2981    27.5683    1446.13    1446.13    -0.6021  1027.7835    34.4638 0.0000e+00
      30809 312.588295  -62.18643  -58.03174     -0.429    1449.47     43.000     42.583    -0.6008    -0.6003     0.0005    -0.6021    -0.6016     0.0005   2.802139   2.802083  -0.000064    34.2980    34.2966     7.5157    27.5682    27.5670    34.2982    27.5684    1446.11    1446.12    -0.6021  1027.7788    34.4639 0.0000e+00
      30853 312.588316  -62.18642  -58.03174     -0.548    1449.47     42.000     41.593    -0.6058    -0.6023     0.0036    -0.6071    -0.6035     0.0036   2.801645   2.801846   0.000186    34.2982    34.2966     7.5176    27.5686    27.5672    34.2978    27.5683    1446.07    1446.09    -0.6070  1027.7740    34.4635 0.0000e+00
      30882 312.588330  -62.18642  -58.03173     -0.753    1449.47     41.000     40.602    -0.6061    -0.6046     0.0015    -0.6074    -0.6059     0.0015   2.801591   2.801610   0.000035    34.2980    34.2968     7.5187    27.5684    27.5674    34.2980    27.5685    1446.06    1446.06    -0.6073  1027.7694    34.4637 0.0000e+00
      30905 312.588341  -62.18642  -58.03172     -0.936    1449.47     40.000     39.612    -0.6059    -0.6051     0.0008    -0.6071    -0.6063     0.0008   2.801556   2.801530  -0.000022    34.2980    34.2967     7.5153    27.5684    27.5674    34.2979    27.5684    1446.04    1446.04    -0.6071  1027.7645    34.4636 0.0000e+00
      30927 312.588352  -62.18642  -58.03171     -1.074    1449.47     39.000     38.622    -0.6043    -0.6044    -0.0001    -0.6055    -0.6056    -0.0001   2.801659   2.801545  -0.000108    34.2981    34.2967     7.5129    27.5684    27.5673    34.2982    27.5685    1446.03    1446.03    -0.6054  1027.7598    34.4638 0.0000e+00
      30954 312.588365  -62.18642  -58.03169     -0.980    1449.47     38.000     37.632    -0.6037    -0.6043    -0.0005    -0.6049    -0.6054    -0.0005   2.801650   2.801517  -0.000132    34.2979    34.2968     7.5108    27.5683    27.5674    34.2979    27.5683    1446.02    1446.01    -0.6048  1027.7548    34.4636 0.0000e+00
      31010 312.588392  -62.18641  -58.03165     -0.397    1449.47     37.000     36.640    -0.6033    -0.6027     0.0006    -0.6044    -0.6038     0.0006   2.801647   2.801603  -0.000044    34.2980    34.2967     7.5135    27.5683    27.5672    34.2980    27.5683    1446.01    1446.01    -0.6044  1027.7501    34.4637 0.0000e+00
      31053 312.588412  -62.18640  -58.03164     -0.527    1449.47     36.000     35.651    -0.6032    -0.6021     0.0011    -0.6043    -0.6032     0.0011   2.801599   2.801578  -0.000021    34.2979    34.2964     7.5155    27.5683    27.5670    34.2980    27.5683    1445.99    1445.99    -0.6043  1027.7452    34.4636 0.0000e+00
      31075 312.588423  -62.18640  -58.03163     -0.912    1449.47     35.000     34.661    -0.6032    -0.6027     0.0005    -0.6042    -0.6037     0.0005   2.801551   2.801487  -0.000054    34.2978    34.2965     7.5160    27.5682    27.5671    34.2978    27.5682    1445.97    1445.97    -0.6042  1027.7403    34.4634 0.0000e+00
      31100 312.588435  -62.18640  -58.03161     -1.011    1449.47     34.000     33.671    -0.6032    -0.6028     0.0004    -0.6042    -0.6038     0.0004   2.801516   2.801453  -0.000063    34.2980    34.2967     7.5101    27.5683    27.5672    34.2980    27.5683    1445.96    1445.96    -0.6042  1027.7357    34.4636 0.0000e+00
      31224 312.588495  -62.18639  -58.03155     -0.438    1449.47     33.000     32.676    -0.6048    -0.6029     0.0019    -0.6058    -0.6039     0.0019   2.801345   2.801409   0.000062    34.2981    34.2968     7.5104    27.5685    27.5673    34.2981    27.5685    1445.93    1445.94    -0.6057  1027.7310    34.4637 0.0000e+00
      31341 312.588551  -62.18638  -58.03149     -0.506    1449.47     32.000     31.690    -0.6063    -0.6045     0.0018    -0.6072    -0.6055     0.0018   2.801157   2.801219   0.000057    34.2982    34.2969     7.5048    27.5686    27.5675    34.2979    27.5684    1445.91    1445.92    -0.6072  1027.7261    34.4635 0.0000e+00
      31408 312.588584  -62.18638  -58.03144     -0.499    1449.47     31.000     30.688    -0.6094    -0.6066     0.0027    -0.6103    -0.6076     0.0027   2.800870   2.800993   0.000119    34.2984    34.2969     7.5068    27.5689    27.5676    34.2982    27.5687    1445.88    1445.89    -0.6103  1027.7217    34.4637 0.0000e+00
      31527 312.588641  -62.18636  -58.03139     -0.575    1449.47     30.000     29.710    -0.6124    -0.6112     0.0012    -0.6133    -0.6121     0.0012   2.800555   2.800557   0.000003    34.2982    34.2968     7.4996    27.5689    27.5677    34.2980    27.5687    1445.85    1445.85    -0.6133  1027.7169    34.4635 0.0000e+00
      31590 312.588671  -62.18636  -58.03135     -0.413    1449.47     29.000     28.718    -0.6127    -0.6116     0.0010    -0.6135    -0.6125     0.0010   2.800495   2.800495 3.5147e-07    34.2982    34.2971     7.5087    27.5689    27.5679    34.2981    27.5688    1445.83    1445.84    -0.6135  1027.7122    34.4636 0.0000e+00
      31686 312.588718  -62.18636  -58.03130     -0.370    1449.47     28.000     27.729    -0.6125    -0.6115     0.0009    -0.6133    -0.6124     0.0009   2.800461   2.800442  -0.000018    34.2982    34.2969     7.5093    27.5688    27.5678    34.2981    27.5688    1445.82    1445.82    -0.6133  1027.7073    34.4636 0.0000e+00
      31714 312.588731  -62.18636  -58.03130     -0.724    1449.47     27.000     26.739    -0.6129    -0.6119     0.0010    -0.6137    -0.6127     0.0010   2.800382   2.800366  -0.000016    34.2982    34.2968     7.5151    27.5689    27.5677    34.2980    27.5688    1445.80    1445.80    -0.6137  1027.7026    34.4635 0.0000e+00
      31748 312.588748  -62.18636  -58.03127     -0.744    1449.47     26.000     25.749    -0.6131    -0.6119     0.0012    -0.6139    -0.6127     0.0012   2.800330   2.800327  -0.000004    34.2983    34.2970     7.5159    27.5690    27.5679    34.2982    27.5689    1445.78    1445.79    -0.6138  1027.6979    34.4637 0.0000e+00
      31819 312.588782  -62.18636  -58.03121     -0.278    1449.47     25.000     24.758    -0.6133    -0.6124     0.0010    -0.6141    -0.6131     0.0010   2.800260   2.800243  -0.000017    34.2983    34.2970     7.5109    27.5690    27.5679    34.2982    27.5689    1445.76    1445.77    -0.6140  1027.6931    34.4636 0.0000e+00
      31871 312.588807  -62.18634  -58.03119     -0.511    1449.47     24.000     23.768    -0.6133    -0.6125     0.0008    -0.6140    -0.6132     0.0008   2.800220   2.800185  -0.000036    34.2983    34.2968     7.5101    27.5690    27.5678    34.2982    27.5689    1445.75    1445.75    -0.6140  1027.6883    34.4636 0.0000e+00
      31905 312.588823  -62.18634  -58.03118     -0.706    1449.47     23.000     22.778    -0.6135    -0.6126     0.0009    -0.6142    -0.6133     0.0009   2.800155   2.800129  -0.000023    34.2982    34.2969     7.5104    27.5689    27.5678    34.2982    27.5689    1445.73    1445.73    -0.6141  1027.6835    34.4636 0.0000e+00
      31943 312.588842  -62.18634  -58.03115     -0.643    1449.47     22.000     21.788    -0.6134    -0.6126     0.0008    -0.6140    -0.6132     0.0008   2.800117   2.800091  -0.000030    34.2982    34.2969     7.5147    27.5689    27.5679    34.2981    27.5689    1445.71    1445.72    -0.6140  1027.6787    34.4636 0.0000e+00
      31981 312.588860  -62.18634  -58.03113     -0.617    1449.47     21.000     20.797    -0.6131    -0.6124     0.0008    -0.6138    -0.6130     0.0008   2.800093   2.800048  -0.000042    34.2982    34.2968     7.5136    27.5689    27.5677    34.2982    27.5689    1445.70    1445.70    -0.6137  1027.6739    34.4636 0.0000e+00
      32013 312.588875  -62.18634  -58.03112     -0.728    1449.47     20.000     19.807    -0.6129    -0.6123     0.0007    -0.6135    -0.6129     0.0007   2.800052   2.800015  -0.000037    34.2980    34.2968     7.5119    27.5687    27.5677    34.2980    27.5687    1445.69    1445.69    -0.6135  1027.6690    34.4634 0.0000e+00
      32052 312.588894  -62.18632  -58.03110     -0.641    1449.47     19.000     18.817    -0.6127    -0.6120     0.0007    -0.6133    -0.6126     0.0007   2.800024   2.799985  -0.000037    34.2981    34.2968     7.5162    27.5688    27.5677    34.2980    27.5687    1445.67    1445.67    -0.6132  1027.6642    34.4634 0.0000e+00
      32087 312.588911  -62.18632  -58.03109     -0.652    1449.47     18.000     17.826    -0.6119    -0.6116     0.0004    -0.6125    -0.6121     0.0004   2.800064   2.799987  -0.000062    34.2981    34.2968     7.5177    27.5687    27.5677    34.2983    27.5689    1445.66    1445.66    -0.6124  1027.6596    34.4637 0.0000e+00
      32125 312.588930  -62.18632  -58.03105     -0.653    1449.47     17.000     16.837    -0.6079    -0.6093    -0.0015    -0.6084    -0.6099    -0.0015   2.800354   2.800129  -0.000221    34.2979    34.2966     7.5143    27.5684    27.5674    34.2982    27.5687    1445.66    1445.65    -0.6084  1027.6546    34.4637 0.0000e+00
      32245 312.588987  -62.18632  -58.03100     -0.188    1449.47     16.000     15.845    -0.5930    -0.5936    -0.0006    -0.5934    -0.5941    -0.0006   2.801577   2.801391  -0.000184    34.2979    34.2962     7.5141    27.5678    27.5664    34.2984    27.5682    1445.71    1445.71    -0.5934  1027.6493    34.4639 0.0000e+00
      33714 312.589696  -62.18622  -58.03020     -0.412    1449.47     15.000     14.847    -0.5974    -0.5969     0.0005    -0.5978    -0.5973     0.0005   2.801148   2.801079  -0.000072    34.2981    34.2966     7.5196    27.5681    27.5669    34.2983    27.5682    1445.68    1445.68    -0.5977  1027.6446    34.4637 0.0000e+00
      34817 312.590228  -62.18614  -58.02960     -0.469    1449.47     14.000     13.865    -0.6010    -0.5997     0.0013    -0.6014    -0.6001     0.0013   2.800777   2.800803   0.000012    34.2981    34.2968     7.5218    27.5683    27.5671    34.2980    27.5682    1445.64    1445.65    -0.6014  1027.6398    34.4635 0.0000e+00
      34868 312.590252  -62.18614  -58.02958     -0.552    1449.47     13.000     12.877    -0.6005    -0.5999     0.0005    -0.6009    -0.6003     0.0005   2.800791   2.800743  -0.000040    34.2980    34.2969     7.5225    27.5682    27.5672    34.2983    27.5684    1445.63    1445.63    -0.6009  1027.6352    34.4638 0.0000e+00
      34935 312.590285  -62.18614  -58.02953     -0.320    1449.47     12.000     11.881    -0.6007    -0.6000     0.0007    -0.6011    -0.6004     0.0007   2.800712   2.800688  -0.000026    34.2981    34.2969     7.5227    27.5682    27.5672    34.2980    27.5682    1445.61    1445.61    -0.6010  1027.6302    34.4636 0.0000e+00
      34977 312.590305  -62.18614  -58.02952     -0.559    1449.47     11.000     10.894    -0.6008    -0.5999     0.0008    -0.6011    -0.6003     0.0008   2.800671   2.800645  -0.000030    34.2982    34.2969     7.5282    27.5684    27.5672    34.2982    27.5684    1445.60    1445.60    -0.6011  1027.6256    34.4638 0.0000e+00
      35019 312.590325  -62.18614  -58.02948     -0.580    1449.47     10.000      9.905    -0.6011    -0.6003     0.0008    -0.6014    -0.6006     0.0008   2.800586   2.800571  -0.000018    34.2981    34.2970     7.5150    27.5683    27.5673    34.2981    27.5682    1445.58    1445.58    -0.6014  1027.6207    34.4636 0.0000e+00
      35078 312.590353  -62.18614  -58.02944     -0.389    1449.47      9.000      8.912    -0.6008    -0.6002     0.0006    -0.6011    -0.6005     0.0006   2.800579   2.800521  -0.000048    34.2981    34.2968     7.5172    27.5683    27.5672    34.2982    27.5684    1445.56    1445.56    -0.6011  1027.6161    34.4638 0.0000e+00
      35148 312.590387  -62.18614  -58.02941     -0.333    1449.47      8.000      7.922    -0.6002    -0.5998     0.0004    -0.6004    -0.6000     0.0004   2.800594   2.800515  -0.000076    34.2983    34.2968     7.5177    27.5684    27.5672    34.2983    27.5684    1445.55    1445.55    -0.6004  1027.6113    34.4639 0.0000e+00
      35242 312.590433  -62.18612  -58.02937     -0.374    1449.47      7.000      6.936    -0.6010    -0.5981     0.0029    -0.6012    -0.5983     0.0029   2.800484   2.800598   0.000100    34.2986    34.2966     7.5073    27.5687    27.5670    34.2984    27.5685    1445.53    1445.54    -0.6012  1027.6067    34.4640 0.0000e+00
      35324 312.590472  -62.18612  -58.02933     -0.262    1449.47      6.000      5.943    -0.6041    -0.6021     0.0020    -0.6043    -0.6023     0.0020   2.800191   2.800246   0.000056    34.2986    34.2970     7.5181    27.5688    27.5675    34.2986    27.5688    1445.50    1445.51    -0.6043  1027.6022    34.4642 0.0000e+00
      35385 312.590502  -62.18611  -58.02930     -0.504    1449.47      5.000      4.957    -0.6018    -0.6006     0.0012    -0.6019    -0.6007     0.0012   2.800308   2.800318   0.000015    34.2981    34.2969     7.5226    27.5683    27.5673    34.2982    27.5684    1445.49    1445.50    -0.6019  1027.5970    34.4638 0.0000e+00
