Pos-Processados/process_op42/Processamento_split/up/uoperantar42_002.cnv
* Sea-Bird SBE 9 Data File:
* FileName = C:\Users\Hidrografia\Desktop\OPXLII\Brutos\OP42002.hdr
* Software Version Seasave V 7.26.7.107
* Temperature SN = 6502
* Conductivity SN = 4998
* Number of Bytes Per Scan = 37
* Number of Voltage Words = 4
* Number of Scans Averaged by the Deck Unit = 1
* NMEA Latitude = 37 53.44 S
* NMEA Longitude = 051 46.15 W
* NMEA UTC (Time) = Oct 16 2023 08:29:02
* NMEA baud rate = 4800
** H41
** NPOALTEMAXIMIANO
** NUMERO DA ESTACAO (XXX) 002
** LAT (XX XX.XX S/N) 37 53.431 S
** LONG (XXX XX.XX W/E) 51 48.140 W
** DATAHORA (dd/mm/aaaa hh:mm Z) 16/10/2023 0828Z
** PROFUNDIDADE (m) 4384
** OPERADOR CT FILIPE LOPES
# nquan = 30
# nvalues = 1010                        
# units = specified
# name 0 = scan: Scan Count
# name 1 = timeJ: Julian Days
# name 2 = latitude: Latitude [deg]
# name 3 = longitude: Longitude [deg]
# name 4 = dz/dtM: Descent Rate [m/s]
# name 5 = avgsvCM: Average Sound Velocity [Chen-Millero, m/s]
# name 6 = prDM: Pressure, Digiquartz [db]
# name 7 = depSM: Depth [salt water, m]
# name 8 = t090C: Temperature [ITS-90, deg C]
# name 9 = t190C: Temperature, 2 [ITS-90, deg C]
# name 10 = T2-T190C: Temperature Difference, 2 - 1 [ITS-90, deg C]
# name 11 = potemp090C: Potential Temperature [ITS-90, deg C]
# name 12 = potemp190C: Potential Temperature, 2 [ITS-90, deg C]
# name 13 = potemp90Cdiff: Potential Temperature, Diff, 2 - 1 [ITS-90, deg C]
# name 14 = c0S/m: Conductivity [S/m]
# name 15 = c1S/m: Conductivity, 2 [S/m]
# name 16 = C2-C1S/m: Conductivity Difference, 2 - 1 [S/m]
# name 17 = sal00: Salinity, Practical [PSU]
# name 18 = sal11: Salinity, Practical, 2 [PSU]
# name 19 = sbeox0ML/L: Oxygen, SBE 43 [ml/l]
# name 20 = sigma-é00: Density [sigma-theta, kg/m^3]
# name 21 = sigma-é11: Density, 2 [sigma-theta, kg/m^3]
# name 22 = sal00: Salinity, Practical [PSU]
# name 23 = sigma-é00: Density [sigma-theta, kg/m^3]
# name 24 = svCM: Sound Velocity [Chen-Millero, m/s]
# name 25 = svCM1: Sound Velocity, 2 [Chen-Millero, m/s]
# name 26 = gsw_ptA0: potential temperature [ITS-90, deg C]
# name 27 = gsw_densityA0: density, TEOS-10 [density, kg/m^3]
# name 28 = gsw_saA0: Absolute Salinity [g/kg]
# name 29 = flag:
# span 0 =      38567,      72823       
# span 1 = 289.372094, 289.388614       
# span 2 =  -37.90592,  -37.89816       
# span 3 =  -51.78457,  -51.77798       
# span 4 =     -1.691,     -0.188       
# span 5 =    1502.92,    1502.92       
# span 6 =      1.000,   1010.000       
# span 7 =      1.002,   1000.010       
# span 8 =     4.6606,    18.1565       
# span 9 =     4.6620,    18.1579       
# span 10 =    -0.1296,     0.0709      
# span 11 =     4.5795,    18.1532      
# span 12 =     4.5810,    18.1546      
# span 13 =    -0.1294,     0.0705      
# span 14 =   3.291275,   4.749448      
# span 15 =   3.291400,   4.749751      
# span 16 =  -0.018331,   0.007334      
# span 17 =    34.1260,    36.2153      
# span 18 =    34.1256,    36.2172      
# span 19 =     4.4826,     6.2401      
# span 20 =    26.0947,    27.0924      
# span 21 =    26.1342,    27.0922      
# span 22 =    34.1265,    36.2155      
# span 23 =    26.1250,    27.0927      
# span 24 =    1482.68,    1518.43      
# span 25 =    1482.68,    1518.44      
# span 26 =     4.5793,    18.1532      
# span 27 =  1026.1334,  1031.7291      
# span 28 =    34.2889,    36.3870      
# span 29 = 0.0000e+00, 0.0000e+00      
# interval = decibars: 1                
# start_time = Oct 16 2023 08:29:02 [NMEA time, header]
# bad_flag = -9.990e-29
*END*
[from data line 339]
      47918 289.376604  -37.90002  -51.78002     -1.008    1502.92    671.000    664.908     7.9353     7.9261    -0.0092     7.8662     7.8570    -0.0092   3.600175   3.598924  -0.001024    34.5074    34.5056     4.9125    26.9068    26.9067    34.5187    26.9157    1492.68    1492.64     7.8660  1029.9530    34.6826 0.0000e+00
      47947 289.376617  -37.90002  -51.78002     -0.817    1502.92    670.000    663.918     7.9771     7.9668    -0.0103     7.9078     7.8976    -0.0103   3.603799   3.602874  -0.001010    34.5103    34.5096     4.9110    26.9029    26.9039    34.5169    26.9082    1492.82    1492.78     7.9077  1029.9403    34.6808 0.0000e+00
      47971 289.376629  -37.90002  -51.78002     -0.942    1502.92    669.000    662.929     7.9888     7.9819    -0.0068     7.9196     7.9128    -0.0068   3.605624   3.604459  -0.001016    34.5160    34.5119     4.9192    26.9057    26.9035    34.5254    26.9130    1492.86    1492.83     7.9194  1029.9406    34.6894 0.0000e+00
      47999 289.376642  -37.90002 -9.990e-29     -0.926    1502.92    668.000    661.940     8.0043     8.0056     0.0013     7.9351     7.9365     0.0013   3.606473   3.606424  -0.000138    34.5153    34.5126     4.9180    26.9028    26.9004    34.5197    26.9063    1492.90    1492.90     7.9350  1029.9292    34.6837 0.0000e+00
      48040 289.376662  -37.90004 -9.990e-29     -0.585    1502.92    667.000    660.951     7.9552     7.9660     0.0108     7.8864     7.8972     0.0108   3.600507   3.601577   0.001043    34.5039    34.5044     4.9293    26.9011    26.8999    34.5046    26.9017    1492.67    1492.72     7.8862  1029.9209    34.6686 0.0000e+00
      48070 289.376677  -37.90004  -51.78006     -0.684    1502.92    666.000    659.961     7.9619     7.9688     0.0069     7.8932     7.9000     0.0068   3.601782   3.602220   0.000425    34.5074    34.5052     4.9429    26.9028    26.9001    34.5122    26.9066    1492.69    1492.72     7.8930  1029.9211    34.6761 0.0000e+00
      48090 289.376686  -37.90005  -51.78007     -0.984    1502.92    665.000    658.972     7.9595     7.9614     0.0019     7.8909     7.8927     0.0019   3.600690   3.600939   0.000292    34.5035    34.5047     4.9757    26.9001    26.9008    34.5033    26.9000    1492.66    1492.66     7.8907  1029.9100    34.6671 0.0000e+00
      48107 289.376695  -37.90006  -51.78008     -1.234    1502.92    664.000    657.983     7.9466     7.9475     0.0009     7.8782     7.8790     0.0009   3.599312   3.599392   0.000124    34.5010    34.5014     4.9985    26.9000    26.9002    34.5017    26.9006    1492.59    1492.59     7.8780  1029.9063    34.6655 0.0000e+00
      48123 289.376702  -37.90006  -51.78008     -1.406    1502.92    663.000    656.993     7.9412     7.9425     0.0013     7.8729     7.8742     0.0013   3.598754   3.598852   0.000039    34.5003    34.4994     5.0040    26.9002    26.8994    34.5015    26.9012    1492.55    1492.56     7.8728  1029.9025    34.6652 0.0000e+00
      48140 289.376711  -37.90006  -51.78008     -1.445    1502.92    662.000    656.004     7.9483     7.9499     0.0016     7.8801     7.8816     0.0016   3.599599   3.599615  -0.000024    34.5016    34.4999     4.9923    26.9003    26.8986    34.5040    26.9021    1492.57    1492.57     7.8799  1029.8988    34.6678 0.0000e+00
      48161 289.376721  -37.90007  -51.78008     -1.310    1502.92    661.000    655.015     7.9585     7.9702     0.0117     7.8903     7.9020     0.0117   3.600757   3.601810   0.000992    34.5037    34.5028     4.9913    26.9004    26.8979    34.5069    26.9029    1492.59    1492.64     7.8902  1029.8949    34.6707 0.0000e+00
      48187 289.376733  -37.90008  -51.78008     -1.024    1502.92    660.000    654.025     8.0000     7.9962    -0.0038     7.9317     7.9279    -0.0038   3.605108   3.604767  -0.000302    34.5072    34.5077     5.0008    26.8970    26.8979    34.5130    26.9015    1492.74    1492.72     7.9316  1029.8885    34.6768 0.0000e+00
      48216 289.376747  -37.90008  -51.78008     -0.849    1502.92    659.000    653.036     8.0513     8.0476    -0.0036     7.9828     7.9792    -0.0036   3.610978   3.610364  -0.000511    34.5187    34.5168     4.9989    26.8984    26.8975    34.5259    26.9040    1492.93    1492.92     7.9827  1029.8856    34.6897 0.0000e+00
      48248 289.376763  -37.90008  -51.78010     -0.789    1502.92    658.000    652.049     8.0861     8.0841    -0.0021     8.0176     8.0156    -0.0021   3.614677   3.614333  -0.000306    34.5255    34.5243     4.9759    26.8986    26.8979    34.5316    26.9033    1493.05    1493.04     8.0175  1029.8799    34.6954 0.0000e+00
      48299 289.376787  -37.90010  -51.78011     -0.441    1502.92    657.000    651.056     8.0964     8.0968     0.0004     8.0280     8.0283     0.0004   3.615269   3.615297  -0.000002    34.5260    34.5257     4.9306    26.8974    26.8970    34.5283    26.8992    1493.07    1493.07     8.0278  1029.8711    34.6921 0.0000e+00
      48337 289.376805  -37.90011  -51.78012     -0.582    1502.92    656.000    650.068     8.0947     8.0836    -0.0110     8.0263     8.0154    -0.0110   3.615116   3.613924  -0.001090    34.5257    34.5249     4.9073    26.8973    26.8984    34.5288    26.8998    1493.05    1493.01     8.0262  1029.8673    34.6927 0.0000e+00
      48356 289.376815  -37.90012  -51.78012     -0.943    1502.92    655.000    649.079     8.1237     8.1291     0.0054     8.0553     8.0608     0.0054   3.619415   3.619002  -0.000521    34.5337    34.5229     4.9126    26.8993    26.8900    34.5465    26.9094    1493.17    1493.17     8.0552  1029.8719    34.7105 0.0000e+00
      48372 289.376823  -37.90012  -51.78012     -1.242    1502.92    654.000    648.089     8.1909     8.2293     0.0384     8.1223     8.1605     0.0382   3.625510   3.628732   0.002946    34.5363    34.5300     4.9169    26.8913    26.8806    34.5460    26.8990    1493.40    1493.54     8.1221  1029.8560    34.7100 0.0000e+00
      48388 289.376830  -37.90012  -51.78014     -1.452    1502.92    653.000    647.100     8.2412     8.2551     0.0139     8.1725     8.1863     0.0138   3.630573   3.631745   0.000971    34.5412    34.5379     4.9205    26.8876    26.8829    34.5510    26.8953    1493.58    1493.63     8.1723  1029.8471    34.7150 0.0000e+00
      48404 289.376838  -37.90012  -51.78014     -1.521    1502.92    652.000    646.110     8.2845     8.2975     0.0129     8.2157     8.2286     0.0129   3.635079   3.635783   0.000925    34.5475    34.5446     4.9234    26.8860    26.8818    34.5569    26.8934    1493.74    1493.78     8.2155  1029.8400    34.7209 0.0000e+00
      48429 289.376850  -37.90012  -51.78014     -1.226    1502.92    651.000    645.126     8.3088     8.3115     0.0027     8.2399     8.2426     0.0027   3.637474   3.637455   0.000026    34.5508    34.5484     4.9123    26.8849    26.8826    34.5591    26.8914    1493.81    1493.82     8.2398  1029.8332    34.7231 0.0000e+00
      48472 289.376871  -37.90014  -51.78014     -0.568    1502.92    650.000    644.130     8.3564     8.3568     0.0005     8.2874     8.2878     0.0005   3.642568   3.642358  -0.000188    34.5587    34.5562     4.8657    26.8839    26.8819    34.5669    26.8903    1493.98    1493.98     8.2873  1029.8269    34.7310 0.0000e+00
      48511 289.376889  -37.90014  -51.78016     -0.594    1502.92    649.000    643.142     8.3953     8.3747    -0.0206     8.3262     8.3057    -0.0205   3.646123   3.644041  -0.001950    34.5612    34.5607     4.8418    26.8799    26.8827    34.5670    26.8845    1494.11    1494.03     8.3261  1029.8160    34.7311 0.0000e+00
      48542 289.376904  -37.90014  -51.78016     -0.759    1502.92    648.000    642.153     8.4147     8.4046    -0.0101     8.3457     8.3356    -0.0101   3.648743   3.647433  -0.001236    34.5671    34.5640     4.8300    26.8816    26.8807    34.5762    26.8887    1494.18    1494.14     8.3455  1029.8155    34.7403 0.0000e+00
      48573 289.376919  -37.90015  -51.78017     -0.770    1502.92    647.000    641.163     8.4710     8.4485    -0.0225     8.4018     8.3794    -0.0223   3.654354   3.652056  -0.002329    34.5726    34.5699     4.8236    26.8773    26.8786    34.5810    26.8839    1494.38    1494.29     8.4016  1029.8053    34.7451 0.0000e+00
      48603 289.376934  -37.90016  -51.78018     -0.769    1502.92    646.000    640.173     8.5193     8.4928    -0.0265     8.4500     8.4236    -0.0264   3.659360   3.656653  -0.002508    34.5775    34.5769     4.8245    26.8737    26.8773    34.5872    26.8813    1494.55    1494.45     8.4498  1029.7975    34.7513 0.0000e+00
      48628 289.376946  -37.90016  -51.78018     -0.887    1502.92    645.000    639.184     8.5253     8.5329     0.0075     8.4561     8.4636     0.0075   3.659990   3.661101   0.000494    34.5829    34.5808     4.8190    26.8770    26.8742    34.5884    26.8813    1494.56    1494.59     8.4559  1029.7929    34.7525 0.0000e+00
      48649 289.376956  -37.90018  -51.78020     -1.053    1502.92    644.000    638.195     8.5499     8.6036     0.0538     8.4806     8.5341     0.0535   3.664093   3.668691   0.004398    34.5954    34.5893     4.8008    26.8830    26.8700    34.6081    26.8930    1494.66    1494.86     8.4805  1029.7997    34.7724 0.0000e+00
      48668 289.376965  -37.90018  -51.78020     -1.183    1502.92    643.000    637.205     8.6353     8.6971     0.0617     8.5658     8.6272     0.0615   3.673305   3.678328   0.005050    34.6064    34.5994     4.7821    26.8785    26.8634    34.6222    26.8909    1494.98    1495.20     8.5656  1029.7918    34.7865 0.0000e+00
      48687 289.376974  -37.90018  -51.78020     -1.264    1502.92    642.000    636.215     8.6799     8.7090     0.0290     8.6103     8.6391     0.0289   3.676751   3.679406   0.002782    34.6054    34.6064     4.7784    26.8707    26.8670    34.6155    26.8786    1495.12    1495.23     8.6101  1029.7745    34.7797 0.0000e+00
      48706 289.376984  -37.90018  -51.78020     -1.262    1502.92    641.000    635.226     8.7209     8.7319     0.0110     8.6512     8.6621     0.0109   3.681302   3.681829   0.000653    34.6131    34.6092     4.7756    26.8703    26.8656    34.6238    26.8788    1495.27    1495.30     8.6511  1029.7696    34.7881 0.0000e+00
      48736 289.376998  -37.90020  -51.78021     -0.968    1502.92    640.000    634.237     8.7451     8.7433    -0.0019     8.6754     8.6735    -0.0019   3.683191   3.682822  -0.000356    34.6121    34.6102     4.7513    26.8658    26.8646    34.6205    26.8724    1495.34    1495.33     8.6752  1029.7584    34.7848 0.0000e+00
      48785 289.377022  -37.90020  -51.78022     -0.407    1502.92    639.000    633.247     8.7644     8.7653     0.0009     8.6947     8.6955     0.0008   3.684907   3.684778  -0.000109    34.6140    34.6120     4.7280    26.8642    26.8626    34.6202    26.8691    1495.39    1495.39     8.6946  1029.7504    34.7845 0.0000e+00
      48812 289.377035  -37.90021  -51.78022     -0.720    1502.92    638.000    632.258     8.7571     8.7578     0.0006     8.6875     8.6882     0.0006   3.684099   3.684025  -0.000047    34.6142    34.6131     4.7397    26.8655    26.8646    34.6193    26.8696    1495.35    1495.35     8.6874  1029.7465    34.7836 0.0000e+00
      48832 289.377044  -37.90022  -51.78023     -1.020    1502.92    637.000    631.268     8.7685     8.7736     0.0050     8.6990     8.7040     0.0050   3.685299   3.685608   0.000231    34.6162    34.6137     4.7487    26.8653    26.8626    34.6213    26.8693    1495.37    1495.39     8.6989  1029.7416    34.7856 0.0000e+00
      48851 289.377053  -37.90022  -51.78024     -1.217    1502.92    636.000    630.279     8.7742     8.7810     0.0068     8.7047     8.7115     0.0068   3.685810   3.686307   0.000453    34.6169    34.6150     4.7603    26.8649    26.8624    34.6216    26.8686    1495.38    1495.40     8.7046  1029.7363    34.7859 0.0000e+00
      48871 289.377063  -37.90022  -51.78024     -1.267    1502.92    635.000    629.289     8.7829     8.7890     0.0061     8.7136     8.7197     0.0061   3.686675   3.687015   0.000392    34.6175    34.6157     4.7617    26.8641    26.8617    34.6226    26.8680    1495.40    1495.42     8.7134  1029.7312    34.7870 0.0000e+00
      48896 289.377075  -37.90022 -9.990e-29     -1.062    1502.92    634.000    628.300     8.7933     8.7926    -0.0006     8.7240     8.7233    -0.0006   3.687547   3.687342  -0.000106    34.6172    34.6168     4.7586    26.8622    26.8619    34.6221    26.8661    1495.42    1495.41     8.7239  1029.7247    34.7866 0.0000e+00
      48924 289.377089  -37.90024 -9.990e-29     -0.867    1502.92    633.000    627.310     8.8213     8.8124    -0.0088     8.7519     8.7432    -0.0088   3.690426   3.689527  -0.000903    34.6196    34.6187     4.7684    26.8596    26.8604    34.6255    26.8643    1495.51    1495.48     8.7519  1029.7180    34.7900 0.0000e+00
      48947 289.377100  -37.90024 -9.990e-29     -0.951    1502.92    632.000    626.320     8.8491     8.8437    -0.0054     8.7797     8.7743    -0.0054   3.693982   3.692847  -0.001081    34.6270    34.6209     4.7778    26.8611    26.8572    34.6362    26.8683    1495.61    1495.58     8.7796  1029.7171    34.8007 0.0000e+00
      48968 289.377110  -37.90024  -51.78026     -1.091    1502.92    631.000    625.331     8.8990     8.9132     0.0142     8.8296     8.8437     0.0142   3.698840   3.699977   0.000939    34.6308    34.6268     4.7787    26.8562    26.8508    34.6389    26.8625    1495.78    1495.83     8.8294  1029.7061    34.8034 0.0000e+00
      48989 289.377120  -37.90024  -51.78026     -1.158    1502.92    630.000    624.342     8.9381     8.9487     0.0106     8.8686     8.8791     0.0105   3.703111   3.703742   0.000524    34.6368    34.6320     4.7831    26.8547    26.8493    34.6461    26.8619    1495.92    1495.95     8.8684  1029.7004    34.8104 0.0000e+00
      49013 289.377132  -37.90026  -51.78028     -1.077    1502.92    629.000    623.352     8.9746     8.9882     0.0136     8.9050     8.9185     0.0135   3.706722   3.707813   0.001209    34.6395    34.6390     4.7723    26.8510    26.8485    34.6488    26.8583    1496.04    1496.09     8.9049  1029.6918    34.8132 0.0000e+00
      49044 289.377147  -37.90026  -51.78028     -0.826    1502.92    628.000    622.362     9.0350     9.0255    -0.0094     8.9652     8.9558    -0.0094   3.712978   3.711801  -0.001116    34.6472    34.6447     4.7457    26.8474    26.8470    34.6559    26.8543    1496.25    1496.21     8.9651  1029.6825    34.8203 0.0000e+00
      49080 289.377164  -37.90027  -51.78028     -0.678    1502.92    627.000    621.373     9.0750     9.0602    -0.0148     9.0052     8.9905    -0.0147   3.717156   3.715369  -0.001646    34.6531    34.6503     4.7404    26.8457    26.8458    34.6611    26.8519    1496.39    1496.33     9.0051  1029.6752    34.8256 0.0000e+00
      49108 289.377178  -37.90028 -9.990e-29     -0.765    1502.92    626.000    620.383     9.0908     9.0711    -0.0198     9.0210     9.0014    -0.0197   3.718740   3.716793  -0.002106    34.6561    34.6533     4.7401    26.8455    26.8465    34.6627    26.8506    1496.43    1496.36     9.0209  1029.6692    34.8273 0.0000e+00
      49130 289.377188  -37.90028 -9.990e-29     -0.970    1502.92    625.000    619.394     9.1096     9.1283     0.0186     9.0399     9.0584     0.0185   3.721373   3.722881   0.001222    34.6622    34.6569     4.7332    26.8472    26.8401    34.6723    26.8551    1496.50    1496.56     9.0398  1029.6689    34.8370 0.0000e+00
