Pos-Processados/process_op42/Processamento_split/up/uoperantar42_031.cnv
* Sea-Bird SBE 9 Data File:
* FileName = C:\Users\Hidrografia\Desktop\OPXLII\Brutos\OP42031.hdr
* Software Version Seasave V 7.26.7.107
* Temperature SN = 6502
* Conductivity SN = 4998
* Number of Bytes Per Scan = 37
* Number of Voltage Words = 4
* Number of Scans Averaged by the Deck Unit = 1
* NMEA Latitude = 62 08.51 S
* NMEA Longitude = 058 26.69 W
* NMEA UTC (Time) = Nov 09 2023 06:07:33
* NMEA baud rate = 4800
** H41
** NPOALTEMAXIMIANO
** NUMERO DA ESTACAO (XXX) 031
** LAT (XX XX.XX S/N) 62 08.5 S
** LONG (XXX XX.XX W/E) 058 26.7 W
** DATAHORA (dd/mm/aaaa hh:mm Z) 09/11/2023 0606Z
** PROFUNDIDADE (m) 410
** OPERADOR CT FILIPE LOPES
# nquan = 30
# nvalues = 369                         
# units = specified
# name 0 = scan: Scan Count
# name 1 = timeJ: Julian Days
# name 2 = latitude: Latitude [deg]
# name 3 = longitude: Longitude [deg]
# name 4 = dz/dtM: Descent Rate [m/s]
# name 5 = avgsvCM: Average Sound Velocity [Chen-Millero, m/s]
# name 6 = prDM: Pressure, Digiquartz [db]
# name 7 = depSM: Depth [salt water, m]
# name 8 = t090C: Temperature [ITS-90, deg C]
# name 9 = t190C: Temperature, 2 [ITS-90, deg C]
# name 10 = T2-T190C: Temperature Difference, 2 - 1 [ITS-90, deg C]
# name 11 = potemp090C: Potential Temperature [ITS-90, deg C]
# name 12 = potemp190C: Potential Temperature, 2 [ITS-90, deg C]
# name 13 = potemp90Cdiff: Potential Temperature, Diff, 2 - 1 [ITS-90, deg C]
# name 14 = c0S/m: Conductivity [S/m]
# name 15 = c1S/m: Conductivity, 2 [S/m]
# name 16 = C2-C1S/m: Conductivity Difference, 2 - 1 [S/m]
# name 17 = sal00: Salinity, Practical [PSU]
# name 18 = sal11: Salinity, Practical, 2 [PSU]
# name 19 = sbeox0ML/L: Oxygen, SBE 43 [ml/l]
# name 20 = sigma-é00: Density [sigma-theta, kg/m^3]
# name 21 = sigma-é11: Density, 2 [sigma-theta, kg/m^3]
# name 22 = sal00: Salinity, Practical [PSU]
# name 23 = sigma-é00: Density [sigma-theta, kg/m^3]
# name 24 = svCM: Sound Velocity [Chen-Millero, m/s]
# name 25 = svCM1: Sound Velocity, 2 [Chen-Millero, m/s]
# name 26 = gsw_ptA0: potential temperature [ITS-90, deg C]
# name 27 = gsw_densityA0: density, TEOS-10 [density, kg/m^3]
# name 28 = gsw_saA0: Absolute Salinity [g/kg]
# name 29 = flag:
# span 0 =      17930,      29481       
# span 1 = 313.263889, 313.269460       
# span 2 =  -62.14393,  -62.14376       
# span 3 =  -58.43991,  -58.43559       
# span 4 =     -0.984,      0.305       
# span 5 =    1448.14,    1448.14       
# span 6 =      3.000,    371.000       
# span 7 =      2.972,    367.108       
# span 8 =    -0.8312,    -0.5432       
# span 9 =    -0.8298,    -0.5425       
# span 10 =    -0.0134,     0.0096      
# span 11 =    -0.8383,    -0.5452      
# span 12 =    -0.8369,    -0.5445      
# span 13 =    -0.0134,     0.0096      
# span 14 =   2.792248,   2.824940      
# span 15 =   2.792227,   2.824993      
# span 16 =  -0.001104,   0.001010      
# span 17 =    34.2835,    34.3919      
# span 18 =    34.2825,    34.3915      
# span 19 =     6.7736,     7.6516      
# span 20 =    27.5545,    27.6442      
# span 21 =    27.5535,    27.6439      
# span 22 =    34.2836,    34.3918      
# span 23 =    27.5544,    27.6441      
# span 24 =    1445.68,    1451.63      
# span 25 =    1445.69,    1451.63      
# span 26 =    -0.8381,    -0.5452      
# span 27 =  1027.5737,  1029.4185      
# span 28 =    34.4461,    34.5599      
# span 29 = 0.0000e+00, 0.0000e+00      
# interval = decibars: 1                
# start_time = Nov 09 2023 06:07:33 [NMEA time, header]
# bad_flag = -9.990e-29
*END*
[from data line 49]
      19880 313.264830  -62.14382  -58.43910     -0.829    1448.14    322.000    318.662    -0.6495    -0.6459     0.0036    -0.6598    -0.6562     0.0036   2.814615   2.814877   0.000278    34.3508    34.3505     7.0703    27.6135    27.6131    34.3500    27.6128    1450.50    1450.51    -0.6596  1029.1552    34.5178 0.0000e+00
      19906 313.264842  -62.14382  -58.43910     -0.895    1448.14    321.000    317.673    -0.6563    -0.6485     0.0078    -0.6666    -0.6588     0.0078   2.813663   2.814529   0.000797    34.3477    34.3496     7.0764    27.6112    27.6124    34.3454    27.6094    1450.44    1450.48    -0.6663  1029.1472    34.5133 0.0000e+00
      19932 313.264855  -62.14382  -58.43908     -0.929    1448.14    320.000    316.684    -0.6638    -0.6580     0.0058    -0.6740    -0.6682     0.0057   2.812884   2.813417   0.000576    34.3455    34.3467     7.0880    27.6098    27.6105    34.3440    27.6086    1450.39    1450.42    -0.6738  1029.1417    34.5119 0.0000e+00
      19959 313.264868  -62.14382  -58.43907     -0.912    1448.14    319.000    315.696    -0.6663    -0.6630     0.0034    -0.6765    -0.6731     0.0034   2.812619   2.812915   0.000284    34.3451    34.3451     7.0882    27.6095    27.6094    34.3440    27.6086    1450.36    1450.38    -0.6762  1029.1370    34.5118 0.0000e+00
      19988 313.264882  -62.14382  -58.43906     -0.841    1448.14    318.000    314.707    -0.6671    -0.6608     0.0062    -0.6772    -0.6710     0.0062   2.812506   2.813067   0.000574    34.3448    34.3455     7.1032    27.6094    27.6096    34.3439    27.6086    1450.34    1450.37    -0.6770  1029.1322    34.5117 0.0000e+00
      20019 313.264897  -62.14382  -58.43905     -0.795    1448.14    317.000    313.718    -0.6675    -0.6657     0.0018    -0.6776    -0.6758     0.0018   2.812426   2.812514   0.000107    34.3447    34.3441     7.1347    27.6093    27.6087    34.3439    27.6086    1450.32    1450.33    -0.6774  1029.1275    34.5117 0.0000e+00
      20051 313.264912  -62.14382  -58.43904     -0.756    1448.14    316.000    312.729    -0.6709    -0.6671     0.0038    -0.6809    -0.6772     0.0037   2.811989   2.812303   0.000300    34.3436    34.3434     7.1403    27.6086    27.6082    34.3425    27.6076    1450.29    1450.31    -0.6807  1029.1218    34.5103 0.0000e+00
      20082 313.264927  -62.14382  -58.43902     -0.766    1448.14    315.000    311.740    -0.6798    -0.6759     0.0039    -0.6898    -0.6859     0.0039   2.810962   2.811337   0.000367    34.3412    34.3417     7.1475    27.6069    27.6072    34.3394    27.6055    1450.23    1450.24    -0.6896  1029.1150    34.5072 0.0000e+00
      20110 313.264941  -62.14382  -58.43901     -0.818    1448.14    314.000    310.751    -0.6852    -0.6815     0.0037    -0.6952    -0.6915     0.0037   2.810375   2.810715   0.000347    34.3395    34.3400     7.1381    27.6059    27.6061    34.3382    27.6047    1450.18    1450.20    -0.6949  1029.1095    34.5060 0.0000e+00
      20137 313.264954  -62.14382  -58.43899     -0.872    1448.14    313.000    309.762    -0.6887    -0.6837     0.0050    -0.6986    -0.6936     0.0050   2.810055   2.810461   0.000411    34.3394    34.3393     7.1481    27.6059    27.6056    34.3384    27.6051    1450.15    1450.17    -0.6984  1029.1051    34.5062 0.0000e+00
      20163 313.264966  -62.14382  -58.43898     -0.912    1448.14    312.000    308.773    -0.6910    -0.6880     0.0030    -0.7009    -0.6979     0.0030   2.809753   2.809986   0.000245    34.3386    34.3385     7.1559    27.6053    27.6051    34.3376    27.6045    1450.12    1450.14    -0.7006  1029.0998    34.5054 0.0000e+00
      20189 313.264979  -62.14382  -58.43896     -0.924    1448.14    311.000    307.784    -0.6916    -0.6898     0.0018    -0.7014    -0.6996     0.0018   2.809669   2.809766   0.000100    34.3385    34.3378     7.1641    27.6053    27.6046    34.3377    27.6046    1450.10    1450.11    -0.7012  1029.0952    34.5055 0.0000e+00
      20217 313.264992  -62.14382  -58.43896     -0.896    1448.14    310.000    306.796    -0.6930    -0.6903     0.0027    -0.7028    -0.7001     0.0027   2.809487   2.809665   0.000183    34.3383    34.3377     7.1817    27.6052    27.6045    34.3375    27.6045    1450.08    1450.09    -0.7026  1029.0904    34.5053 0.0000e+00
      20248 313.265007  -62.14382  -58.43894     -0.795    1448.14    309.000    305.806    -0.6929    -0.6920     0.0009    -0.7027    -0.7017     0.0009   2.809453   2.809465   0.000025    34.3380    34.3373     7.1832    27.6050    27.6043    34.3375    27.6045    1450.06    1450.07    -0.7024  1029.0856    34.5053 0.0000e+00
      20282 313.265023  -62.14382  -58.43893     -0.723    1448.14    308.000    304.818    -0.6933    -0.6917     0.0016    -0.7030    -0.7014     0.0016   2.809380   2.809437   0.000061    34.3381    34.3371     7.1943    27.6050    27.6042    34.3375    27.6046    1450.05    1450.05    -0.7028  1029.0809    34.5053 0.0000e+00
      20313 313.265039  -62.14382  -58.43892     -0.737    1448.14    307.000    303.829    -0.6936    -0.6928     0.0008    -0.7033    -0.7025     0.0008   2.809287   2.809281  -0.000005    34.3378    34.3368     7.1937    27.6047    27.6039    34.3373    27.6043    1450.03    1450.03    -0.7031  1029.0759    34.5051 0.0000e+00
      20341 313.265052  -62.14382  -58.43890     -0.831    1448.14    306.000    302.840    -0.6937    -0.6927     0.0010    -0.7033    -0.7023     0.0010   2.809230   2.809253   0.000025    34.3376    34.3368     7.1841    27.6046    27.6039    34.3372    27.6043    1450.01    1450.01    -0.7031  1029.0711    34.5049 0.0000e+00
      20367 313.265065  -62.14382  -58.43889     -0.904    1448.14    305.000    301.851    -0.6940    -0.6931     0.0010    -0.7036    -0.7027     0.0010   2.809154   2.809172   0.000022    34.3375    34.3367     7.1915    27.6046    27.6039    34.3372    27.6043    1449.99    1450.00    -0.7034  1029.0664    34.5049 0.0000e+00
      20394 313.265077  -62.14382  -58.43887     -0.914    1448.14    304.000    300.862    -0.6942    -0.6932     0.0010    -0.7037    -0.7027     0.0010   2.809091   2.809106   0.000015    34.3374    34.3365     7.1889    27.6045    27.6037    34.3371    27.6042    1449.98    1449.98    -0.7035  1029.0615    34.5049 0.0000e+00
      20422 313.265091  -62.14382  -58.43886     -0.872    1448.14    303.000    299.873    -0.6947    -0.6936     0.0011    -0.7042    -0.7031     0.0011   2.809011   2.809035   0.000028    34.3375    34.3366     7.1998    27.6046    27.6038    34.3372    27.6044    1449.96    1449.96    -0.7040  1029.0569    34.5050 0.0000e+00
      20452 313.265105  -62.14382  -58.43884     -0.814    1448.14    302.000    298.884    -0.6950    -0.6937     0.0013    -0.7044    -0.7031     0.0013   2.808947   2.808985   0.000036    34.3375    34.3365     7.2013    27.6046    27.6037    34.3373    27.6044    1449.94    1449.95    -0.7043  1029.0522    34.5050 0.0000e+00
      20483 313.265121  -62.14382  -58.43884     -0.776    1448.14    301.000    297.895    -0.6952    -0.6940     0.0013    -0.7047    -0.7034     0.0013   2.808865   2.808910   0.000050    34.3373    34.3365     7.1985    27.6045    27.6038    34.3371    27.6042    1449.92    1449.93    -0.7044  1029.0473    34.5048 0.0000e+00
      20513 313.265135  -62.14382  -58.43882     -0.786    1448.14    300.000    296.906    -0.6972    -0.6948     0.0024    -0.7066    -0.7042     0.0024   2.808596   2.808773   0.000152    34.3369    34.3363     7.2127    27.6042    27.6036    34.3363    27.6037    1449.90    1449.91    -0.7064  1029.0420    34.5040 0.0000e+00
      20542 313.265149  -62.14382  -58.43881     -0.833    1448.14    299.000    295.917    -0.7029    -0.6988     0.0040    -0.7122    -0.7082     0.0040   2.808006   2.808324   0.000323    34.3361    34.3359     7.1934    27.6038    27.6034    34.3354    27.6032    1449.85    1449.87    -0.7120  1029.0368    34.5031 0.0000e+00
      20572 313.265164  -62.14382  -58.43880     -0.799    1448.14    298.000    294.928    -0.7053    -0.7018     0.0035    -0.7146    -0.7111     0.0035   2.807743   2.808009   0.000254    34.3358    34.3352     7.2007    27.6036    27.6030    34.3352    27.6031    1449.82    1449.84    -0.7144  1029.0320    34.5029 0.0000e+00
      20605 313.265179  -62.14382  -58.43878     -0.742    1448.14    297.000    293.939    -0.7078    -0.7027     0.0051    -0.7171    -0.7120     0.0050   2.807496   2.807867   0.000360    34.3358    34.3350     7.2076    27.6038    27.6029    34.3353    27.6033    1449.80    1449.82    -0.7169  1029.0275    34.5030 0.0000e+00
      20638 313.265195  -62.14382  -58.43877     -0.727    1448.14    296.000    292.950    -0.7096    -0.7071     0.0024    -0.7188    -0.7164     0.0024   2.807264   2.807399   0.000158    34.3352    34.3346     7.2044    27.6033    27.6028    34.3348    27.6030    1449.77    1449.78    -0.7186  1029.0224    34.5025 0.0000e+00
      20669 313.265210  -62.14382  -58.43876     -0.760    1448.14    295.000    291.961    -0.7089    -0.7076     0.0013    -0.7181    -0.7168     0.0013   2.807255   2.807305   0.000047    34.3348    34.3340     7.2076    27.6030    27.6023    34.3345    27.6027    1449.76    1449.76    -0.7179  1029.0173    34.5022 0.0000e+00
      20697 313.265224  -62.14382  -58.43874     -0.823    1448.14    294.000    290.972    -0.7088    -0.7082     0.0006    -0.7180    -0.7174     0.0006   2.807236   2.807198  -0.000023    34.3349    34.3339     7.2033    27.6030    27.6022    34.3347    27.6029    1449.74    1449.74    -0.7178  1029.0128    34.5025 0.0000e+00
      20726 313.265238  -62.14382  -58.43873     -0.844    1448.14    293.000    289.983    -0.7086    -0.7075     0.0010    -0.7177    -0.7167     0.0010   2.807206   2.807217   0.000004    34.3350    34.3338     7.2289    27.6031    27.6021    34.3347    27.6029    1449.72    1449.73    -0.7175  1029.0080    34.5024 0.0000e+00
      20755 313.265252  -62.14382  -58.43871     -0.819    1448.14    292.000    288.995    -0.7127    -0.7086     0.0040    -0.7218    -0.7178     0.0040   2.806764   2.807051   0.000286    34.3347    34.3340     7.2363    27.6030    27.6023    34.3340    27.6025    1449.69    1449.71    -0.7216  1029.0029    34.5017 0.0000e+00
      20784 313.265266  -62.14382  -58.43870     -0.834    1448.14    291.000    288.005    -0.7167    -0.7134     0.0033    -0.7257    -0.7225     0.0033   2.806332   2.806571   0.000222    34.3341    34.3334     7.2216    27.6027    27.6020    34.3333    27.6021    1449.65    1449.67    -0.7255  1028.9977    34.5010 0.0000e+00
      20812 313.265279  -62.14382  -58.43868     -0.853    1448.14    290.000    287.016    -0.7190    -0.7147     0.0043    -0.7280    -0.7237     0.0042   2.806060   2.806385   0.000322    34.3334    34.3330     7.2250    27.6023    27.6017    34.3329    27.6018    1449.63    1449.64    -0.7278  1028.9928    34.5006 0.0000e+00
      20841 313.265293  -62.14382  -58.43868     -0.829    1448.14    289.000    286.027    -0.7195    -0.7176     0.0019    -0.7285    -0.7266     0.0019   2.805981   2.806078   0.000105    34.3334    34.3326     7.2242    27.6023    27.6016    34.3330    27.6019    1449.61    1449.62    -0.7283  1028.9881    34.5007 0.0000e+00
      20873 313.265308  -62.14382  -58.43866     -0.780    1448.14    288.000    285.038    -0.7196    -0.7185     0.0011    -0.7286    -0.7274     0.0011   2.805880   2.805921   0.000058    34.3327    34.3321     7.2293    27.6017    27.6012    34.3324    27.6015    1449.59    1449.59    -0.7284  1028.9829    34.5001 0.0000e+00
      20904 313.265323  -62.14382  -58.43865     -0.763    1448.14    287.000    284.049    -0.7176    -0.7173     0.0003    -0.7266    -0.7262     0.0003   2.806005   2.805958  -0.000040    34.3325    34.3316     7.2386    27.6015    27.6007    34.3324    27.6014    1449.58    1449.58    -0.7263  1028.9780    34.5001 0.0000e+00
      20934 313.265338  -62.14382  -58.43864     -0.795    1448.14    286.000    283.060    -0.7139    -0.7146    -0.0007    -0.7228    -0.7235    -0.0007   2.806289   2.806137  -0.000129    34.3323    34.3314     7.2242    27.6011    27.6004    34.3326    27.6014    1449.58    1449.58    -0.7226  1028.9732    34.5003 0.0000e+00
      20963 313.265352  -62.14382  -58.43862     -0.823    1448.14    285.000    282.071    -0.7092    -0.7130    -0.0037    -0.7181    -0.7218    -0.0037   2.806599   2.806247  -0.000367    34.3321    34.3314     7.2392    27.6008    27.6004    34.3321    27.6008    1449.59    1449.57    -0.7179  1028.9679    34.4998 0.0000e+00
      20991 313.265366  -62.14382  -58.43861     -0.834    1448.14    284.000    281.082    -0.7100    -0.7092     0.0008    -0.7188    -0.7180     0.0008   2.806526   2.806490  -0.000026    34.3324    34.3311     7.2406    27.6011    27.6000    34.3326    27.6012    1449.57    1449.57    -0.7186  1028.9635    34.5003 0.0000e+00
      21023 313.265381  -62.14382  -58.43860     -0.789    1448.14    283.000    280.092    -0.7139    -0.7098     0.0041    -0.7227    -0.7186     0.0040   2.806079   2.806380   0.000262    34.3323    34.3313     7.2347    27.6012    27.6001    34.3316    27.6006    1449.53    1449.55    -0.7225  1028.9581    34.4993 0.0000e+00
      21055 313.265396  -62.14382  -58.43858     -0.746    1448.14    282.000    279.103    -0.7178    -0.7148     0.0030    -0.7265    -0.7236     0.0030   2.805724   2.805879   0.000177    34.3320    34.3310     7.2451    27.6011    27.6002    34.3318    27.6009    1449.50    1449.51    -0.7263  1028.9537    34.4995 0.0000e+00
      21085 313.265411  -62.14382  -58.43857     -0.775    1448.14    281.000    278.115    -0.7221    -0.7181     0.0040    -0.7308    -0.7268     0.0040   2.805184   2.805503   0.000284    34.3311    34.3304     7.2409    27.6005    27.5998    34.3300    27.5996    1449.46    1449.48    -0.7306  1028.9477    34.4977 0.0000e+00
      21114 313.265425  -62.14382  -58.43855     -0.818    1448.14    280.000    277.126    -0.7299    -0.7237     0.0062    -0.7385    -0.7323     0.0062   2.804428   2.804926   0.000485    34.3303    34.3298     7.2444    27.6001    27.5995    34.3293    27.5994    1449.41    1449.44    -0.7383  1028.9428    34.4969 0.0000e+00
      21142 313.265438  -62.14382  -58.43854     -0.856    1448.14    279.000    276.137    -0.7351    -0.7312     0.0038    -0.7437    -0.7398     0.0038   2.803898   2.804162   0.000290    34.3295    34.3290     7.2599    27.5997    27.5992    34.3286    27.5990    1449.37    1449.38    -0.7435  1028.9377    34.4963 0.0000e+00
      21172 313.265453  -62.14382  -58.43854     -0.823    1448.14    278.000    275.148    -0.7374    -0.7347     0.0027    -0.7460    -0.7432     0.0027   2.803693   2.803833   0.000131    34.3299    34.3286     7.2585    27.6002    27.5990    34.3291    27.5995    1449.34    1449.35    -0.7458  1028.9334    34.4967 0.0000e+00
      21205 313.265469  -62.14382  -58.43852     -0.738    1448.14    277.000    274.159    -0.7395    -0.7354     0.0040    -0.7480    -0.7440     0.0040   2.803457   2.803744   0.000281    34.3296    34.3289     7.2712    27.6000    27.5993    34.3289    27.5994    1449.31    1449.33    -0.7478  1028.9286    34.4965 0.0000e+00
      21238 313.265485  -62.14382  -58.43851     -0.715    1448.14    276.000    273.169    -0.7441    -0.7406     0.0035    -0.7526    -0.7491     0.0035   2.802955   2.803186   0.000231    34.3291    34.3283     7.2797    27.5998    27.5990    34.3280    27.5989    1449.27    1449.29    -0.7524  1028.9234    34.4956 0.0000e+00
