Pos-Processados/process_op42/Processamento_split/up/uoperantar42_017.cnv
* Sea-Bird SBE 9 Data File:
* FileName = C:\Users\Hidrografia\Desktop\OPXLII\Brutos\OP42017.hdr
* Software Version Seasave V 7.26.7.107
* Temperature SN = 6502
* Conductivity SN = 4998
* Number of Bytes Per Scan = 37
* Number of Voltage Words = 4
* Number of Scans Averaged by the Deck Unit = 1
* NMEA Latitude = 62 11.60 S
* NMEA Longitude = 058 03.21 W
* NMEA UTC (Time) = Nov 07 2023 10:12:31
* NMEA baud rate = 4800
** H41
** NPOALTEMAXIMIANO
** NUMERO DA ESTACAO (XXX) 017
** LAT (XX XX.XX S/N) 62 11.58 S
** LONG (XXX XX.XX W/E) 058 03.19 W
** DATAHORA (dd/mm/aaaa hh:mm Z) 07/11/2023 1011Z
** PROFUNDIDADE (m) 523
** OPERADOR CT FABIREZA
# nquan = 30
# nvalues = 523                         
# units = specified
# name 0 = scan: Scan Count
# name 1 = timeJ: Julian Days
# name 2 = latitude: Latitude [deg]
# name 3 = longitude: Longitude [deg]
# name 4 = dz/dtM: Descent Rate [m/s]
# name 5 = avgsvCM: Average Sound Velocity [Chen-Millero, m/s]
# name 6 = prDM: Pressure, Digiquartz [db]
# name 7 = depSM: Depth [salt water, m]
# name 8 = t090C: Temperature [ITS-90, deg C]
# name 9 = t190C: Temperature, 2 [ITS-90, deg C]
# name 10 = T2-T190C: Temperature Difference, 2 - 1 [ITS-90, deg C]
# name 11 = potemp090C: Potential Temperature [ITS-90, deg C]
# name 12 = potemp190C: Potential Temperature, 2 [ITS-90, deg C]
# name 13 = potemp90Cdiff: Potential Temperature, Diff, 2 - 1 [ITS-90, deg C]
# name 14 = c0S/m: Conductivity [S/m]
# name 15 = c1S/m: Conductivity, 2 [S/m]
# name 16 = C2-C1S/m: Conductivity Difference, 2 - 1 [S/m]
# name 17 = sal00: Salinity, Practical [PSU]
# name 18 = sal11: Salinity, Practical, 2 [PSU]
# name 19 = sbeox0ML/L: Oxygen, SBE 43 [ml/l]
# name 20 = sigma-é00: Density [sigma-theta, kg/m^3]
# name 21 = sigma-é11: Density, 2 [sigma-theta, kg/m^3]
# name 22 = sal00: Salinity, Practical [PSU]
# name 23 = sigma-é00: Density [sigma-theta, kg/m^3]
# name 24 = svCM: Sound Velocity [Chen-Millero, m/s]
# name 25 = svCM1: Sound Velocity, 2 [Chen-Millero, m/s]
# name 26 = gsw_ptA0: potential temperature [ITS-90, deg C]
# name 27 = gsw_densityA0: density, TEOS-10 [density, kg/m^3]
# name 28 = gsw_saA0: Absolute Salinity [g/kg]
# name 29 = flag:
# span 0 =      19508,      41257       
# span 1 = 311.434766, 311.445255       
# span 2 =  -62.20165,  -62.19719       
# span 3 =  -58.05205,  -58.04837       
# span 4 =     -1.104,     -0.185       
# span 5 =    1449.99,    1449.99       
# span 6 =      2.000,    524.000       
# span 7 =      1.998,    518.309       
# span 8 =    -0.6551,    -0.1324       
# span 9 =    -0.6540,    -0.1322       
# span 10 =    -0.0251,     0.0184      
# span 11 =    -0.6615,    -0.1483      
# span 12 =    -0.6604,    -0.1481      
# span 13 =    -0.0250,     0.0184      
# span 14 =   2.795169,   2.871334      
# span 15 =   2.795119,   2.871246      
# span 16 =  -0.002222,   0.001750      
# span 17 =    34.2663,    34.4622      
# span 18 =    34.2652,    34.4605      
# span 19 =     6.0167,     7.6296      
# span 20 =    27.5441,    27.6966      
# span 21 =    27.5433,    27.6960      
# span 22 =    34.2664,    34.4664      
# span 23 =    27.5441,    27.6966      
# span 24 =    1445.25,    1454.70      
# span 25 =    1445.25,    1454.70      
# span 26 =    -0.6614,    -0.1481      
# span 27 =  1027.5571,  1030.1932      
# span 28 =    34.4291,    34.6347      
# span 29 = 0.0000e+00, 0.0000e+00      
# interval = decibars: 1                
# start_time = Nov 07 2023 10:12:31 [NMEA time, header]
# bad_flag = -9.990e-29
*END*
[from data line 387]
      31388 311.440495 -9.990e-29 -9.990e-29     -0.755    1449.99    137.000    135.640    -0.6468    -0.6458     0.0010    -0.6510    -0.6499     0.0010   2.804148   2.804120  -0.000028    34.3194    34.3179     7.3171    27.5877    27.5864    34.3192    27.5875    1447.45    1447.46    -0.6509  1028.2450    34.4823 0.0000e+00
      31420 311.440510  -62.19968  -58.05022     -0.751    1449.99    136.000    134.650    -0.6468    -0.6460     0.0009    -0.6510    -0.6501     0.0009   2.804094   2.804043  -0.000049    34.3193    34.3176     7.3210    27.5876    27.5862    34.3191    27.5874    1447.44    1447.44    -0.6508  1028.2415    34.4839 0.0000e+00
      31447 311.440524  -62.19968  -58.05020     -0.836    1449.99    135.000    133.661    -0.6469    -0.6461     0.0008    -0.6509    -0.6501     0.0008   2.804030   2.803990  -0.000038    34.3191    34.3176     7.3125    27.5874    27.5862    34.3189    27.5873    1447.42    1447.42    -0.6509  1028.2383    34.4858 0.0000e+00
      31473 311.440536  -62.19968  -58.05020     -0.914    1449.99    134.000    132.671    -0.6470    -0.6461     0.0009    -0.6511    -0.6501     0.0009   2.803970   2.803942  -0.000031    34.3191    34.3176     7.3007    27.5874    27.5861    34.3189    27.5873    1447.40    1447.41    -0.6510  1028.2335    34.4858 0.0000e+00
      31500 311.440549  -62.19969  -58.05020     -0.904    1449.99    133.000    131.681    -0.6470    -0.6462     0.0009    -0.6511    -0.6502     0.0009   2.803913   2.803884  -0.000026    34.3188    34.3175     7.3124    27.5872    27.5861    34.3188    27.5871    1447.39    1447.39    -0.6509  1028.2286    34.4857 0.0000e+00
      31533 311.440565  -62.19970  -58.05020     -0.760    1449.99    132.000    130.691    -0.6471    -0.6462     0.0008    -0.6510    -0.6502     0.0008   2.803874   2.803834  -0.000041    34.3190    34.3175     7.3293    27.5873    27.5861    34.3189    27.5873    1447.37    1447.37    -0.6510  1028.2206    34.4816 0.0000e+00
      31567 311.440582 -9.990e-29  -58.05018     -0.698    1449.99    131.000    129.701    -0.6468    -0.6460     0.0008    -0.6507    -0.6500     0.0008   2.803830   2.803774  -0.000054    34.3187    34.3170     7.3192    27.5870    27.5857    34.3186    27.5870    1447.36    1447.36    -0.6507  1028.2149    34.4804 0.0000e+00
      31597 311.440596 -9.990e-29  -58.05018     -0.782    1449.99    130.000    128.712    -0.6465    -0.6457     0.0008    -0.6504    -0.6496     0.0008   2.803767   2.803727  -0.000042    34.3182    34.3167     7.3261    27.5866    27.5854    34.3181    27.5866    1447.34    1447.34    -0.6503  1028.2096    34.4799 0.0000e+00
      31626 311.440610  -62.19972  -58.05017     -0.831    1449.99    129.000    127.722    -0.6462    -0.6454     0.0008    -0.6501    -0.6493     0.0008   2.803681   2.803681   0.000001    34.3173    34.3164     7.3241    27.5859    27.5851    34.3172    27.5859    1447.32    1447.33    -0.6500  1028.2068    34.4823 0.0000e+00
      31655 311.440624  -62.19972  -58.05016     -0.820    1449.99    128.000    126.732    -0.6460    -0.6451     0.0008    -0.6498    -0.6490     0.0008   2.803659   2.803639  -0.000018    34.3172    34.3160     7.3180    27.5858    27.5849    34.3172    27.5858    1447.31    1447.31    -0.6498  1028.2034    34.4841 0.0000e+00
      31682 311.440637  -62.19974  -58.05016     -0.847    1449.99    127.000    125.742    -0.6457    -0.6448     0.0010    -0.6495    -0.6486     0.0010   2.803656   2.803596  -0.000059    34.3175    34.3156     7.3276    27.5861    27.5845    34.3175    27.5861    1447.29    1447.30    -0.6494  1028.1988    34.4843 0.0000e+00
      31707 311.440649  -62.19974  -58.05014     -0.925    1449.99    126.000    124.752    -0.6455    -0.6447     0.0008    -0.6493    -0.6485     0.0008   2.803602   2.803560  -0.000046    34.3172    34.3157     7.3368    27.5858    27.5845    34.3172    27.5858    1447.28    1447.28    -0.6492  1028.1938    34.4840 0.0000e+00
      31731 311.440661  -62.19974  -58.05014     -1.004    1449.99    125.000    123.763    -0.6451    -0.6445     0.0006    -0.6489    -0.6482     0.0006   2.803497   2.803517   0.000019    34.3159    34.3155     7.3268    27.5848    27.5844    34.3159    27.5847    1447.26    1447.26    -0.6488  1028.1880    34.4827 0.0000e+00
      31756 311.440673  -62.19974  -58.05014     -0.988    1449.99    124.000    122.773    -0.6440    -0.6435     0.0005    -0.6478    -0.6473     0.0005   2.803504   2.803471  -0.000027    34.3153    34.3144     7.3158    27.5842    27.5834    34.3154    27.5843    1447.25    1447.25    -0.6476  1028.1827    34.4822 0.0000e+00
      31793 311.440691  -62.19975  -58.05013     -0.711    1449.99    123.000    121.783    -0.6433    -0.6428     0.0005    -0.6470    -0.6465     0.0005   2.803445   2.803426  -0.000019    34.3144    34.3135     7.3301    27.5834    27.5827    34.3144    27.5835    1447.24    1447.24    -0.6469  1028.1771    34.4812 0.0000e+00
      31842 311.440714  -62.19976  -58.05012     -0.477    1449.99    122.000    120.793    -0.6425    -0.6418     0.0007    -0.6461    -0.6455     0.0007   2.803434   2.803378  -0.000055    34.3138    34.3124     7.3402    27.5829    27.5817    34.3139    27.5830    1447.22    1447.22    -0.6461  1028.1719    34.4807 0.0000e+00
      31879 311.440732  -62.19976  -58.05012     -0.607    1449.99    121.000    119.803    -0.6418    -0.6411     0.0008    -0.6455    -0.6447     0.0008   2.803355   2.803355   0.000003    34.3127    34.3119     7.3559    27.5820    27.5813    34.3128    27.5821    1447.21    1447.21    -0.6454  1028.1661    34.4795 0.0000e+00
      31904 311.440744  -62.19978  -58.05012     -0.848    1449.99    120.000    118.814    -0.6412    -0.6404     0.0008    -0.6448    -0.6440     0.0008   2.803394   2.803346  -0.000052    34.3132    34.3115     7.3582    27.5823    27.5810    34.3132    27.5824    1447.20    1447.20    -0.6447  1028.1617    34.4800 0.0000e+00
      31926 311.440755  -62.19978  -58.05010     -1.028    1449.99    119.000    117.823    -0.6403    -0.6391     0.0013    -0.6439    -0.6427     0.0013   2.803333   2.803362   0.000026    34.3119    34.3108     7.3467    27.5813    27.5803    34.3120    27.5813    1447.18    1447.19    -0.6438  1028.1559    34.4787 0.0000e+00
      31948 311.440765  -62.19978  -58.05010     -1.085    1449.99    118.000    116.834    -0.6398    -0.6389     0.0010    -0.6434    -0.6424     0.0010   2.803375   2.803329  -0.000040    34.3125    34.3108     7.3508    27.5817    27.5803    34.3126    27.5818    1447.17    1447.17    -0.6433  1028.1516    34.4793 0.0000e+00
      31971 311.440777  -62.19978  -58.05010     -1.064    1449.99    117.000    115.844    -0.6396    -0.6388     0.0008    -0.6431    -0.6423     0.0008   2.803314   2.803287  -0.000034    34.3121    34.3108     7.3672    27.5814    27.5803    34.3121    27.5814    1447.15    1447.16    -0.6430  1028.1463    34.4788 0.0000e+00
      31997 311.440789  -62.19980  -58.05008     -0.978    1449.99    116.000    114.854    -0.6395    -0.6385     0.0010    -0.6430    -0.6420     0.0010   2.803290   2.803248  -0.000036    34.3121    34.3105     7.3739    27.5814    27.5801    34.3123    27.5816    1447.14    1447.14    -0.6429  1028.1417    34.4790 0.0000e+00
      32032 311.440806  -62.19980  -58.05008     -0.760    1449.99    115.000    113.864    -0.6389    -0.6382     0.0007    -0.6424    -0.6417     0.0007   2.803273   2.803235  -0.000040    34.3120    34.3107     7.3611    27.5813    27.5802    34.3120    27.5813    1447.12    1447.13    -0.6423  1028.1367    34.4787 0.0000e+00
      32078 311.440828  -62.19981  -58.05007     -0.521    1449.99    114.000    112.875    -0.6384    -0.6375     0.0009    -0.6418    -0.6410     0.0009   2.803271   2.803235  -0.000035    34.3120    34.3105     7.3657    27.5813    27.5800    34.3121    27.5813    1447.11    1447.11    -0.6418  1028.1319    34.4788 0.0000e+00
      32136 311.440856  -62.19982  -58.05006     -0.395    1449.99    113.000    111.884    -0.6381    -0.6373     0.0007    -0.6415    -0.6407     0.0007   2.803254   2.803207  -0.000046    34.3120    34.3105     7.3689    27.5813    27.5800    34.3120    27.5813    1447.10    1447.10    -0.6413  1028.1271    34.4787 0.0000e+00
      32179 311.440877  -62.19982  -58.05004     -0.555    1449.99    112.000    110.895    -0.6376    -0.6370     0.0006    -0.6410    -0.6403     0.0006   2.803207   2.803188  -0.000022    34.3115    34.3105     7.3614    27.5809    27.5800    34.3116    27.5809    1447.08    1447.08    -0.6409  1028.1219    34.4782 0.0000e+00
      32212 311.440892  -62.19984  -58.05004     -0.719    1449.99    111.000    109.905    -0.6371    -0.6364     0.0008    -0.6405    -0.6397     0.0008   2.803225   2.803184  -0.000040    34.3118    34.3104     7.3533    27.5811    27.5799    34.3119    27.5811    1447.07    1447.07    -0.6404  1028.1173    34.4785 0.0000e+00
      32248 311.440910  -62.19984  -58.05003     -0.676    1449.99    110.000    108.915    -0.6363    -0.6358     0.0005    -0.6396    -0.6391     0.0005   2.803239   2.803179  -0.000058    34.3116    34.3102     7.3733    27.5808    27.5797    34.3117    27.5809    1447.05    1447.05    -0.6395  1028.1123    34.4783 0.0000e+00
      32286 311.440928  -62.19984  -58.05002     -0.627    1449.99    109.000    107.925    -0.6360    -0.6352     0.0007    -0.6392    -0.6385     0.0007   2.803208   2.803170  -0.000037    34.3115    34.3101     7.3611    27.5807    27.5796    34.3115    27.5808    1447.04    1447.04    -0.6392  1028.1074    34.4781 0.0000e+00
      32321 311.440945  -62.19986  -58.05002     -0.674    1449.99    108.000    106.935    -0.6359    -0.6350     0.0009    -0.6391    -0.6383     0.0009   2.803159   2.803133  -0.000024    34.3114    34.3101     7.3729    27.5806    27.5795    34.3114    27.5807    1447.02    1447.03    -0.6391  1028.1025    34.4780 0.0000e+00
      32353 311.440960  -62.19986  -58.05001     -0.746    1449.99    107.000    105.945    -0.6359    -0.6350     0.0009    -0.6392    -0.6383     0.0009   2.803117   2.803084  -0.000038    34.3116    34.3100     7.3696    27.5808    27.5795    34.3115    27.5808    1447.01    1447.01    -0.6391  1028.0978    34.4781 0.0000e+00
      32388 311.440977  -62.19988  -58.05000     -0.702    1449.99    106.000    104.955    -0.6359    -0.6350     0.0009    -0.6391    -0.6382     0.0009   2.803076   2.803043  -0.000035    34.3116    34.3101     7.3628    27.5808    27.5796    34.3116    27.5808    1446.99    1446.99    -0.6390  1028.0931    34.4782 0.0000e+00
      32429 311.440997  -62.19988  -58.05000     -0.589    1449.99    105.000    103.966    -0.6361    -0.6351     0.0010    -0.6393    -0.6383     0.0010   2.803018   2.802993  -0.000024    34.3116    34.3102     7.3675    27.5808    27.5796    34.3116    27.5809    1446.97    1446.98    -0.6392  1028.0884    34.4782 0.0000e+00
      32474 311.441019  -62.19988  -58.04999     -0.534    1449.99    104.000    102.976    -0.6364    -0.6353     0.0011    -0.6395    -0.6385     0.0011   2.802963   2.802923  -0.000040    34.3118    34.3101     7.3542    27.5810    27.5796    34.3118    27.5810    1446.96    1446.96    -0.6394  1028.0838    34.4784 0.0000e+00
      32516 311.441039  -62.19990  -58.04998     -0.572    1449.99    103.000    101.986    -0.6363    -0.6353     0.0010    -0.6394    -0.6384     0.0010   2.802912   2.802881  -0.000032    34.3117    34.3101     7.3663    27.5809    27.5796    34.3116    27.5809    1446.94    1446.94    -0.6393  1028.0788    34.4782 0.0000e+00
      32552 311.441057  -62.19990  -58.04996     -0.635    1449.99    102.000    100.996    -0.6362    -0.6354     0.0008    -0.6392    -0.6384     0.0008   2.802873   2.802834  -0.000038    34.3116    34.3102     7.3588    27.5808    27.5796    34.3116    27.5808    1446.92    1446.93    -0.6392  1028.0740    34.4781 0.0000e+00
      32583 311.441071  -62.19991  -58.04996     -0.752    1449.99    101.000    100.006    -0.6361    -0.6352     0.0009    -0.6392    -0.6382     0.0009   2.802825   2.802791  -0.000035    34.3115    34.3100     7.3638    27.5808    27.5795    34.3115    27.5807    1446.91    1446.91    -0.6391  1028.0691    34.4780 0.0000e+00
      32611 311.441085  -62.19992  -58.04995     -0.849    1449.99    100.000     99.016    -0.6360    -0.6352     0.0008    -0.6390    -0.6382     0.0008   2.802786   2.802758  -0.000028    34.3114    34.3101     7.3619    27.5807    27.5796    34.3114    27.5807    1446.89    1446.89    -0.6389  1028.0643    34.4779 0.0000e+00
      32642 311.441100  -62.19992  -58.04994     -0.794    1449.99     99.000     98.026    -0.6358    -0.6350     0.0007    -0.6387    -0.6380     0.0007   2.802752   2.802726  -0.000028    34.3113    34.3102     7.3499    27.5806    27.5796    34.3113    27.5806    1446.88    1446.88    -0.6387  1028.0594    34.4778 0.0000e+00
      32677 311.441117  -62.19993  -58.04994     -0.699    1449.99     98.000     97.036    -0.6358    -0.6348     0.0009    -0.6387    -0.6378     0.0009   2.802709   2.802683  -0.000026    34.3114    34.3100     7.3682    27.5806    27.5795    34.3114    27.5807    1446.86    1446.86    -0.6387  1028.0547    34.4779 0.0000e+00
      32715 311.441135  -62.19994  -58.04994     -0.643    1449.99     97.000     96.046    -0.6359    -0.6349     0.0009    -0.6388    -0.6378     0.0009   2.802658   2.802630  -0.000026    34.3114    34.3100     7.3656    27.5807    27.5795    34.3114    27.5807    1446.84    1446.85    -0.6387  1028.0501    34.4782 0.0000e+00
      32749 311.441152  -62.19994 -9.990e-29     -0.674    1449.99     96.000     95.057    -0.6358    -0.6350     0.0007    -0.6387    -0.6379     0.0007   2.802611   2.802580  -0.000034    34.3113    34.3101     7.3611    27.5806    27.5795    34.3113    27.5806    1446.83    1446.83    -0.6386  1028.0458    34.4787 0.0000e+00
      32781 311.441167  -62.19995 -9.990e-29     -0.740    1449.99     95.000     94.066    -0.6358    -0.6348     0.0009    -0.6387    -0.6377     0.0009   2.802565   2.802538  -0.000027    34.3114    34.3099     7.3644    27.5806    27.5794    34.3113    27.5806    1446.81    1446.81    -0.6386  1028.0410    34.4787 0.0000e+00
      32816 311.441184  -62.19996  -58.04991     -0.716    1449.99     94.000     93.076    -0.6358    -0.6348     0.0009    -0.6386    -0.6377     0.0009   2.802528   2.802488  -0.000038    34.3114    34.3099     7.3527    27.5806    27.5794    34.3114    27.5806    1446.80    1446.80    -0.6385  1028.0360    34.4784 0.0000e+00
      32856 311.441203  -62.19997  -58.04990     -0.600    1449.99     93.000     92.087    -0.6355    -0.6346     0.0009    -0.6383    -0.6374     0.0009   2.802495   2.802459  -0.000035    34.3113    34.3098     7.3745    27.5806    27.5793    34.3113    27.5806    1446.78    1446.78    -0.6382  1028.0306    34.4777 0.0000e+00
      32899 311.441224  -62.19998  -58.04989     -0.558    1449.99     92.000     91.097    -0.6351    -0.6344     0.0008    -0.6379    -0.6371     0.0008   2.802483   2.802438  -0.000046    34.3113    34.3099     7.3696    27.5806    27.5793    34.3113    27.5806    1446.77    1446.77    -0.6378  1028.0258    34.4777 0.0000e+00
      32936 311.441242  -62.19998  -58.04988     -0.634    1449.99     91.000     90.107    -0.6351    -0.6343     0.0008    -0.6378    -0.6370     0.0008   2.802446   2.802405  -0.000038    34.3113    34.3099     7.3714    27.5805    27.5794    34.3114    27.5806    1446.75    1446.75    -0.6377  1028.0210    34.4777 0.0000e+00
      32967 311.441257  -62.19999  -58.04988     -0.748    1449.99     90.000     89.117    -0.6351    -0.6342     0.0008    -0.6378    -0.6369     0.0008   2.802379   2.802356  -0.000029    34.3112    34.3098     7.3629    27.5804    27.5793    34.3111    27.5804    1446.74    1446.74    -0.6377  1028.0160    34.4774 0.0000e+00
