Pos-Processados/process_op42/Processamento_split/up/uoperantar42_024.cnv
* Sea-Bird SBE 9 Data File:
* FileName = C:\Users\Hidrografia\Desktop\OPXLII\Brutos\OP42024.hdr
* Software Version Seasave V 7.26.7.107
* Temperature SN = 6502
* Conductivity SN = 4998
* Number of Bytes Per Scan = 37
* Number of Voltage Words = 4
* Number of Scans Averaged by the Deck Unit = 1
* NMEA Latitude = 62 12.92 S
* NMEA Longitude = 058 19.80 W
* NMEA UTC (Time) = Nov 08 2023 11:02:46
* NMEA baud rate = 4800
** H41
** NPOALTEMAXIMIANO
** NUMERO DA ESTACAO (XXX) 024
** LAT (XX XX.XX S/N) 62 12.60 S
** LONG (XXX XX.XX W/E) 058 20.03 W
** DATAHORA (dd/mm/aaaa hh:mm Z) 08/11/2023 1056Z
** PROFUNDIDADE (m) 482
** OPERADOR CT FILIPE LOPES
# nquan = 30
# nvalues = 414                         
# units = specified
# name 0 = scan: Scan Count
# name 1 = timeJ: Julian Days
# name 2 = latitude: Latitude [deg]
# name 3 = longitude: Longitude [deg]
# name 4 = dz/dtM: Descent Rate [m/s]
# name 5 = avgsvCM: Average Sound Velocity [Chen-Millero, m/s]
# name 6 = prDM: Pressure, Digiquartz [db]
# name 7 = depSM: Depth [salt water, m]
# name 8 = t090C: Temperature [ITS-90, deg C]
# name 9 = t190C: Temperature, 2 [ITS-90, deg C]
# name 10 = T2-T190C: Temperature Difference, 2 - 1 [ITS-90, deg C]
# name 11 = potemp090C: Potential Temperature [ITS-90, deg C]
# name 12 = potemp190C: Potential Temperature, 2 [ITS-90, deg C]
# name 13 = potemp90Cdiff: Potential Temperature, Diff, 2 - 1 [ITS-90, deg C]
# name 14 = c0S/m: Conductivity [S/m]
# name 15 = c1S/m: Conductivity, 2 [S/m]
# name 16 = C2-C1S/m: Conductivity Difference, 2 - 1 [S/m]
# name 17 = sal00: Salinity, Practical [PSU]
# name 18 = sal11: Salinity, Practical, 2 [PSU]
# name 19 = sbeox0ML/L: Oxygen, SBE 43 [ml/l]
# name 20 = sigma-é00: Density [sigma-theta, kg/m^3]
# name 21 = sigma-é11: Density, 2 [sigma-theta, kg/m^3]
# name 22 = sal00: Salinity, Practical [PSU]
# name 23 = sigma-é00: Density [sigma-theta, kg/m^3]
# name 24 = svCM: Sound Velocity [Chen-Millero, m/s]
# name 25 = svCM1: Sound Velocity, 2 [Chen-Millero, m/s]
# name 26 = gsw_ptA0: potential temperature [ITS-90, deg C]
# name 27 = gsw_densityA0: density, TEOS-10 [density, kg/m^3]
# name 28 = gsw_saA0: Absolute Salinity [g/kg]
# name 29 = flag:
# span 0 =      16875,      32356       
# span 1 = 312.468392, 312.475858       
# span 2 =  -62.21294,  -62.21082       
# span 3 =  -58.32361,  -58.31820       
# span 4 =     -1.476,     -0.139       
# span 5 =    1448.57,    1448.57       
# span 6 =      3.000,    416.000       
# span 7 =      2.972,    411.581       
# span 8 =    -0.8436,    -0.4352       
# span 9 =    -0.8428,    -0.4371       
# span 10 =    -0.0097,     0.0142      
# span 11 =    -0.8528,    -0.4497      
# span 12 =    -0.8519,    -0.4516      
# span 13 =    -0.0097,     0.0141      
# span 14 =   2.793522,   2.843785      
# span 15 =   2.793642,   2.843607      
# span 16 =  -0.000962,   0.001392      
# span 17 =    34.2955,    34.4437      
# span 18 =    34.2940,    34.4429      
# span 19 =     6.3353,     7.5371      
# span 20 =    27.5664,    27.6793      
# span 21 =    27.5653,    27.6787      
# span 22 =    34.2955,    34.4423      
# span 23 =    27.5663,    27.6782      
# span 24 =    1445.47,    1453.16      
# span 25 =    1445.47,    1453.15      
# span 26 =    -0.8525,    -0.4495      
# span 27 =  1027.5845,  1029.6632      
# span 28 =    34.4574,    34.6099      
# span 29 = 0.0000e+00, 0.0000e+00      
# interval = decibars: 1                
# start_time = Nov 08 2023 11:02:46 [NMEA time, header]
# bad_flag = -9.990e-29
*END*
[from data line 49]
      19200 312.469514  -62.21258  -58.32282     -0.690    1448.57    367.000    363.155    -0.7446    -0.7435     0.0011    -0.7562    -0.7551     0.0011   2.810071   2.810097   0.000032    34.3695    34.3686     6.9767    27.6326    27.6319    34.3691    27.6324    1450.81    1450.82    -0.7560  1029.3897    34.5372 0.0000e+00
      19226 312.469526  -62.21258  -58.32282     -0.870    1448.57    366.000    362.166    -0.7433    -0.7432     0.0001    -0.7549    -0.7548     0.0001   2.810137   2.810080  -0.000052    34.3694    34.3685     6.9760    27.6325    27.6318    34.3691    27.6323    1450.80    1450.80    -0.7546  1029.3849    34.5372 0.0000e+00
      19253 312.469539  -62.21256  -58.32280     -0.923    1448.57    365.000    361.177    -0.7436    -0.7425     0.0010    -0.7551    -0.7541     0.0010   2.810081   2.810096   0.000014    34.3695    34.3685     6.9741    27.6326    27.6318    34.3693    27.6324    1450.78    1450.79    -0.7549  1029.3803    34.5373 0.0000e+00
      19290 312.469557  -62.21256  -58.32277     -0.702    1448.57    364.000    360.189    -0.7437    -0.7427     0.0010    -0.7552    -0.7542     0.0010   2.810022   2.810043   0.000018    34.3695    34.3686     6.9765    27.6326    27.6319    34.3692    27.6324    1450.77    1450.77    -0.7550  1029.3755    34.5373 0.0000e+00
      19339 312.469581  -62.21256  -58.32276     -0.473    1448.57    363.000    359.200    -0.7444    -0.7434     0.0010    -0.7559    -0.7549     0.0010   2.809899   2.809915   0.000018    34.3692    34.3684     6.9795    27.6324    27.6317    34.3690    27.6323    1450.75    1450.75    -0.7556  1029.3706    34.5370 0.0000e+00
      19381 312.469601  -62.21256  -58.32276     -0.552    1448.57    362.000    358.211    -0.7498    -0.7471     0.0027    -0.7612    -0.7585     0.0027   2.809261   2.809483   0.000190    34.3681    34.3676     6.9858    27.6318    27.6312    34.3671    27.6309    1450.70    1450.72    -0.7610  1029.3646    34.5351 0.0000e+00
      19408 312.469614  -62.21256  -58.32276     -0.789    1448.57    361.000    357.223    -0.7562    -0.7511     0.0051    -0.7676    -0.7625     0.0051   2.808530   2.808990   0.000453    34.3662    34.3666     6.9792    27.6305    27.6306    34.3651    27.6296    1450.65    1450.68    -0.7673  1029.3586    34.5331 0.0000e+00
      19428 312.469623  -62.21256  -58.32276     -1.028    1448.57    360.000    356.234    -0.7602    -0.7566     0.0036    -0.7716    -0.7680     0.0036   2.808141   2.808409   0.000307    34.3658    34.3659     6.9768    27.6303    27.6302    34.3650    27.6297    1450.62    1450.64    -0.7713  1029.3540    34.5330 0.0000e+00
      19448 312.469633  -62.21254  -58.32274     -1.180    1448.57    359.000    355.245    -0.7622    -0.7607     0.0015    -0.7735    -0.7720     0.0015   2.807908   2.808001   0.000073    34.3655    34.3649     6.9868    27.6302    27.6295    34.3647    27.6295    1450.59    1450.60    -0.7732  1029.3490    34.5327 0.0000e+00
      19470 312.469644  -62.21254  -58.32272     -1.160    1448.57    358.000    354.256    -0.7635    -0.7633     0.0002    -0.7747    -0.7745     0.0002   2.807746   2.807688  -0.000036    34.3651    34.3645     6.9944    27.6299    27.6294    34.3646    27.6294    1450.57    1450.57    -0.7745  1029.3446    34.5330 0.0000e+00
      19503 312.469660  -62.21254 -9.990e-29     -0.823    1448.57    357.000    353.268    -0.7626    -0.7609     0.0017    -0.7738    -0.7721     0.0017   2.807782   2.807885   0.000108    34.3653    34.3648     7.0066    27.6300    27.6295    34.3647    27.6295    1450.56    1450.57    -0.7736  1029.3416    34.5352 0.0000e+00
      19539 312.469677  -62.21254 -9.990e-29     -0.630    1448.57    356.000    352.279    -0.7691    -0.7683     0.0008    -0.7803    -0.7795     0.0008   2.807062   2.807110   0.000020    34.3641    34.3635     7.0213    27.6293    27.6288    34.3630    27.6284    1450.51    1450.51    -0.7800  1029.3358    34.5335 0.0000e+00
      19561 312.469687  -62.21252 -9.990e-29     -0.864    1448.57    355.000    351.290    -0.7737    -0.7713     0.0024    -0.7848    -0.7825     0.0023   2.806574   2.806671   0.000154    34.3630    34.3624     7.0274    27.6286    27.6280    34.3622    27.6279    1450.47    1450.48    -0.7845  1029.3306    34.5327 0.0000e+00
      19578 312.469696  -62.21252  -58.32268     -1.167    1448.57    354.000    350.302    -0.7748    -0.7754    -0.0006    -0.7859    -0.7865    -0.0006   2.806389   2.806262  -0.000128    34.3625    34.3614     7.0287    27.6282    27.6274    34.3616    27.6275    1450.45    1450.44    -0.7856  1029.3247    34.5311 0.0000e+00
      19593 312.469703  -62.21252  -58.32268     -1.398    1448.57    353.000    349.313    -0.7759    -0.7765    -0.0005    -0.7869    -0.7875    -0.0005   2.806250   2.806102  -0.000141    34.3624    34.3611     7.0238    27.6281    27.6271    34.3615    27.6275    1450.43    1450.42    -0.7867  1029.3187    34.5295 0.0000e+00
      19611 312.469711  -62.21252  -58.32268     -1.476    1448.57    352.000    348.324    -0.7768    -0.7777    -0.0009    -0.7878    -0.7887    -0.0009   2.806128   2.805929  -0.000184    34.3621    34.3607     7.0327    27.6280    27.6269    34.3615    27.6275    1450.41    1450.40    -0.7875  1029.3140    34.5295 0.0000e+00
      19643 312.469727  -62.21252  -58.32266     -0.972    1448.57    351.000    347.336    -0.7777    -0.7768     0.0009    -0.7887    -0.7877     0.0009   2.805980   2.806014   0.000016    34.3618    34.3610     7.0266    27.6278    27.6271    34.3611    27.6272    1450.38    1450.39    -0.7884  1029.3090    34.5291 0.0000e+00
      19696 312.469753  -62.21252  -58.32264     -0.336    1448.57    350.000    346.347    -0.7830    -0.7797     0.0033    -0.7939    -0.7906     0.0033   2.805336   2.805613   0.000294    34.3597    34.3599     7.0473    27.6263    27.6263    34.3591    27.6258    1450.34    1450.36    -0.7937  1029.3047    34.5294 0.0000e+00
      19721 312.469765  -62.21251 -9.990e-29     -0.743    1448.57    349.000    345.358    -0.7843    -0.7833     0.0010    -0.7951    -0.7942     0.0010   2.805076   2.805125   0.000052    34.3587    34.3583     7.0495    27.6255    27.6251    34.3576    27.6246    1450.32    1450.32    -0.7949  1029.2990    34.5281 0.0000e+00
      19739 312.469773  -62.21250 -9.990e-29     -1.080    1448.57    348.000    344.369    -0.7860    -0.7854     0.0006    -0.7969    -0.7963     0.0006   2.804907   2.804866  -0.000027    34.3585    34.3575     7.0485    27.6254    27.6246    34.3579    27.6250    1450.29    1450.29    -0.7966  1029.2945    34.5284 0.0000e+00
      19757 312.469782  -62.21250 -9.990e-29     -1.310    1448.57    347.000    343.380    -0.7864    -0.7863     0.0001    -0.7972    -0.7971     0.0001   2.804806   2.804739  -0.000069    34.3582    34.3571     7.0560    27.6252    27.6243    34.3576    27.6247    1450.27    1450.27    -0.7969  1029.2896    34.5281 0.0000e+00
      19778 312.469792  -62.21250  -58.32262     -1.274    1448.57    346.000    342.392    -0.7869    -0.7869    -0.0000    -0.7976    -0.7977    -0.0000   2.804715   2.804632  -0.000086    34.3580    34.3569     7.0588    27.6250    27.6241    34.3575    27.6246    1450.25    1450.25    -0.7974  1029.2816    34.5240 0.0000e+00
      19811 312.469808 -9.990e-29  -58.32260     -0.837    1448.57    345.000    341.403    -0.7880    -0.7857     0.0022    -0.7987    -0.7964     0.0022   2.804574   2.804722   0.000140    34.3579    34.3573     7.0710    27.6251    27.6244    34.3574    27.6246    1450.23    1450.24    -0.7985  1029.2733    34.5195 0.0000e+00
      19847 312.469826 -9.990e-29  -58.32258     -0.621    1448.57    344.000    340.414    -0.7892    -0.7878     0.0014    -0.7999    -0.7985     0.0014   2.804404   2.804425   0.000031    34.3577    34.3565     7.0780    27.6249    27.6239    34.3572    27.6245    1450.21    1450.21    -0.7996  1029.2683    34.5192 0.0000e+00
      19871 312.469837  -62.21248  -58.32258     -0.839    1448.57    343.000    339.426    -0.7902    -0.7889     0.0014    -0.8009    -0.7995     0.0014   2.804224   2.804265   0.000044    34.3571    34.3561     7.0764    27.6244    27.6236    34.3565    27.6240    1450.19    1450.19    -0.8006  1029.2635    34.5191 0.0000e+00
      19892 312.469847  -62.21248  -58.32258     -1.071    1448.57    342.000    338.437    -0.7910    -0.7903     0.0008    -0.8016    -0.8009     0.0008   2.804079   2.804074  -0.000001    34.3564    34.3556     7.0815    27.6240    27.6232    34.3560    27.6236    1450.17    1450.17    -0.8014  1029.2627    34.5240 0.0000e+00
      19916 312.469858  -62.21248  -58.32257     -1.106    1448.57    341.000    337.448    -0.7913    -0.7903     0.0010    -0.8019    -0.8009     0.0010   2.804012   2.804050   0.000031    34.3565    34.3557     7.0845    27.6240    27.6234    34.3561    27.6237    1450.15    1450.15    -0.8017  1029.2580    34.5241 0.0000e+00
      19952 312.469876  -62.21248  -58.32255     -0.726    1448.57    340.000    336.459    -0.7917    -0.7904     0.0014    -0.8023    -0.8009     0.0013   2.803908   2.803990   0.000082    34.3561    34.3557     7.0897    27.6237    27.6233    34.3558    27.6234    1450.13    1450.14    -0.8020  1029.2530    34.5237 0.0000e+00
      19995 312.469897  -62.21248  -58.32254     -0.540    1448.57    339.000    335.471    -0.7939    -0.7926     0.0013    -0.8044    -0.8031     0.0013   2.803598   2.803638   0.000032    34.3552    34.3542     7.0879    27.6231    27.6222    34.3546    27.6226    1450.10    1450.11    -0.8042  1029.2493    34.5248 0.0000e+00
      20029 312.469913  -62.21246 -9.990e-29     -0.672    1448.57    338.000    334.482    -0.7964    -0.7943     0.0021    -0.8068    -0.8048     0.0020   2.803219   2.803386   0.000167    34.3534    34.3533     7.0977    27.6217    27.6216    34.3529    27.6213    1450.07    1450.08    -0.8066  1029.2435    34.5233 0.0000e+00
      20057 312.469927  -62.21246 -9.990e-29     -0.826    1448.57    337.000    333.493    -0.7996    -0.7969     0.0027    -0.8100    -0.8073     0.0027   2.802862   2.803052   0.000196    34.3530    34.3526     7.0959    27.6215    27.6211    34.3523    27.6210    1450.04    1450.05    -0.8098  1029.2384    34.5227 0.0000e+00
      20080 312.469938  -62.21245  -58.32251     -0.953    1448.57    336.000    332.504    -0.8001    -0.7986     0.0014    -0.8104    -0.8090     0.0014   2.802761   2.802835   0.000076    34.3526    34.3520     7.1005    27.6212    27.6207    34.3521    27.6208    1450.02    1450.03    -0.8102  1029.2324    34.5212 0.0000e+00
      20102 312.469948  -62.21244  -58.32250     -1.051    1448.57    335.000    331.515    -0.7997    -0.7995     0.0002    -0.8101    -0.8098     0.0002   2.802732   2.802682  -0.000035    34.3522    34.3515     7.1069    27.6209    27.6203    34.3520    27.6207    1450.01    1450.01    -0.8098  1029.2266    34.5199 0.0000e+00
      20124 312.469959  -62.21244  -58.32250     -1.099    1448.57    334.000    330.527    -0.7998    -0.7991     0.0006    -0.8101    -0.8094     0.0006   2.802647   2.802651  -0.000006    34.3519    34.3511     7.1119    27.6206    27.6199    34.3515    27.6203    1449.99    1449.99    -0.8098  1029.2214    34.5194 0.0000e+00
      20153 312.469973  -62.21244  -58.32247     -0.930    1448.57    333.000    329.538    -0.8006    -0.7990     0.0016    -0.8109    -0.8092     0.0016   2.802566   2.802643   0.000079    34.3521    34.3514     7.1238    27.6209    27.6202    34.3519    27.6207    1449.97    1449.98    -0.8106  1029.2171    34.5198 0.0000e+00
      20202 312.469996  -62.21244  -58.32246     -0.494    1448.57    332.000    328.549    -0.7989    -0.7993    -0.0004    -0.8092    -0.8096    -0.0004   2.802687   2.802564  -0.000109    34.3522    34.3512     7.1236    27.6209    27.6200    34.3523    27.6209    1449.96    1449.96    -0.8089  1029.2125    34.5202 0.0000e+00
      20243 312.470016  -62.21242  -58.32246     -0.541    1448.57    331.000    327.560    -0.7905    -0.7901     0.0004    -0.8007    -0.8003     0.0004   2.803390   2.803296  -0.000091    34.3517    34.3500     7.1230    27.6201    27.6187    34.3528    27.6210    1449.99    1449.99    -0.8005  1029.2078    34.5207 0.0000e+00
      20264 312.470027  -62.21242  -58.32246     -0.866    1448.57    330.000    326.571    -0.7774    -0.7784    -0.0010    -0.7876    -0.7887    -0.0010   2.804427   2.804256  -0.000182    34.3511    34.3498     7.1302    27.6191    27.6181    34.3526    27.6203    1450.03    1450.02    -0.7874  1029.2021    34.5205 0.0000e+00
      20282 312.470035  -62.21242  -58.32246     -1.162    1448.57    329.000    325.582    -0.7715    -0.7693     0.0023    -0.7817    -0.7795     0.0023   2.804893   2.804964   0.000043    34.3519    34.3500     7.1224    27.6195    27.6178    34.3529    27.6203    1450.04    1450.05    -0.7815  1029.1973    34.5208 0.0000e+00
      20298 312.470043  -62.21242  -58.32245     -1.366    1448.57    328.000    324.594    -0.7704    -0.7656     0.0048    -0.7806    -0.7758     0.0048   2.804917   2.805220   0.000277    34.3517    34.3500     7.1316    27.6193    27.6177    34.3525    27.6199    1450.03    1450.05    -0.7803  1029.1922    34.5204 0.0000e+00
      20326 312.470056  -62.21242  -58.32243     -1.202    1448.57    327.000    323.613    -0.7665    -0.7668    -0.0003    -0.7767    -0.7769    -0.0003   2.805141   2.805071  -0.000047    34.3509    34.3505     7.1227    27.6184    27.6182    34.3518    27.6191    1450.03    1450.03    -0.7764  1029.1866    34.5196 0.0000e+00
      20428 312.470106  -62.21240  -58.32240     -0.320    1448.57    326.000    322.583    -0.7657    -0.7647     0.0009    -0.7758    -0.7748     0.0009   2.805158   2.805133  -0.000026    34.3515    34.3501     7.1011    27.6189    27.6177    34.3516    27.6190    1450.02    1450.02    -0.7756  1029.1817    34.5195 0.0000e+00
      20449 312.470116  -62.21240  -58.32238     -0.878    1448.57    325.000    321.626    -0.7692    -0.7699    -0.0007    -0.7793    -0.7800    -0.0007   2.804664   2.804534  -0.000129    34.3498    34.3489     7.1106    27.6177    27.6170    34.3495    27.6175    1449.98    1449.98    -0.7790  1029.1755    34.5174 0.0000e+00
      20512 312.470146  -62.21240  -58.32236     -0.696    1448.57    324.000    320.628    -0.7759    -0.7746     0.0013    -0.7859    -0.7846     0.0013   2.804022   2.804066   0.000042    34.3491    34.3482     7.1200    27.6174    27.6166    34.3491    27.6174    1449.94    1449.94    -0.7857  1029.1707    34.5170 0.0000e+00
      20656 312.470216  -62.21238  -58.32232     -0.473    1448.57    323.000    319.649    -0.7867    -0.7846     0.0020    -0.7966    -0.7946     0.0020   2.802821   2.802960   0.000112    34.3464    34.3456     7.1560    27.6156    27.6149    34.3457    27.6150    1449.86    1449.87    -0.7963  1029.1637    34.5135 0.0000e+00
      20675 312.470225  -62.21238  -58.32232     -0.809    1448.57    322.000    318.661    -0.7923    -0.7877     0.0046    -0.8022    -0.7977     0.0045   2.802225   2.802606   0.000376    34.3456    34.3455     7.1486    27.6152    27.6149    34.3446    27.6144    1449.82    1449.84    -0.8020  1029.1584    34.5124 0.0000e+00
      20701 312.470237  -62.21236  -58.32229     -0.943    1448.57    321.000    317.672    -0.7988    -0.7932     0.0056    -0.8087    -0.8031     0.0056   2.801593   2.802080   0.000466    34.3452    34.3451     7.1542    27.6151    27.6148    34.3441    27.6143    1449.77    1449.80    -0.8084  1029.1536    34.5120 0.0000e+00
