Pos-Processados/process_op42/Processamento_split/up/uoperantar42_046.cnv
* Sea-Bird SBE 9 Data File:
* FileName = C:\Users\Hidrografia\Desktop\OPXLII\Brutos\OP42046.hdr
* Software Version Seasave V 7.26.7.107
* Temperature SN = 6502
* Conductivity SN = 4998
* Number of Bytes Per Scan = 37
* Number of Voltage Words = 4
* Number of Scans Averaged by the Deck Unit = 1
* NMEA Latitude = 62 08.52 S
* NMEA Longitude = 058 26.59 W
* NMEA UTC (Time) = Nov 09 2023 21:09:08
* NMEA baud rate = 4800
** H41
** NPOALTEMAXIMIANO
** NUMERO DA ESTACAO (XXX) 046
** LAT (XX XX.XX S/N) 62 08. S
** LONG (XXX XX.XX W/E) 058 26. W
** DATAHORA (dd/mm/aaaa hh:mm Z) 09/11/2023 2105Z
** PROFUNDIDADE (m)
** OPERADOR 1T ZAMITH
# nquan = 30
# nvalues = 357                         
# units = specified
# name 0 = scan: Scan Count
# name 1 = timeJ: Julian Days
# name 2 = latitude: Latitude [deg]
# name 3 = longitude: Longitude [deg]
# name 4 = dz/dtM: Descent Rate [m/s]
# name 5 = avgsvCM: Average Sound Velocity [Chen-Millero, m/s]
# name 6 = prDM: Pressure, Digiquartz [db]
# name 7 = depSM: Depth [salt water, m]
# name 8 = t090C: Temperature [ITS-90, deg C]
# name 9 = t190C: Temperature, 2 [ITS-90, deg C]
# name 10 = T2-T190C: Temperature Difference, 2 - 1 [ITS-90, deg C]
# name 11 = potemp090C: Potential Temperature [ITS-90, deg C]
# name 12 = potemp190C: Potential Temperature, 2 [ITS-90, deg C]
# name 13 = potemp90Cdiff: Potential Temperature, Diff, 2 - 1 [ITS-90, deg C]
# name 14 = c0S/m: Conductivity [S/m]
# name 15 = c1S/m: Conductivity, 2 [S/m]
# name 16 = C2-C1S/m: Conductivity Difference, 2 - 1 [S/m]
# name 17 = sal00: Salinity, Practical [PSU]
# name 18 = sal11: Salinity, Practical, 2 [PSU]
# name 19 = sbeox0ML/L: Oxygen, SBE 43 [ml/l]
# name 20 = sigma-é00: Density [sigma-theta, kg/m^3]
# name 21 = sigma-é11: Density, 2 [sigma-theta, kg/m^3]
# name 22 = sal00: Salinity, Practical [PSU]
# name 23 = sigma-é00: Density [sigma-theta, kg/m^3]
# name 24 = svCM: Sound Velocity [Chen-Millero, m/s]
# name 25 = svCM1: Sound Velocity, 2 [Chen-Millero, m/s]
# name 26 = gsw_ptA0: potential temperature [ITS-90, deg C]
# name 27 = gsw_densityA0: density, TEOS-10 [density, kg/m^3]
# name 28 = gsw_saA0: Absolute Salinity [g/kg]
# name 29 = flag:
# span 0 =      13286,      22895       
# span 1 = 313.887749, 313.892383       
# span 2 =  -62.14572,  -62.14461       
# span 3 =  -58.44466,  -58.44133       
# span 4 =     -1.169,     -0.227       
# span 5 =    1448.01,    1448.01       
# span 6 =      5.000,    361.000       
# span 7 =      4.960,    357.222       
# span 8 =    -0.8139,    -0.5022       
# span 9 =    -0.8129,    -0.5048       
# span 10 =    -0.0115,     0.0153      
# span 11 =    -0.8211,    -0.5144      
# span 12 =    -0.8201,    -0.5170      
# span 13 =    -0.0115,     0.0152      
# span 14 =   2.792994,   2.831788      
# span 15 =   2.792974,   2.831484      
# span 16 =  -0.000930,   0.001450      
# span 17 =    34.2828,    34.3913      
# span 18 =    34.2814,    34.3899      
# span 19 =     6.7459,     7.6132      
# span 20 =    27.5556,    27.6399      
# span 21 =    27.5546,    27.6389      
# span 22 =    34.2839,    34.3905      
# span 23 =    27.5561,    27.6392      
# span 24 =    1445.72,    1451.88      
# span 25 =    1445.72,    1451.86      
# span 26 =    -0.8209,    -0.5141      
# span 27 =  1027.5853,  1029.3651      
# span 28 =    34.4461,    34.5586      
# span 29 = 0.0000e+00, 0.0000e+00      
# interval = decibars: 1                
# start_time = Nov 09 2023 21:09:08 [NMEA time, header]
# bad_flag = -9.990e-29
*END*
[from data line 146]
      17232 313.889653  -62.14530  -58.44387     -0.813    1448.01    215.000    212.827    -0.7985    -0.7974     0.0011    -0.8049    -0.8038     0.0011   2.794262   2.794282   0.000022    34.3097    34.3087     7.4322    27.5862    27.5854    34.3095    27.5861    1448.00    1448.00    -0.8047  1028.6201    34.4768 0.0000e+00
      17262 313.889667  -62.14530  -58.44386     -0.798    1448.01    214.000    211.837    -0.7982    -0.7975     0.0007    -0.8046    -0.8039     0.0007   2.794221   2.794204  -0.000017    34.3094    34.3084     7.4360    27.5860    27.5851    34.3093    27.5859    1447.98    1447.99    -0.8044  1028.6152    34.4766 0.0000e+00
      17292 313.889681  -62.14530  -58.44384     -0.805    1448.01    213.000    210.848    -0.7982    -0.7974     0.0008    -0.8045    -0.8037     0.0008   2.794153   2.794155 -5.891e-07    34.3091    34.3082     7.4436    27.5858    27.5850    34.3090    27.5857    1447.97    1447.97    -0.8044  1028.6102    34.4763 0.0000e+00
      17321 313.889695  -62.14530  -58.44383     -0.830    1448.01    212.000    209.858    -0.7984    -0.7975     0.0009    -0.8047    -0.8038     0.0009   2.794097   2.794092  -0.000006    34.3092    34.3080     7.4474    27.5858    27.5849    34.3091    27.5857    1447.95    1447.95    -0.8045  1028.6054    34.4763 0.0000e+00
      17349 313.889709  -62.14530  -58.44382     -0.847    1448.01    211.000    208.869    -0.7984    -0.7977     0.0008    -0.8047    -0.8039     0.0008   2.794026   2.794032   0.000005    34.3089    34.3080     7.4395    27.5856    27.5849    34.3088    27.5855    1447.93    1447.94    -0.8045  1028.6004    34.4760 0.0000e+00
      17377 313.889722  -62.14531  -58.44381     -0.844    1448.01    210.000    207.879    -0.7986    -0.7977     0.0009    -0.8049    -0.8040     0.0009   2.793918   2.793938   0.000021    34.3083    34.3076     7.4290    27.5851    27.5845    34.3081    27.5850    1447.92    1447.92    -0.8047  1028.5951    34.4754 0.0000e+00
      17405 313.889736  -62.14532  -58.44380     -0.869    1448.01    209.000    206.890    -0.7990    -0.7980     0.0009    -0.8051    -0.8042     0.0009   2.793802   2.793837   0.000035    34.3077    34.3071     7.4465    27.5846    27.5841    34.3076    27.5845    1447.90    1447.90    -0.8050  1028.5899    34.4748 0.0000e+00
      17432 313.889749  -62.14532  -58.44378     -0.877    1448.01    208.000    205.900    -0.7991    -0.7982     0.0009    -0.8053    -0.8044     0.0009   2.793746   2.793750   0.000005    34.3076    34.3067     7.4464    27.5846    27.5838    34.3076    27.5846    1447.88    1447.88    -0.8051  1028.5852    34.4748 0.0000e+00
      17461 313.889763  -62.14532  -58.44377     -0.839    1448.01    207.000    204.911    -0.7992    -0.7984     0.0008    -0.8053    -0.8045     0.0008   2.793680   2.793680   0.000003    34.3074    34.3066     7.4516    27.5844    27.5837    34.3074    27.5844    1447.86    1447.87    -0.8052  1028.5803    34.4746 0.0000e+00
      17492 313.889778  -62.14532  -58.44376     -0.797    1448.01    206.000    203.922    -0.7972    -0.7974    -0.0002    -0.8033    -0.8035    -0.0002   2.793771   2.793682  -0.000084    34.3069    34.3059     7.4623    27.5839    27.5832    34.3070    27.5840    1447.86    1447.85    -0.8031  1028.5750    34.4742 0.0000e+00
      17522 313.889792  -62.14532  -58.44375     -0.795    1448.01    205.000    202.932    -0.7959    -0.7957     0.0002    -0.8020    -0.8018     0.0002   2.793805   2.793753  -0.000056    34.3065    34.3056     7.4618    27.5836    27.5828    34.3067    27.5836    1447.84    1447.84    -0.8018  1028.5699    34.4738 0.0000e+00
      17550 313.889806  -62.14532  -58.44374     -0.829    1448.01    204.000    201.943    -0.7950    -0.7947     0.0003    -0.8010    -0.8007     0.0003   2.793804   2.793763  -0.000039    34.3061    34.3052     7.4575    27.5831    27.5825    34.3061    27.5832    1447.83    1447.83    -0.8009  1028.5647    34.4733 0.0000e+00
      17577 313.889819  -62.14532  -58.44372     -0.883    1448.01    203.000    200.954    -0.7950    -0.7944     0.0006    -0.8010    -0.8004     0.0006   2.793738   2.793725  -0.000018    34.3059    34.3050     7.4774    27.5830    27.5822    34.3059    27.5830    1447.82    1447.82    -0.8009  1028.5597    34.4731 0.0000e+00
      17604 313.889832  -62.14534  -58.44371     -0.887    1448.01    202.000    199.964    -0.7962    -0.7949     0.0013    -0.8022    -0.8008     0.0013   2.793579   2.793621   0.000037    34.3059    34.3048     7.4646    27.5831    27.5821    34.3057    27.5829    1447.79    1447.80    -0.8020  1028.5549    34.4729 0.0000e+00
      17634 313.889846  -62.14534  -58.44370     -0.827    1448.01    201.000    198.975    -0.7981    -0.7962     0.0019    -0.8040    -0.8021     0.0019   2.793376   2.793461   0.000088    34.3059    34.3049     7.4613    27.5831    27.5823    34.3057    27.5830    1447.77    1447.78    -0.8039  1028.5502    34.4729 0.0000e+00
      17664 313.889861  -62.14534  -58.44369     -0.795    1448.01    200.000    197.985    -0.7994    -0.7982     0.0012    -0.8053    -0.8041     0.0012   2.793203   2.793236   0.000027    34.3057    34.3047     7.4684    27.5831    27.5822    34.3055    27.5829    1447.75    1447.75    -0.8052  1028.5453    34.4727 0.0000e+00
      17693 313.889874  -62.14534  -58.44368     -0.820    1448.01    199.000    196.996    -0.8000    -0.7989     0.0010    -0.8058    -0.8048     0.0010   2.793090   2.793099   0.000011    34.3054    34.3044     7.4656    27.5828    27.5820    34.3052    27.5827    1447.73    1447.73    -0.8057  1028.5403    34.4724 0.0000e+00
      17719 313.889887  -62.14534  -58.44366     -0.884    1448.01    198.000    196.006    -0.8003    -0.7993     0.0010    -0.8061    -0.8051     0.0010   2.792994   2.793008   0.000012    34.3050    34.3041     7.4661    27.5825    27.5817    34.3049    27.5824    1447.71    1447.71    -0.8060  1028.5353    34.4720 0.0000e+00
      17745 313.889900  -62.14534  -58.44366     -0.921    1448.01    197.000    195.017    -0.7993    -0.7990     0.0003    -0.8051    -0.8049     0.0003   2.793032   2.792975  -0.000051    34.3049    34.3039     7.4774    27.5824    27.5815    34.3049    27.5824    1447.70    1447.70    -0.8050  1028.5305    34.4720 0.0000e+00
      17773 313.889913  -62.14534  -58.44364     -0.891    1448.01    196.000    194.027    -0.7986    -0.7984     0.0002    -0.8044    -0.8042     0.0002   2.793035   2.792974  -0.000056    34.3047    34.3037     7.4742    27.5822    27.5814    34.3048    27.5822    1447.68    1447.68    -0.8042  1028.5255    34.4719 0.0000e+00
      17803 313.889928  -62.14535  -58.44364     -0.813    1448.01    195.000    193.038    -0.7964    -0.7971    -0.0007    -0.8021    -0.8028    -0.0007   2.793180   2.793048  -0.000129    34.3046    34.3036     7.4739    27.5820    27.5813    34.3048    27.5822    1447.68    1447.67    -0.8020  1028.5207    34.4719 0.0000e+00
      17834 313.889942  -62.14536  -58.44363     -0.781    1448.01    194.000    192.048    -0.7921    -0.7924    -0.0003    -0.7979    -0.7981    -0.0003   2.793485   2.793378  -0.000105    34.3043    34.3032     7.4728    27.5816    27.5807    34.3047    27.5819    1447.68    1447.68    -0.7977  1028.5157    34.4719 0.0000e+00
      17862 313.889956  -62.14536  -58.44360     -0.815    1448.01    193.000    191.059    -0.7899    -0.7908    -0.0008    -0.7957    -0.7965    -0.0008   2.793595   2.793443  -0.000147    34.3042    34.3032     7.4706    27.5814    27.5806    34.3044    27.5816    1447.67    1447.67    -0.7955  1028.5105    34.4715 0.0000e+00
      17889 313.889969  -62.14536  -58.44360     -0.881    1448.01    192.000    190.069    -0.7884    -0.7897    -0.0013    -0.7941    -0.7954    -0.0013   2.793708   2.793504  -0.000196    34.3043    34.3031     7.4793    27.5814    27.5805    34.3048    27.5818    1447.67    1447.66    -0.7939  1028.5060    34.4719 0.0000e+00
      17914 313.889981  -62.14536  -58.44358     -0.928    1448.01    191.000    189.080    -0.7854    -0.7877    -0.0024    -0.7910    -0.7934    -0.0024   2.793894   2.793623  -0.000267    34.3041    34.3031     7.4765    27.5811    27.5805    34.3045    27.5814    1447.66    1447.65    -0.7909  1028.5008    34.4716 0.0000e+00
      17940 313.889994  -62.14536  -58.44358     -0.946    1448.01    190.000    188.090    -0.7847    -0.7850    -0.0003    -0.7904    -0.7906    -0.0003   2.793888   2.793784  -0.000107    34.3040    34.3028     7.4691    27.5811    27.5801    34.3043    27.5813    1447.65    1447.65    -0.7902  1028.4958    34.4714 0.0000e+00
      17966 313.890006  -62.14536  -58.44356     -0.922    1448.01    189.000    187.101    -0.7858    -0.7849     0.0009    -0.7914    -0.7905     0.0009   2.793717   2.793731  -0.000002    34.3039    34.3028     7.4688    27.5810    27.5801    34.3038    27.5809    1447.63    1447.63    -0.7912  1028.4907    34.4709 0.0000e+00
      17993 313.890019  -62.14537  -58.44355     -0.896    1448.01    188.000    186.111    -0.7876    -0.7857     0.0019    -0.7931    -0.7912     0.0019   2.793505   2.793612   0.000100    34.3037    34.3028     7.4736    27.5809    27.5801    34.3036    27.5808    1447.60    1447.61    -0.7930  1028.4859    34.4707 0.0000e+00
      18021 313.890033  -62.14538  -58.44354     -0.886    1448.01    187.000    185.122    -0.7893    -0.7875     0.0017    -0.7948    -0.7931     0.0017   2.793310   2.793375   0.000068    34.3035    34.3025     7.4726    27.5808    27.5799    34.3035    27.5808    1447.58    1447.59    -0.7947  1028.4811    34.4706 0.0000e+00
      18049 313.890046  -62.14538  -58.44353     -0.859    1448.01    186.000    184.132    -0.7894    -0.7883     0.0011    -0.7948    -0.7938     0.0011   2.793251   2.793262   0.000011    34.3033    34.3023     7.4691    27.5807    27.5798    34.3034    27.5807    1447.56    1447.57    -0.7947  1028.4762    34.4705 0.0000e+00
      18077 313.890060  -62.14538  -58.44350     -0.840    1448.01    185.000    183.143    -0.7878    -0.7876     0.0002    -0.7933    -0.7931     0.0002   2.793313   2.793253  -0.000048    34.3029    34.3020     7.4842    27.5803    27.5795    34.3031    27.5804    1447.55    1447.55    -0.7931  1028.4712    34.4702 0.0000e+00
      18104 313.890073  -62.14538  -58.44350     -0.869    1448.01    184.000    182.153    -0.7852    -0.7857    -0.0005    -0.7907    -0.7911    -0.0005   2.793460   2.793353  -0.000111    34.3025    34.3015     7.4927    27.5798    27.5791    34.3028    27.5800    1447.55    1447.54    -0.7905  1028.4660    34.4698 0.0000e+00
      18131 313.890086  -62.14538  -58.44348     -0.902    1448.01    183.000    181.164    -0.7826    -0.7839    -0.0014    -0.7880    -0.7893    -0.0014   2.793612   2.793419  -0.000183    34.3020    34.3011     7.4797    27.5793    27.5787    34.3024    27.5796    1447.54    1447.54    -0.7878  1028.4608    34.4695 0.0000e+00
      18158 313.890099  -62.14538  -58.44348     -0.898    1448.01    182.000    180.174    -0.7797    -0.7805    -0.0009    -0.7851    -0.7859    -0.0009   2.793779   2.793641  -0.000144    34.3017    34.3007     7.4842    27.5790    27.5782    34.3020    27.5792    1447.54    1447.54    -0.7849  1028.4556    34.4691 0.0000e+00
      18187 313.890113  -62.14538  -58.44347     -0.853    1448.01    181.000    179.185    -0.7793    -0.7794    -0.0001    -0.7846    -0.7847    -0.0001   2.793757   2.793678  -0.000079    34.3017    34.3007     7.5002    27.5789    27.5781    34.3018    27.5791    1447.53    1447.52    -0.7845  1028.4506    34.4689 0.0000e+00
      18215 313.890127  -62.14538  -58.44345     -0.829    1448.01    180.000    178.195    -0.7790    -0.7788     0.0002    -0.7843    -0.7841     0.0002   2.793750   2.793677  -0.000077    34.3019    34.3006     7.4845    27.5791    27.5780    34.3021    27.5792    1447.51    1447.51    -0.7842  1028.4460    34.4692 0.0000e+00
      18242 313.890139  -62.14538  -58.44344     -0.868    1448.01    179.000    177.206    -0.7779    -0.7779     0.0000    -0.7832    -0.7832     0.0000   2.793786   2.793705  -0.000079    34.3017    34.3005     7.4791    27.5789    27.5779    34.3020    27.5791    1447.50    1447.50    -0.7830  1028.4404    34.4682 0.0000e+00
      18266 313.890151 -9.990e-29  -58.44342     -0.950    1448.01    178.000    176.216    -0.7758    -0.7763    -0.0005    -0.7810    -0.7815    -0.0005   2.793917   2.793780  -0.000129    34.3016    34.3004     7.4847    27.5787    27.5777    34.3019    27.5790    1447.49    1447.49    -0.7809  1028.4319    34.4636 0.0000e+00
      18290 313.890162 -9.990e-29  -58.44342     -1.009    1448.01    177.000    175.227    -0.7743    -0.7755    -0.0012    -0.7795    -0.7807    -0.0012   2.794008   2.793813  -0.000190    34.3016    34.3004     7.4785    27.5787    27.5777    34.3021    27.5790    1447.48    1447.48    -0.7794  1028.4272    34.4638 0.0000e+00
      18315 313.890175 -9.990e-29  -58.44340     -0.991    1448.01    176.000    174.237    -0.7721    -0.7731    -0.0010    -0.7773    -0.7783    -0.0010   2.794119   2.793945  -0.000176    34.3014    34.3002     7.4745    27.5784    27.5774    34.3017    27.5787    1447.48    1447.47    -0.7772  1028.4220    34.4635 0.0000e+00
      18343 313.890188  -62.14540  -58.44340     -0.884    1448.01    175.000    173.247    -0.7729    -0.7729    -0.0000    -0.7781    -0.7781    -0.0000   2.794012   2.793924  -0.000095    34.3017    34.3005     7.4831    27.5787    27.5777    34.3018    27.5788    1447.46    1447.46    -0.7779  1028.4185    34.4650 0.0000e+00
      18373 313.890203  -62.14540  -58.44337     -0.809    1448.01    174.000    172.258    -0.7731    -0.7725     0.0006    -0.7782    -0.7777     0.0006   2.793968   2.793917  -0.000051    34.3019    34.3005     7.4952    27.5788    27.5776    34.3021    27.5790    1447.44    1447.44    -0.7781  1028.4171    34.4692 0.0000e+00
      18400 313.890216  -62.14540  -58.44336     -0.847    1448.01    173.000    171.268    -0.7716    -0.7714     0.0002    -0.7767    -0.7765     0.0002   2.794019   2.793956  -0.000067    34.3014    34.3003     7.4790    27.5784    27.5775    34.3016    27.5785    1447.43    1447.43    -0.7766  1028.4118    34.4686 0.0000e+00
      18425 313.890228  -62.14540  -58.44335     -0.929    1448.01    172.000    170.279    -0.7713    -0.7711     0.0002    -0.7764    -0.7761     0.0002   2.793985   2.793931  -0.000058    34.3013    34.3002     7.4714    27.5783    27.5774    34.3015    27.5784    1447.42    1447.42    -0.7762  1028.4069    34.4685 0.0000e+00
      18450 313.890240  -62.14540  -58.44334     -0.979    1448.01    171.000    169.289    -0.7707    -0.7707     0.0000    -0.7757    -0.7757     0.0000   2.793957   2.793902  -0.000052    34.3008    34.3001     7.4767    27.5779    27.5773    34.3010    27.5780    1447.40    1447.40    -0.7756  1028.4018    34.4680 0.0000e+00
      18475 313.890252  -62.14540  -58.44333     -0.959    1448.01    170.000    168.300    -0.7705    -0.7700     0.0005    -0.7755    -0.7750     0.0005   2.793919   2.793886  -0.000037    34.3008    34.2997     7.4825    27.5778    27.5769    34.3009    27.5780    1447.39    1447.39    -0.7754  1028.3969    34.4679 0.0000e+00
      18503 313.890265  -62.14541  -58.44332     -0.887    1448.01    169.000    167.310    -0.7710    -0.7703     0.0007    -0.7760    -0.7753     0.0007   2.793822   2.793810  -0.000012    34.3007    34.2998     7.4768    27.5778    27.5770    34.3008    27.5779    1447.37    1447.37    -0.7759  1028.3921    34.4678 0.0000e+00
