Pos-Processados/process_op42/Processamento_split/up/uoperantar42_015.cnv
* Sea-Bird SBE 9 Data File:
* FileName = C:\Users\Hidrografia\Desktop\OPXLII\Brutos\OP42015.hdr
* Software Version Seasave V 7.26.7.107
* Temperature SN = 6502
* Conductivity SN = 4998
* Number of Bytes Per Scan = 31
* Number of Voltage Words = 2
* Number of Scans Averaged by the Deck Unit = 1
* NMEA Latitude = 46 45.52 S
* NMEA Longitude = 057 57.77 W
* NMEA UTC (Time) = Oct 20 2023 19:17:13
* NMEA baud rate = 4800
** H41
** NPOALTEMAXIMIANO
** NUMERO DA ESTACAO (XXX) 015
** LAT (XX XX.XX S/N) 46 45.93 S
** LONG (XXX XX.XX W/E) 057 54.24 W
** DATAHORA (dd/mm/aaaa hh:mm Z) 20/10/2023 1916Z
** PROFUNDIDADE (m) 3525
** OPERADOR CT FABIREZA
# nquan = 30
# nvalues = 1006                        
# units = specified
# name 0 = scan: Scan Count
# name 1 = timeJ: Julian Days
# name 2 = latitude: Latitude [deg]
# name 3 = longitude: Longitude [deg]
# name 4 = dz/dtM: Descent Rate [m/s]
# name 5 = avgsvCM: Average Sound Velocity [Chen-Millero, m/s]
# name 6 = prDM: Pressure, Digiquartz [db]
# name 7 = depSM: Depth [salt water, m]
# name 8 = t090C: Temperature [ITS-90, deg C]
# name 9 = t190C: Temperature, 2 [ITS-90, deg C]
# name 10 = T2-T190C: Temperature Difference, 2 - 1 [ITS-90, deg C]
# name 11 = potemp090C: Potential Temperature [ITS-90, deg C]
# name 12 = potemp190C: Potential Temperature, 2 [ITS-90, deg C]
# name 13 = potemp90Cdiff: Potential Temperature, Diff, 2 - 1 [ITS-90, deg C]
# name 14 = c0S/m: Conductivity [S/m]
# name 15 = c1S/m: Conductivity, 2 [S/m]
# name 16 = C2-C1S/m: Conductivity Difference, 2 - 1 [S/m]
# name 17 = sal00: Salinity, Practical [PSU]
# name 18 = sal11: Salinity, Practical, 2 [PSU]
# name 19 = sbeox0ML/L: Oxygen, SBE 43 [ml/l]
# name 20 = sigma-é00: Density [sigma-theta, kg/m^3]
# name 21 = sigma-é11: Density, 2 [sigma-theta, kg/m^3]
# name 22 = sal00: Salinity, Practical [PSU]
# name 23 = sigma-é00: Density [sigma-theta, kg/m^3]
# name 24 = svCM: Sound Velocity [Chen-Millero, m/s]
# name 25 = svCM1: Sound Velocity, 2 [Chen-Millero, m/s]
# name 26 = gsw_ptA0: potential temperature [ITS-90, deg C]
# name 27 = gsw_densityA0: density, TEOS-10 [density, kg/m^3]
# name 28 = gsw_saA0: Absolute Salinity [g/kg]
# name 29 = flag:
# span 0 =      30612,      64876       
# span 1 = 293.818385, 293.834909       
# span 2 =  -46.77136,  -46.76440       
# span 3 =  -57.96606,  -57.96417       
# span 4 =     -1.604,     -0.033       
# span 5 =    1470.12,    1470.12       
# span 6 =      6.000,   1011.000       
# span 7 =      5.969,   1000.194       
# span 8 =     1.7352,     7.2192       
# span 9 =     1.7360,     7.2153       
# span 10 =    -0.0329,     0.0902      
# span 11 =     1.7208,     7.2181      
# span 12 =     1.7215,     7.2142      
# span 13 =    -0.0329,     0.0901      
# span 14 =   2.987740,   3.467015      
# span 15 =   2.987724,   3.466612      
# span 16 =  -0.003358,   0.007335      
# span 17 =    33.9561,    34.5747      
# span 18 =    33.9543,    34.5742      
# span 19 =     3.8329,     7.2810      
# span 20 =    26.6781,    27.5914      
# span 21 =    26.6786,    27.5909      
# span 22 =    33.9614,    34.5747      
# span 23 =    26.6792,    27.5914      
# span 24 =    1460.00,    1478.57      
# span 25 =    1460.00,    1478.56      
# span 26 =     1.7209,     7.2181      
# span 27 =  1026.7094,  1032.2874      
# span 28 =    34.1224,    34.7425      
# span 29 = 0.0000e+00, 0.0000e+00      
# interval = decibars: 1                
# start_time = Oct 20 2023 19:17:13 [NMEA time, header]
# bad_flag = -9.990e-29
*END*
[from data line 919]
      57007 293.831114 -9.990e-29  -57.96546     -0.769    1470.12     92.000     91.218     5.8673     5.8690     0.0017     5.8596     5.8614     0.0017   3.347362   3.347416   0.000063    34.0784    34.0774     6.7858    26.8420    26.8409    34.0794    26.8428    1474.56    1474.57     5.8596  1027.2673    34.2401 0.0000e+00
      57044 293.831132 -9.990e-29  -57.96546     -0.643    1470.12     91.000     90.227     5.8680     5.8692     0.0012     5.8605     5.8617     0.0012   3.347330   3.347336   0.000008    34.0781    34.0770     6.7939    26.8416    26.8406    34.0788    26.8422    1474.55    1474.55     5.8605  1027.2622    34.2395 0.0000e+00
      57075 293.831147  -46.76978  -57.96546     -0.745    1470.12     90.000     89.235     5.8679     5.8691     0.0012     5.8604     5.8617     0.0012   3.347277   3.347270  -0.000003    34.0782    34.0769     6.7975    26.8417    26.8406    34.0789    26.8422    1474.53    1474.53     5.8604  1027.2577    34.2397 0.0000e+00
      57101 293.831159  -46.76978  -57.96546     -0.869    1470.12     89.000     88.244     5.8683     5.8713     0.0030     5.8610     5.8639     0.0030   3.347259   3.347405   0.000139    34.0780    34.0766     6.8070    26.8415    26.8400    34.0787    26.8420    1474.51    1474.52     5.8609  1027.2532    34.2399 0.0000e+00
      57132 293.831174  -46.76980  -57.96546     -0.831    1470.12     88.000     87.253     5.8708     5.8735     0.0027     5.8635     5.8663     0.0027   3.347415   3.347521   0.000117    34.0777    34.0762     6.7998    26.8409    26.8394    34.0784    26.8415    1474.51    1474.52     5.8635  1027.2481    34.2396 0.0000e+00
      57167 293.831191  -46.76980  -57.96546     -0.688    1470.12     87.000     86.262     5.8766     5.8782     0.0017     5.8694     5.8710     0.0017   3.347731   3.347893   0.000128    34.0762    34.0759     6.7854    26.8390    26.8386    34.0767    26.8394    1474.51    1474.52     5.8694  1027.2414    34.2379 0.0000e+00
      57199 293.831206  -46.76980  -57.96546     -0.731    1470.12     86.000     85.270     5.8786     5.8856     0.0070     5.8715     5.8785     0.0070   3.348051   3.348500   0.000464    34.0776    34.0759     6.7866    26.8399    26.8376    34.0787    26.8408    1474.51    1474.53     5.8715  1027.2381    34.2399 0.0000e+00
      57226 293.831220  -46.76980  -57.96548     -0.830    1470.12     85.000     84.279     5.8852     5.8888     0.0036     5.8782     5.8818     0.0036   3.348525   3.348752   0.000238    34.0771    34.0761     6.7973    26.8386    26.8374    34.0780    26.8393    1474.52    1474.53     5.8781  1027.2321    34.2392 0.0000e+00
      57250 293.831231  -46.76982  -57.96548     -0.946    1470.12     84.000     83.288     5.8939     5.8969     0.0030     5.8869     5.8899     0.0030   3.349365   3.349473   0.000117    34.0776    34.0759     6.8011    26.8380    26.8363    34.0793    26.8393    1474.53    1474.54     5.8869  1027.2274    34.2405 0.0000e+00
      57276 293.831244  -46.76982  -57.96548     -0.952    1470.12     83.000     82.296     5.8988     5.9032     0.0043     5.8920     5.8963     0.0043   3.349680   3.349984   0.000267    34.0776    34.0762     6.7939    26.8373    26.8357    34.0783    26.8379    1474.54    1474.55     5.8919  1027.2214    34.2395 0.0000e+00
      57309 293.831260  -46.76983  -57.96548     -0.804    1470.12     82.000     81.306     5.9084     5.9124     0.0040     5.9016     5.9056     0.0040   3.350579   3.350839   0.000281    34.0773    34.0765     6.7939    26.8359    26.8347    34.0794    26.8375    1474.56    1474.57     5.9016  1027.2164    34.2405 0.0000e+00
      57354 293.831281  -46.76984  -57.96548     -0.516    1470.12     81.000     80.313     5.9301     5.9309     0.0008     5.9233     5.9241     0.0008   3.352396   3.352482   0.000027    34.0773    34.0768     6.8017    26.8332    26.8327    34.0785    26.8341    1474.63    1474.63     5.9233  1027.2084    34.2397 0.0000e+00
      57388 293.831298  -46.76984  -57.96548     -0.667    1470.12     80.000     79.322     5.9320     5.9432     0.0112     5.9254     5.9365     0.0112   3.352723   3.353620   0.000868    34.0789    34.0774     6.8048    26.8342    26.8316    34.0807    26.8356    1474.62    1474.67     5.9254  1027.2052    34.2419 0.0000e+00
      57417 293.831312  -46.76986  -57.96548     -0.791    1470.12     79.000     78.331     5.9380     5.9606     0.0226     5.9314     5.9540     0.0226   3.353233   3.355084   0.001804    34.0792    34.0767     6.8044    26.8336    26.8288    34.0810    26.8350    1474.63    1474.72     5.9314  1027.2001    34.2422 0.0000e+00
      57444 293.831325  -46.76986  -57.96548     -0.857    1470.12     78.000     77.340     5.9520     5.9697     0.0176     5.9455     5.9631     0.0176   3.354507   3.355847   0.001332    34.0792    34.0765     6.8017    26.8319    26.8275    34.0817    26.8339    1474.67    1474.74     5.9455  1027.1943    34.2429 0.0000e+00
      57467 293.831336  -46.76986  -57.96550     -0.968    1470.12     77.000     76.348     5.9738     5.9807     0.0069     5.9674     5.9743     0.0069   3.356355   3.356658   0.000390    34.0781    34.0755     6.7973    26.8282    26.8253    34.0811    26.8306    1474.74    1474.76     5.9674  1027.1864    34.2423 0.0000e+00
      57488 293.831346  -46.76986  -57.96550     -1.085    1470.12     76.000     75.357     5.9852     5.9876     0.0025     5.9788     5.9813     0.0025   3.357209   3.357255   0.000106    34.0767    34.0754     6.8013    26.8257    26.8244    34.0798    26.8282    1474.77    1474.78     5.9788  1027.1793    34.2410 0.0000e+00
      57512 293.831357  -46.76986  -57.96550     -1.082    1470.12     75.000     74.365     6.0012     6.0064     0.0051     5.9950     6.0001     0.0051   3.358524   3.358941   0.000323    34.0765    34.0749     6.8006    26.8235    26.8216    34.0790    26.8255    1474.81    1474.83     5.9949  1027.1720    34.2401 0.0000e+00
      57547 293.831375  -46.76988  -57.96550     -0.771    1470.12     74.000     73.380     6.0218     6.0232     0.0014     6.0156     6.0170     0.0014   3.360426   3.360418   0.000041    34.0763    34.0754     6.8012    26.8208    26.8199    34.0802    26.8238    1474.88    1474.88     6.0156  1027.1657    34.2413 0.0000e+00
      57601 293.831400  -46.76988  -57.96550     -0.401    1470.12     73.000     72.377     6.0456     6.0493     0.0038     6.0394     6.0432     0.0038   3.362387   3.362644   0.000237    34.0769    34.0758     6.8095    26.8182    26.8169    34.0789    26.8198    1474.96    1474.97     6.0394  1027.1571    34.2400 0.0000e+00
      57634 293.831416  -46.76990  -57.96550     -0.666    1470.12     72.000     71.391     6.0438     6.0531     0.0093     6.0377     6.0470     0.0093   3.362171   3.363054   0.000870    34.0763    34.0767     6.8135    26.8180    26.8172    34.0788    26.8199    1474.93    1474.97     6.0377  1027.1526    34.2399 0.0000e+00
      57659 293.831429  -46.76990  -57.96550     -0.865    1470.12     71.000     70.400     6.0576     6.0672     0.0097     6.0516     6.0613     0.0097   3.363494   3.364343   0.000820    34.0775    34.0771     6.8109    26.8172    26.8156    34.0803    26.8193    1474.98    1475.01     6.0516  1027.1474    34.2414 0.0000e+00
      57687 293.831442  -46.76990  -57.96550     -0.900    1470.12     70.000     69.409     6.0681     6.0741     0.0061     6.0622     6.0682     0.0061   3.364547   3.364928   0.000432    34.0793    34.0781     6.8135    26.8173    26.8155    34.0821    26.8194    1475.00    1475.02     6.0622  1027.1426    34.2429 0.0000e+00
      57726 293.831461 -9.990e-29  -57.96550     -0.648    1470.12     69.000     68.417     6.1122     6.1083    -0.0039     6.1064     6.1025    -0.0039   3.368597   3.368187  -0.000425    34.0792    34.0784     6.8093    26.8116    26.8114    34.0837    26.8151    1475.16    1475.15     6.1063  1027.1336    34.2445 0.0000e+00
      57762 293.831478 -9.990e-29  -57.96552     -0.627    1470.12     68.000     67.426     6.1139     6.1365     0.0226     6.1082     6.1307     0.0225   3.368848   3.370718   0.001830    34.0820    34.0799     6.8196    26.8136    26.8090    34.0853    26.8162    1475.16    1475.24     6.1081  1027.1300    34.2461 0.0000e+00
      57791 293.831492  -46.76992  -57.96552     -0.802    1470.12     67.000     66.434     6.1409     6.1514     0.0105     6.1353     6.1458     0.0105   3.371235   3.372125   0.000833    34.0819    34.0807     6.8211    26.8100    26.8077    34.0855    26.8128    1475.25    1475.29     6.1352  1027.1224    34.2466 0.0000e+00
      57827 293.831509  -46.76994  -57.96552     -0.718    1470.12     66.000     65.444     6.1796     6.1841     0.0046     6.1740     6.1785     0.0046   3.374964   3.375228   0.000363    34.0828    34.0823     6.8285    26.8058    26.8048    34.0890    26.8107    1475.39    1475.40     6.1740  1027.1156    34.2502 0.0000e+00
      57868 293.831529  -46.76994  -57.96552     -0.553    1470.12     65.000     64.452     6.2095     6.2124     0.0029     6.2039     6.2069     0.0029   3.377429   3.377865   0.000311    34.0848    34.0854     6.8320    26.8035    26.8036    34.0872    26.8054    1475.49    1475.50     6.2039  1027.1056    34.2482 0.0000e+00
      57902 293.831546 -9.990e-29  -57.96552     -0.690    1470.12     64.000     63.460     6.2093     6.2230     0.0137     6.2038     6.2175     0.0137   3.377619   3.378827   0.001230    34.0864    34.0864     6.8233    26.8048    26.8030    34.0900    26.8076    1475.47    1475.53     6.2038  1027.1030    34.2507 0.0000e+00
      57946 293.831567 -9.990e-29  -57.96554     -0.558    1470.12     63.000     62.469     6.2343     6.2357     0.0014     6.2290     6.2303     0.0014   3.379975   3.380032   0.000097    34.0884    34.0881     6.8326    26.8031    26.8027    34.0917    26.8058    1475.56    1475.56     6.2289  1027.0965    34.2525 0.0000e+00
      57988 293.831587 -9.990e-29  -57.96554     -0.542    1470.12     62.000     61.477     6.2326     6.2372     0.0047     6.2273     6.2319     0.0047   3.379691   3.380129   0.000385    34.0892    34.0889     6.8401    26.8040    26.8031    34.0908    26.8053    1475.53    1475.55     6.2273  1027.0914    34.2516 0.0000e+00
      58012 293.831599 -9.990e-29  -57.96554     -0.832    1470.12     61.000     60.486     6.2334     6.2424     0.0090     6.2282     6.2372     0.0090   3.379996   3.380635   0.000685    34.0907    34.0893     6.8424    26.8051    26.8028    34.0940    26.8076    1475.52    1475.56     6.2281  1027.0892    34.2547 0.0000e+00
      58031 293.831608 -9.990e-29  -57.96554     -1.087    1470.12     60.000     59.494     6.2444     6.2501     0.0057     6.2393     6.2450     0.0057   3.380904   3.381346   0.000437    34.0911    34.0903     6.8441    26.8039    26.8026    34.0935    26.8059    1475.55    1475.57     6.2393  1027.0828    34.2543 0.0000e+00
      58054 293.831619 -9.990e-29  -57.96554     -1.158    1470.12     59.000     58.503     6.2496     6.2554     0.0058     6.2446     6.2503     0.0057   3.381397   3.381880   0.000440    34.0922    34.0914     6.8527    26.8042    26.8027    34.0944    26.8059    1475.56    1475.58     6.2446  1027.0782    34.2551 0.0000e+00
      58089 293.831636  -46.76999  -57.96554     -0.763    1470.12     58.000     57.512     6.2930     6.2887    -0.0043     6.2881     6.2838    -0.0043   3.385687   3.385156  -0.000390    34.0938    34.0938     6.8436    26.7998    26.8003    34.0993    26.8041    1475.72    1475.70     6.2880  1027.0720    34.2604 0.0000e+00
      58126 293.831654  -46.77000  -57.96554     -0.628    1470.12     57.000     56.520     6.3150     6.3205     0.0055     6.3101     6.3156     0.0055   3.387838   3.388237   0.000332    34.0977    34.0959     6.8411    26.8000    26.7979    34.1019    26.8033    1475.79    1475.81     6.3101  1027.0667    34.2631 0.0000e+00
      58159 293.831670  -46.77000  -57.96554     -0.729    1470.12     56.000     55.530     6.3442     6.3468     0.0026     6.3393     6.3420     0.0026   3.390414   3.390637   0.000205    34.0978    34.0974     6.8448    26.7963    26.7957    34.1019    26.7995    1475.89    1475.90     6.3393  1027.0583    34.2631 0.0000e+00
      58204 293.831691  -46.77002  -57.96554     -0.513    1470.12     55.000     54.536     6.3640     6.3659     0.0019     6.3593     6.3612     0.0019   3.392061   3.392155   0.000047    34.0984    34.0970     6.8571    26.7942    26.7929    34.1009    26.7962    1475.95    1475.96     6.3593  1027.0503    34.2621 0.0000e+00
      58230 293.831704  -46.77002  -57.96554     -0.712    1470.12     54.000     53.546     6.3570     6.3645     0.0075     6.3523     6.3599     0.0075   3.391479   3.392021   0.000606    34.0989    34.0981     6.8635    26.7955    26.7939    34.1020    26.7979    1475.91    1475.93     6.3523  1027.0475    34.2632 0.0000e+00
      58246 293.831711  -46.77002  -57.96555     -1.085    1470.12     53.000     52.554     6.3708     6.3794     0.0086     6.3663     6.3748     0.0086   3.392998   3.393437   0.000413    34.1001    34.0961     6.8667    26.7946    26.7904    34.1055    26.7989    1475.95    1475.98     6.3662  1027.0439    34.2667 0.0000e+00
      58260 293.831718  -46.77002  -57.96556     -1.401    1470.12     52.000     51.563     6.3918     6.3993     0.0075     6.3873     6.3948     0.0075   3.394733   3.395207   0.000411    34.1000    34.0971     6.8672    26.7918    26.7885    34.1044    26.7953    1476.01    1476.04     6.3873  1027.0356    34.2656 0.0000e+00
      58275 293.831726  -46.77004  -57.96556     -1.604    1470.12     51.000     50.572     6.3965     6.4137     0.0173     6.3921     6.4093     0.0172   3.394865   3.396471   0.001509    34.0990    34.0986     6.8653    26.7904    26.7878    34.1017    26.7926    1476.01    1476.08     6.3920  1027.0283    34.2629 0.0000e+00
      58301 293.831738  -46.77004  -57.96556     -1.281    1470.12     50.000     49.590     6.4136     6.4163     0.0027     6.4092     6.4120     0.0027   3.396385   3.396682   0.000354    34.0981    34.0993     6.8644    26.7874    26.7880    34.1021    26.7906    1476.06    1476.08     6.4092  1027.0217    34.2632 0.0000e+00
      58376 293.831774  -46.77006  -57.96556     -0.033    1470.12     49.000     48.570     6.4412     6.4434     0.0022     6.4370     6.4391     0.0022   3.398924   3.398972   0.000025    34.1010    34.0991     6.8957    26.7862    26.7843    34.1032    26.7879    1476.16    1476.16     6.4369  1027.0144    34.2644 0.0000e+00
      58396 293.831784  -46.77006  -57.96556     -0.752    1470.12     48.000     47.597     6.4367     6.4403     0.0035     6.4326     6.4361     0.0035   3.398515   3.398738   0.000243    34.1006    34.0998     6.9209    26.7864    26.7853    34.1037    26.7888    1476.12    1476.14     6.4325  1027.0107    34.2648 0.0000e+00
      58413 293.831792  -46.77006  -57.96556     -1.133    1470.12     47.000     46.606     6.4466     6.4506     0.0041     6.4425     6.4465     0.0041   3.399358   3.399619   0.000223    34.1013    34.0997     6.9451    26.7856    26.7838    34.1037    26.7875    1476.15    1476.16     6.4425  1027.0048    34.2648 0.0000e+00
      58432 293.831801  -46.77006  -57.96556     -1.295    1470.12     46.000     45.614     6.4492     6.4552     0.0060     6.4452     6.4511     0.0060   3.399569   3.399995   0.000432    34.1017    34.1005     6.9588    26.7856    26.7838    34.1040    26.7874    1476.14    1476.16     6.4452  1027.0001    34.2651 0.0000e+00
