Pos-Processados/process_op42/Processamento_split/up/uoperantar42_014.cnv
* Sea-Bird SBE 9 Data File:
* FileName = C:\Users\Hidrografia\Desktop\OPXLII\Brutos\OP42014.hdr
* Software Version Seasave V 7.26.7.107
* Temperature SN = 6502
* Conductivity SN = 4998
* Number of Bytes Per Scan = 31
* Number of Voltage Words = 2
* Number of Scans Averaged by the Deck Unit = 1
* NMEA Latitude = 47 05.79 S
* NMEA Longitude = 056 32.90 W
* NMEA UTC (Time) = Oct 20 2023 10:58:48
* NMEA baud rate = 4800
** H41
** NPOALTEMAXIMIANO
** NUMERO DA ESTACAO (XXX) 014
** LAT (XX XX.XX S/N) 47 05.592 S
** LONG (XXX XX.XX W/E) 056 32.757 W
** DATAHORA (dd/mm/aaaa hh:mm Z) 20/10/2023 1058Z
** PROFUNDIDADE (m) 4459
** OPERADOR CT FABIREZA
# nquan = 30
# nvalues = 1002                        
# units = specified
# name 0 = scan: Scan Count
# name 1 = timeJ: Julian Days
# name 2 = latitude: Latitude [deg]
# name 3 = longitude: Longitude [deg]
# name 4 = dz/dtM: Descent Rate [m/s]
# name 5 = avgsvCM: Average Sound Velocity [Chen-Millero, m/s]
# name 6 = prDM: Pressure, Digiquartz [db]
# name 7 = depSM: Depth [salt water, m]
# name 8 = t090C: Temperature [ITS-90, deg C]
# name 9 = t190C: Temperature, 2 [ITS-90, deg C]
# name 10 = T2-T190C: Temperature Difference, 2 - 1 [ITS-90, deg C]
# name 11 = potemp090C: Potential Temperature [ITS-90, deg C]
# name 12 = potemp190C: Potential Temperature, 2 [ITS-90, deg C]
# name 13 = potemp90Cdiff: Potential Temperature, Diff, 2 - 1 [ITS-90, deg C]
# name 14 = c0S/m: Conductivity [S/m]
# name 15 = c1S/m: Conductivity, 2 [S/m]
# name 16 = C2-C1S/m: Conductivity Difference, 2 - 1 [S/m]
# name 17 = sal00: Salinity, Practical [PSU]
# name 18 = sal11: Salinity, Practical, 2 [PSU]
# name 19 = sbeox0ML/L: Oxygen, SBE 43 [ml/l]
# name 20 = sigma-é00: Density [sigma-theta, kg/m^3]
# name 21 = sigma-é11: Density, 2 [sigma-theta, kg/m^3]
# name 22 = sal00: Salinity, Practical [PSU]
# name 23 = sigma-é00: Density [sigma-theta, kg/m^3]
# name 24 = svCM: Sound Velocity [Chen-Millero, m/s]
# name 25 = svCM1: Sound Velocity, 2 [Chen-Millero, m/s]
# name 26 = gsw_ptA0: potential temperature [ITS-90, deg C]
# name 27 = gsw_densityA0: density, TEOS-10 [density, kg/m^3]
# name 28 = gsw_saA0: Absolute Salinity [g/kg]
# name 29 = flag:
# span 0 =      32080,      68986       
# span 1 = 293.472970, 293.490768       
# span 2 =  -47.10808,  -47.10246       
# span 3 =  -56.55282,  -56.55080       
# span 4 =     -1.656,     -0.124       
# span 5 =    1468.69,    1468.97       
# span 6 =     11.000,   1012.000       
# span 7 =     10.919,   1001.157       
# span 8 =     2.4432,     5.9678       
# span 9 =     2.4440,     5.9685       
# span 10 =    -0.0258,     0.0588      
# span 11 =     2.3788,     5.9669      
# span 12 =     2.3795,     5.9676      
# span 13 =    -0.0257,     0.0587      
# span 14 =   3.070972,   3.348113      
# span 15 =   3.070964,   3.348147      
# span 16 =  -0.002110,   0.004301      
# span 17 =    33.9914,    34.5841      
# span 18 =    33.9955,    34.5835      
# span 19 =     3.7940,     7.6101      
# span 20 =    26.7872,    27.6076      
# span 21 =    26.7859,    27.6071      
# span 22 =    34.0086,    34.5841      
# span 23 =    26.7883,    27.6076      
# span 24 =    1462.90,    1476.11      
# span 25 =    1462.90,    1476.11      
# span 26 =     2.3787,     5.9669      
# span 27 =  1026.8405,  1032.3105      
# span 28 =    34.1693,    34.7518      
# span 29 = 0.0000e+00, 0.0000e+00      
# interval = decibars: 1                
# start_time = Oct 20 2023 10:58:48 [NMEA time, header]
# bad_flag = -9.990e-29
*END*
[from data line 49]
      34533 293.474153  -47.10272  -56.55094     -0.873    1468.95    963.000    952.788     2.4926     2.4931     0.0006     2.4312     2.4318     0.0006   3.129074   3.129126   0.000051    34.5660    34.5661     3.8039    27.5887    27.5887    34.5661    27.5887    1475.49    1475.49     2.4311  1032.0656    34.7335 0.0000e+00
      34562 293.474167  -47.10272  -56.55094     -0.795    1468.95    962.000    951.801     2.4929     2.4933     0.0004     2.4316     2.4320     0.0004   3.129021   3.129060   0.000039    34.5656    34.5657     3.8050    27.5884    27.5884    34.5656    27.5883    1475.47    1475.47     2.4315  1032.0606    34.7330 0.0000e+00
      34586 293.474179  -47.10272  -56.55094     -0.908    1468.95    961.000    950.813     2.4929     2.4936     0.0007     2.4317     2.4324     0.0007   3.128957   3.128986   0.000033    34.5653    34.5649     3.8067    27.5881    27.5877    34.5654    27.5882    1475.45    1475.46     2.4316  1032.0558    34.7328 0.0000e+00
      34608 293.474190  -47.10272  -56.55094     -1.030    1468.95    960.000    949.826     2.4932     2.4944     0.0012     2.4320     2.4332     0.0012   3.128890   3.128929   0.000038    34.5647    34.5640     3.8064    27.5876    27.5869    34.5647    27.5876    1475.44    1475.44     2.4320  1032.0507    34.7321 0.0000e+00
      34631 293.474200  -47.10272  -56.55094     -1.084    1468.95    959.000    948.839     2.4936     2.4947     0.0011     2.4326     2.4336     0.0011   3.128885   3.128902   0.000018    34.5646    34.5637     3.8073    27.5875    27.5867    34.5647    27.5876    1475.42    1475.43     2.4325  1032.0461    34.7321 0.0000e+00
      34654 293.474211  -47.10273  -56.55094     -1.066    1468.95    958.000    947.852     2.4944     2.4951     0.0008     2.4334     2.4341     0.0008   3.128863   3.128873   0.000015    34.5641    34.5634     3.8063    27.5870    27.5864    34.5642    27.5870    1475.41    1475.41     2.4333  1032.0409    34.7316 0.0000e+00
      34678 293.474223  -47.10274  -56.55095     -1.016    1468.95    957.000    946.865     2.4949     2.4948    -0.0001     2.4340     2.4338    -0.0001   3.128819   3.128812  -0.000003    34.5635    34.5637     3.8059    27.5865    27.5866    34.5636    27.5866    1475.40    1475.39     2.4339  1032.0358    34.7310 0.0000e+00
      34706 293.474237  -47.10274  -56.55096     -0.910    1468.95    956.000    945.878     2.4960     2.4941    -0.0018     2.4351     2.4332    -0.0018   3.128833   3.128755  -0.000070    34.5631    34.5642     3.8084    27.5861    27.5871    34.5632    27.5861    1475.38    1475.37     2.4350  1032.0308    34.7306 0.0000e+00
      34738 293.474252  -47.10274  -56.55096     -0.759    1468.95    955.000    944.890     2.4965     2.4955    -0.0010     2.4357     2.4347    -0.0010   3.128800   3.128759  -0.000041    34.5626    34.5632     3.8070    27.5856    27.5861    34.5627    27.5857    1475.37    1475.36     2.4356  1032.0257    34.7301 0.0000e+00
      34765 293.474265  -47.10276  -56.55096     -0.815    1468.95    954.000    943.903     2.4964     2.4968     0.0004     2.4357     2.4361     0.0004   3.128754   3.128759  -0.000005    34.5628    34.5623     3.8057    27.5858    27.5854    34.5628    27.5858    1475.35    1475.35     2.4356  1032.0212    34.7302 0.0000e+00
      34784 293.474274  -47.10276  -56.55096     -1.042    1468.95    953.000    942.916     2.4966     2.4979     0.0014     2.4359     2.4372     0.0014   3.128720   3.128762   0.000040    34.5627    34.5617     3.8132    27.5856    27.5848    34.5627    27.5857    1475.33    1475.34     2.4358  1032.0165    34.7301 0.0000e+00
      34801 293.474282  -47.10276  -56.55096     -1.263    1468.95    952.000    941.929     2.4974     2.4983     0.0009     2.4367     2.4377     0.0009   3.128700   3.128734   0.000035    34.5621    34.5615     3.8105    27.5851    27.5846    34.5622    27.5852    1475.32    1475.32     2.4367  1032.0114    34.7296 0.0000e+00
      34819 293.474291  -47.10276  -56.55096     -1.347    1468.95    951.000    940.942     2.4974     2.4984     0.0009     2.4369     2.4378     0.0009   3.128667   3.128693   0.000028    34.5621    34.5615     3.8085    27.5852    27.5845    34.5622    27.5852    1475.30    1475.31     2.4368  1032.0068    34.7296 0.0000e+00
      34847 293.474305  -47.10277  -56.55096     -1.074    1468.95    950.000    939.958     2.4972     2.4980     0.0009     2.4367     2.4376     0.0009   3.128620   3.128643   0.000022    34.5624    34.5617     3.8091    27.5854    27.5848    34.5624    27.5854    1475.29    1475.29     2.4366  1032.0024    34.7298 0.0000e+00
      34905 293.474333  -47.10278  -56.55098     -0.260    1468.95    949.000    938.961     2.4984     2.4987     0.0003     2.4380     2.4383     0.0003   3.128653   3.128651  -0.000003    34.5619    34.5616     3.8082    27.5849    27.5846    34.5620    27.5850    1475.28    1475.28     2.4379  1031.9973    34.7294 0.0000e+00
      34931 293.474345  -47.10278  -56.55098     -0.701    1468.95    948.000    937.980     2.4983     2.4992     0.0009     2.4379     2.4388     0.0009   3.128605   3.128625   0.000022    34.5622    34.5614     3.8105    27.5851    27.5844    34.5621    27.5851    1475.26    1475.26     2.4379  1031.9928    34.7295 0.0000e+00
      34949 293.474354  -47.10278  -56.55098     -1.071    1468.95    947.000    936.993     2.4987     2.4992     0.0005     2.4385     2.4390     0.0004   3.128581   3.128568  -0.000009    34.5618    34.5612     3.8031    27.5847    27.5842    34.5619    27.5848    1475.24    1475.24     2.4384  1031.9880    34.7292 0.0000e+00
      34967 293.474362  -47.10278  -56.55098     -1.297    1468.95    946.000    936.006     2.4988     2.4998     0.0010     2.4386     2.4396     0.0010   3.128527   3.128550   0.000015    34.5617    34.5608     3.8065    27.5846    27.5839    34.5617    27.5846    1475.23    1475.23     2.4385  1031.9832    34.7290 0.0000e+00
      34987 293.474372  -47.10279  -56.55098     -1.283    1468.95    945.000    935.019     2.4986     2.4996     0.0010     2.4385     2.4395     0.0010   3.128447   3.128497   0.000048    34.5614    34.5609     3.8128    27.5844    27.5840    34.5614    27.5844    1475.21    1475.21     2.4384  1031.9784    34.7288 0.0000e+00
      35018 293.474387  -47.10280  -56.55098     -0.922    1468.95    944.000    934.031     2.4984     2.4994     0.0009     2.4384     2.4393     0.0009   3.128378   3.128439   0.000060    34.5613    34.5611     3.8095    27.5843    27.5841    34.5613    27.5843    1475.19    1475.20     2.4383  1031.9737    34.7286 0.0000e+00
      35053 293.474404  -47.10281  -56.55098     -0.647    1468.95    943.000    933.045     2.4982     2.4992     0.0011     2.4382     2.4392     0.0011   3.128230   3.128333   0.000105    34.5604    34.5605     3.8044    27.5836    27.5837    34.5603    27.5836    1475.17    1475.18     2.4381  1031.9683    34.7276 0.0000e+00
      35080 293.474417  -47.10282  -56.55098     -0.810    1468.95    942.000    932.057     2.4989     2.4997     0.0008     2.4390     2.4398     0.0008   3.128188   3.128214   0.000028    34.5594    34.5589     3.8124    27.5828    27.5824    34.5595    27.5829    1475.16    1475.16     2.4389  1031.9631    34.7270 0.0000e+00
      35104 293.474429  -47.10282 -9.990e-29     -0.963    1468.95    941.000    931.070     2.5003     2.5014     0.0011     2.4405     2.4416     0.0011   3.128209   3.128228   0.000019    34.5587    34.5578     3.8103    27.5821    27.5813    34.5588    27.5822    1475.15    1475.15     2.4404  1031.9578    34.7263 0.0000e+00
      35128 293.474440  -47.10282 -9.990e-29     -1.014    1468.95    940.000    930.082     2.5015     2.5020     0.0005     2.4417     2.4422     0.0005   3.128178   3.128186   0.000008    34.5576    34.5572     3.8078    27.5811    27.5807    34.5577    27.5812    1475.13    1475.14     2.4416  1031.9522    34.7252 0.0000e+00
      35149 293.474450  -47.10282 -9.990e-29     -1.070    1468.95    939.000    929.095     2.5019     2.5029     0.0010     2.4422     2.4432     0.0010   3.128153   3.128177   0.000018    34.5574    34.5565     3.8042    27.5809    27.5801    34.5575    27.5810    1475.12    1475.12     2.4421  1031.9474    34.7250 0.0000e+00
      35172 293.474461  -47.10282  -56.55100     -1.083    1468.95    938.000    928.108     2.5037     2.5037    -0.0000     2.4441     2.4441    -0.0000   3.128238   3.128204  -0.000026    34.5569    34.5566     3.8055    27.5803    27.5801    34.5571    27.5805    1475.11    1475.11     2.4440  1031.9422    34.7245 0.0000e+00
      35198 293.474474  -47.10282  -56.55100     -0.971    1468.95    937.000    927.121     2.5059     2.5043    -0.0015     2.4463     2.4448    -0.0015   3.128416   3.128241  -0.000156    34.5568    34.5566     3.8081    27.5801    27.5800    34.5575    27.5806    1475.10    1475.10     2.4462  1031.9376    34.7248 0.0000e+00
      35221 293.474485  -47.10282  -56.55100     -0.977    1468.95    936.000    926.133     2.5105     2.5086    -0.0019     2.4510     2.4491    -0.0019   3.128734   3.128529  -0.000211    34.5567    34.5561     3.8110    27.5796    27.5793    34.5570    27.5798    1475.11    1475.10     2.4509  1031.9321    34.7242 0.0000e+00
      35241 293.474495  -47.10284  -56.55100     -1.098    1468.95    935.000    925.146     2.5106     2.5155     0.0049     2.4511     2.4560     0.0048   3.128844   3.129171   0.000267    34.5577    34.5558     3.8109    27.5804    27.5784    34.5587    27.5812    1475.09    1475.11     2.4510  1031.9288    34.7260 0.0000e+00
      35261 293.474504  -47.10284  -56.55100     -1.195    1468.95    934.000    924.159     2.5205     2.5243     0.0038     2.4610     2.4648     0.0037   3.129622   3.129837   0.000221    34.5572    34.5559     3.8129    27.5792    27.5778    34.5582    27.5799    1475.12    1475.13     2.4609  1031.9227    34.7254 0.0000e+00
      35285 293.474516  -47.10284  -56.55100     -1.100    1468.95    933.000    923.172     2.5223     2.5232     0.0010     2.4628     2.4638     0.0010   3.129646   3.129682   0.000069    34.5567    34.5565     3.8167    27.5786    27.5783    34.5572    27.5790    1475.11    1475.11     2.4628  1031.9172    34.7246 0.0000e+00
      35316 293.474531  -47.10286 -9.990e-29     -0.842    1468.95    932.000    922.185     2.5227     2.5173    -0.0054     2.4634     2.4580    -0.0054   3.129656   3.129094  -0.000510    34.5566    34.5562     3.8165    27.5785    27.5786    34.5573    27.5790    1475.09    1475.07     2.4633  1031.9127    34.7248 0.0000e+00
      35342 293.474543  -47.10286 -9.990e-29     -0.822    1468.95    931.000    921.197     2.5279     2.5241    -0.0039     2.4686     2.4647    -0.0039   3.130034   3.129710  -0.000379    34.5563    34.5558     3.8152    27.5778    27.5777    34.5569    27.5783    1475.10    1475.08     2.4685  1031.9072    34.7243 0.0000e+00
      35363 293.474553  -47.10286 -9.990e-29     -1.016    1468.95    930.000    920.210     2.5301     2.5321     0.0020     2.4708     2.4728     0.0020   3.130202   3.130294   0.000065    34.5564    34.5550     3.8221    27.5777    27.5764    34.5572    27.5783    1475.09    1475.10     2.4707  1031.9026    34.7247 0.0000e+00
      35382 293.474563  -47.10286  -56.55102     -1.188    1468.95    929.000    919.223     2.5320     2.5336     0.0016     2.4727     2.4743     0.0016   3.130291   3.130343   0.000056    34.5562    34.5551     3.8252    27.5773    27.5764    34.5568    27.5778    1475.08    1475.09     2.4727  1031.8974    34.7241 0.0000e+00
      35405 293.474574  -47.10286  -56.55102     -1.170    1468.95    928.000    918.235     2.5326     2.5336     0.0010     2.4735     2.4745     0.0010   3.130292   3.130321   0.000021    34.5562    34.5554     3.8298    27.5773    27.5765    34.5566    27.5776    1475.07    1475.07     2.4734  1031.8925    34.7239 0.0000e+00
      35441 293.474591  -47.10287  -56.55101     -0.759    1468.95    927.000    917.248     2.5312     2.5322     0.0010     2.4721     2.4731     0.0010   3.130104   3.130170   0.000068    34.5560    34.5558     3.8230    27.5773    27.5770    34.5564    27.5775    1475.04    1475.05     2.4721  1031.8879    34.7236 0.0000e+00
      35481 293.474610  -47.10288  -56.55102     -0.553    1468.95    926.000    916.261     2.5326     2.5322    -0.0004     2.4736     2.4732    -0.0004   3.130183   3.130113  -0.000065    34.5560    34.5555     3.8244    27.5771    27.5768    34.5564    27.5775    1475.04    1475.03     2.4735  1031.8831    34.7236 0.0000e+00
      35507 293.474623  -47.10288  -56.55102     -0.812    1468.95    925.000    915.274     2.5340     2.5348     0.0008     2.4751     2.4759     0.0008   3.130212   3.130218   0.000003    34.5554    34.5546     3.8266    27.5765    27.5758    34.5558    27.5768    1475.02    1475.03     2.4750  1031.8778    34.7230 0.0000e+00
      35532 293.474635  -47.10288  -56.55102     -0.965    1468.95    924.000    914.287     2.5346     2.5351     0.0006     2.4757     2.4762     0.0006   3.130172   3.130163  -0.000012    34.5550    34.5543     3.8223    27.5762    27.5755    34.5552    27.5763    1475.01    1475.01     2.4756  1031.8727    34.7224 0.0000e+00
      35559 293.474648  -47.10288  -56.55102     -0.913    1468.95    923.000    913.299     2.5344     2.5351     0.0007     2.4756     2.4763     0.0007   3.130072   3.130087   0.000014    34.5545    34.5539     3.8280    27.5757    27.5752    34.5547    27.5759    1474.99    1474.99     2.4755  1031.8677    34.7219 0.0000e+00
      35588 293.474662  -47.10289  -56.55102     -0.824    1468.95    922.000    912.312     2.5342     2.5348     0.0005     2.4755     2.4760     0.0005   3.130000   3.130031   0.000026    34.5544    34.5542     3.8274    27.5757    27.5755    34.5545    27.5757    1474.97    1474.98     2.4754  1031.8630    34.7217 0.0000e+00
      35614 293.474674  -47.10290  -56.55102     -0.891    1468.95    921.000    911.324     2.5344     2.5347     0.0002     2.4758     2.4760     0.0002   3.129920   3.129976   0.000058    34.5537    34.5541     3.8333    27.5751    27.5754    34.5538    27.5752    1474.96    1474.96     2.4757  1031.8579    34.7210 0.0000e+00
      35638 293.474686  -47.10290  -56.55102     -0.970    1468.95    920.000    910.337     2.5342     2.5351     0.0009     2.4756     2.4765     0.0009   3.129849   3.129873   0.000028    34.5537    34.5531     3.8320    27.5751    27.5745    34.5538    27.5752    1474.94    1474.94     2.4755  1031.8532    34.7210 0.0000e+00
      35667 293.474700  -47.10290  -56.55102     -0.884    1468.95    919.000    909.350     2.5339     2.5347     0.0008     2.4754     2.4762     0.0008   3.129778   3.129794   0.000012    34.5536    34.5529     3.8283    27.5751    27.5744    34.5537    27.5751    1474.92    1474.92     2.4753  1031.8486    34.7209 0.0000e+00
      35700 293.474716  -47.10292 -9.990e-29     -0.725    1468.95    918.000    908.362     2.5339     2.5346     0.0008     2.4754     2.4762     0.0008   3.129719   3.129773   0.000053    34.5535    34.5533     3.8262    27.5750    27.5747    34.5535    27.5750    1474.90    1474.91     2.4754  1031.8440    34.7209 0.0000e+00
      35727 293.474729  -47.10292 -9.990e-29     -0.825    1468.95    917.000    907.375     2.5343     2.5348     0.0005     2.4759     2.4764     0.0005   3.129671   3.129686   0.000021    34.5529    34.5527     3.8259    27.5745    27.5742    34.5530    27.5745    1474.89    1474.89     2.4759  1031.8389    34.7204 0.0000e+00
