Pos-Processados/process_op42/Processamento_split/up/uoperantar42_008.cnv
* Sea-Bird SBE 9 Data File:
* FileName = C:\Users\Hidrografia\Desktop\OPXLII\Brutos\OP42008.hdr
* Software Version Seasave V 7.26.7.107
* Temperature SN = 6502
* Conductivity SN = 4998
* Number of Bytes Per Scan = 31
* Number of Voltage Words = 2
* Number of Scans Averaged by the Deck Unit = 1
* NMEA Latitude = 42 37.54 S
* NMEA Longitude = 054 58.51 W
* NMEA UTC (Time) = Oct 18 2023 09:23:08
* NMEA baud rate = 4800
** H41
** NPOALTEMAXIMIANO
** NUMERO DA ESTACAO (XXX) 008
** LAT (XX XX.XX S/N) 42 37.540 S
** LONG (XXX XX.XX W/E) 054 58.30 W
** DATAHORA (dd/mm/aaaa hh:mm Z) 18/10/2023 09:00 Z
** PROFUNDIDADE (m) 5142
** OPERADOR ZAMITH
# nquan = 30
# nvalues = 1006                        
# units = specified
# name 0 = scan: Scan Count
# name 1 = timeJ: Julian Days
# name 2 = latitude: Latitude [deg]
# name 3 = longitude: Longitude [deg]
# name 4 = dz/dtM: Descent Rate [m/s]
# name 5 = avgsvCM: Average Sound Velocity [Chen-Millero, m/s]
# name 6 = prDM: Pressure, Digiquartz [db]
# name 7 = depSM: Depth [salt water, m]
# name 8 = t090C: Temperature [ITS-90, deg C]
# name 9 = t190C: Temperature, 2 [ITS-90, deg C]
# name 10 = T2-T190C: Temperature Difference, 2 - 1 [ITS-90, deg C]
# name 11 = potemp090C: Potential Temperature [ITS-90, deg C]
# name 12 = potemp190C: Potential Temperature, 2 [ITS-90, deg C]
# name 13 = potemp90Cdiff: Potential Temperature, Diff, 2 - 1 [ITS-90, deg C]
# name 14 = c0S/m: Conductivity [S/m]
# name 15 = c1S/m: Conductivity, 2 [S/m]
# name 16 = C2-C1S/m: Conductivity Difference, 2 - 1 [S/m]
# name 17 = sal00: Salinity, Practical [PSU]
# name 18 = sal11: Salinity, Practical, 2 [PSU]
# name 19 = sbeox0ML/L: Oxygen, SBE 43 [ml/l]
# name 20 = sigma-é00: Density [sigma-theta, kg/m^3]
# name 21 = sigma-é11: Density, 2 [sigma-theta, kg/m^3]
# name 22 = sal00: Salinity, Practical [PSU]
# name 23 = sigma-é00: Density [sigma-theta, kg/m^3]
# name 24 = svCM: Sound Velocity [Chen-Millero, m/s]
# name 25 = svCM1: Sound Velocity, 2 [Chen-Millero, m/s]
# name 26 = gsw_ptA0: potential temperature [ITS-90, deg C]
# name 27 = gsw_densityA0: density, TEOS-10 [density, kg/m^3]
# name 28 = gsw_saA0: Absolute Salinity [g/kg]
# name 29 = flag:
# span 0 =      33387,      70448       
# span 1 = 291.407166, 291.425038       
# span 2 =  -42.62422,  -42.62208       
# span 3 =  -54.96313,  -54.95579       
# span 4 =     -1.531,     -0.165       
# span 5 =    1484.86,    1484.86       
# span 6 =      4.000,   1009.000       
# span 7 =      3.971,    998.603       
# span 8 =     3.3463,    12.4596       
# span 9 =     3.3471,    12.4591       
# span 10 =    -0.2512,     0.1928      
# span 11 =     3.2793,    12.4591      
# span 12 =     3.2801,    12.4584      
# span 13 =    -0.2511,     0.1925      
# span 14 =   3.175228,   4.066966      
# span 15 =   3.175266,   4.066981      
# span 16 =  -0.028220,   0.021693      
# span 17 =    34.1542,    35.2183      
# span 18 =    34.1540,    35.2187      
# span 19 =     4.8537,     6.2688      
# span 20 =    26.6682,    27.2783      
# span 21 =    26.6699,    27.2779      
# span 22 =    34.1519,    35.2187      
# span 23 =    26.6699,    27.2782      
# span 24 =    1478.19,    1499.38      
# span 25 =    1478.19,    1499.38      
# span 26 =     3.2792,    12.4591      
# span 27 =  1026.6914,  1031.9441      
# span 28 =    34.3158,    35.3850      
# span 29 = 0.0000e+00, 0.0000e+00      
# interval = decibars: 1                
# start_time = Oct 18 2023 09:23:08 [NMEA time, header]
# bad_flag = -9.990e-29
*END*
      33387 291.407166  -42.62269  -54.96313     -0.275    1484.86   1009.000    998.603     3.3946     3.3954     0.0008     3.3233     3.3241     0.0008   3.186049   3.186081   0.000036    34.2774    34.2770     4.8537    27.2783    27.2779    34.2774    27.2782    1479.74    1479.74     3.3231  1031.9441    34.4431 0.0000e+00
      33581 291.407259  -42.62267  -54.96305     -0.287    1484.86   1008.000    997.616     3.3946     3.3947     0.0001     3.3234     3.3235     0.0001   3.185968   3.185927  -0.000033    34.2768    34.2763     4.8557    27.2778    27.2774    34.2769    27.2778    1479.72    1479.72     3.3232  1031.9391    34.4426 0.0000e+00
      33868 291.407397  -42.62264  -54.96294     -0.231    1484.86   1007.000    996.626     3.3962     3.3970     0.0008     3.3250     3.3259     0.0008   3.186103   3.186142   0.000039    34.2773    34.2769     4.8594    27.2780    27.2776    34.2773    27.2780    1479.71    1479.72     3.3249  1031.9347    34.4430 0.0000e+00
      34168 291.407542  -42.62261  -54.96284     -0.241    1484.86   1006.000    995.639     3.3958     3.3968     0.0010     3.3247     3.3257     0.0010   3.185964   3.186034   0.000067    34.2767    34.2765     4.8552    27.2776    27.2773    34.2766    27.2775    1479.69    1479.70     3.3246  1031.9296    34.4423 0.0000e+00
      34417 291.407662  -42.62258  -54.96275     -0.441    1484.86   1005.000    994.640     3.3950     3.3958     0.0008     3.3240     3.3248     0.0008   3.185810   3.185849   0.000038    34.2762    34.2758     4.8623    27.2772    27.2768    34.2761    27.2771    1479.67    1479.68     3.3239  1031.9235    34.4403 0.0000e+00
      34474 291.407690  -42.62258  -54.96272     -0.500    1484.86   1004.000    993.666     3.3944     3.3953     0.0009     3.3235     3.3244     0.0009   3.185686   3.185738   0.000053    34.2758    34.2755     4.8621    27.2769    27.2766    34.2757    27.2769    1479.65    1479.66     3.3234  1031.9199    34.4414 0.0000e+00
      34556 291.407729  -42.62258  -54.96269     -0.283    1484.86   1003.000    992.680     3.3910     3.3925     0.0015     3.3202     3.3217     0.0015   3.185224   3.185334   0.000107    34.2747    34.2744     4.8615    27.2764    27.2760    34.2743    27.2761    1479.62    1479.63     3.3200  1031.9146    34.4400 0.0000e+00
      34647 291.407773  -42.62256  -54.96266     -0.361    1484.86   1002.000    991.692     3.3869     3.3875     0.0005     3.3163     3.3168     0.0005   3.184717   3.184709  -0.000008    34.2729    34.2723     4.8739    27.2754    27.2748    34.2730    27.2754    1479.58    1479.59     3.3161  1031.9094    34.4387 0.0000e+00
      34700 291.407798  -42.62256  -54.96265     -0.463    1484.86   1001.000    990.704     3.3834     3.3865     0.0031     3.3128     3.3159     0.0031   3.184145   3.184509   0.000361    34.2711    34.2721     4.8861    27.2742    27.2748    34.2704    27.2737    1479.55    1479.56     3.3126  1031.9033    34.4361 0.0000e+00
      34749 291.407822  -42.62256  -54.96263     -0.487    1484.86   1000.000    989.718     3.3792     3.3819     0.0026     3.3088     3.3114     0.0026   3.183667   3.183944   0.000274    34.2698    34.2704     4.8856    27.2736    27.2738    34.2695    27.2733    1479.51    1479.53     3.3086  1031.8985    34.4351 0.0000e+00
      34816 291.407854  -42.62254  -54.96260     -0.325    1484.86    999.000    988.729     3.3721     3.3801     0.0080     3.3018     3.3097     0.0079   3.182769   3.183645   0.000862    34.2675    34.2695     4.9077    27.2724    27.2732    34.2667    27.2718    1479.46    1479.50     3.3017  1031.8925    34.4323 0.0000e+00
      34876 291.407883  -42.62254  -54.96258     -0.371    1484.86    998.000    987.744     3.3721     3.3752     0.0032     3.3018     3.3050     0.0031   3.182640   3.182991   0.000341    34.2662    34.2670     4.9192    27.2714    27.2717    34.2657    27.2710    1479.45    1479.46     3.3017  1031.8872    34.4314 0.0000e+00
      34968 291.407928  -42.62253  -54.96255     -0.265    1484.86    997.000    986.752     3.3669     3.3685     0.0017     3.2968     3.2984     0.0016   3.181922   3.182021   0.000142    34.2634    34.2633     4.9353    27.2696    27.2694    34.2631    27.2694    1479.40    1479.41     3.2966  1031.8812    34.4287 0.0000e+00
      35000 291.407943  -42.62252  -54.96254     -0.638    1484.86    996.000    985.767     3.3668     3.3679     0.0010     3.2968     3.2978     0.0010   3.181782   3.181902   0.000129    34.2630    34.2634     4.9340    27.2693    27.2695    34.2620    27.2685    1479.38    1479.39     3.2966  1031.8757    34.4276 0.0000e+00
      35029 291.407957  -42.62252  -54.96252     -0.817    1484.86    995.000    984.780     3.3555     3.3573     0.0018     3.2856     3.2874     0.0018   3.180416   3.180661   0.000224    34.2593    34.2601     4.9440    27.2673    27.2678    34.2580    27.2664    1479.32    1479.32     3.2854  1031.8694    34.4236 0.0000e+00
      35062 291.407973  -42.62252  -54.96251     -0.768    1484.86    994.000    983.797     3.3535     3.3550     0.0015     3.2837     3.2852     0.0015   3.180150   3.180347   0.000179    34.2580    34.2586     4.9494    27.2665    27.2668    34.2574    27.2661    1479.29    1479.30     3.2836  1031.8645    34.4230 0.0000e+00
      35107 291.407995  -42.62252  -54.96250     -0.528    1484.86    993.000    982.801     3.3547     3.3591     0.0044     3.2850     3.2894     0.0044   3.180184   3.180723   0.000542    34.2574    34.2593     4.9657    27.2659    27.2670    34.2571    27.2657    1479.28    1479.30     3.2848  1031.8595    34.4226 0.0000e+00
      35143 291.408012  -42.62252  -54.96248     -0.631    1484.86    992.000    981.818     3.3550     3.3566     0.0016     3.2854     3.2870     0.0016   3.180042   3.180196   0.000178    34.2560    34.2564     4.9850    27.2647    27.2650    34.2556    27.2644    1479.26    1479.27     3.2852  1031.8537    34.4211 0.0000e+00
      35175 291.408028  -42.62251  -54.96247     -0.746    1484.86    991.000    980.830     3.3553     3.3561     0.0008     3.2857     3.2866     0.0008   3.179900   3.179970   0.000076    34.2544    34.2544     4.9921    27.2635    27.2634    34.2541    27.2632    1479.24    1479.25     3.2856  1031.8479    34.4196 0.0000e+00
      35218 291.408048  -42.62250  -54.96245     -0.559    1484.86    990.000    979.843     3.3553     3.3561     0.0008     3.2859     3.2866     0.0008   3.179813   3.179940   0.000132    34.2537    34.2545     5.0036    27.2629    27.2634    34.2535    27.2627    1479.23    1479.23     3.2857  1031.8429    34.4190 0.0000e+00
      35251 291.408064  -42.62250  -54.96244     -0.670    1484.86    989.000    978.856     3.3554     3.3562     0.0008     3.2861     3.2868     0.0007   3.179727   3.179785   0.000058    34.2531    34.2530     5.0054    27.2624    27.2623    34.2529    27.2622    1479.21    1479.21     3.2859  1031.8378    34.4184 0.0000e+00
      35274 291.408075  -42.62250  -54.96243     -0.914    1484.86    988.000    977.868     3.3555     3.3566     0.0011     3.2862     3.2873     0.0011   3.179707   3.179761   0.000057    34.2532    34.2528     5.0090    27.2625    27.2620    34.2531    27.2624    1479.19    1479.20     3.2861  1031.8333    34.4186 0.0000e+00
      35297 291.408086  -42.62250  -54.96242     -1.050    1484.86    987.000    976.881     3.3565     3.3582     0.0017     3.2873     3.2890     0.0017   3.179702   3.179764   0.000067    34.2525    34.2515     5.0150    27.2618    27.2608    34.2525    27.2618    1479.18    1479.19     3.2871  1031.8282    34.4180 0.0000e+00
      35331 291.408103  -42.62250  -54.96241     -0.797    1484.86    986.000    975.894     3.3585     3.3583    -0.0002     3.2894     3.2892    -0.0002   3.179732   3.179741   0.000013    34.2513    34.2516     5.0151    27.2606    27.2609    34.2512    27.2606    1479.17    1479.17     3.2892  1031.8224    34.4167 0.0000e+00
      35378 291.408126  -42.62249  -54.96240     -0.440    1484.86    985.000    974.904     3.3604     3.3592    -0.0011     3.2913     3.2901    -0.0011   3.179785   3.179742  -0.000040    34.2504    34.2511     5.0173    27.2597    27.2604    34.2505    27.2598    1479.16    1479.16     3.2911  1031.8169    34.4160 0.0000e+00
      35404 291.408138  -42.62248  -54.96238     -0.774    1484.86    984.000    973.919     3.3608     3.3616     0.0008     3.2918     3.2925     0.0008   3.179794   3.179813   0.000020    34.2505    34.2499     5.0192    27.2597    27.2592    34.2507    27.2599    1479.15    1479.15     3.2916  1031.8125    34.4162 0.0000e+00
      35428 291.408150  -42.62248  -54.96238     -0.985    1484.86    983.000    972.931     3.3632     3.3645     0.0013     3.2942     3.2955     0.0013   3.179875   3.179956   0.000075    34.2495    34.2490     5.0165    27.2588    27.2583    34.2497    27.2589    1479.14    1479.14     3.2940  1031.8068    34.4151 0.0000e+00
      35454 291.408162  -42.62248  -54.96236     -0.963    1484.86    982.000    971.943     3.3653     3.3645    -0.0009     3.2964     3.2956    -0.0009   3.180030   3.179927  -0.000088    34.2494    34.2493     5.0291    27.2585    27.2584    34.2497    27.2587    1479.13    1479.13     3.2963  1031.8020    34.4152 0.0000e+00
      35483 291.408176  -42.62248  -54.96236     -0.855    1484.86    981.000    970.956     3.3684     3.3687     0.0003     3.2995     3.2998     0.0003   3.180216   3.180200  -0.000019    34.2489    34.2484     5.0331    27.2578    27.2573    34.2493    27.2581    1479.13    1479.13     3.2994  1031.7967    34.4148 0.0000e+00
      35509 291.408189  -42.62248  -54.96234     -0.876    1484.86    980.000    969.969     3.3701     3.3700    -0.0001     3.3013     3.3012    -0.0001   3.180284   3.180254  -0.000027    34.2485    34.2482     5.0343    27.2573    27.2571    34.2488    27.2575    1479.12    1479.12     3.3012  1031.7915    34.4143 0.0000e+00
      35533 291.408200  -42.62248  -54.96233     -0.967    1484.86    979.000    968.981     3.3735     3.3766     0.0031     3.3048     3.3079     0.0031   3.180575   3.180775   0.000193    34.2485    34.2476     5.0395    27.2570    27.2559    34.2492    27.2575    1479.12    1479.13     3.3046  1031.7869    34.4147 0.0000e+00
      35562 291.408214  -42.62248  -54.96232     -0.908    1484.86    978.000    967.994     3.3822     3.3759    -0.0063     3.3134     3.3072    -0.0063   3.181310   3.180662  -0.000583    34.2483    34.2479     5.0438    27.2560    27.2563    34.2495    27.2569    1479.14    1479.11     3.3133  1031.7815    34.4149 0.0000e+00
      35607 291.408236  -42.62246  -54.96231     -0.525    1484.86    977.000    967.006     3.3945     3.3852    -0.0093     3.3258     3.3165    -0.0092   3.182197   3.181463  -0.000748    34.2468    34.2475     5.0439    27.2536    27.2551    34.2477    27.2543    1479.17    1479.13     3.3256  1031.7740    34.4132 0.0000e+00
      35645 291.408254  -42.62246  -54.96230     -0.593    1484.86    976.000    966.019     3.3961     3.3960    -0.0001     3.3275     3.3273    -0.0001   3.182306   3.182252  -0.000076    34.2475    34.2467     5.0457    27.2540    27.2534    34.2478    27.2543    1479.16    1479.16     3.3273  1031.7693    34.4133 0.0000e+00
      35669 291.408266  -42.62246  -54.96228     -0.860    1484.86    975.000    965.031     3.4000     3.4004     0.0003     3.3314     3.3317     0.0003   3.182643   3.182650  -0.000017    34.2471    34.2465     5.0454    27.2533    27.2528    34.2483    27.2543    1479.16    1479.16     3.3312  1031.7647    34.4137 0.0000e+00
      35693 291.408278  -42.62246  -54.96228     -0.998    1484.86    974.000    964.044     3.4050     3.4094     0.0044     3.3364     3.3408     0.0044   3.182957   3.183270   0.000300    34.2465    34.2454     5.0461    27.2523    27.2511    34.2474    27.2531    1479.16    1479.18     3.3362  1031.7587    34.4128 0.0000e+00
      35721 291.408291  -42.62246  -54.96226     -0.916    1484.86    973.000    963.056     3.4090     3.4066    -0.0024     3.3405     3.3381    -0.0024   3.183146   3.182998  -0.000123    34.2452    34.2462     5.0472    27.2509    27.2520    34.2459    27.2515    1479.16    1479.15     3.3403  1031.7525    34.4113 0.0000e+00
      35750 291.408305  -42.62246  -54.96226     -0.819    1484.86    972.000    962.069     3.4081     3.4087     0.0005     3.3396     3.3402     0.0005   3.182849   3.182976   0.000087    34.2437    34.2442     5.0510    27.2498    27.2501    34.2439    27.2500    1479.14    1479.14     3.3395  1031.7464    34.4093 0.0000e+00
      35775 291.408317  -42.62246  -54.96225     -0.905    1484.86    971.000    961.082     3.4036     3.4045     0.0009     3.3353     3.3362     0.0009   3.182203   3.182287   0.000090    34.2417    34.2419     5.0573    27.2487    27.2487    34.2413    27.2483    1479.10    1479.10     3.3351  1031.7404    34.4067 0.0000e+00
      35799 291.408328  -42.62246  -54.96224     -0.999    1484.86    970.000    960.094     3.3957     3.3959     0.0002     3.3275     3.3277     0.0002   3.181324   3.181312  -0.000002    34.2400    34.2397     5.0578    27.2480    27.2478    34.2396    27.2477    1479.05    1479.05     3.3274  1031.7353    34.4049 0.0000e+00
      35827 291.408342  -42.62246  -54.96223     -0.911    1484.86    969.000    959.107     3.3885     3.3942     0.0056     3.3205     3.3261     0.0056   3.180421   3.181165   0.000609    34.2379    34.2393     5.0694    27.2470    27.2476    34.2368    27.2461    1479.00    1479.03     3.3203  1031.7294    34.4021 0.0000e+00
      35858 291.408357  -42.62244  -54.96222     -0.762    1484.86    968.000    958.119     3.3768     3.3923     0.0155     3.3089     3.3243     0.0154   3.179086   3.180700   0.001686    34.2350    34.2389     5.0919    27.2458    27.2475    34.2336    27.2447    1478.93    1479.00     3.3087  1031.7237    34.3990 0.0000e+00
      35884 291.408370  -42.62244  -54.96220     -0.856    1484.86    967.000    957.131     3.3712     3.3750     0.0037     3.3035     3.3072     0.0037   3.178454   3.178828   0.000356    34.2333    34.2337     5.1081    27.2450    27.2449    34.2324    27.2442    1478.89    1478.90     3.3033  1031.7188    34.3977 0.0000e+00
      35907 291.408381  -42.62244  -54.96218     -0.999    1484.86    966.000    956.144     3.3650     3.3695     0.0045     3.2973     3.3019     0.0045   3.177809   3.178167   0.000417    34.2327    34.2329     5.1189    27.2450    27.2448    34.2317    27.2443    1478.84    1478.86     3.2972  1031.7145    34.3970 0.0000e+00
      35934 291.408394  -42.62244  -54.96218     -0.968    1484.86    965.000    955.156     3.3644     3.3632    -0.0012     3.2968     3.2957    -0.0012   3.177675   3.177565  -0.000131    34.2320    34.2317     5.1319    27.2446    27.2444    34.2312    27.2439    1478.82    1478.82     3.2967  1031.7096    34.3965 0.0000e+00
      35973 291.408413  -42.62244  -54.96217     -0.638    1484.86    964.000    954.169     3.3568     3.3665     0.0097     3.2894     3.2990     0.0096   3.176700   3.177767   0.001050    34.2294    34.2318     5.1512    27.2432    27.2442    34.2280    27.2421    1478.77    1478.81     3.2892  1031.7034    34.3933 0.0000e+00
      36008 291.408429  -42.62244  -54.96216     -0.631    1484.86    963.000    953.181     3.3528     3.3557     0.0030     3.2855     3.2884     0.0029   3.176170   3.176476   0.000309    34.2272    34.2278     5.1532    27.2418    27.2420    34.2264    27.2412    1478.73    1478.75     3.2853  1031.6980    34.3917 0.0000e+00
      36029 291.408439  -42.62244  -54.96214     -0.916    1484.86    962.000    952.194     3.3503     3.3506     0.0003     3.2831     3.2834     0.0003   3.175749   3.175747   0.000050    34.2256    34.2259     5.1612    27.2408    27.2410    34.2245    27.2398    1478.70    1478.70     3.2829  1031.6922    34.3897 0.0000e+00
