Pos-Processados/process_op42/Processamento_split/up/uoperantar42_054.cnv
* Sea-Bird SBE 9 Data File:
* FileName = C:\Users\Hidrografia\Desktop\OPXLII\Brutos\OP42054.hdr
* Software Version Seasave V 7.26.7.107
* Temperature SN = 6502
* Conductivity SN = 4998
* Number of Bytes Per Scan = 37
* Number of Voltage Words = 4
* Number of Scans Averaged by the Deck Unit = 1
* NMEA Latitude = 62 18.63 S
* NMEA Longitude = 058 16.10 W
* NMEA UTC (Time) = Nov 17 2023 03:29:41
* NMEA baud rate = 4800
** H41
** NPOALTEMAXIMIANO
** NUMERO DA ESTACAO (XXX) 054
** LAT (XX XX.XX S/N) 62 18.649 S
** LONG (XXX XX.XX W/E) 058 16.1 W
** DATAHORA (dd/mm/aaaa hh:mm Z) 17/11/2023 0328Z
** PROFUNDIDADE (m) 1520 m
** OPERADOR CT FILIPE LOPES
# nquan = 30
# nvalues = 1433                        
# units = specified
# name 0 = scan: Scan Count
# name 1 = timeJ: Julian Days
# name 2 = latitude: Latitude [deg]
# name 3 = longitude: Longitude [deg]
# name 4 = dz/dtM: Descent Rate [m/s]
# name 5 = avgsvCM: Average Sound Velocity [Chen-Millero, m/s]
# name 6 = prDM: Pressure, Digiquartz [db]
# name 7 = depSM: Depth [salt water, m]
# name 8 = t090C: Temperature [ITS-90, deg C]
# name 9 = t190C: Temperature, 2 [ITS-90, deg C]
# name 10 = T2-T190C: Temperature Difference, 2 - 1 [ITS-90, deg C]
# name 11 = potemp090C: Potential Temperature [ITS-90, deg C]
# name 12 = potemp190C: Potential Temperature, 2 [ITS-90, deg C]
# name 13 = potemp90Cdiff: Potential Temperature, Diff, 2 - 1 [ITS-90, deg C]
# name 14 = c0S/m: Conductivity [S/m]
# name 15 = c1S/m: Conductivity, 2 [S/m]
# name 16 = C2-C1S/m: Conductivity Difference, 2 - 1 [S/m]
# name 17 = sal00: Salinity, Practical [PSU]
# name 18 = sal11: Salinity, Practical, 2 [PSU]
# name 19 = sbeox0ML/L: Oxygen, SBE 43 [ml/l]
# name 20 = sigma-é00: Density [sigma-theta, kg/m^3]
# name 21 = sigma-é11: Density, 2 [sigma-theta, kg/m^3]
# name 22 = sal00: Salinity, Practical [PSU]
# name 23 = sigma-é00: Density [sigma-theta, kg/m^3]
# name 24 = svCM: Sound Velocity [Chen-Millero, m/s]
# name 25 = svCM1: Sound Velocity, 2 [Chen-Millero, m/s]
# name 26 = gsw_ptA0: potential temperature [ITS-90, deg C]
# name 27 = gsw_densityA0: density, TEOS-10 [density, kg/m^3]
# name 28 = gsw_saA0: Absolute Salinity [g/kg]
# name 29 = flag:
# span 0 =      36678,      70863       
# span 1 = 321.163301, 321.179787       
# span 2 =  -62.30992,  -62.30930       
# span 3 =  -58.26481,  -58.25813       
# span 4 =     -1.346,     -0.519       
# span 5 =    1457.48,    1457.48       
# span 6 =      2.000,   1434.000       
# span 7 =      1.986,   1415.352       
# span 8 =    -1.3430,     0.6377       
# span 9 =    -1.3424,     0.6391       
# span 10 =    -0.0466,     0.0466      
# span 11 =    -1.3958,     0.6126      
# span 12 =    -1.3951,     0.6139      
# span 13 =    -0.0464,     0.0464      
# span 14 =   2.800594,   2.950958      
# span 15 =   2.800635,   2.951016      
# span 16 =  -0.004361,   0.003425      
# span 17 =    34.2577,    34.5703      
# span 18 =    34.2555,    34.5681      
# span 19 =     5.1277,     7.8598      
# span 20 =    27.5249,    27.7863      
# span 21 =    27.5227,    27.7853      
# span 22 =    34.2604,    34.5724      
# span 23 =    27.5264,    27.7862      
# span 24 =    1446.23,    1465.84      
# span 25 =    1446.22,    1465.84      
# span 26 =    -1.3947,     0.6128      
# span 27 =  1027.5406,  1034.5816      
# span 28 =    34.4258,    34.7424      
# span 29 = 0.0000e+00, 0.0000e+00      
# interval = decibars: 1                
# start_time = Nov 17 2023 03:29:41 [NMEA time, header]
# bad_flag = -9.990e-29
*END*
[from data line 1209]
      65320 321.177114  -62.30950  -58.25926     -0.931    1457.48    225.000    222.717    -0.4731    -0.4758    -0.0028    -0.4804    -0.4832    -0.0028   2.823103   2.822771  -0.000315    34.3243    34.3232     7.0662    27.5841    27.5833    34.3237    27.5836    1449.70    1449.69    -0.4803  1028.6629    34.4911 0.0000e+00
      65344 321.177125  -62.30950  -58.25925     -0.963    1457.48    224.000    221.728    -0.4742    -0.4793    -0.0051    -0.4814    -0.4865    -0.0051   2.822971   2.822411  -0.000550    34.3244    34.3227     7.0712    27.5842    27.5831    34.3238    27.5837    1449.68    1449.66    -0.4813  1028.6583    34.4912 0.0000e+00
      65368 321.177137  -62.30949  -58.25924     -0.999    1457.48    223.000    220.738    -0.4777    -0.4801    -0.0024    -0.4850    -0.4873    -0.0024   2.822577   2.822280  -0.000302    34.3238    34.3224     7.0712    27.5839    27.5829    34.3231    27.5833    1449.65    1449.63    -0.4848  1028.6531    34.4905 0.0000e+00
      65393 321.177149  -62.30948  -58.25924     -0.995    1457.48    222.000    219.749    -0.4798    -0.4814    -0.0016    -0.4870    -0.4886    -0.0016   2.822328   2.822107  -0.000229    34.3234    34.3222     7.0749    27.5837    27.5828    34.3227    27.5831    1449.62    1449.61    -0.4869  1028.6482    34.4901 0.0000e+00
      65419 321.177162  -62.30948  -58.25924     -0.934    1457.48    221.000    218.760    -0.4810    -0.4822    -0.0012    -0.4882    -0.4893    -0.0012   2.822200   2.821998  -0.000207    34.3235    34.3221     7.0808    27.5838    27.5827    34.3229    27.5834    1449.60    1449.59    -0.4880  1028.6437    34.4904 0.0000e+00
      65447 321.177175  -62.30949  -58.25923     -0.869    1457.48    220.000    217.771    -0.4814    -0.4829    -0.0015    -0.4885    -0.4900    -0.0015   2.822125   2.821890  -0.000233    34.3235    34.3221     7.0854    27.5838    27.5828    34.3230    27.5834    1449.58    1449.57    -0.4884  1028.6390    34.4904 0.0000e+00
      65473 321.177188  -62.30950  -58.25922     -0.891    1457.48    219.000    216.781    -0.4827    -0.4839    -0.0013    -0.4898    -0.4910    -0.0013   2.821908   2.821719  -0.000195    34.3229    34.3217     7.0990    27.5834    27.5825    34.3222    27.5828    1449.56    1449.55    -0.4897  1028.6336    34.4896 0.0000e+00
      65497 321.177199  -62.30950  -58.25922     -0.977    1457.48    218.000    215.792    -0.4854    -0.4889    -0.0035    -0.4925    -0.4960    -0.0035   2.821614   2.821178  -0.000377    34.3225    34.3214     7.1016    27.5832    27.5824    34.3219    27.5827    1449.53    1449.51    -0.4923  1028.6288    34.4893 0.0000e+00
      65519 321.177210  -62.30950  -58.25922     -1.047    1457.48    217.000    214.802    -0.4912    -0.4964    -0.0052    -0.4983    -0.5034    -0.0052   2.820951   2.820415  -0.000555    34.3215    34.3199     7.1013    27.5826    27.5816    34.3202    27.5816    1449.48    1449.46    -0.4981  1028.6229    34.4876 0.0000e+00
      65542 321.177221  -62.30949  -58.25921     -1.068    1457.48    216.000    213.813    -0.4959    -0.4970    -0.0012    -0.5028    -0.5040    -0.0012   2.820458   2.820278  -0.000211    34.3205    34.3190     7.1046    27.5821    27.5809    34.3194    27.5811    1449.44    1449.44    -0.5027  1028.6178    34.4868 0.0000e+00
      65565 321.177232  -62.30948  -58.25920     -1.040    1457.48    215.000    212.823    -0.4972    -0.4962     0.0011    -0.5041    -0.5031     0.0011   2.820312   2.820295  -0.000036    34.3202    34.3185     7.0965    27.5818    27.5804    34.3196    27.5814    1449.42    1449.42    -0.5040  1028.6132    34.4870 0.0000e+00
      65589 321.177243  -62.30948  -58.25920     -1.021    1457.48    214.000    211.834    -0.4956    -0.4933     0.0024    -0.5025    -0.5002     0.0024   2.820374   2.820480   0.000093    34.3197    34.3182     7.1054    27.5813    27.5801    34.3192    27.5810    1449.41    1449.42    -0.5024  1028.6081    34.4866 0.0000e+00
      65612 321.177254  -62.30948  -58.25920     -1.026    1457.48    213.000    210.845    -0.4942    -0.4928     0.0013    -0.5011    -0.4997     0.0013   2.820447   2.820467   0.000022    34.3195    34.3183     7.1148    27.5812    27.5802    34.3192    27.5809    1449.40    1449.41    -0.5009  1028.6032    34.4866 0.0000e+00
      65635 321.177265  -62.30948  -58.25920     -1.049    1457.48    212.000    209.856    -0.4941    -0.4933     0.0008    -0.5010    -0.5001     0.0008   2.820387   2.820388  -0.000006    34.3193    34.3183     7.1256    27.5810    27.5801    34.3190    27.5807    1449.39    1449.39    -0.5008  1028.5983    34.4863 0.0000e+00
      65658 321.177277  -62.30948  -58.25919     -1.050    1457.48    211.000    208.866    -0.4939    -0.4922     0.0016    -0.5007    -0.4990     0.0016   2.820385   2.820418   0.000028    34.3195    34.3180     7.1323    27.5811    27.5798    34.3192    27.5809    1449.37    1449.38    -0.5006  1028.5937    34.4866 0.0000e+00
      65682 321.177288  -62.30948  -58.25918     -1.010    1457.48    210.000    207.877    -0.4933    -0.4921     0.0012    -0.5000    -0.4988     0.0012   2.820369   2.820377   0.000005    34.3192    34.3179     7.1385    27.5808    27.5797    34.3189    27.5807    1449.36    1449.36    -0.4999  1028.5887    34.4863 0.0000e+00
      65708 321.177301  -62.30948  -58.25918     -0.959    1457.48    209.000    206.888    -0.4930    -0.4917     0.0012    -0.4997    -0.4985     0.0012   2.820350   2.820348  -0.000008    34.3192    34.3177     7.1340    27.5808    27.5796    34.3190    27.5807    1449.34    1449.35    -0.4996  1028.5840    34.4863 0.0000e+00
      65732 321.177313  -62.30948  -58.25918     -0.951    1457.48    208.000    205.898    -0.4925    -0.4917     0.0009    -0.4992    -0.4983     0.0009   2.820333   2.820309  -0.000022    34.3190    34.3177     7.1262    27.5806    27.5796    34.3188    27.5805    1449.33    1449.33    -0.4991  1028.5790    34.4862 0.0000e+00
      65756 321.177324  -62.30948  -58.25918     -0.991    1457.48    207.000    204.909    -0.4923    -0.4916     0.0007    -0.4990    -0.4983     0.0007   2.820294   2.820260  -0.000035    34.3188    34.3176     7.1287    27.5805    27.5795    34.3187    27.5804    1449.31    1449.31    -0.4988  1028.5741    34.4860 0.0000e+00
      65779 321.177335  -62.30948  -58.25917     -1.034    1457.48    206.000    203.919    -0.4924    -0.4914     0.0010    -0.4990    -0.4980     0.0010   2.820233   2.820219  -0.000019    34.3187    34.3173     7.1337    27.5804    27.5793    34.3185    27.5803    1449.30    1449.30    -0.4989  1028.5693    34.4859 0.0000e+00
      65802 321.177346  -62.30948  -58.25916     -1.047    1457.48    205.000    202.930    -0.4921    -0.4908     0.0013    -0.4987    -0.4974     0.0013   2.820192   2.820195   0.000002    34.3185    34.3170     7.1451    27.5802    27.5789    34.3183    27.5801    1449.28    1449.28    -0.4986  1028.5643    34.4857 0.0000e+00
      65826 321.177358  -62.30948  -58.25916     -1.022    1457.48    204.000    201.940    -0.4919    -0.4907     0.0012    -0.4984    -0.4972     0.0012   2.820154   2.820160   0.000005    34.3182    34.3169     7.1405    27.5800    27.5789    34.3181    27.5799    1449.27    1449.27    -0.4983  1028.5594    34.4854 0.0000e+00
      65850 321.177369  -62.30948  -58.25915     -0.998    1457.48    203.000    200.951    -0.4914    -0.4903     0.0011    -0.4980    -0.4969     0.0011   2.820143   2.820130  -0.000015    34.3182    34.3168     7.1410    27.5800    27.5787    34.3181    27.5799    1449.25    1449.26    -0.4978  1028.5545    34.4854 0.0000e+00
      65875 321.177381  -62.30948  -58.25914     -0.983    1457.48    202.000    199.961    -0.4911    -0.4901     0.0010    -0.4976    -0.4966     0.0010   2.820116   2.820116 9.0782e-07    34.3181    34.3169     7.1421    27.5798    27.5788    34.3180    27.5798    1449.24    1449.24    -0.4975  1028.5497    34.4854 0.0000e+00
      65899 321.177393  -62.30948  -58.25914     -0.990    1457.48    201.000    198.972    -0.4909    -0.4897     0.0012    -0.4973    -0.4961     0.0012   2.820090   2.820092  -0.000003    34.3180    34.3167     7.1464    27.5798    27.5786    34.3180    27.5798    1449.22    1449.22    -0.4972  1028.5449    34.4853 0.0000e+00
      65922 321.177404  -62.30948  -58.25914     -1.009    1457.48    200.000    197.983    -0.4906    -0.4900     0.0006    -0.4970    -0.4964     0.0006   2.820061   2.820014  -0.000041    34.3180    34.3167     7.1455    27.5797    27.5786    34.3179    27.5797    1449.21    1449.21    -0.4969  1028.5401    34.4852 0.0000e+00
      65945 321.177415  -62.30948  -58.25913     -1.032    1457.48    199.000    196.993    -0.4913    -0.4930    -0.0017    -0.4977    -0.4994    -0.0017   2.819897   2.819642  -0.000214    34.3174    34.3165     7.1428    27.5793    27.5786    34.3171    27.5791    1449.18    1449.18    -0.4976  1028.5347    34.4844 0.0000e+00
      65968 321.177426  -62.30948  -58.25912     -1.052    1457.48    198.000    196.004    -0.4975    -0.5033    -0.0058    -0.5039    -0.5096    -0.0058   2.819192   2.818609  -0.000555    34.3165    34.3155     7.1458    27.5788    27.5783    34.3153    27.5779    1449.14    1449.11    -0.5037  1028.5288    34.4826 0.0000e+00
      65991 321.177437  -62.30948  -58.25912     -1.050    1457.48    197.000    195.014    -0.5080    -0.5156    -0.0076    -0.5143    -0.5219    -0.0076   2.818083   2.817382  -0.000696    34.3149    34.3141     7.1431    27.5780    27.5777    34.3129    27.5764    1449.07    1449.03    -0.5142  1028.5226    34.4801 0.0000e+00
      66015 321.177449  -62.30948  -58.25912     -1.021    1457.48    196.000    194.025    -0.5143    -0.5303    -0.0160    -0.5206    -0.5365    -0.0159   2.817630   2.815970  -0.001510    34.3151    34.3129     7.1442    27.5785    27.5774    34.3145    27.5780    1449.03    1448.94    -0.5204  1028.5195    34.4818 0.0000e+00
      66040 321.177461  -62.30948  -58.25912     -0.981    1457.48    195.000    193.036    -0.5222    -0.5381    -0.0159    -0.5284    -0.5443    -0.0159   2.816593   2.815167  -0.001473    34.3127    34.3109     7.1523    27.5769    27.5761    34.3101    27.5748    1448.97    1448.89    -0.5283  1028.5115    34.4774 0.0000e+00
      66065 321.177473  -62.30948  -58.25911     -0.959    1457.48    194.000    192.045    -0.5383    -0.5406    -0.0024    -0.5444    -0.5468    -0.0024   2.815261   2.814886  -0.000349    34.3123    34.3103     7.1719    27.5773    27.5757    34.3110    27.5762    1448.88    1448.86    -0.5443  1028.5083    34.4782 0.0000e+00
      66091 321.177485  -62.30948  -58.25910     -0.940    1457.48    193.000    191.057    -0.5422    -0.5506    -0.0085    -0.5483    -0.5567    -0.0084   2.814786   2.814016  -0.000841    34.3113    34.3095     7.1878    27.5766    27.5756    34.3096    27.5753    1448.84    1448.80    -0.5482  1028.5026    34.4769 0.0000e+00
      66116 321.177498  -62.30948  -58.25910     -0.935    1457.48    192.000    190.067    -0.5510    -0.5612    -0.0102    -0.5571    -0.5672    -0.0102   2.813793   2.812775  -0.000937    34.3099    34.3088     7.2022    27.5759    27.5755    34.3069    27.5734    1448.78    1448.73    -0.5569  1028.4961    34.4741 0.0000e+00
      66142 321.177510  -62.30947  -58.25910     -0.943    1457.48    191.000    189.077    -0.5662    -0.5809    -0.0147    -0.5722    -0.5869    -0.0147   2.812426   2.811006  -0.001352    34.3086    34.3070     7.2379    27.5755    27.5749    34.3062    27.5736    1448.69    1448.62    -0.5721  1028.4916    34.4734 0.0000e+00
      66167 321.177522  -62.30946  -58.25910     -0.945    1457.48    190.000    188.088    -0.5763    -0.5924    -0.0161    -0.5822    -0.5983    -0.0160   2.811417   2.809921  -0.001558    34.3079    34.3051     7.2495    27.5753    27.5738    34.3047    27.5728    1448.63    1448.55    -0.5821  1028.4861    34.4719 0.0000e+00
      66191 321.177534  -62.30946  -58.25909     -0.972    1457.48    189.000    187.098    -0.5882    -0.5947    -0.0065    -0.5941    -0.6006    -0.0065   2.810215   2.809567  -0.000658    34.3059    34.3045     7.2674    27.5743    27.5734    34.3026    27.5716    1448.55    1448.52    -0.5940  1028.4802    34.4698 0.0000e+00
      66213 321.177544  -62.30946  -58.25908     -1.047    1457.48    188.000    186.109    -0.6030    -0.6100    -0.0069    -0.6089    -0.6158    -0.0069   2.808893   2.808216  -0.000694    34.3052    34.3037     7.2867    27.5744    27.5734    34.3022    27.5719    1448.47    1448.43    -0.6087  1028.4759    34.4694 0.0000e+00
      66234 321.177554  -62.30946  -58.25908     -1.108    1457.48    187.000    185.120    -0.6074    -0.6131    -0.0057    -0.6132    -0.6189    -0.0057   2.808409   2.807865  -0.000562    34.3039    34.3028     7.2959    27.5735    27.5729    34.3012    27.5713    1448.43    1448.40    -0.6130  1028.4705    34.4683 0.0000e+00
      66256 321.177565  -62.30946  -58.25908     -1.108    1457.48    186.000    184.130    -0.6125    -0.6166    -0.0041    -0.6183    -0.6223    -0.0040   2.807915   2.807498  -0.000425    34.3031    34.3020     7.3137    27.5731    27.5724    34.3010    27.5714    1448.39    1448.37    -0.6181  1028.4658    34.4682 0.0000e+00
      66280 321.177577  -62.30946  -58.25907     -1.034    1457.48    185.000    183.140    -0.6152    -0.6170    -0.0017    -0.6209    -0.6227    -0.0017   2.807636   2.807448  -0.000213    34.3029    34.3020     7.3367    27.5730    27.5724    34.3009    27.5714    1448.36    1448.35    -0.6208  1028.4611    34.4681 0.0000e+00
      66306 321.177589  -62.30946  -58.25906     -0.955    1457.48    184.000    182.151    -0.6168    -0.6162     0.0006    -0.6225    -0.6219     0.0006   2.807468   2.807443  -0.000044    34.3026    34.3014     7.3546    27.5729    27.5718    34.3010    27.5715    1448.33    1448.33    -0.6224  1028.4565    34.4682 0.0000e+00
      66332 321.177602  -62.30946  -58.25906     -0.933    1457.48    183.000    181.161    -0.6151    -0.6160    -0.0010    -0.6207    -0.6217    -0.0010   2.807579   2.807412  -0.000171    34.3025    34.3013     7.3616    27.5727    27.5717    34.3012    27.5716    1448.33    1448.32    -0.6206  1028.4518    34.4683 0.0000e+00
      66356 321.177614  -62.30946  -58.25906     -0.956    1457.48    182.000    180.172    -0.6160    -0.6161    -0.0001    -0.6216    -0.6218    -0.0001   2.807436   2.807360  -0.000095    34.3022    34.3011     7.3754    27.5725    27.5716    34.3009    27.5714    1448.31    1448.30    -0.6215  1028.4468    34.4681 0.0000e+00
      66381 321.177625  -62.30946  -58.25905     -0.980    1457.48    181.000    179.183    -0.6170    -0.6178    -0.0008    -0.6226    -0.6234    -0.0008   2.807292   2.807137  -0.000150    34.3019    34.3008     7.3781    27.5723    27.5714    34.3008    27.5714    1448.28    1448.28    -0.6225  1028.4420    34.4679 0.0000e+00
      66406 321.177637  -62.30946  -58.25904     -0.979    1457.48    180.000    178.193    -0.6175    -0.6188    -0.0013    -0.6231    -0.6244    -0.0013   2.807180   2.806977  -0.000221    34.3016    34.3001     7.3776    27.5720    27.5709    34.3004    27.5711    1448.26    1448.26    -0.6229  1028.4370    34.4676 0.0000e+00
      66430 321.177649  -62.30946  -58.25904     -0.971    1457.48    179.000    177.204    -0.6204    -0.6206    -0.0002    -0.6259    -0.6261    -0.0002   2.806848   2.806747  -0.000099    34.3009    34.2999     7.3687    27.5716    27.5708    34.2998    27.5708    1448.24    1448.23    -0.6258  1028.4319    34.4670 0.0000e+00
