Pos-Processados/process_op42/Processamento_split/up/uoperantar42_023.cnv
* Sea-Bird SBE 9 Data File:
* FileName = C:\Users\Hidrografia\Desktop\OPXLII\Brutos\OP42023.hdr
* Software Version Seasave V 7.26.7.107
* Temperature SN = 6502
* Conductivity SN = 4998
* Number of Bytes Per Scan = 37
* Number of Voltage Words = 4
* Number of Scans Averaged by the Deck Unit = 1
* NMEA Latitude = 62 09.26 S
* NMEA Longitude = 058 24.38 W
* NMEA UTC (Time) = Nov 08 2023 09:02:28
* NMEA baud rate = 4800
** H41
** NPOALTEMAXIMIANO
** NUMERO DA ESTACAO (XXX) 023
** LAT (XX XX.XX S/N) 62 09.60 S
** LONG (XXX XX.XX W/E) 058 24.03 W
** DATAHORA (dd/mm/aaaa hh:mm Z) 08/11/2023 0901Z
** PROFUNDIDADE (m) 462
** OPERADOR CT FILIPE LOPES
# nquan = 30
# nvalues = 429                         
# units = specified
# name 0 = scan: Scan Count
# name 1 = timeJ: Julian Days
# name 2 = latitude: Latitude [deg]
# name 3 = longitude: Longitude [deg]
# name 4 = dz/dtM: Descent Rate [m/s]
# name 5 = avgsvCM: Average Sound Velocity [Chen-Millero, m/s]
# name 6 = prDM: Pressure, Digiquartz [db]
# name 7 = depSM: Depth [salt water, m]
# name 8 = t090C: Temperature [ITS-90, deg C]
# name 9 = t190C: Temperature, 2 [ITS-90, deg C]
# name 10 = T2-T190C: Temperature Difference, 2 - 1 [ITS-90, deg C]
# name 11 = potemp090C: Potential Temperature [ITS-90, deg C]
# name 12 = potemp190C: Potential Temperature, 2 [ITS-90, deg C]
# name 13 = potemp90Cdiff: Potential Temperature, Diff, 2 - 1 [ITS-90, deg C]
# name 14 = c0S/m: Conductivity [S/m]
# name 15 = c1S/m: Conductivity, 2 [S/m]
# name 16 = C2-C1S/m: Conductivity Difference, 2 - 1 [S/m]
# name 17 = sal00: Salinity, Practical [PSU]
# name 18 = sal11: Salinity, Practical, 2 [PSU]
# name 19 = sbeox0ML/L: Oxygen, SBE 43 [ml/l]
# name 20 = sigma-é00: Density [sigma-theta, kg/m^3]
# name 21 = sigma-é11: Density, 2 [sigma-theta, kg/m^3]
# name 22 = sal00: Salinity, Practical [PSU]
# name 23 = sigma-é00: Density [sigma-theta, kg/m^3]
# name 24 = svCM: Sound Velocity [Chen-Millero, m/s]
# name 25 = svCM1: Sound Velocity, 2 [Chen-Millero, m/s]
# name 26 = gsw_ptA0: potential temperature [ITS-90, deg C]
# name 27 = gsw_densityA0: density, TEOS-10 [density, kg/m^3]
# name 28 = gsw_saA0: Absolute Salinity [g/kg]
# name 29 = flag:
# span 0 =      20839,      33294       
# span 1 = 312.386762, 312.392769       
# span 2 =  -62.15478,  -62.15450       
# span 3 =  -58.39898,  -58.39391       
# span 4 =     -1.055,     -0.190       
# span 5 =    1448.49,    1448.49       
# span 6 =      2.000,    430.000       
# span 7 =      1.983,    425.431       
# span 8 =    -0.8457,    -0.5123       
# span 9 =    -0.8448,    -0.5117       
# span 10 =    -0.0078,     0.0112      
# span 11 =    -0.8519,    -0.5264      
# span 12 =    -0.8509,    -0.5258      
# span 13 =    -0.0078,     0.0111      
# span 14 =   2.789048,   2.834793      
# span 15 =   2.789015,   2.834816      
# span 16 =  -0.000744,   0.001089      
# span 17 =    34.2875,    34.4205      
# span 18 =    34.2863,    34.4198      
# span 19 =     6.5660,     7.5750      
# span 20 =    27.5619,    27.6656      
# span 21 =    27.5606,    27.6650      
# span 22 =    34.2898,    34.4204      
# span 23 =    27.5626,    27.6655      
# span 24 =    1445.42,    1452.85      
# span 25 =    1445.43,    1452.84      
# span 26 =    -0.8517,    -0.5262      
# span 27 =  1027.5773,  1029.7192      
# span 28 =    34.4556,    34.5889      
# span 29 = 0.0000e+00, 0.0000e+00      
# interval = decibars: 1                
# start_time = Nov 08 2023 09:02:28 [NMEA time, header]
# bad_flag = -9.990e-29
*END*
[from data line 291]
      29264 312.390825  -62.15468  -58.39554     -0.782    1448.49    139.000    137.620    -0.7844    -0.7846    -0.0002    -0.7884    -0.7886    -0.0002   2.791541   2.791442  -0.000106    34.3032    34.3019     7.4491    27.5803    27.5793    34.3036    27.5806    1446.82    1446.82    -0.7883  1028.2515    34.4704 0.0000e+00
      29294 312.390840  -62.15468  -58.39552     -0.794    1448.49    138.000    136.630    -0.7838    -0.7839    -0.0001    -0.7878    -0.7879    -0.0001   2.791546   2.791452  -0.000090    34.3031    34.3020     7.4458    27.5802    27.5793    34.3037    27.5806    1446.81    1446.81    -0.7877  1028.2467    34.4704 0.0000e+00
      29321 312.390853  -62.15468  -58.39551     -0.853    1448.49    137.000    135.640    -0.7817    -0.7825    -0.0007    -0.7857    -0.7864    -0.0007   2.791656   2.791514  -0.000143    34.3029    34.3018     7.4553    27.5800    27.5791    34.3034    27.5804    1446.80    1446.80    -0.7856  1028.2416    34.4702 0.0000e+00
      29347 312.390865  -62.15468  -58.39550     -0.920    1448.49    136.000    134.650    -0.7806    -0.7808    -0.0002    -0.7845    -0.7848    -0.0002   2.791695   2.791598  -0.000106    34.3028    34.3016     7.4563    27.5798    27.5789    34.3032    27.5802    1446.79    1446.79    -0.7844  1028.2366    34.4700 0.0000e+00
      29371 312.390877  -62.15468  -58.39549     -0.970    1448.49    135.000    133.661    -0.7798    -0.7796     0.0003    -0.7838    -0.7835     0.0003   2.791693   2.791632  -0.000064    34.3027    34.3015     7.4517    27.5797    27.5787    34.3030    27.5799    1446.78    1446.78    -0.7836  1028.2316    34.4697 0.0000e+00
      29396 312.390889  -62.15468  -58.39548     -0.978    1448.49    134.000    132.671    -0.7797    -0.7792     0.0005    -0.7836    -0.7831     0.0005   2.791663   2.791615  -0.000052    34.3027    34.3015     7.4565    27.5797    27.5787    34.3030    27.5799    1446.76    1446.76    -0.7835  1028.2268    34.4698 0.0000e+00
      29422 312.390901  -62.15468  -58.39547     -0.940    1448.49    133.000    131.681    -0.7787    -0.7786     0.0001    -0.7826    -0.7825     0.0001   2.791692   2.791626  -0.000066    34.3026    34.3015     7.4609    27.5796    27.5787    34.3030    27.5799    1446.75    1446.75    -0.7825  1028.2220    34.4697 0.0000e+00
      29449 312.390914  -62.15468  -58.39546     -0.895    1448.49    132.000    130.692    -0.7731    -0.7758    -0.0027    -0.7769    -0.7796    -0.0027   2.792154   2.791816  -0.000315    34.3024    34.3012     7.4538    27.5792    27.5783    34.3035    27.5800    1446.76    1446.75    -0.7768  1028.2173    34.4702 0.0000e+00
      29477 312.390928  -62.15468  -58.39544     -0.866    1448.49    131.000    129.702    -0.7673    -0.7693    -0.0021    -0.7711    -0.7731    -0.0021   2.792534   2.792287  -0.000266    34.3019    34.3007     7.4361    27.5786    27.5776    34.3026    27.5791    1446.77    1446.76    -0.7710  1028.2116    34.4693 0.0000e+00
      29504 312.390941  -62.15468  -58.39544     -0.875    1448.49    130.000    128.712    -0.7643    -0.7648    -0.0004    -0.7681    -0.7685    -0.0004   2.792767   2.792622  -0.000137    34.3021    34.3007     7.4398    27.5786    27.5775    34.3031    27.5794    1446.77    1446.76    -0.7680  1028.2070    34.4698 0.0000e+00
      29531 312.390954  -62.15468  -58.39542     -0.898    1448.49    129.000    127.722    -0.7579    -0.7608    -0.0029    -0.7617    -0.7645    -0.0029   2.793254   2.792904  -0.000334    34.3018    34.3005     7.4460    27.5781    27.5772    34.3029    27.5790    1446.79    1446.77    -0.7616  1028.2018    34.4696 0.0000e+00
      29558 312.390967  -62.15468  -58.39541     -0.892    1448.49    128.000    126.732    -0.7521    -0.7538    -0.0017    -0.7559    -0.7575    -0.0017   2.793623   2.793390  -0.000238    34.3011    34.2997     7.4491    27.5772    27.5762    34.3020    27.5780    1446.79    1446.78    -0.7558  1028.1960    34.4687 0.0000e+00
      29585 312.390980  -62.15468  -58.39540     -0.880    1448.49    127.000    125.743    -0.7493    -0.7502    -0.0009    -0.7530    -0.7539    -0.0009   2.793786   2.793636  -0.000163    34.3007    34.2996     7.4488    27.5768    27.5759    34.3016    27.5775    1446.79    1446.78    -0.7529  1028.1908    34.4682 0.0000e+00
      29613 312.390994  -62.15468  -58.39540     -0.862    1448.49    126.000    124.753    -0.7493    -0.7494    -0.0001    -0.7530    -0.7531    -0.0001   2.793741   2.793642  -0.000109    34.3011    34.2997     7.4502    27.5771    27.5760    34.3016    27.5776    1446.77    1446.77    -0.7529  1028.1860    34.4683 0.0000e+00
      29641 312.391007  -62.15468  -58.39539     -0.867    1448.49    125.000    123.763    -0.7511    -0.7496     0.0015    -0.7547    -0.7532     0.0015   2.793508   2.793562   0.000045    34.3008    34.2998     7.4432    27.5770    27.5761    34.3011    27.5772    1446.75    1446.75    -0.7546  1028.1809    34.4678 0.0000e+00
      29667 312.391020  -62.15468  -58.39538     -0.893    1448.49    124.000    122.773    -0.7504    -0.7501     0.0002    -0.7540    -0.7538     0.0002   2.793542   2.793450  -0.000081    34.3008    34.2994     7.4475    27.5769    27.5758    34.3014    27.5774    1446.73    1446.73    -0.7539  1028.1763    34.4680 0.0000e+00
      29693 312.391032  -62.15468  -58.39536     -0.929    1448.49    123.000    121.783    -0.7476    -0.7481    -0.0005    -0.7512    -0.7517    -0.0005   2.793689   2.793577  -0.000116    34.3002    34.2993     7.4456    27.5764    27.5756    34.3009    27.5769    1446.73    1446.73    -0.7511  1028.1709    34.4675 0.0000e+00
      29718 312.391044  -62.15468  -58.39536     -0.954    1448.49    122.000    120.794    -0.7453    -0.7462    -0.0009    -0.7489    -0.7498    -0.0009   2.793838   2.793668  -0.000161    34.3002    34.2990     7.4442    27.5762    27.5753    34.3009    27.5768    1446.72    1446.72    -0.7488  1028.1661    34.4675 0.0000e+00
      29742 312.391056  -62.15468  -58.39534     -0.966    1448.49    121.000    119.804    -0.7421    -0.7432    -0.0010    -0.7457    -0.7467    -0.0010   2.794064   2.793873  -0.000200    34.3002    34.2987     7.4420    27.5761    27.5749    34.3009    27.5767    1446.72    1446.72    -0.7456  1028.1612    34.4676 0.0000e+00
      29767 312.391068  -62.15468  -58.39534     -0.965    1448.49    120.000    118.814    -0.7365    -0.7390    -0.0025    -0.7400    -0.7425    -0.0025   2.794526   2.794170  -0.000322    34.3001    34.2985     7.4545    27.5758    27.5746    34.3014    27.5768    1446.73    1446.72    -0.7399  1028.1565    34.4680 0.0000e+00
      29793 312.391080  -62.15468  -58.39532     -0.960    1448.49    119.000    117.824    -0.7290    -0.7320    -0.0030    -0.7325    -0.7355    -0.0030   2.795040   2.794680  -0.000366    34.2995    34.2979     7.4502    27.5750    27.5738    34.3005    27.5758    1446.75    1446.74    -0.7324  1028.1507    34.4671 0.0000e+00
      29818 312.391092  -62.15468  -58.39532     -0.952    1448.49    118.000    116.834    -0.7269    -0.7273    -0.0004    -0.7303    -0.7307    -0.0004   2.795150   2.795015  -0.000151    34.2995    34.2979     7.4569    27.5749    27.5736    34.3002    27.5755    1446.75    1446.74    -0.7303  1028.1455    34.4668 0.0000e+00
      29843 312.391104  -62.15466  -58.39530     -0.948    1448.49    117.000    115.844    -0.7246    -0.7268    -0.0023    -0.7280    -0.7303    -0.0023   2.795305   2.795023  -0.000273    34.2993    34.2982     7.4585    27.5747    27.5739    34.3003    27.5755    1446.74    1446.73    -0.7279  1028.1407    34.4669 0.0000e+00
      29869 312.391117  -62.15466  -58.39530     -0.941    1448.49    116.000    114.854    -0.7219    -0.7232    -0.0013    -0.7253    -0.7266    -0.0013   2.795468   2.795271  -0.000202    34.2993    34.2980     7.4510    27.5745    27.5736    34.3001    27.5752    1446.74    1446.73    -0.7252  1028.1357    34.4667 0.0000e+00
      29895 312.391129  -62.15466  -58.39529     -0.926    1448.49    115.000    113.865    -0.7205    -0.7209    -0.0004    -0.7238    -0.7243    -0.0004   2.795532   2.795407  -0.000132    34.2993    34.2980     7.4466    27.5744    27.5734    34.2999    27.5750    1446.73    1446.72    -0.7238  1028.1306    34.4665 0.0000e+00
      29922 312.391142  -62.15466  -58.39528     -0.903    1448.49    114.000    112.875    -0.7201    -0.7197     0.0004    -0.7235    -0.7231     0.0004   2.795500   2.795444  -0.000061    34.2992    34.2979     7.4448    27.5743    27.5733    34.2997    27.5748    1446.71    1446.71    -0.7234  1028.1257    34.4663 0.0000e+00
      29949 312.391155  -62.15466  -58.39527     -0.888    1448.49    113.000    111.885    -0.7195    -0.7190     0.0005    -0.7228    -0.7223     0.0005   2.795499   2.795438  -0.000062    34.2991    34.2977     7.4410    27.5742    27.5731    34.2996    27.5747    1446.70    1446.70    -0.7227  1028.1208    34.4661 0.0000e+00
      29976 312.391168  -62.15466  -58.39526     -0.890    1448.49    112.000    110.895    -0.7187    -0.7184     0.0003    -0.7220    -0.7217     0.0003   2.795495   2.795437  -0.000062    34.2989    34.2977     7.4405    27.5741    27.5731    34.2993    27.5744    1446.69    1446.69    -0.7219  1028.1157    34.4658 0.0000e+00
      30001 312.391180  -62.15466  -58.39525     -0.921    1448.49    111.000    109.905    -0.7173    -0.7175    -0.0001    -0.7206    -0.7207    -0.0001   2.795567   2.795454  -0.000108    34.2987    34.2974     7.4460    27.5739    27.5728    34.2993    27.5744    1446.68    1446.67    -0.7205  1028.1109    34.4658 0.0000e+00
      30025 312.391192  -62.15466  -58.39524     -0.989    1448.49    110.000    108.915    -0.7143    -0.7159    -0.0017    -0.7175    -0.7191    -0.0017   2.795752   2.795516  -0.000223    34.2984    34.2972     7.4588    27.5734    27.5726    34.2990    27.5740    1446.67    1446.66    -0.7175  1028.1057    34.4655 0.0000e+00
      30049 312.391204  -62.15466  -58.39523     -1.003    1448.49    109.000    107.926    -0.7100    -0.7118    -0.0018    -0.7132    -0.7150    -0.0018   2.796028   2.795784  -0.000244    34.2977    34.2964     7.4514    27.5727    27.5717    34.2985    27.5734    1446.68    1446.67    -0.7131  1028.1003    34.4650 0.0000e+00
      30075 312.391216  -62.15466  -58.39522     -0.952    1448.49    108.000    106.936    -0.7081    -0.7092    -0.0011    -0.7113    -0.7124    -0.0011   2.796095   2.795928  -0.000173    34.2973    34.2963     7.4524    27.5724    27.5715    34.2979    27.5728    1446.67    1446.66    -0.7112  1028.0949    34.4643 0.0000e+00
      30104 312.391230  -62.15466  -58.39520     -0.859    1448.49    107.000    105.946    -0.7074    -0.7084    -0.0010    -0.7105    -0.7115    -0.0010   2.796050   2.795919  -0.000135    34.2967    34.2959     7.4484    27.5718    27.5712    34.2971    27.5721    1446.65    1446.65    -0.7105  1028.0894    34.4635 0.0000e+00
      30132 312.391244  -62.15466  -58.39519     -0.835    1448.49    106.000    104.956    -0.7071    -0.7064     0.0007    -0.7102    -0.7095     0.0007   2.796022   2.795986  -0.000045    34.2965    34.2952     7.4464    27.5717    27.5705    34.2969    27.5720    1446.64    1446.64    -0.7101  1028.0845    34.4634 0.0000e+00
      30161 312.391258  -62.15466  -58.39518     -0.830    1448.49    105.000    103.966    -0.7076    -0.7064     0.0012    -0.7107    -0.7094     0.0012   2.795865   2.795896   0.000020    34.2960    34.2948     7.4437    27.5712    27.5703    34.2960    27.5713    1446.62    1446.62    -0.7106  1028.0790    34.4624 0.0000e+00
      30191 312.391272  -62.15466  -58.39518     -0.814    1448.49    104.000    102.976    -0.7098    -0.7082     0.0016    -0.7128    -0.7112     0.0016   2.795603   2.795660   0.000052    34.2955    34.2944     7.4480    27.5710    27.5700    34.2956    27.5710    1446.59    1446.60    -0.7128  1028.0739    34.4619 0.0000e+00
      30220 312.391286  -62.15466  -58.39516     -0.817    1448.49    103.000    101.986    -0.7134    -0.7117     0.0017    -0.7165    -0.7148     0.0017   2.795195   2.795243   0.000047    34.2953    34.2940     7.4581    27.5709    27.5698    34.2949    27.5706    1446.56    1446.56    -0.7164  1028.0687    34.4612 0.0000e+00
      30248 312.391300  -62.15466  -58.39514     -0.845    1448.49    102.000    100.996    -0.7199    -0.7155     0.0044    -0.7229    -0.7185     0.0044   2.794445   2.794810   0.000351    34.2933    34.2931     7.4557    27.5696    27.5692    34.2927    27.5690    1446.51    1446.53    -0.7228  1028.0625    34.4590 0.0000e+00
      30273 312.391312  -62.15466  -58.39514     -0.923    1448.49    101.000    100.006    -0.7199    -0.7191     0.0009    -0.7229    -0.7220     0.0009   2.794343   2.794379   0.000046    34.2920    34.2917     7.4667    27.5685    27.5682    34.2919    27.5685    1446.49    1446.49    -0.7228  1028.0571    34.4582 0.0000e+00
      30298 312.391324  -62.15466  -58.39514     -0.948    1448.49    100.000     99.017    -0.7191    -0.7185     0.0006    -0.7220    -0.7214     0.0006   2.794338   2.794328  -0.000007    34.2917    34.2909     7.4794    27.5682    27.5675    34.2915    27.5681    1446.48    1446.48    -0.7219  1028.0520    34.4578 0.0000e+00
      30324 312.391336  -62.15466  -58.39512     -0.939    1448.49     99.000     98.026    -0.7192    -0.7184     0.0008    -0.7221    -0.7213     0.0008   2.794262   2.794252  -0.000015    34.2915    34.2904     7.4789    27.5681    27.5671    34.2913    27.5679    1446.46    1446.46    -0.7220  1028.0470    34.4576 0.0000e+00
      30352 312.391350  -62.15464  -58.39511     -0.893    1448.49     98.000     97.037    -0.7209    -0.7189     0.0020    -0.7237    -0.7218     0.0019   2.794068   2.794144   0.000071    34.2915    34.2902     7.4823    27.5682    27.5671    34.2912    27.5679    1446.44    1446.44    -0.7237  1028.0421    34.4574 0.0000e+00
      30379 312.391363  -62.15464  -58.39510     -0.871    1448.49     97.000     96.047    -0.7226    -0.7209     0.0017    -0.7254    -0.7237     0.0017   2.793871   2.793940   0.000072    34.2913    34.2903     7.4964    27.5681    27.5672    34.2911    27.5679    1446.41    1446.42    -0.7254  1028.0374    34.4573 0.0000e+00
      30407 312.391376  -62.15464  -58.39509     -0.878    1448.49     96.000     95.057    -0.7231    -0.7216     0.0015    -0.7258    -0.7244     0.0015   2.793788   2.793831   0.000044    34.2913    34.2902     7.4953    27.5681    27.5671    34.2911    27.5679    1446.39    1446.40    -0.7258  1028.0326    34.4573 0.0000e+00
      30436 312.391391  -62.15464  -58.39508     -0.827    1448.49     95.000     94.067    -0.7230    -0.7220     0.0010    -0.7257    -0.7247     0.0010   2.793757   2.793745  -0.000009    34.2913    34.2900     7.5008    27.5680    27.5670    34.2912    27.5680    1446.38    1446.38    -0.7257  1028.0278    34.4574 0.0000e+00
      30466 312.391405  -62.15464  -58.39506     -0.797    1448.49     94.000     93.077    -0.7224    -0.7218     0.0006    -0.7251    -0.7245     0.0006   2.793767   2.793718  -0.000047    34.2913    34.2901     7.5042    27.5681    27.5670    34.2912    27.5680    1446.36    1446.37    -0.7251  1028.0231    34.4574 0.0000e+00
      30493 312.391418  -62.15464  -58.39505     -0.853    1448.49     93.000     92.087    -0.7223    -0.7215     0.0007    -0.7250    -0.7242     0.0007   2.793702   2.793683  -0.000017    34.2910    34.2899     7.5024    27.5678    27.5669    34.2909    27.5677    1446.35    1446.35    -0.7249  1028.0180    34.4571 0.0000e+00
