Pos-Processados/process_op42/Processamento_split/up/uoperantar42_020.cnv
* Sea-Bird SBE 9 Data File:
* FileName = C:\Users\Hidrografia\Desktop\OPXLII\Brutos\OP42020.hdr
* Software Version Seasave V 7.26.7.107
* Temperature SN = 6502
* Conductivity SN = 4998
* Number of Bytes Per Scan = 37
* Number of Voltage Words = 4
* Number of Scans Averaged by the Deck Unit = 1
* NMEA Latitude = 62 08.28 S
* NMEA Longitude = 058 26.46 W
* NMEA UTC (Time) = Nov 07 2023 17:35:19
* NMEA baud rate = 4800
** H41
** NPOALTEMAXIMIANO
** NUMERO DA ESTACAO (XXX) 020
** LAT (XX XX.XX S/N) 62 08.46 S
** LONG (XXX XX.XX W/E) 058 26.12 W
** DATAHORA (dd/mm/aaaa hh:mm Z) 07/11/2023 1734Z
** PROFUNDIDADE (m) 423
** OPERADOR CT FILIPE LOPES
# nquan = 30
# nvalues = 372                         
# units = specified
# name 0 = scan: Scan Count
# name 1 = timeJ: Julian Days
# name 2 = latitude: Latitude [deg]
# name 3 = longitude: Longitude [deg]
# name 4 = dz/dtM: Descent Rate [m/s]
# name 5 = avgsvCM: Average Sound Velocity [Chen-Millero, m/s]
# name 6 = prDM: Pressure, Digiquartz [db]
# name 7 = depSM: Depth [salt water, m]
# name 8 = t090C: Temperature [ITS-90, deg C]
# name 9 = t190C: Temperature, 2 [ITS-90, deg C]
# name 10 = T2-T190C: Temperature Difference, 2 - 1 [ITS-90, deg C]
# name 11 = potemp090C: Potential Temperature [ITS-90, deg C]
# name 12 = potemp190C: Potential Temperature, 2 [ITS-90, deg C]
# name 13 = potemp90Cdiff: Potential Temperature, Diff, 2 - 1 [ITS-90, deg C]
# name 14 = c0S/m: Conductivity [S/m]
# name 15 = c1S/m: Conductivity, 2 [S/m]
# name 16 = C2-C1S/m: Conductivity Difference, 2 - 1 [S/m]
# name 17 = sal00: Salinity, Practical [PSU]
# name 18 = sal11: Salinity, Practical, 2 [PSU]
# name 19 = sbeox0ML/L: Oxygen, SBE 43 [ml/l]
# name 20 = sigma-é00: Density [sigma-theta, kg/m^3]
# name 21 = sigma-é11: Density, 2 [sigma-theta, kg/m^3]
# name 22 = sal00: Salinity, Practical [PSU]
# name 23 = sigma-é00: Density [sigma-theta, kg/m^3]
# name 24 = svCM: Sound Velocity [Chen-Millero, m/s]
# name 25 = svCM1: Sound Velocity, 2 [Chen-Millero, m/s]
# name 26 = gsw_ptA0: potential temperature [ITS-90, deg C]
# name 27 = gsw_densityA0: density, TEOS-10 [density, kg/m^3]
# name 28 = gsw_saA0: Absolute Salinity [g/kg]
# name 29 = flag:
# span 0 =      18612,      29750       
# span 1 = 311.741834, 311.747206       
# span 2 =  -62.14048,  -62.13966       
# span 3 =  -58.44190,  -58.44138       
# span 4 =     -1.150,     -0.181       
# span 5 =    1448.48,    1448.49       
# span 6 =      3.000,    374.000       
# span 7 =      2.979,    370.075       
# span 8 =    -0.8345,    -0.4628       
# span 9 =    -0.8341,    -0.4626       
# span 10 =    -0.0282,     0.0118      
# span 11 =    -0.8390,    -0.4709      
# span 12 =    -0.8386,    -0.4732      
# span 13 =    -0.0282,     0.0118      
# span 14 =   2.788274,   2.838221      
# span 15 =   2.788274,   2.838164      
# span 16 =  -0.002443,   0.000800      
# span 17 =    34.2770,    34.4251      
# span 18 =    34.2778,    34.4242      
# span 19 =     6.5095,     7.5906      
# span 20 =    27.5462,    27.6655      
# span 21 =    27.5471,    27.6647      
# span 22 =    34.2799,    34.4253      
# span 23 =    27.5482,    27.6656      
# span 24 =    1445.53,    1452.31      
# span 25 =    1445.52,    1452.31      
# span 26 =    -0.8388,    -0.4709      
# span 27 =  1027.5669,  1029.4527      
# span 28 =    34.4436,    34.5936      
# span 29 = 0.0000e+00, 0.0000e+00      
# interval = decibars: 1                
# start_time = Nov 07 2023 17:35:19 [NMEA time, header]
# bad_flag = -9.990e-29
*END*
      18612 311.741834  -62.13966  -58.44138     -0.311    1448.49    374.000    370.075    -0.4640    -0.4640    -0.0000    -0.4768    -0.4768    -0.0000   2.838190   2.838089  -0.000087    34.4251    34.4240     6.5170    27.6655    27.6646    34.4253    27.6656    1452.31    1452.31    -0.4766  1029.4527    34.5936 0.0000e+00
      18656 311.741855  -62.13966  -58.44138     -0.476    1448.48    373.000    369.090    -0.4628    -0.4626     0.0002    -0.4755    -0.4754     0.0002   2.838221   2.838164  -0.000052    34.4251    34.4242     6.5095    27.6654    27.6647    34.4249    27.6653    1452.30    1452.30    -0.4753  1029.4475    34.5932 0.0000e+00
      18700 311.741876  -62.13966  -58.44138     -0.540    1448.48    372.000    368.098    -0.4663    -0.4653     0.0010    -0.4790    -0.4780     0.0010   2.837830   2.837874   0.000038    34.4245    34.4239     6.5114    27.6651    27.6645    34.4242    27.6649    1452.27    1452.27    -0.4788  1029.4424    34.5925 0.0000e+00
      18737 311.741894  -62.13966  -58.44138     -0.635    1448.48    371.000    367.111    -0.4678    -0.4659     0.0019    -0.4805    -0.4786     0.0019   2.837655   2.837760   0.000106    34.4244    34.4237     6.5160    27.6651    27.6644    34.4242    27.6649    1452.25    1452.25    -0.4803  1029.4378    34.5925 0.0000e+00
      18771 311.741911  -62.13966  -58.44138     -0.697    1448.48    370.000    366.122    -0.4677    -0.4674     0.0003    -0.4803    -0.4800     0.0003   2.837637   2.837566  -0.000057    34.4245    34.4234     6.5175    27.6652    27.6643    34.4244    27.6651    1452.23    1452.23    -0.4801  1029.4307    34.5897 0.0000e+00
      18803 311.741926 -9.990e-29  -58.44138     -0.736    1448.48    369.000    365.134    -0.4680    -0.4685    -0.0004    -0.4807    -0.4811    -0.0004   2.837539   2.837405  -0.000135    34.4244    34.4231     6.5198    27.6651    27.6640    34.4241    27.6649    1452.21    1452.21    -0.4804  1029.4234    34.5865 0.0000e+00
      18833 311.741941 -9.990e-29  -58.44139     -0.777    1448.48    368.000    364.145    -0.4692    -0.4686     0.0006    -0.4817    -0.4811     0.0006   2.837375   2.837361  -0.000015    34.4239    34.4230     6.5195    27.6647    27.6640    34.4238    27.6647    1452.19    1452.19    -0.4815  1029.4185    34.5861 0.0000e+00
      18862 311.741955  -62.13968  -58.44140     -0.822    1448.48    367.000    363.157    -0.4689    -0.4681     0.0008    -0.4815    -0.4806     0.0008   2.837357   2.837364   0.000005    34.4241    34.4232     6.5136    27.6649    27.6641    34.4239    27.6647    1452.17    1452.18    -0.4812  1029.4148    34.5875 0.0000e+00
      18891 311.741969  -62.13968  -58.44140     -0.840    1448.48    366.000    362.168    -0.4690    -0.4684     0.0007    -0.4815    -0.4808     0.0007   2.837312   2.837295  -0.000013    34.4241    34.4231     6.5283    27.6649    27.6641    34.4240    27.6648    1452.16    1452.16    -0.4813  1029.4139    34.5923 0.0000e+00
      18921 311.741983  -62.13968  -58.44140     -0.811    1448.48    365.000    361.179    -0.4690    -0.4684     0.0006    -0.4815    -0.4809     0.0006   2.837261   2.837242  -0.000017    34.4241    34.4232     6.5313    27.6649    27.6641    34.4240    27.6648    1452.14    1452.14    -0.4812  1029.4092    34.5922 0.0000e+00
      18952 311.741998  -62.13968  -58.44140     -0.781    1448.48    364.000    360.191    -0.4697    -0.4698    -0.0001    -0.4821    -0.4822    -0.0001   2.837121   2.837032  -0.000096    34.4237    34.4226     6.5420    27.6646    27.6637    34.4234    27.6643    1452.12    1452.12    -0.4819  1029.4040    34.5916 0.0000e+00
      18981 311.742012  -62.13968  -58.44140     -0.808    1448.48    363.000    359.202    -0.4711    -0.4705     0.0006    -0.4835    -0.4828     0.0006   2.836915   2.836885  -0.000019    34.4230    34.4220     6.5297    27.6641    27.6633    34.4229    27.6640    1452.10    1452.10    -0.4833  1029.3989    34.5911 0.0000e+00
      19008 311.742025  -62.13968  -58.44140     -0.859    1448.48    362.000    358.213    -0.4715    -0.4705     0.0009    -0.4838    -0.4829     0.0009   2.836824   2.836854   0.000024    34.4228    34.4221     6.5290    27.6640    27.6633    34.4227    27.6638    1452.08    1452.08    -0.4836  1029.3940    34.5909 0.0000e+00
      19036 311.742038  -62.13968  -58.44140     -0.877    1448.48    361.000    357.224    -0.4712    -0.4705     0.0006    -0.4835    -0.4828     0.0006   2.836836   2.836803  -0.000028    34.4232    34.4221     6.5274    27.6643    27.6633    34.4231    27.6642    1452.07    1452.07    -0.4833  1029.3896    34.5914 0.0000e+00
      19069 311.742054  -62.13968  -58.44140     -0.771    1448.48    360.000    356.236    -0.4711    -0.4709     0.0002    -0.4833    -0.4831     0.0002   2.836795   2.836726  -0.000076    34.4232    34.4219     6.5288    27.6643    27.6632    34.4231    27.6641    1452.05    1452.05    -0.4831  1029.3848    34.5913 0.0000e+00
      19101 311.742070  -62.13969  -58.44140     -0.710    1448.48    359.000    355.247    -0.4722    -0.4709     0.0013    -0.4844    -0.4831     0.0013   2.836595   2.836673   0.000076    34.4225    34.4221     6.5238    27.6637    27.6633    34.4223    27.6635    1452.03    1452.03    -0.4842  1029.3795    34.5905 0.0000e+00
      19129 311.742083  -62.13970  -58.44140     -0.831    1448.48    358.000    354.259    -0.4727    -0.4722     0.0004    -0.4848    -0.4844     0.0004   2.836506   2.836468  -0.000034    34.4223    34.4214     6.5232    27.6636    27.6628    34.4222    27.6635    1452.01    1452.01    -0.4846  1029.3747    34.5904 0.0000e+00
      19156 311.742096  -62.13970  -58.44140     -0.889    1448.48    357.000    353.270    -0.4733    -0.4729     0.0004    -0.4854    -0.4850     0.0004   2.836395   2.836342  -0.000055    34.4222    34.4210     6.5293    27.6635    27.6625    34.4220    27.6633    1451.99    1451.99    -0.4852  1029.3698    34.5902 0.0000e+00
      19186 311.742111  -62.13970  -58.44142     -0.818    1448.48    356.000    352.281    -0.4737    -0.4730     0.0007    -0.4858    -0.4851     0.0007   2.836323   2.836286  -0.000038    34.4222    34.4209     6.5409    27.6635    27.6625    34.4221    27.6635    1451.97    1451.97    -0.4856  1029.3652    34.5903 0.0000e+00
      19219 311.742127  -62.13970  -58.44142     -0.732    1448.48    355.000    351.292    -0.4737    -0.4728     0.0009    -0.4858    -0.4849     0.0009   2.836262   2.836252  -0.000009    34.4220    34.4209     6.5334    27.6634    27.6625    34.4219    27.6633    1451.95    1451.96    -0.4855  1029.3603    34.5902 0.0000e+00
      19247 311.742140  -62.13970  -58.44142     -0.808    1448.48    354.000    350.304    -0.4740    -0.4735     0.0005    -0.4860    -0.4855     0.0005   2.836175   2.836158  -0.000015    34.4218    34.4210     6.5365    27.6632    27.6625    34.4216    27.6631    1451.94    1451.94    -0.4858  1029.3553    34.5899 0.0000e+00
      19273 311.742153  -62.13970  -58.44142     -0.900    1448.48    353.000    349.315    -0.4744    -0.4737     0.0007    -0.4863    -0.4856     0.0007   2.836086   2.836082  -0.000010    34.4217    34.4207     6.5421    27.6632    27.6623    34.4215    27.6630    1451.92    1451.92    -0.4861  1029.3505    34.5897 0.0000e+00
      19299 311.742165  -62.13970  -58.44142     -0.940    1448.48    352.000    348.326    -0.4746    -0.4740     0.0006    -0.4865    -0.4859     0.0006   2.836022   2.835996  -0.000023    34.4216    34.4206     6.5445    27.6631    27.6622    34.4215    27.6630    1451.90    1451.90    -0.4863  1029.3458    34.5897 0.0000e+00
      19325 311.742178  -62.13970  -58.44142     -0.931    1448.48    351.000    347.337    -0.4747    -0.4738     0.0009    -0.4866    -0.4857     0.0009   2.835973   2.835972   0.000003    34.4216    34.4206     6.5375    27.6631    27.6622    34.4216    27.6631    1451.88    1451.88    -0.4864  1029.3411    34.5898 0.0000e+00
      19350 311.742190  -62.13970  -58.44142     -0.926    1448.48    350.000    346.349    -0.4744    -0.4735     0.0009    -0.4862    -0.4853     0.0009   2.835952   2.835967   0.000008    34.4217    34.4208     6.5433    27.6631    27.6623    34.4215    27.6630    1451.87    1451.87    -0.4860  1029.3363    34.5897 0.0000e+00
      19375 311.742202  -62.13970  -58.44142     -0.946    1448.48    349.000    345.360    -0.4741    -0.4732     0.0009    -0.4859    -0.4850     0.0009   2.835936   2.835948   0.000016    34.4216    34.4208     6.5481    27.6631    27.6624    34.4216    27.6631    1451.85    1451.86    -0.4857  1029.3316    34.5898 0.0000e+00
      19400 311.742214  -62.13970  -58.44142     -0.972    1448.48    348.000    344.371    -0.4743    -0.4739     0.0004    -0.4861    -0.4857     0.0004   2.835888   2.835837  -0.000046    34.4219    34.4208     6.5388    27.6633    27.6624    34.4218    27.6632    1451.84    1451.84    -0.4859  1029.3270    34.5900 0.0000e+00
      19426 311.742226  -62.13970  -58.44142     -0.957    1448.48    347.000    343.383    -0.4745    -0.4733     0.0012    -0.4863    -0.4851     0.0012   2.835827   2.835870   0.000036    34.4220    34.4210     6.5373    27.6634    27.6626    34.4219    27.6633    1451.82    1451.82    -0.4861  1029.3223    34.5901 0.0000e+00
      19454 311.742240  -62.13970  -58.44142     -0.888    1448.48    346.000    342.394    -0.4742    -0.4732     0.0010    -0.4859    -0.4849     0.0010   2.835825   2.835842   0.000022    34.4220    34.4212     6.5508    27.6634    27.6627    34.4221    27.6634    1451.80    1451.81    -0.4857  1029.3177    34.5903 0.0000e+00
      19481 311.742253  -62.13970  -58.44142     -0.858    1448.48    345.000    341.405    -0.4740    -0.4733     0.0007    -0.4857    -0.4850     0.0007   2.835800   2.835770  -0.000029    34.4222    34.4210     6.5429    27.6635    27.6625    34.4221    27.6635    1451.79    1451.79    -0.4855  1029.3130    34.5903 0.0000e+00
      19505 311.742264  -62.13971  -58.44142     -0.943    1448.48    344.000    340.416    -0.4741    -0.4734     0.0007    -0.4858    -0.4850     0.0007   2.835725   2.835704  -0.000022    34.4219    34.4208     6.5398    27.6633    27.6624    34.4218    27.6632    1451.77    1451.77    -0.4855  1029.3080    34.5900 0.0000e+00
      19527 311.742275  -62.13972  -58.44143     -1.057    1448.48    343.000    339.428    -0.4741    -0.4730     0.0011    -0.4857    -0.4846     0.0011   2.835690   2.835702   0.000012    34.4220    34.4209     6.5324    27.6634    27.6624    34.4220    27.6633    1451.76    1451.76    -0.4855  1029.3034    34.5902 0.0000e+00
      19550 311.742286  -62.13972  -58.44144     -1.062    1448.48    342.000    338.439    -0.4739    -0.4730     0.0008    -0.4855    -0.4846     0.0008   2.835666   2.835667 -8.539e-07    34.4221    34.4211     6.5337    27.6634    27.6626    34.4220    27.6634    1451.74    1451.74    -0.4853  1029.2987    34.5902 0.0000e+00
      19577 311.742299  -62.13972  -58.44144     -0.948    1448.48    341.000    337.450    -0.4743    -0.4735     0.0008    -0.4858    -0.4850     0.0008   2.835575   2.835574  -0.000005    34.4220    34.4210     6.5384    27.6633    27.6625    34.4219    27.6633    1451.72    1451.72    -0.4856  1029.2938    34.5901 0.0000e+00
      19605 311.742313  -62.13972  -58.44144     -0.849    1448.48    340.000    336.461    -0.4750    -0.4737     0.0013    -0.4865    -0.4852     0.0013   2.835449   2.835493   0.000046    34.4217    34.4209     6.5394    27.6632    27.6624    34.4215    27.6630    1451.70    1451.71    -0.4863  1029.2889    34.5898 0.0000e+00
      19631 311.742325  -62.13972  -58.44144     -0.891    1448.48    339.000    335.473    -0.4755    -0.4749     0.0007    -0.4870    -0.4863     0.0007   2.835319   2.835279  -0.000029    34.4212    34.4200     6.5340    27.6628    27.6618    34.4210    27.6626    1451.68    1451.68    -0.4868  1029.2837    34.5892 0.0000e+00
      19653 311.742336  -62.13972  -58.44144     -1.009    1448.48    338.000    334.484    -0.4767    -0.4765     0.0002    -0.4881    -0.4879     0.0002   2.835108   2.835046  -0.000069    34.4204    34.4193     6.5227    27.6622    27.6613    34.4201    27.6619    1451.66    1451.66    -0.4879  1029.2783    34.5883 0.0000e+00
      19674 311.742346  -62.13972  -58.44144     -1.110    1448.48    337.000    333.495    -0.4783    -0.4787    -0.0003    -0.4897    -0.4900    -0.0003   2.834900   2.834733  -0.000145    34.4201    34.4185     6.5325    27.6620    27.6608    34.4198    27.6617    1451.63    1451.63    -0.4895  1029.2733    34.5880 0.0000e+00
      19699 311.742358  -62.13972  -58.44144     -1.058    1448.48    336.000    332.506    -0.4804    -0.4815    -0.0011    -0.4917    -0.4928    -0.0011   2.834616   2.834383  -0.000230    34.4193    34.4175     6.5439    27.6615    27.6600    34.4189    27.6611    1451.61    1451.60    -0.4915  1029.2680    34.5871 0.0000e+00
      19725 311.742371  -62.13972  -58.44144     -0.907    1448.48    335.000    331.517    -0.4818    -0.4822    -0.0004    -0.4930    -0.4934    -0.0004   2.834425   2.834275  -0.000157    34.4188    34.4171     6.5459    27.6611    27.6598    34.4185    27.6609    1451.58    1451.58    -0.4929  1029.2630    34.5867 0.0000e+00
      19748 311.742382  -62.13972  -58.44144     -0.993    1448.48    334.000    330.529    -0.4821    -0.4821     0.0000    -0.4933    -0.4933     0.0000   2.834308   2.834218  -0.000100    34.4183    34.4170     6.5488    27.6608    27.6597    34.4179    27.6604    1451.57    1451.56    -0.4931  1029.2579    34.5861 0.0000e+00
      19771 311.742393  -62.13972  -58.44144     -1.022    1448.48    333.000    329.539    -0.4844    -0.4840     0.0005    -0.4957    -0.4952     0.0005   2.833980   2.833941  -0.000032    34.4173    34.4163     6.5643    27.6600    27.6592    34.4167    27.6596    1451.54    1451.54    -0.4954  1029.2523    34.5849 0.0000e+00
      19792 311.742403  -62.13972  -58.44144     -1.092    1448.48    332.000    328.551    -0.4846    -0.4838     0.0008    -0.4957    -0.4950     0.0008   2.833926   2.833928  -0.000007    34.4171    34.4161     6.5711    27.6599    27.6590    34.4168    27.6596    1451.52    1451.52    -0.4956  1029.2476    34.5850 0.0000e+00
      19813 311.742413  -62.13972  -58.44144     -1.150    1448.48    331.000    327.562    -0.4846    -0.4843     0.0003    -0.4958    -0.4954     0.0003   2.833889   2.833837  -0.000043    34.4173    34.4163     6.5651    27.6600    27.6592    34.4170    27.6598    1451.50    1451.50    -0.4955  1029.2430    34.5852 0.0000e+00
      19843 311.742428  -62.13972  -58.44145     -0.918    1448.48    330.000    326.573    -0.4852    -0.4847     0.0005    -0.4963    -0.4958     0.0005   2.833827   2.833765  -0.000066    34.4176    34.4161     6.5698    27.6603    27.6591    34.4174    27.6601    1451.49    1451.48    -0.4961  1029.2386    34.5855 0.0000e+00
      19884 311.742448  -62.13973  -58.44146     -0.573    1448.48    329.000    325.584    -0.4852    -0.4843     0.0010    -0.4963    -0.4954     0.0010   2.833783   2.833762  -0.000024    34.4176    34.4163     6.5793    27.6603    27.6592    34.4175    27.6602    1451.47    1451.47    -0.4961  1029.2339    34.5857 0.0000e+00
      19919 311.742464  -62.13974  -58.44146     -0.667    1448.48    328.000    324.595    -0.4867    -0.4856     0.0011    -0.4977    -0.4966     0.0011   2.833517   2.833557   0.000038    34.4165    34.4158     6.5756    27.6595    27.6589    34.4161    27.6592    1451.44    1451.45    -0.4975  1029.2281    34.5843 0.0000e+00
      19945 311.742477  -62.13974  -58.44146     -0.828    1448.48    327.000    323.607    -0.4875    -0.4864     0.0011    -0.4985    -0.4974     0.0011   2.833385   2.833419   0.000027    34.4162    34.4153     6.5741    27.6592    27.6585    34.4159    27.6590    1451.42    1451.43    -0.4983  1029.2233    34.5841 0.0000e+00
