Pos-Processados/process_op42/Processamento_split/up/uoperantar42_026.cnv
* Sea-Bird SBE 9 Data File:
* FileName = C:\Users\Hidrografia\Desktop\OPXLII\Brutos\OP42026.hdr
* Software Version Seasave V 7.26.7.107
* Temperature SN = 6502
* Conductivity SN = 4998
* Number of Bytes Per Scan = 37
* Number of Voltage Words = 4
* Number of Scans Averaged by the Deck Unit = 1
* NMEA Latitude = 62 13.40 S
* NMEA Longitude = 058 12.50 W
* NMEA UTC (Time) = Nov 08 2023 16:16:15
* NMEA baud rate = 4800
** H41
** NPOALTEMAXIMIANO
** NUMERO DA ESTACAO (XXX) 026
** LAT (XX XX.XX S/N) 62  13.401 S
** LONG (XXX XX.XX W/E) 058  12.553 W
** DATAHORA (dd/mm/aaaa hh:mm Z) 08/11/2023 1615Z
** PROFUNDIDADE (m) 390
** OPERADOR 1T ZAMITH
# nquan = 30
# nvalues = 358                         
# units = specified
# name 0 = scan: Scan Count
# name 1 = timeJ: Julian Days
# name 2 = latitude: Latitude [deg]
# name 3 = longitude: Longitude [deg]
# name 4 = dz/dtM: Descent Rate [m/s]
# name 5 = avgsvCM: Average Sound Velocity [Chen-Millero, m/s]
# name 6 = prDM: Pressure, Digiquartz [db]
# name 7 = depSM: Depth [salt water, m]
# name 8 = t090C: Temperature [ITS-90, deg C]
# name 9 = t190C: Temperature, 2 [ITS-90, deg C]
# name 10 = T2-T190C: Temperature Difference, 2 - 1 [ITS-90, deg C]
# name 11 = potemp090C: Potential Temperature [ITS-90, deg C]
# name 12 = potemp190C: Potential Temperature, 2 [ITS-90, deg C]
# name 13 = potemp90Cdiff: Potential Temperature, Diff, 2 - 1 [ITS-90, deg C]
# name 14 = c0S/m: Conductivity [S/m]
# name 15 = c1S/m: Conductivity, 2 [S/m]
# name 16 = C2-C1S/m: Conductivity Difference, 2 - 1 [S/m]
# name 17 = sal00: Salinity, Practical [PSU]
# name 18 = sal11: Salinity, Practical, 2 [PSU]
# name 19 = sbeox0ML/L: Oxygen, SBE 43 [ml/l]
# name 20 = sigma-é00: Density [sigma-theta, kg/m^3]
# name 21 = sigma-é11: Density, 2 [sigma-theta, kg/m^3]
# name 22 = sal00: Salinity, Practical [PSU]
# name 23 = sigma-é00: Density [sigma-theta, kg/m^3]
# name 24 = svCM: Sound Velocity [Chen-Millero, m/s]
# name 25 = svCM1: Sound Velocity, 2 [Chen-Millero, m/s]
# name 26 = gsw_ptA0: potential temperature [ITS-90, deg C]
# name 27 = gsw_densityA0: density, TEOS-10 [density, kg/m^3]
# name 28 = gsw_saA0: Absolute Salinity [g/kg]
# name 29 = flag:
# span 0 =      14726,      29833       
# span 1 = 312.685053, 312.692338       
# span 2 =  -62.22512,  -62.22438       
# span 3 =  -58.20132,  -58.19243       
# span 4 =     -1.350,     -0.166       
# span 5 =    1448.69,    1448.69       
# span 6 =      8.000,    365.000       
# span 7 =      7.927,    361.170       
# span 8 =    -0.9187,    -0.4847       
# span 9 =    -0.9162,    -0.4840       
# span 10 =    -0.0123,     0.0772      
# span 11 =    -0.9194,    -0.4961      
# span 12 =    -0.9168,    -0.4959      
# span 13 =    -0.0123,     0.0771      
# span 14 =   2.773009,   2.832027      
# span 15 =   2.773127,   2.831954      
# span 16 =  -0.001125,   0.006599      
# span 17 =    34.2757,    34.3730      
# span 18 =    34.2750,    34.3720      
# span 19 =     6.8518,     7.7605      
# span 20 =    27.5623,    27.6243      
# span 21 =    27.5613,    27.6235      
# span 22 =    34.2742,    34.3733      
# span 23 =    27.5586,    27.6245      
# span 24 =    1444.16,    1451.95      
# span 25 =    1444.16,    1451.96      
# span 26 =    -0.9194,    -0.4960      
# span 27 =  1027.6060,  1029.3664      
# span 28 =    34.4397,    34.5410      
# span 29 = 0.0000e+00, 0.0000e+00      
# interval = decibars: 1                
# start_time = Nov 08 2023 16:16:15 [NMEA time, header]
# bad_flag = -9.990e-29
*END*
[from data line 49]
      16126 312.685728  -62.22448  -58.20052     -0.960    1448.69    316.000    312.727    -0.4936    -0.4947    -0.0011    -0.5041    -0.5052    -0.0011   2.828857   2.828644  -0.000204    34.3683    34.3669     6.9481    27.6208    27.6197    34.3687    27.6211    1451.15    1451.14    -0.5039  1029.1333    34.5367 0.0000e+00
      16154 312.685741  -62.22448  -58.20052     -0.886    1448.69    315.000    311.738    -0.4934    -0.4930     0.0005    -0.5039    -0.5035     0.0005   2.828856   2.828778  -0.000085    34.3692    34.3675     6.9380    27.6215    27.6201    34.3691    27.6214    1451.14    1451.14    -0.5037  1029.1289    34.5371 0.0000e+00
      16181 312.685754  -62.22448  -58.20050     -0.869    1448.69    314.000    310.749    -0.4930    -0.4929     0.0001    -0.5035    -0.5034     0.0001   2.828868   2.828772  -0.000091    34.3692    34.3679     6.9464    27.6215    27.6204    34.3694    27.6216    1451.12    1451.12    -0.5033  1029.1244    34.5374 0.0000e+00
      16206 312.685766  -62.22448  -58.20048     -0.921    1448.69    313.000    309.761    -0.4906    -0.4912    -0.0007    -0.5010    -0.5017    -0.0007   2.829066   2.828897  -0.000161    34.3696    34.3682     6.9322    27.6217    27.6206    34.3699    27.6220    1451.12    1451.11    -0.5008  1029.1199    34.5379 0.0000e+00
      16230 312.685778  -62.22448  -58.20046     -0.996    1448.69    312.000    308.771    -0.4902    -0.4901     0.0001    -0.5006    -0.5005     0.0001   2.829065   2.828960  -0.000121    34.3701    34.3684     6.9296    27.6220    27.6207    34.3701    27.6221    1451.10    1451.10    -0.5004  1029.1153    34.5381 0.0000e+00
      16252 312.685788  -62.22448  -58.20044     -1.051    1448.69    311.000    307.783    -0.4896    -0.4888     0.0008    -0.4999    -0.4991     0.0008   2.829147   2.829091  -0.000054    34.3708    34.3692     6.9336    27.6226    27.6213    34.3711    27.6228    1451.09    1451.09    -0.4998  1029.1113    34.5391 0.0000e+00
      16274 312.685799  -62.22450  -58.20044     -1.087    1448.69    310.000    306.794    -0.4889    -0.4882     0.0007    -0.4993    -0.4985     0.0007   2.829168   2.829139  -0.000032    34.3711    34.3699     6.9190    27.6228    27.6218    34.3713    27.6230    1451.08    1451.08    -0.4990  1029.1067    34.5393 0.0000e+00
      16294 312.685809  -62.22450  -58.20043     -1.138    1448.69    309.000    305.805    -0.4887    -0.4884     0.0003    -0.4990    -0.4987     0.0003   2.829141   2.829081  -0.000050    34.3712    34.3701     6.9113    27.6229    27.6220    34.3713    27.6229    1451.06    1451.06    -0.4988  1029.1019    34.5393 0.0000e+00
      16312 312.685818  -62.22450  -58.20041     -1.214    1448.69    308.000    304.816    -0.4897    -0.4892     0.0006    -0.5000    -0.4994     0.0006   2.828993   2.828977  -0.000031    34.3712    34.3702     6.9143    27.6229    27.6220    34.3710    27.6228    1451.04    1451.04    -0.4998  1029.0970    34.5390 0.0000e+00
      16331 312.685827  -62.22450  -58.20040     -1.279    1448.69    307.000    303.827    -0.4894    -0.4882     0.0013    -0.4997    -0.4984     0.0013   2.829030   2.829026 -4.386e-07    34.3715    34.3701     6.9142    27.6232    27.6220    34.3718    27.6234    1451.03    1451.03    -0.4994  1029.0929    34.5398 0.0000e+00
      16351 312.685836  -62.22450  -58.20038     -1.272    1448.69    306.000    302.838    -0.4887    -0.4875     0.0012    -0.4989    -0.4977     0.0012   2.829024   2.829054   0.000027    34.3714    34.3704     6.9015    27.6230    27.6222    34.3714    27.6231    1451.01    1451.02    -0.4987  1029.0878    34.5394 0.0000e+00
      16374 312.685848  -62.22450  -58.20038     -1.127    1448.69    305.000    301.849    -0.4882    -0.4878     0.0004    -0.4983    -0.4979     0.0004   2.829049   2.828982  -0.000056    34.3717    34.3705     6.9058    27.6233    27.6223    34.3718    27.6234    1451.00    1451.00    -0.4981  1029.0833    34.5398 0.0000e+00
      16405 312.685862  -62.22450  -58.20036     -0.848    1448.69    304.000    300.860    -0.4874    -0.4884    -0.0010    -0.4975    -0.4985    -0.0010   2.829069   2.828872  -0.000192    34.3718    34.3703     6.9048    27.6233    27.6221    34.3719    27.6234    1450.99    1450.98    -0.4973  1029.0786    34.5399 0.0000e+00
      16439 312.685879  -62.22450  -58.20035     -0.694    1448.69    303.000    299.871    -0.4866    -0.4876    -0.0010    -0.4967    -0.4977    -0.0010   2.829108   2.828913  -0.000193    34.3719    34.3704     6.8967    27.6233    27.6222    34.3721    27.6235    1450.98    1450.97    -0.4965  1029.0739    34.5401 0.0000e+00
      16467 312.685892  -62.22450  -58.20032     -0.798    1448.69    302.000    298.882    -0.4861    -0.4859     0.0002    -0.4961    -0.4959     0.0002   2.829091   2.829029  -0.000077    34.3720    34.3707     6.9068    27.6234    27.6223    34.3719    27.6233    1450.96    1450.96    -0.4960  1029.0690    34.5399 0.0000e+00
      16488 312.685902  -62.22450  -58.20031     -0.997    1448.69    301.000    297.893    -0.4866    -0.4861     0.0005    -0.4966    -0.4961     0.0005   2.828969   2.828905  -0.000057    34.3714    34.3701     6.9062    27.6229    27.6219    34.3714    27.6229    1450.94    1450.94    -0.4964  1029.0639    34.5394 0.0000e+00
      16507 312.685911  -62.22450  -58.20030     -1.174    1448.69    300.000    296.904    -0.4872    -0.4864     0.0007    -0.4971    -0.4964     0.0007   2.828872   2.828842  -0.000035    34.3713    34.3700     6.8993    27.6229    27.6218    34.3713    27.6229    1450.92    1450.93    -0.4970  1029.0591    34.5393 0.0000e+00
      16526 312.685920  -62.22450  -58.20030     -1.266    1448.69    299.000    295.915    -0.4873    -0.4865     0.0007    -0.4972    -0.4965     0.0007   2.828816   2.828789  -0.000028    34.3714    34.3702     6.9106    27.6229    27.6220    34.3713    27.6229    1450.91    1450.91    -0.4970  1029.0543    34.5393 0.0000e+00
      16546 312.685930  -62.22450  -58.20028     -1.237    1448.69    298.000    294.927    -0.4875    -0.4872     0.0003    -0.4974    -0.4971     0.0003   2.828746   2.828694  -0.000052    34.3713    34.3702     6.9161    27.6229    27.6220    34.3712    27.6228    1450.89    1450.89    -0.4972  1029.0495    34.5392 0.0000e+00
      16571 312.685942  -62.22450  -58.20026     -1.070    1448.69    297.000    293.937    -0.4891    -0.4883     0.0008    -0.4990    -0.4982     0.0008   2.828560   2.828560  -0.000006    34.3715    34.3704     6.9084    27.6231    27.6223    34.3712    27.6229    1450.87    1450.87    -0.4988  1029.0448    34.5392 0.0000e+00
      16596 312.685955  -62.22450  -58.20025     -0.946    1448.69    296.000    292.948    -0.4906    -0.4891     0.0015    -0.5004    -0.4989     0.0015   2.828368   2.828443   0.000057    34.3713    34.3704     6.9081    27.6230    27.6222    34.3709    27.6227    1450.84    1450.85    -0.5002  1029.0399    34.5389 0.0000e+00
      16621 312.685966  -62.22450  -58.20024     -0.957    1448.69    295.000    291.960    -0.4938    -0.4910     0.0028    -0.5036    -0.5008     0.0028   2.828011   2.828194   0.000214    34.3706    34.3703     6.9120    27.6226    27.6223    34.3704    27.6224    1450.81    1450.82    -0.5034  1029.0349    34.5383 0.0000e+00
      16643 312.685977  -62.22452  -58.20022     -1.030    1448.69    294.000    290.970    -0.4955    -0.4962    -0.0007    -0.5052    -0.5059    -0.0007   2.827745   2.827662  -0.000093    34.3701    34.3697     6.9032    27.6223    27.6220    34.3693    27.6216    1450.78    1450.78    -0.5051  1029.0294    34.5373 0.0000e+00
      16665 312.685988  -62.22452  -58.20022     -1.079    1448.69    293.000    289.981    -0.5004    -0.4995     0.0009    -0.5101    -0.5092     0.0009   2.827289   2.827286  -0.000011    34.3700    34.3689     6.9091    27.6224    27.6214    34.3694    27.6219    1450.75    1450.75    -0.5099  1029.0249    34.5373 0.0000e+00
      16689 312.685999  -62.22452  -58.20020     -1.045    1448.69    292.000    288.992    -0.5021    -0.5007     0.0014    -0.5117    -0.5103     0.0014   2.827089   2.827143   0.000053    34.3696    34.3687     6.9143    27.6221    27.6214    34.3691    27.6218    1450.72    1450.73    -0.5115  1029.0201    34.5371 0.0000e+00
      16715 312.686012  -62.22452  -58.20018     -0.961    1448.69    291.000    288.003    -0.5029    -0.5008     0.0021    -0.5125    -0.5104     0.0021   2.826958   2.827084   0.000120    34.3694    34.3686     6.9020    27.6220    27.6213    34.3690    27.6217    1450.70    1450.71    -0.5123  1029.0152    34.5369 0.0000e+00
      16738 312.686023  -62.22452  -58.20016     -0.972    1448.69    290.000    287.015    -0.5039    -0.5023     0.0016    -0.5135    -0.5118     0.0016   2.826813   2.826894   0.000082    34.3691    34.3683     6.9032    27.6218    27.6212    34.3687    27.6215    1450.68    1450.69    -0.5133  1029.0103    34.5367 0.0000e+00
      16759 312.686033  -62.22452  -58.20016     -1.073    1448.69    289.000    286.026    -0.5037    -0.5027     0.0010    -0.5133    -0.5122     0.0010   2.826751   2.826794   0.000044    34.3688    34.3682     6.9150    27.6216    27.6211    34.3683    27.6212    1450.66    1450.67    -0.5131  1029.0052    34.5362 0.0000e+00
      16779 312.686043  -62.22452  -58.20014     -1.160    1448.69    288.000    285.036    -0.5053    -0.5047     0.0006    -0.5148    -0.5142     0.0006   2.826592   2.826559  -0.000030    34.3691    34.3680     6.9171    27.6219    27.6210    34.3686    27.6215    1450.64    1450.64    -0.5146  1029.0008    34.5365 0.0000e+00
      16802 312.686054  -62.22452  -58.20012     -1.146    1448.69    287.000    284.047    -0.5077    -0.5058     0.0018    -0.5172    -0.5153     0.0018   2.826307   2.826408   0.000097    34.3685    34.3677     6.9083    27.6215    27.6208    34.3680    27.6211    1450.61    1450.62    -0.5170  1028.9957    34.5360 0.0000e+00
      16829 312.686067  -62.22452  -58.20012     -0.960    1448.69    286.000    283.058    -0.5072    -0.5039     0.0034    -0.5166    -0.5133     0.0033   2.826307   2.826541   0.000220    34.3684    34.3675     6.9160    27.6214    27.6206    34.3681    27.6211    1450.60    1450.61    -0.5164  1028.9910    34.5360 0.0000e+00
      16862 312.686082  -62.22452  -58.20009     -0.755    1448.69    285.000    282.069    -0.5063    -0.5047     0.0016    -0.5157    -0.5141     0.0016   2.826367   2.826423   0.000065    34.3687    34.3678     6.9171    27.6216    27.6208    34.3684    27.6214    1450.59    1450.59    -0.5155  1028.9865    34.5364 0.0000e+00
      16889 312.686096  -62.22452  -58.20007     -0.814    1448.69    284.000    281.080    -0.5077    -0.5051     0.0026    -0.5171    -0.5145     0.0026   2.826142   2.826317   0.000175    34.3681    34.3675     6.9136    27.6212    27.6206    34.3677    27.6208    1450.56    1450.57    -0.5169  1028.9811    34.5356 0.0000e+00
      16910 312.686106  -62.22452  -58.20006     -0.997    1448.69    283.000    280.091    -0.5107    -0.5129    -0.0022    -0.5200    -0.5222    -0.0022   2.825698   2.825336  -0.000310    34.3669    34.3652     6.9178    27.6203    27.6191    34.3657    27.6194    1450.53    1450.52    -0.5198  1028.9750    34.5336 0.0000e+00
      16930 312.686116  -62.22452  -58.20006     -1.139    1448.69    282.000    279.102    -0.5167    -0.5191    -0.0024    -0.5259    -0.5283    -0.0024   2.824941   2.824581  -0.000380    34.3641    34.3618     6.9225    27.6184    27.6166    34.3629    27.6174    1450.48    1450.47    -0.5257  1028.9682    34.5307 0.0000e+00
      16951 312.686125  -62.22452  -58.20004     -1.190    1448.69    281.000    278.113    -0.5190    -0.5189     0.0001    -0.5282    -0.5281     0.0001   2.824589   2.824528  -0.000070    34.3621    34.3610     6.9186    27.6168    27.6160    34.3614    27.6163    1450.45    1450.45    -0.5280  1028.9624    34.5292 0.0000e+00
      16971 312.686135  -62.22452  -58.20002     -1.182    1448.69    280.000    277.124    -0.5207    -0.5195     0.0012    -0.5299    -0.5287     0.0012   2.824338   2.824437   0.000040    34.3619    34.3610     6.9203    27.6167    27.6159    34.3606    27.6157    1450.43    1450.43    -0.5297  1028.9571    34.5285 0.0000e+00
      16991 312.686145  -62.22452  -58.20001     -1.180    1448.69    279.000    276.135    -0.5282    -0.5244     0.0038    -0.5373    -0.5335     0.0038   2.823559   2.823879   0.000341    34.3606    34.3608     6.9377    27.6160    27.6161    34.3592    27.6149    1450.37    1450.39    -0.5371  1028.9516    34.5271 0.0000e+00
      17013 312.686155  -62.22452  -58.20000     -1.156    1448.69    278.000    275.146    -0.5334    -0.5292     0.0042    -0.5424    -0.5383     0.0042   2.823054   2.823375   0.000330    34.3601    34.3597     6.9597    27.6158    27.6154    34.3589    27.6149    1450.33    1450.35    -0.5423  1028.9463    34.5259 0.0000e+00
      17037 312.686167 -9.990e-29  -58.19999     -1.067    1448.69    277.000    274.157    -0.5373    -0.5334     0.0038    -0.5463    -0.5424     0.0038   2.822696   2.822974   0.000241    34.3600    34.3589     6.9730    27.6160    27.6149    34.3591    27.6152    1450.30    1450.32    -0.5461  1028.9379    34.5212 0.0000e+00
      17063 312.686179 -9.990e-29  -58.19998     -0.960    1448.69    276.000    273.167    -0.5387    -0.5251     0.0136    -0.5477    -0.5341     0.0136   2.822480   2.823733   0.001183    34.3596    34.3600     7.0027    27.6157    27.6154    34.3584    27.6147    1450.27    1450.34    -0.5475  1028.9326    34.5205 0.0000e+00
      17091 312.686193 -9.990e-29  -58.19996     -0.882    1448.69    275.000    272.179    -0.5422    -0.5314     0.0108    -0.5511    -0.5404     0.0108   2.822117   2.823165   0.001050    34.3588    34.3607     7.0413    27.6152    27.6162    34.3581    27.6146    1450.24    1450.29    -0.5510  1028.9278    34.5201 0.0000e+00
      17120 312.686207  -62.22454  -58.19994     -0.815    1448.69    274.000    271.190    -0.5415    -0.5389     0.0026    -0.5504    -0.5478     0.0026   2.822138   2.822310   0.000233    34.3588    34.3590     7.0444    27.6152    27.6152    34.3582    27.6147    1450.23    1450.24    -0.5502  1028.9251    34.5228 0.0000e+00
      17146 312.686220  -62.22454  -58.19992     -0.868    1448.69    273.000    270.201    -0.5419    -0.5410     0.0009    -0.5507    -0.5498     0.0009   2.822009   2.822034   0.000022    34.3583    34.3576     7.0582    27.6148    27.6141    34.3575    27.6141    1450.21    1450.21    -0.5506  1028.9225    34.5254 0.0000e+00
      17168 312.686230  -62.22454  -58.19992     -1.005    1448.69    272.000    269.211    -0.5450    -0.5434     0.0015    -0.5538    -0.5522     0.0015   2.821626   2.821704   0.000107    34.3573    34.3570     7.0646    27.6141    27.6138    34.3565    27.6134    1450.18    1450.18    -0.5536  1028.9170    34.5243 0.0000e+00
      17188 312.686240  -62.22454  -58.19990     -1.134    1448.69    271.000    268.222    -0.5477    -0.5473     0.0005    -0.5565    -0.5561     0.0005   2.821316   2.821282  -0.000037    34.3571    34.3560     7.0591    27.6140    27.6132    34.3561    27.6132    1450.15    1450.15    -0.5563  1028.9121    34.5239 0.0000e+00
      17207 312.686249  -62.22454  -58.19989     -1.207    1448.69    270.000    267.233    -0.5499    -0.5491     0.0008    -0.5587    -0.5579     0.0008   2.821061   2.821064   0.000014    34.3566    34.3558     7.0496    27.6137    27.6131    34.3557    27.6130    1450.12    1450.12    -0.5585  1028.9071    34.5235 0.0000e+00
