Pos-Processados/process_op42/Processamento_split/up/uoperantar42_033.cnv
* Sea-Bird SBE 9 Data File:
* FileName = C:\Users\Hidrografia\Desktop\OPXLII\Brutos\OP42033.hdr
* Software Version Seasave V 7.26.7.107
* Temperature SN = 6502
* Conductivity SN = 4998
* Number of Bytes Per Scan = 37
* Number of Voltage Words = 4
* Number of Scans Averaged by the Deck Unit = 1
* NMEA Latitude = 62 08.12 S
* NMEA Longitude = 058 26.48 W
* NMEA UTC (Time) = Nov 09 2023 08:06:12
* NMEA baud rate = 4800
** H41
** NPOALTEMAXIMIANO
** NUMERO DA ESTACAO (XXX) 033
** LAT (XX XX.XX S/N) 62 08.10 S
** LONG (XXX XX.XX W/E) 058 26.50 W
** DATAHORA (dd/mm/aaaa hh:mm Z) 09/11/2023 0805Z
** PROFUNDIDADE (m) 423
** OPERADOR CT FABIREZA
# nquan = 30
# nvalues = 397                         
# units = specified
# name 0 = scan: Scan Count
# name 1 = timeJ: Julian Days
# name 2 = latitude: Latitude [deg]
# name 3 = longitude: Longitude [deg]
# name 4 = dz/dtM: Descent Rate [m/s]
# name 5 = avgsvCM: Average Sound Velocity [Chen-Millero, m/s]
# name 6 = prDM: Pressure, Digiquartz [db]
# name 7 = depSM: Depth [salt water, m]
# name 8 = t090C: Temperature [ITS-90, deg C]
# name 9 = t190C: Temperature, 2 [ITS-90, deg C]
# name 10 = T2-T190C: Temperature Difference, 2 - 1 [ITS-90, deg C]
# name 11 = potemp090C: Potential Temperature [ITS-90, deg C]
# name 12 = potemp190C: Potential Temperature, 2 [ITS-90, deg C]
# name 13 = potemp90Cdiff: Potential Temperature, Diff, 2 - 1 [ITS-90, deg C]
# name 14 = c0S/m: Conductivity [S/m]
# name 15 = c1S/m: Conductivity, 2 [S/m]
# name 16 = C2-C1S/m: Conductivity Difference, 2 - 1 [S/m]
# name 17 = sal00: Salinity, Practical [PSU]
# name 18 = sal11: Salinity, Practical, 2 [PSU]
# name 19 = sbeox0ML/L: Oxygen, SBE 43 [ml/l]
# name 20 = sigma-é00: Density [sigma-theta, kg/m^3]
# name 21 = sigma-é11: Density, 2 [sigma-theta, kg/m^3]
# name 22 = sal00: Salinity, Practical [PSU]
# name 23 = sigma-é00: Density [sigma-theta, kg/m^3]
# name 24 = svCM: Sound Velocity [Chen-Millero, m/s]
# name 25 = svCM1: Sound Velocity, 2 [Chen-Millero, m/s]
# name 26 = gsw_ptA0: potential temperature [ITS-90, deg C]
# name 27 = gsw_densityA0: density, TEOS-10 [density, kg/m^3]
# name 28 = gsw_saA0: Absolute Salinity [g/kg]
# name 29 = flag:
# span 0 =      14090,      25413       
# span 1 = 313.344433, 313.349894       
# span 2 =  -62.13977,  -62.13788       
# span 3 =  -58.43908,  -58.43634       
# span 4 =     -1.248,     -0.056       
# span 5 =    1448.30,    1448.30       
# span 6 =      1.000,    397.000       
# span 7 =      0.996,    392.814       
# span 8 =    -0.8062,    -0.5444       
# span 9 =    -0.8044,    -0.5431       
# span 10 =    -0.0251,     0.0112      
# span 11 =    -0.8138,    -0.5447      
# span 12 =    -0.8120,    -0.5434      
# span 13 =    -0.0251,     0.0112      
# span 14 =   2.790855,   2.823758      
# span 15 =   2.790819,   2.823756      
# span 16 =  -0.002347,   0.000963      
# span 17 =    34.2760,    34.3889      
# span 18 =    34.2734,    34.3881      
# span 19 =     6.8142,     7.6579      
# span 20 =    27.5521,    27.6436      
# span 21 =    27.5504,    27.6430      
# span 22 =    34.2764,    34.3888      
# span 23 =    27.5534,    27.6436      
# span 24 =    1445.67,    1451.86      
# span 25 =    1445.67,    1451.86      
# span 26 =    -0.8136,    -0.5447      
# span 27 =  1027.5634,  1029.5412      
# span 28 =    34.4417,    34.5592      
# span 29 = 0.0000e+00, 0.0000e+00      
# interval = decibars: 1                
# start_time = Nov 09 2023 08:06:12 [NMEA time, header]
# bad_flag = -9.990e-29
*END*
[from data line 291]
      21676 313.348092  -62.13916  -58.43738     -0.752    1448.30    106.000    104.956    -0.6127    -0.6122     0.0005    -0.6159    -0.6154     0.0005   2.802678   2.802589  -0.000119    34.2782    34.2761     7.6124    27.5528    27.5511    34.2799    27.5542    1447.06    1447.06    -0.6158  1028.0670    34.4470 0.0000e+00
      21707 313.348107  -62.13916 -9.990e-29     -0.753    1448.30    105.000    103.966    -0.6129    -0.6113     0.0016    -0.6161    -0.6144     0.0016   2.802667   2.802666  -0.000002    34.2789    34.2770     7.6077    27.5533    27.5517    34.2806    27.5547    1447.04    1447.05    -0.6160  1028.0630    34.4480 0.0000e+00
      21734 313.348120  -62.13918 -9.990e-29     -0.853    1448.30    104.000    102.976    -0.6087    -0.6081     0.0006    -0.6118    -0.6113     0.0006   2.802936   2.802896  -0.000059    34.2786    34.2771     7.6025    27.5529    27.5517    34.2800    27.5541    1447.04    1447.04    -0.6118  1028.0576    34.4474 0.0000e+00
      21758 313.348131  -62.13918  -58.43736     -0.956    1448.30    103.000    101.986    -0.6096    -0.6076     0.0021    -0.6127    -0.6107     0.0021   2.802798   2.802879   0.000060    34.2790    34.2774     7.6001    27.5533    27.5519    34.2799    27.5540    1447.02    1447.03    -0.6126  1028.0527    34.4472 0.0000e+00
      21783 313.348143  -62.13918  -58.43736     -0.973    1448.30    102.000    100.996    -0.6073    -0.6091    -0.0019    -0.6103    -0.6122    -0.0019   2.802979   2.802705  -0.000246    34.2790    34.2778     7.6083    27.5532    27.5523    34.2802    27.5542    1447.02    1447.01    -0.6103  1028.0472    34.4465 0.0000e+00
      21812 313.348158  -62.13918  -58.43736     -0.868    1448.30    101.000    100.007    -0.6026    -0.6085    -0.0059    -0.6056    -0.6115    -0.0059   2.803372   2.802743  -0.000631    34.2793    34.2775     7.6130    27.5533    27.5521    34.2808    27.5545    1447.02    1447.00    -0.6056  1028.0427    34.4471 0.0000e+00
      21844 313.348173  -62.13920  -58.43734     -0.766    1448.30    100.000     99.017    -0.5956    -0.5977    -0.0021    -0.5987    -0.6007    -0.0021   2.803900   2.803594  -0.000299    34.2793    34.2776     7.6027    27.5529    27.5516    34.2807    27.5541    1447.04    1447.03    -0.5986  1028.0375    34.4470 0.0000e+00
      21871 313.348186  -62.13920  -58.43734     -0.825    1448.30     99.000     98.026    -0.5893    -0.5927    -0.0034    -0.5923    -0.5957    -0.0034   2.804500   2.804022  -0.000461    34.2803    34.2779     7.6048    27.5535    27.5517    34.2823    27.5551    1447.06    1447.04    -0.5922  1028.0336    34.4485 0.0000e+00
      21895 313.348197  -62.13920  -58.43734     -0.950    1448.30     98.000     97.037    -0.5835    -0.5879    -0.0044    -0.5865    -0.5909    -0.0044   2.804864   2.804380  -0.000510    34.2803    34.2783     7.6040    27.5532    27.5518    34.2813    27.5540    1447.06    1447.04    -0.5864  1028.0278    34.4475 0.0000e+00
      21919 313.348209  -62.13920  -58.43732     -1.017    1448.30     97.000     96.047    -0.5856    -0.5857    -0.0000    -0.5886    -0.5886    -0.0000   2.804645   2.804528  -0.000144    34.2804    34.2786     7.6129    27.5534    27.5519    34.2813    27.5541    1447.04    1447.04    -0.5885  1028.0231    34.4475 0.0000e+00
      21947 313.348222  -62.13920  -58.43732     -0.920    1448.30     96.000     95.057    -0.5882    -0.5871     0.0011    -0.5911    -0.5900     0.0011   2.804401   2.804357  -0.000039    34.2808    34.2790     7.6177    27.5538    27.5523    34.2815    27.5544    1447.01    1447.01    -0.5910  1028.0186    34.4477 0.0000e+00
      21981 313.348239  -62.13921  -58.43731     -0.714    1448.30     95.000     94.067    -0.5868    -0.5875    -0.0007    -0.5896    -0.5904    -0.0007   2.804418   2.804279  -0.000156    34.2802    34.2789     7.6142    27.5533    27.5522    34.2808    27.5537    1447.00    1447.00    -0.5896  1028.0131    34.4469 0.0000e+00
      22011 313.348253  -62.13922  -58.43730     -0.752    1448.30     94.000     93.077    -0.5888    -0.5868     0.0019    -0.5916    -0.5897     0.0019   2.804174   2.804259   0.000058    34.2804    34.2790     7.6058    27.5535    27.5523    34.2804    27.5535    1446.97    1446.98    -0.5916  1028.0081    34.4465 0.0000e+00
      22035 313.348265  -62.13922  -58.43730     -0.921    1448.30     93.000     92.087    -0.5937    -0.5929     0.0008    -0.5966    -0.5957     0.0008   2.803701   2.803681   0.000001    34.2801    34.2792     7.6060    27.5535    27.5527    34.2802    27.5536    1446.93    1446.94    -0.5965  1028.0034    34.4463 0.0000e+00
      22057 313.348275  -62.13922  -58.43728     -1.047    1448.30     92.000     91.097    -0.5946    -0.5945     0.0001    -0.5974    -0.5973     0.0001   2.803557   2.803495  -0.000082    34.2800    34.2789     7.6068    27.5535    27.5525    34.2799    27.5534    1446.91    1446.91    -0.5973  1027.9984    34.4460 0.0000e+00
      22081 313.348287  -62.13922  -58.43728     -1.058    1448.30     91.000     90.107    -0.6042    -0.5984     0.0058    -0.6069    -0.6011     0.0058   2.802695   2.803123   0.000386    34.2805    34.2791     7.6140    27.5543    27.5529    34.2797    27.5536    1446.85    1446.88    -0.6069  1027.9939    34.4458 0.0000e+00
      22110 313.348301  -62.13924  -58.43728     -0.897    1448.30     90.000     89.117    -0.6103    -0.5992     0.0112    -0.6130    -0.6019     0.0112   2.802212   2.802998   0.000779    34.2815    34.2794     7.6149    27.5553    27.5531    34.2808    27.5548    1446.81    1446.86    -0.6130  1027.9903    34.4469 0.0000e+00
      22141 313.348316  -62.13924  -58.43727     -0.768    1448.30     89.000     88.127    -0.6120    -0.6121    -0.0002    -0.6146    -0.6148    -0.0002   2.801892   2.801857  -0.000030    34.2797    34.2795     7.6056    27.5540    27.5538    34.2789    27.5534    1446.78    1446.78    -0.6146  1027.9841    34.4450 0.0000e+00
      22168 313.348329  -62.13924  -58.43726     -0.835    1448.30     88.000     87.137    -0.6180    -0.6158     0.0022    -0.6207    -0.6185     0.0022   2.801349   2.801440   0.000086    34.2799    34.2786     7.6078    27.5544    27.5532    34.2791    27.5537    1446.74    1446.75    -0.6206  1027.9797    34.4451 0.0000e+00
      22192 313.348340  -62.13924  -58.43726     -0.959    1448.30     87.000     86.147    -0.6197    -0.6174     0.0023    -0.6223    -0.6200     0.0023   2.801168   2.801256   0.000103    34.2796    34.2784     7.6020    27.5542    27.5532    34.2792    27.5538    1446.71    1446.72    -0.6222  1027.9750    34.4452 0.0000e+00
      22216 313.348352  -62.13925  -58.43725     -1.000    1448.30     86.000     85.157    -0.6206    -0.6188     0.0018    -0.6232    -0.6214     0.0018   2.801028   2.801093   0.000065    34.2796    34.2784     7.6015    27.5542    27.5532    34.2789    27.5537    1446.69    1446.70    -0.6231  1027.9701    34.4449 0.0000e+00
      22244 313.348366  -62.13926  -58.43724     -0.903    1448.30     85.000     84.167    -0.6217    -0.6193     0.0024    -0.6242    -0.6218     0.0024   2.800925   2.801029   0.000102    34.2798    34.2785     7.6042    27.5545    27.5533    34.2794    27.5541    1446.67    1446.68    -0.6242  1027.9657    34.4453 0.0000e+00
      22275 313.348381  -62.13926  -58.43724     -0.782    1448.30     84.000     83.177    -0.6210    -0.6213    -0.0003    -0.6235    -0.6238    -0.0003   2.800917   2.800796  -0.000081    34.2791    34.2783     7.6107    27.5539    27.5532    34.2791    27.5539    1446.66    1446.66    -0.6235  1027.9607    34.4451 0.0000e+00
      22303 313.348394  -62.13926  -58.43722     -0.825    1448.30     83.000     82.187    -0.6129    -0.6161    -0.0032    -0.6154    -0.6186    -0.0032   2.801664   2.801247  -0.000407    34.2798    34.2779     7.6074    27.5541    27.5526    34.2807    27.5548    1446.68    1446.67    -0.6153  1027.9568    34.4466 0.0000e+00
      22327 313.348406  -62.13926  -58.43722     -0.937    1448.30     82.000     81.197    -0.6044    -0.6080    -0.0035    -0.6069    -0.6104    -0.0035   2.802349   2.801884  -0.000452    34.2804    34.2783     7.6019    27.5542    27.5526    34.2809    27.5546    1446.71    1446.69    -0.6068  1027.9517    34.4468 0.0000e+00
      22350 313.348417  -62.13928  -58.43722     -1.019    1448.30     81.000     80.207    -0.5999    -0.6039    -0.0040    -0.6023    -0.6063    -0.0040   2.802698   2.802221  -0.000491    34.2804    34.2783     7.5995    27.5540    27.5525    34.2810    27.5545    1446.71    1446.69    -0.6023  1027.9469    34.4469 0.0000e+00
      22375 313.348429  -62.13928  -58.43720     -1.015    1448.30     80.000     79.217    -0.5979    -0.5984    -0.0004    -0.6003    -0.6008    -0.0004   2.802775   2.802630  -0.000154    34.2802    34.2787     7.6034    27.5538    27.5526    34.2805    27.5540    1446.70    1446.70    -0.6003  1027.9392    34.4435 0.0000e+00
      22403 313.348442 -9.990e-29  -58.43720     -0.904    1448.30     79.000     78.227    -0.5998    -0.5999    -0.0000    -0.6022    -0.6023    -0.0000   2.802565   2.802457  -0.000109    34.2803    34.2789     7.6046    27.5539    27.5528    34.2805    27.5540    1446.68    1446.68    -0.6021  1027.9334    34.4421 0.0000e+00
      22434 313.348457 -9.990e-29  -58.43719     -0.787    1448.30     78.000     77.237    -0.6004    -0.5998     0.0006    -0.6027    -0.6022     0.0006   2.802497   2.802438  -0.000061    34.2806    34.2791     7.6125    27.5542    27.5529    34.2808    27.5543    1446.66    1446.66    -0.6027  1027.9289    34.4425 0.0000e+00
      22468 313.348474  -62.13930  -58.43718     -0.713    1448.30     77.000     76.247    -0.6018    -0.6006     0.0012    -0.6041    -0.6029     0.0012   2.802311   2.802320 8.2362e-07    34.2806    34.2792     7.6121    27.5542    27.5531    34.2805    27.5541    1446.64    1446.64    -0.6040  1027.9255    34.4441 0.0000e+00
      22502 313.348490  -62.13930  -58.43717     -0.715    1448.30     76.000     75.257    -0.6031    -0.6024     0.0007    -0.6053    -0.6047     0.0007   2.802163   2.802114  -0.000052    34.2807    34.2792     7.6135    27.5544    27.5532    34.2806    27.5543    1446.61    1446.62    -0.6053  1027.9226    34.4463 0.0000e+00
      22534 313.348506  -62.13930  -58.43716     -0.729    1448.30     75.000     74.267    -0.6056    -0.6046     0.0010    -0.6079    -0.6069     0.0010   2.801899   2.801887  -0.000018    34.2806    34.2793     7.6050    27.5544    27.5533    34.2805    27.5543    1446.59    1446.59    -0.6078  1027.9179    34.4463 0.0000e+00
      22564 313.348520  -62.13930  -58.43716     -0.791    1448.30     74.000     73.277    -0.6064    -0.6055     0.0009    -0.6086    -0.6077     0.0009   2.801799   2.801764  -0.000009    34.2804    34.2793     7.6096    27.5543    27.5534    34.2806    27.5545    1446.57    1446.57    -0.6086  1027.9124    34.4453 0.0000e+00
      22589 313.348532 -9.990e-29  -58.43714     -0.888    1448.30     73.000     72.287    -0.6036    -0.6042    -0.0006    -0.6057    -0.6063    -0.0006   2.801948   2.801833  -0.000138    34.2803    34.2791     7.6055    27.5540    27.5531    34.2801    27.5539    1446.56    1446.56    -0.6057  1027.9045    34.4417 0.0000e+00
      22613 313.348543 -9.990e-29  -58.43714     -0.990    1448.30     72.000     71.297    -0.6135    -0.6055     0.0080    -0.6157    -0.6077     0.0080   2.801073   2.801657   0.000604    34.2802    34.2793     7.6180    27.5544    27.5533    34.2802    27.5544    1446.50    1446.54    -0.6156  1027.9003    34.4418 0.0000e+00
      22637 313.348555 -9.990e-29  -58.43714     -1.005    1448.30     71.000     70.307    -0.5981    -0.6038    -0.0057    -0.6002    -0.6060    -0.0057   2.802332   2.801789  -0.000557    34.2801    34.2791     7.6178    27.5537    27.5531    34.2803    27.5538    1446.56    1446.53    -0.6002  1027.8950    34.4420 0.0000e+00
      22666 313.348569  -62.13932  -58.43712     -0.896    1448.30     70.000     69.317    -0.6017    -0.6037    -0.0020    -0.6038    -0.6058    -0.0020   2.802054   2.801727  -0.000285    34.2809    34.2793     7.6144    27.5544    27.5533    34.2813    27.5548    1446.52    1446.51    -0.6038  1027.8925    34.4446 0.0000e+00
      22700 313.348585  -62.13933  -58.43712     -0.708    1448.30     69.000     68.327    -0.5887    -0.5939    -0.0052    -0.5908    -0.5960    -0.0052   2.803175   2.802559  -0.000620    34.2809    34.2784     7.6102    27.5539    27.5521    34.2823    27.5550    1446.57    1446.54    -0.5907  1027.8898    34.4480 0.0000e+00
      22729 313.348599  -62.13934  -58.43711     -0.787    1448.30     68.000     67.336    -0.5752    -0.5812    -0.0061    -0.5772    -0.5833    -0.0060   2.804301   2.803620  -0.000686    34.2812    34.2788     7.6115    27.5536    27.5519    34.2827    27.5548    1446.62    1446.59    -0.5772  1027.8848    34.4485 0.0000e+00
      22755 313.348612  -62.13934  -58.43710     -0.896    1448.30     67.000     66.346    -0.5723    -0.5745    -0.0022    -0.5743    -0.5765    -0.0022   2.804534   2.804141  -0.000339    34.2816    34.2795     7.6159    27.5537    27.5521    34.2832    27.5550    1446.62    1446.60    -0.5743  1027.8803    34.4489 0.0000e+00
      22779 313.348624  -62.13934  -58.43708     -0.959    1448.30     66.000     65.356    -0.5651    -0.5679    -0.0028    -0.5671    -0.5699    -0.0028   2.805047   2.804674  -0.000415    34.2817    34.2794     7.6145    27.5536    27.5517    34.2827    27.5543    1446.63    1446.62    -0.5671  1027.8747    34.4484 0.0000e+00
      22804 313.348636  -62.13936  -58.43708     -0.966    1448.30     65.000     64.366    -0.5616    -0.5638    -0.0021    -0.5636    -0.5657    -0.0021   2.805316   2.805002  -0.000312    34.2816    34.2798     7.6206    27.5533    27.5520    34.2829    27.5543    1446.63    1446.62    -0.5635  1027.8700    34.4486 0.0000e+00
      22832 313.348649  -62.13936  -58.43708     -0.895    1448.30     64.000     63.376    -0.5603    -0.5605    -0.0002    -0.5622    -0.5624    -0.0002   2.805355   2.805223  -0.000156    34.2820    34.2802     7.6327    27.5535    27.5521    34.2826    27.5540    1446.62    1446.62    -0.5622  1027.8648    34.4483 0.0000e+00
      22861 313.348663  -62.13936  -58.43707     -0.843    1448.30     63.000     62.386    -0.5707    -0.5654     0.0053    -0.5726    -0.5673     0.0053   2.804351   2.804740   0.000351    34.2822    34.2810     7.6394    27.5542    27.5529    34.2814    27.5535    1446.56    1446.58    -0.5725  1027.8596    34.4471 0.0000e+00
      22888 313.348676  -62.13936  -58.43706     -0.861    1448.30     62.000     61.396    -0.5751    -0.5744     0.0006    -0.5770    -0.5763     0.0006   2.804007   2.803926  -0.000035    34.2819    34.2807     7.6309    27.5541    27.5531    34.2824    27.5545    1446.52    1446.52    -0.5769  1027.8558    34.4481 0.0000e+00
      22916 313.348690  -62.13937  -58.43706     -0.874    1448.30     61.000     60.406    -0.5672    -0.5704    -0.0032    -0.5691    -0.5722    -0.0032   2.804645   2.804247  -0.000400    34.2819    34.2800     7.6234    27.5537    27.5524    34.2827    27.5544    1446.54    1446.53    -0.5690  1027.8509    34.4484 0.0000e+00
      22947 313.348705  -62.13938  -58.43705     -0.800    1448.30     60.000     59.416    -0.5665    -0.5675    -0.0010    -0.5683    -0.5692    -0.0010   2.804599   2.804439  -0.000157    34.2815    34.2804     7.6208    27.5534    27.5526    34.2819    27.5537    1446.53    1446.52    -0.5683  1027.8454    34.4475 0.0000e+00
