Pos-Processados/process_op42/Processamento_split/up/uoperantar42_027.cnv
* Sea-Bird SBE 9 Data File:
* FileName = C:\Users\Hidrografia\Desktop\OPXLII\Brutos\OP42027.hdr
* Software Version Seasave V 7.26.7.107
* Temperature SN = 6502
* Conductivity SN = 4998
* Number of Bytes Per Scan = 37
* Number of Voltage Words = 4
* Number of Scans Averaged by the Deck Unit = 1
* NMEA Latitude = 62 16.55 S
* NMEA Longitude = 058 26.39 W
* NMEA UTC (Time) = Nov 08 2023 19:38:30
* NMEA baud rate = 4800
** H41
** NPOALTEMAXIMIANO
** NUMERO DA ESTACAO (XXX) 027
** LAT (XX XX.XX S/N) 62  16.401 S
** LONG (XXX XX.XX W/E) 058  26.553 W
** DATAHORA (dd/mm/aaaa hh:mm Z) 08/11/2023 1937Z
** PROFUNDIDADE (m) 159
** OPERADOR CT FILIPE LOPES
# nquan = 30
# nvalues = 188                         
# units = specified
# name 0 = scan: Scan Count
# name 1 = timeJ: Julian Days
# name 2 = latitude: Latitude [deg]
# name 3 = longitude: Longitude [deg]
# name 4 = dz/dtM: Descent Rate [m/s]
# name 5 = avgsvCM: Average Sound Velocity [Chen-Millero, m/s]
# name 6 = prDM: Pressure, Digiquartz [db]
# name 7 = depSM: Depth [salt water, m]
# name 8 = t090C: Temperature [ITS-90, deg C]
# name 9 = t190C: Temperature, 2 [ITS-90, deg C]
# name 10 = T2-T190C: Temperature Difference, 2 - 1 [ITS-90, deg C]
# name 11 = potemp090C: Potential Temperature [ITS-90, deg C]
# name 12 = potemp190C: Potential Temperature, 2 [ITS-90, deg C]
# name 13 = potemp90Cdiff: Potential Temperature, Diff, 2 - 1 [ITS-90, deg C]
# name 14 = c0S/m: Conductivity [S/m]
# name 15 = c1S/m: Conductivity, 2 [S/m]
# name 16 = C2-C1S/m: Conductivity Difference, 2 - 1 [S/m]
# name 17 = sal00: Salinity, Practical [PSU]
# name 18 = sal11: Salinity, Practical, 2 [PSU]
# name 19 = sbeox0ML/L: Oxygen, SBE 43 [ml/l]
# name 20 = sigma-é00: Density [sigma-theta, kg/m^3]
# name 21 = sigma-é11: Density, 2 [sigma-theta, kg/m^3]
# name 22 = sal00: Salinity, Practical [PSU]
# name 23 = sigma-é00: Density [sigma-theta, kg/m^3]
# name 24 = svCM: Sound Velocity [Chen-Millero, m/s]
# name 25 = svCM1: Sound Velocity, 2 [Chen-Millero, m/s]
# name 26 = gsw_ptA0: potential temperature [ITS-90, deg C]
# name 27 = gsw_densityA0: density, TEOS-10 [density, kg/m^3]
# name 28 = gsw_saA0: Absolute Salinity [g/kg]
# name 29 = flag:
# span 0 =      12964,      21947       
# span 1 = 312.824654, 312.828986       
# span 2 =  -62.27984,  -62.27822       
# span 3 =  -58.43587,  -58.43352       
# span 4 =     -1.155,     -0.207       
# span 5 =    1447.02,    1447.02       
# span 6 =      3.000,    190.000       
# span 7 =      2.986,    188.092       
# span 8 =    -0.6903,    -0.4884       
# span 9 =    -0.6893,    -0.4872       
# span 10 =    -0.0118,     0.0121      
# span 11 =    -0.6930,    -0.4885      
# span 12 =    -0.6921,    -0.4874      
# span 13 =    -0.0118,     0.0121      
# span 14 =   2.799041,   2.817251      
# span 15 =   2.799019,   2.817237      
# span 16 =  -0.001008,   0.001037      
# span 17 =    34.2945,    34.3577      
# span 18 =    34.2922,    34.3565      
# span 19 =     7.1256,     7.4916      
# span 20 =    27.5607,    27.6147      
# span 21 =    27.5589,    27.6136      
# span 22 =    34.2954,    34.3577      
# span 23 =    27.5612,    27.6146      
# span 24 =    1445.98,    1448.80      
# span 25 =    1445.99,    1448.80      
# span 26 =    -0.6929,    -0.4885      
# span 27 =  1027.5801,  1028.5272      
# span 28 =    34.4571,    34.5251      
# span 29 = 0.0000e+00, 0.0000e+00      
# interval = decibars: 1                
# start_time = Nov 08 2023 19:38:30 [NMEA time, header]
# bad_flag = -9.990e-29
*END*
[from data line 146]
      17743 312.826959  -62.27908  -58.43435     -0.668    1447.02     44.000     43.573    -0.5679    -0.5693    -0.0014    -0.5692    -0.5706    -0.0014   2.805025   2.804812  -0.000216    34.2980    34.2967     7.3386    27.5668    27.5658    34.2992    27.5677    1446.29    1446.28    -0.5692  1027.7829    34.4648 0.0000e+00
      17769 312.826971  -62.27909  -58.43434     -0.870    1447.02     43.000     42.583    -0.5633    -0.5645    -0.0012    -0.5646    -0.5658    -0.0012   2.805264   2.805079  -0.000195    34.2967    34.2955     7.3567    27.5656    27.5646    34.2977    27.5664    1446.29    1446.28    -0.5646  1027.7767    34.4634 0.0000e+00
      17793 312.826983  -62.27910  -58.43434     -0.985    1447.02     42.000     41.592    -0.5523    -0.5577    -0.0054    -0.5535    -0.5590    -0.0054   2.806184   2.805567  -0.000552    34.2955    34.2942     7.3697    27.5641    27.5633    34.2983    27.5663    1446.32    1446.30    -0.5535  1027.7719    34.4639 0.0000e+00
      17822 312.826997  -62.27910  -58.43434     -0.900    1447.02     41.000     40.602    -0.5405    -0.5522    -0.0118    -0.5417    -0.5535    -0.0118   2.806947   2.805942  -0.000966    34.2946    34.2949     7.4029    27.5628    27.5636    34.2959    27.5638    1446.36    1446.30    -0.5417  1027.7646    34.4614 0.0000e+00
      17861 312.827016  -62.27912  -58.43433     -0.617    1447.02     40.000     39.612    -0.5363    -0.5481    -0.0118    -0.5375    -0.5493    -0.0118   2.807267   2.806278  -0.001008    34.2945    34.2943     7.4224    27.5626    27.5629    34.2960    27.5638    1446.36    1446.31    -0.5375  1027.7597    34.4616 0.0000e+00
      17895 312.827032  -62.27912  -58.43432     -0.667    1447.02     39.000     38.622    -0.5330    -0.5346    -0.0016    -0.5342    -0.5357    -0.0016   2.807583   2.807276  -0.000311    34.2954    34.2930     7.4378    27.5632    27.5613    34.2972    27.5646    1446.36    1446.35    -0.5342  1027.7557    34.4628 0.0000e+00
      17919 312.827044  -62.27912  -58.43431     -0.883    1447.02     38.000     37.632    -0.5246    -0.5283    -0.0037    -0.5258    -0.5294    -0.0037   2.808196   2.807758  -0.000448    34.2950    34.2931     7.4523    27.5624    27.5611    34.2965    27.5637    1446.39    1446.37    -0.5257  1027.7500    34.4621 0.0000e+00
      17942 312.827055  -62.27912  -58.43430     -1.021    1447.02     37.000     36.641    -0.5218    -0.5223    -0.0005    -0.5229    -0.5234    -0.0005   2.808343   2.808191  -0.000187    34.2949    34.2930     7.4628    27.5622    27.5607    34.2959    27.5630    1446.38    1446.38    -0.5229  1027.7446    34.4615 0.0000e+00
      17968 312.827068  -62.27912  -58.43430     -0.989    1447.02     36.000     35.651    -0.5225    -0.5227    -0.0002    -0.5236    -0.5238    -0.0002   2.808238   2.808102  -0.000129    34.2951    34.2936     7.4569    27.5624    27.5612    34.2960    27.5632    1446.36    1446.36    -0.5236  1027.7399    34.4615 0.0000e+00
      18002 312.827084  -62.27914  -58.43430     -0.761    1447.02     35.000     34.661    -0.5232    -0.5244    -0.0012    -0.5243    -0.5254    -0.0012   2.808177   2.807938  -0.000245    34.2957    34.2937     7.4572    27.5629    27.5613    34.2966    27.5636    1446.34    1446.34    -0.5242  1027.7356    34.4621 0.0000e+00
      18040 312.827102  -62.27914  -58.43428     -0.619    1447.02     34.000     33.671    -0.5171    -0.5196    -0.0024    -0.5182    -0.5206    -0.0024   2.808588   2.808288  -0.000311    34.2949    34.2934     7.4595    27.5620    27.5609    34.2959    27.5628    1446.35    1446.34    -0.5181  1027.7299    34.4614 0.0000e+00
      18071 312.827117  -62.27914  -58.43428     -0.726    1447.02     33.000     32.680    -0.5048    -0.5117    -0.0069    -0.5058    -0.5127    -0.0069   2.809673   2.808907  -0.000718    34.2949    34.2930     7.4668    27.5614    27.5602    34.2971    27.5633    1446.40    1446.36    -0.5058  1027.7260    34.4631 0.0000e+00
      18099 312.827131  -62.27914 -9.990e-29     -0.850    1447.02     32.000     31.690    -0.4918    -0.4955    -0.0038    -0.4927    -0.4965    -0.0038   2.810669   2.810199  -0.000494    34.2946    34.2922     7.4614    27.5607    27.5589    34.2964    27.5621    1446.44    1446.42    -0.4927  1027.7202    34.4626 0.0000e+00
      18129 312.827145  -62.27916 -9.990e-29     -0.832    1447.02     31.000     30.700    -0.4928    -0.4927     0.0001    -0.4937    -0.4936     0.0001   2.810495   2.810360  -0.000130    34.2947    34.2928     7.4650    27.5607    27.5592    34.2958    27.5616    1446.42    1446.42    -0.4937  1027.7149    34.4619 0.0000e+00
      18163 312.827161  -62.27916  -58.43426     -0.720    1447.02     30.000     29.710    -0.4893    -0.4909    -0.0016    -0.4902    -0.4918    -0.0016   2.810747   2.810491  -0.000288    34.2950    34.2929     7.4679    27.5608    27.5592    34.2959    27.5615    1446.42    1446.41    -0.4902  1027.7098    34.4617 0.0000e+00
      18196 312.827177  -62.27918  -58.43426     -0.708    1447.02     29.000     28.719    -0.4954    -0.4923     0.0031    -0.4962    -0.4932     0.0031   2.810210   2.810330   0.000104    34.2955    34.2935     7.4832    27.5615    27.5597    34.2961    27.5620    1446.38    1446.39    -0.4963  1027.7052    34.4616 0.0000e+00
      18225 312.827191  -62.27918  -58.43424     -0.799    1447.02     28.000     27.729    -0.4934    -0.4898     0.0037    -0.4943    -0.4906     0.0037   2.810276   2.810482   0.000175    34.2953    34.2935     7.4750    27.5612    27.5596    34.2955    27.5614    1446.37    1446.38    -0.4942  1027.6997    34.4609 0.0000e+00
      18252 312.827205  -62.27918  -58.43423     -0.862    1447.02     27.000     26.739    -0.4950    -0.4940     0.0010    -0.4958    -0.4948     0.0010   2.810164   2.810101  -0.000042    34.2955    34.2938     7.4685    27.5616    27.5601    34.2964    27.5622    1446.35    1446.35    -0.4958  1027.6958    34.4618 0.0000e+00
      18281 312.827219 -9.990e-29  -58.43422     -0.851    1447.02     26.000     25.749    -0.4910    -0.4915    -0.0005    -0.4918    -0.4923    -0.0005   2.810404   2.810257  -0.000150    34.2950    34.2936     7.4761    27.5609    27.5598    34.2956    27.5614    1446.35    1446.34    -0.4918  1027.6872    34.4574 0.0000e+00
      18312 312.827233 -9.990e-29  -58.43422     -0.794    1447.02     25.000     24.758    -0.4901    -0.4893     0.0007    -0.4908    -0.4900     0.0007   2.810439   2.810388  -0.000056    34.2952    34.2936     7.4910    27.5610    27.5597    34.2957    27.5614    1446.33    1446.34    -0.4908  1027.6825    34.4574 0.0000e+00
      18345 312.827249 -9.990e-29  -58.43422     -0.759    1447.02     24.000     23.768    -0.4887    -0.4886     0.0001    -0.4894    -0.4893     0.0001   2.810505   2.810395  -0.000108    34.2953    34.2937     7.4880    27.5610    27.5598    34.2956    27.5613    1446.33    1446.32    -0.4894  1027.6776    34.4574 0.0000e+00
      18390 312.827271 -9.990e-29  -58.43420     -0.518    1447.02     23.000     22.778    -0.4889    -0.4908    -0.0020    -0.4896    -0.4915    -0.0020   2.810443   2.810193  -0.000258    34.2954    34.2941     7.4779    27.5611    27.5602    34.2957    27.5614    1446.31    1446.30    -0.4896  1027.6728    34.4574 0.0000e+00
      18439 312.827295 -9.990e-29  -58.43419     -0.486    1447.02     22.000     21.788    -0.4973    -0.4917     0.0056    -0.4980    -0.4924     0.0056   2.809675   2.810031   0.000331    34.2961    34.2942     7.4891    27.5621    27.5603    34.2955    27.5616    1446.25    1446.28    -0.4980  1027.6683    34.4572 0.0000e+00
      18485 312.827317  -62.27922  -58.43418     -0.528    1447.02     21.000     20.798    -0.5029    -0.5019     0.0010    -0.5035    -0.5025     0.0010   2.809173   2.809157   0.000018    34.2956    34.2947     7.4780    27.5619    27.5612    34.2957    27.5620    1446.21    1446.21    -0.5035  1027.6666    34.4608 0.0000e+00
      19053 312.827591  -62.27924  -58.43408     -0.463    1447.02     20.000     19.798    -0.4989    -0.4983     0.0006    -0.4995    -0.4989     0.0006   2.809445   2.809408  -0.000048    34.2954    34.2942     7.4778    27.5616    27.5606    34.2954    27.5616    1446.21    1446.21    -0.4995  1027.6610    34.4600 0.0000e+00
      21217 312.828634 -9.990e-29  -58.43369     -0.525    1447.02     19.000     18.819    -0.5000    -0.4964     0.0036    -0.5006    -0.4970     0.0036   2.809300   2.809547   0.000253    34.2954    34.2947     7.4851    27.5616    27.5609    34.2954    27.5616    1446.19    1446.21    -0.5006  1027.6540    34.4571 0.0000e+00
      21287 312.828668  -62.27973  -58.43368     -0.443    1447.02     18.000     17.824    -0.4970    -0.4981    -0.0012    -0.4975    -0.4987    -0.0012   2.809574   2.809355  -0.000208    34.2961    34.2946     7.4916    27.5621    27.5609    34.2962    27.5622    1446.19    1446.18    -0.4975  1027.6523    34.4612 0.0000e+00
      21333 312.828690  -62.27974  -58.43367     -0.516    1447.02     17.000     16.836    -0.4957    -0.4967    -0.0011    -0.4962    -0.4972    -0.0011   2.809626   2.809423  -0.000203    34.2960    34.2944     7.4842    27.5619    27.5607    34.2961    27.5620    1446.18    1446.17    -0.4962  1027.6477    34.4615 0.0000e+00
      21371 312.828708  -62.27974  -58.43366     -0.634    1447.02     16.000     15.846    -0.4951    -0.4948     0.0003    -0.4956    -0.4953     0.0003   2.809614   2.809531  -0.000077    34.2958    34.2943     7.4782    27.5617    27.5605    34.2959    27.5618    1446.17    1446.17    -0.4956  1027.6428    34.4613 0.0000e+00
      21440 312.828742  -62.27976  -58.43364     -0.285    1447.02     15.000     14.856    -0.4952    -0.4943     0.0009    -0.4956    -0.4947     0.0009   2.809548   2.809537  -0.000016    34.2958    34.2945     7.4784    27.5617    27.5606    34.2957    27.5617    1446.15    1446.15    -0.4956  1027.6378    34.4611 0.0000e+00
      21489 312.828766  -62.27976  -58.43364     -0.519    1447.02     14.000     13.865    -0.4975    -0.4972     0.0003    -0.4979    -0.4976     0.0003   2.809284   2.809221  -0.000066    34.2956    34.2944     7.4907    27.5617    27.5607    34.2954    27.5615    1446.12    1446.12    -0.4979  1027.6329    34.4608 0.0000e+00
      21519 312.828780  -62.27977  -58.43363     -0.758    1447.02     13.000     12.875    -0.5006    -0.4991     0.0015    -0.5010    -0.4995     0.0015   2.808985   2.809031   0.000039    34.2958    34.2946     7.4846    27.5620    27.5609    34.2955    27.5617    1446.09    1446.10    -0.5010  1027.6284    34.4610 0.0000e+00
      21557 312.828798  -62.27978  -58.43361     -0.664    1447.02     12.000     11.884    -0.5019    -0.4993     0.0026    -0.5023    -0.4997     0.0026   2.808840   2.808971   0.000130    34.2959    34.2946     7.4858    27.5621    27.5610    34.2957    27.5619    1446.07    1446.08    -0.5023  1027.6238    34.4611 0.0000e+00
      21609 312.828823  -62.27978  -58.43360     -0.438    1447.02     11.000     10.894    -0.5023    -0.5010     0.0013    -0.5026    -0.5014     0.0013   2.808752   2.808778   0.000032    34.2956    34.2946     7.4825    27.5619    27.5610    34.2955    27.5618    1446.05    1446.05    -0.5026  1027.6189    34.4610 0.0000e+00
      21651 312.828844  -62.27980  -58.43360     -0.571    1447.02     10.000      9.904    -0.5000    -0.4964     0.0036    -0.5003    -0.4967     0.0036   2.808904   2.809121   0.000191    34.2955    34.2940     7.4840    27.5617    27.5603    34.2956    27.5618    1446.05    1446.06    -0.5003  1027.6142    34.4611 0.0000e+00
      21691 312.828863  -62.27980  -58.43359     -0.596    1447.02      9.000      8.913    -0.4971    -0.4953     0.0018    -0.4973    -0.4955     0.0018   2.809195   2.809134  -0.000037    34.2965    34.2942     7.4821    27.5624    27.5603    34.2968    27.5626    1446.04    1446.05    -0.4974  1027.6102    34.4623 0.0000e+00
      21731 312.828882  -62.27980  -58.43358     -0.593    1447.02      8.000      7.923    -0.4920    -0.4919     0.0001    -0.4922    -0.4922     0.0001   2.809545   2.809418  -0.000128    34.2960    34.2942     7.4821    27.5618    27.5603    34.2964    27.5621    1446.05    1446.05    -0.4922  1027.6049    34.4619 0.0000e+00
      21772 312.828902  -62.27981  -58.43356     -0.604    1447.02      7.000      6.934    -0.4899    -0.4897     0.0001    -0.4901    -0.4899     0.0001   2.809643   2.809547  -0.000095    34.2956    34.2942     7.4847    27.5614    27.5602    34.2959    27.5616    1446.04    1446.04    -0.4901  1027.5977    34.4591 0.0000e+00
      21822 312.828926 -9.990e-29  -58.43356     -0.470    1447.02      6.000      5.940    -0.4890    -0.4880     0.0011    -0.4892    -0.4881     0.0011   2.809656   2.809643  -0.000013    34.2956    34.2942     7.4818    27.5613    27.5601    34.2958    27.5614    1446.03    1446.03    -0.4892  1027.5915    34.4574 0.0000e+00
      21859 312.828944  -62.27984  -58.43356     -0.607    1447.02      5.000      4.952    -0.4885    -0.4872     0.0013    -0.4886    -0.4874     0.0013   2.809656   2.809652  -0.000006    34.2956    34.2941     7.4895    27.5613    27.5600    34.2958    27.5614    1446.02    1446.02    -0.4886  1027.5877    34.4586 0.0000e+00
      21902 312.828964  -62.27984  -58.43353     -0.587    1447.02      4.000      3.962    -0.4884    -0.4874     0.0010    -0.4885    -0.4875     0.0010   2.809603   2.809589  -0.000014    34.2955    34.2941     7.4891    27.5612    27.5600    34.2955    27.5612    1446.00    1446.01    -0.4885  1027.5849    34.4611 0.0000e+00
      21947 312.828986  -62.27984  -58.43352     -0.539    1447.02      3.000      2.986    -0.4888    -0.4877     0.0011    -0.4889    -0.4878     0.0011   2.809517   2.809527   0.000008    34.2955    34.2943     7.4787    27.5612    27.5602    34.2955    27.5612    1445.98    1445.99    -0.4889  1027.5801    34.4610 0.0000e+00
