Pos-Processados/process_op42/Processamento_split/up/uoperantar42_020.cnv
* Sea-Bird SBE 9 Data File:
* FileName = C:\Users\Hidrografia\Desktop\OPXLII\Brutos\OP42020.hdr
* Software Version Seasave V 7.26.7.107
* Temperature SN = 6502
* Conductivity SN = 4998
* Number of Bytes Per Scan = 37
* Number of Voltage Words = 4
* Number of Scans Averaged by the Deck Unit = 1
* NMEA Latitude = 62 08.28 S
* NMEA Longitude = 058 26.46 W
* NMEA UTC (Time) = Nov 07 2023 17:35:19
* NMEA baud rate = 4800
** H41
** NPOALTEMAXIMIANO
** NUMERO DA ESTACAO (XXX) 020
** LAT (XX XX.XX S/N) 62 08.46 S
** LONG (XXX XX.XX W/E) 058 26.12 W
** DATAHORA (dd/mm/aaaa hh:mm Z) 07/11/2023 1734Z
** PROFUNDIDADE (m) 423
** OPERADOR CT FILIPE LOPES
# nquan = 30
# nvalues = 372                         
# units = specified
# name 0 = scan: Scan Count
# name 1 = timeJ: Julian Days
# name 2 = latitude: Latitude [deg]
# name 3 = longitude: Longitude [deg]
# name 4 = dz/dtM: Descent Rate [m/s]
# name 5 = avgsvCM: Average Sound Velocity [Chen-Millero, m/s]
# name 6 = prDM: Pressure, Digiquartz [db]
# name 7 = depSM: Depth [salt water, m]
# name 8 = t090C: Temperature [ITS-90, deg C]
# name 9 = t190C: Temperature, 2 [ITS-90, deg C]
# name 10 = T2-T190C: Temperature Difference, 2 - 1 [ITS-90, deg C]
# name 11 = potemp090C: Potential Temperature [ITS-90, deg C]
# name 12 = potemp190C: Potential Temperature, 2 [ITS-90, deg C]
# name 13 = potemp90Cdiff: Potential Temperature, Diff, 2 - 1 [ITS-90, deg C]
# name 14 = c0S/m: Conductivity [S/m]
# name 15 = c1S/m: Conductivity, 2 [S/m]
# name 16 = C2-C1S/m: Conductivity Difference, 2 - 1 [S/m]
# name 17 = sal00: Salinity, Practical [PSU]
# name 18 = sal11: Salinity, Practical, 2 [PSU]
# name 19 = sbeox0ML/L: Oxygen, SBE 43 [ml/l]
# name 20 = sigma-é00: Density [sigma-theta, kg/m^3]
# name 21 = sigma-é11: Density, 2 [sigma-theta, kg/m^3]
# name 22 = sal00: Salinity, Practical [PSU]
# name 23 = sigma-é00: Density [sigma-theta, kg/m^3]
# name 24 = svCM: Sound Velocity [Chen-Millero, m/s]
# name 25 = svCM1: Sound Velocity, 2 [Chen-Millero, m/s]
# name 26 = gsw_ptA0: potential temperature [ITS-90, deg C]
# name 27 = gsw_densityA0: density, TEOS-10 [density, kg/m^3]
# name 28 = gsw_saA0: Absolute Salinity [g/kg]
# name 29 = flag:
# span 0 =      18612,      29750       
# span 1 = 311.741834, 311.747206       
# span 2 =  -62.14048,  -62.13966       
# span 3 =  -58.44190,  -58.44138       
# span 4 =     -1.150,     -0.181       
# span 5 =    1448.48,    1448.49       
# span 6 =      3.000,    374.000       
# span 7 =      2.979,    370.075       
# span 8 =    -0.8345,    -0.4628       
# span 9 =    -0.8341,    -0.4626       
# span 10 =    -0.0282,     0.0118      
# span 11 =    -0.8390,    -0.4709      
# span 12 =    -0.8386,    -0.4732      
# span 13 =    -0.0282,     0.0118      
# span 14 =   2.788274,   2.838221      
# span 15 =   2.788274,   2.838164      
# span 16 =  -0.002443,   0.000800      
# span 17 =    34.2770,    34.4251      
# span 18 =    34.2778,    34.4242      
# span 19 =     6.5095,     7.5906      
# span 20 =    27.5462,    27.6655      
# span 21 =    27.5471,    27.6647      
# span 22 =    34.2799,    34.4253      
# span 23 =    27.5482,    27.6656      
# span 24 =    1445.53,    1452.31      
# span 25 =    1445.52,    1452.31      
# span 26 =    -0.8388,    -0.4709      
# span 27 =  1027.5669,  1029.4527      
# span 28 =    34.4436,    34.5936      
# span 29 = 0.0000e+00, 0.0000e+00      
# interval = decibars: 1                
# start_time = Nov 07 2023 17:35:19 [NMEA time, header]
# bad_flag = -9.990e-29
*END*
[from data line 146]
      22639 311.743776  -62.13988  -58.44168     -0.886    1448.48    228.000    225.688    -0.7168    -0.7168     0.0000    -0.7238    -0.7238     0.0000   2.804445   2.804251  -0.000166    34.3468    34.3445     7.1317    27.6129    27.6110    34.3466    27.6128    1448.64    1448.64    -0.7236  1028.7081    34.5141 0.0000e+00
      22662 311.743787  -62.13988  -58.44168     -1.023    1448.48    227.000    224.699    -0.7186    -0.7191    -0.0005    -0.7255    -0.7261    -0.0005   2.804089   2.803907  -0.000198    34.3450    34.3430     7.1426    27.6116    27.6099    34.3444    27.6111    1448.62    1448.61    -0.7254  1028.7017    34.5119 0.0000e+00
      22689 311.743800  -62.13988  -58.44168     -0.955    1448.48    226.000    223.709    -0.7210    -0.7213    -0.0003    -0.7279    -0.7282    -0.0003   2.803741   2.803573  -0.000158    34.3434    34.3416     7.1483    27.6104    27.6089    34.3431    27.6101    1448.59    1448.58    -0.7277  1028.6960    34.5105 0.0000e+00
      22721 311.743816  -62.13988  -58.44168     -0.793    1448.48    225.000    222.720    -0.7206    -0.7215    -0.0009    -0.7275    -0.7283    -0.0009   2.803756   2.803534  -0.000235    34.3436    34.3414     7.1379    27.6105    27.6088    34.3434    27.6104    1448.57    1448.57    -0.7273  1028.6915    34.5109 0.0000e+00
      22755 311.743832  -62.13988  -58.44168     -0.664    1448.48    224.000    221.731    -0.7229    -0.7208     0.0022    -0.7298    -0.7276     0.0022   2.803352   2.803548   0.000199    34.3417    34.3420     7.1495    27.6091    27.6092    34.3412    27.6087    1448.54    1448.55    -0.7296  1028.6850    34.5087 0.0000e+00
      22780 311.743844  -62.13988  -58.44170     -0.880    1448.48    223.000    220.741    -0.7234    -0.7230     0.0004    -0.7302    -0.7298     0.0004   2.803271   2.803218  -0.000058    34.3415    34.3404     7.1587    27.6089    27.6080    34.3413    27.6087    1448.53    1448.52    -0.7300  1028.6803    34.5087 0.0000e+00
      22807 311.743857  -62.13988  -58.44170     -0.923    1448.48    222.000    219.752    -0.7241    -0.7232     0.0009    -0.7309    -0.7300     0.0009   2.803141   2.803146   0.000011    34.3412    34.3403     7.1605    27.6087    27.6079    34.3409    27.6085    1448.50    1448.51    -0.7307  1028.6753    34.5084 0.0000e+00
      22834 311.743870  -62.13988  -58.44170     -0.891    1448.48    221.000    218.763    -0.7242    -0.7237     0.0005    -0.7309    -0.7304     0.0005   2.803103   2.803046  -0.000059    34.3414    34.3400     7.1745    27.6088    27.6077    34.3412    27.6087    1448.49    1448.49    -0.7308  1028.6707    34.5086 0.0000e+00
      22865 311.743885  -62.13988  -58.44170     -0.814    1448.48    220.000    217.773    -0.7243    -0.7238     0.0005    -0.7310    -0.7305     0.0005   2.803042   2.802994  -0.000049    34.3412    34.3400     7.1706    27.6087    27.6077    34.3411    27.6086    1448.47    1448.47    -0.7308  1028.6658    34.5085 0.0000e+00
      22898 311.743901  -62.13988  -58.44170     -0.738    1448.48    219.000    216.784    -0.7247    -0.7239     0.0008    -0.7313    -0.7305     0.0008   2.802945   2.802945  -0.000002    34.3410    34.3400     7.1788    27.6085    27.6077    34.3408    27.6084    1448.45    1448.45    -0.7312  1028.6609    34.5082 0.0000e+00
      22931 311.743917  -62.13988  -58.44172     -0.710    1448.48    218.000    215.794    -0.7245    -0.7238     0.0008    -0.7312    -0.7304     0.0008   2.802919   2.802896  -0.000023    34.3410    34.3398     7.1870    27.6086    27.6076    34.3409    27.6085    1448.44    1448.44    -0.7310  1028.6562    34.5083 0.0000e+00
      22959 311.743930  -62.13989  -58.44172     -0.807    1448.48    217.000    214.805    -0.7245    -0.7236     0.0009    -0.7311    -0.7302     0.0009   2.802876   2.802849  -0.000028    34.3410    34.3396     7.1879    27.6086    27.6074    34.3409    27.6084    1448.42    1448.42    -0.7309  1028.6514    34.5083 0.0000e+00
      22984 311.743942  -62.13990  -58.44172     -0.928    1448.48    216.000    213.816    -0.7245    -0.7237     0.0008    -0.7311    -0.7303     0.0008   2.802821   2.802793  -0.000024    34.3409    34.3397     7.1888    27.6084    27.6074    34.3408    27.6084    1448.40    1448.41    -0.7309  1028.6466    34.5082 0.0000e+00
      23008 311.743954  -62.13990  -58.44172     -0.992    1448.48    215.000    212.826    -0.7250    -0.7245     0.0005    -0.7315    -0.7310     0.0005   2.802724   2.802664  -0.000057    34.3408    34.3394     7.1773    27.6084    27.6072    34.3406    27.6082    1448.39    1448.39    -0.7314  1028.6416    34.5080 0.0000e+00
      23033 311.743966  -62.13990  -58.44172     -0.973    1448.48    214.000    211.837    -0.7256    -0.7257    -0.0002    -0.7320    -0.7322    -0.0002   2.802604   2.802450  -0.000149    34.3405    34.3386     7.1735    27.6081    27.6067    34.3402    27.6080    1448.37    1448.36    -0.7319  1028.6366    34.5076 0.0000e+00
      23068 311.743983  -62.13990  -58.44172     -0.762    1448.48    213.000    210.848    -0.7262    -0.7255     0.0007    -0.7327    -0.7320     0.0007   2.802485   2.802446  -0.000049    34.3401    34.3387     7.1856    27.6079    27.6067    34.3399    27.6078    1448.35    1448.35    -0.7325  1028.6316    34.5073 0.0000e+00
      23111 311.744004  -62.13990  -58.44172     -0.542    1448.48    212.000    209.858    -0.7264    -0.7252     0.0012    -0.7328    -0.7316     0.0012   2.802399   2.802439   0.000042    34.3398    34.3390     7.1833    27.6076    27.6070    34.3396    27.6075    1448.33    1448.33    -0.7327  1028.6266    34.5070 0.0000e+00
      23147 311.744021  -62.13990  -58.44174     -0.642    1448.48    211.000    208.869    -0.7282    -0.7268     0.0013    -0.7346    -0.7332     0.0013   2.802086   2.802146   0.000059    34.3383    34.3376     7.1917    27.6065    27.6059    34.3381    27.6063    1448.30    1448.31    -0.7344  1028.6207    34.5054 0.0000e+00
      23179 311.744036  -62.13990  -58.44174     -0.745    1448.48    210.000    207.880    -0.7286    -0.7281     0.0004    -0.7349    -0.7345     0.0004   2.801986   2.801891  -0.000084    34.3379    34.3363     7.1813    27.6062    27.6049    34.3378    27.6061    1448.28    1448.28    -0.7348  1028.6157    34.5051 0.0000e+00
      23209 311.744051  -62.13990  -58.44174     -0.793    1448.48    209.000    206.890    -0.7292    -0.7296    -0.0004    -0.7355    -0.7359    -0.0004   2.801847   2.801650  -0.000192    34.3374    34.3353     7.1912    27.6058    27.6041    34.3372    27.6057    1448.26    1448.26    -0.7354  1028.6105    34.5046 0.0000e+00
      23243 311.744067  -62.13990  -58.44174     -0.725    1448.48    208.000    205.901    -0.7304    -0.7300     0.0004    -0.7367    -0.7363     0.0004   2.801642   2.801562  -0.000089    34.3367    34.3350     7.1992    27.6052    27.6039    34.3364    27.6051    1448.24    1448.24    -0.7365  1028.6051    34.5037 0.0000e+00
      23278 311.744084  -62.13991  -58.44174     -0.679    1448.48    207.000    204.911    -0.7314    -0.7300     0.0014    -0.7377    -0.7363     0.0014   2.801460   2.801505   0.000045    34.3360    34.3350     7.2211    27.6047    27.6039    34.3358    27.6046    1448.22    1448.22    -0.7375  1028.5999    34.5031 0.0000e+00
      23308 311.744099  -62.13992  -58.44174     -0.756    1448.48    206.000    203.922    -0.7322    -0.7315     0.0007    -0.7385    -0.7377     0.0007   2.801334   2.801315  -0.000009    34.3358    34.3348     7.2192    27.6046    27.6038    34.3356    27.6044    1448.20    1448.20    -0.7383  1028.5950    34.5029 0.0000e+00
      23337 311.744113  -62.13992  -58.44174     -0.834    1448.48    205.000    202.932    -0.7333    -0.7324     0.0009    -0.7394    -0.7386     0.0009   2.801193   2.801179  -0.000023    34.3358    34.3345     7.2199    27.6046    27.6036    34.3354    27.6044    1448.18    1448.18    -0.7393  1028.5902    34.5028 0.0000e+00
      23365 311.744126  -62.13992  -58.44175     -0.845    1448.48    204.000    201.943    -0.7334    -0.7324     0.0009    -0.7395    -0.7385     0.0009   2.801120   2.801107  -0.000012    34.3354    34.3341     7.2297    27.6043    27.6033    34.3352    27.6042    1448.16    1448.16    -0.7394  1028.5852    34.5025 0.0000e+00
      23396 311.744141  -62.13992  -58.44176     -0.802    1448.48    203.000    200.953    -0.7334    -0.7332     0.0002    -0.7395    -0.7393     0.0002   2.801062   2.800944  -0.000116    34.3353    34.3335     7.2278    27.6043    27.6028    34.3351    27.6041    1448.14    1448.14    -0.7394  1028.5803    34.5024 0.0000e+00
      23427 311.744156  -62.13992  -58.44176     -0.773    1448.48    202.000    199.964    -0.7341    -0.7335     0.0006    -0.7402    -0.7396     0.0006   2.800888   2.800865  -0.000024    34.3343    34.3333     7.2274    27.6035    27.6026    34.3341    27.6034    1448.12    1448.13    -0.7400  1028.5748    34.5014 0.0000e+00
      23454 311.744169  -62.13992  -58.44176     -0.836    1448.48    201.000    198.974    -0.7347    -0.7341     0.0006    -0.7407    -0.7401     0.0006   2.800758   2.800718  -0.000042    34.3339    34.3327     7.2257    27.6032    27.6022    34.3336    27.6030    1448.10    1448.10    -0.7406  1028.5697    34.5009 0.0000e+00
      23477 311.744180  -62.13992  -58.44176     -0.971    1448.48    200.000    197.985    -0.7361    -0.7358     0.0003    -0.7421    -0.7419     0.0003   2.800485   2.800408  -0.000069    34.3327    34.3315     7.2254    27.6023    27.6013    34.3322    27.6019    1448.08    1448.08    -0.7420  1028.5638    34.4995 0.0000e+00
      23500 311.744191  -62.13992  -58.44176     -1.054    1448.48    199.000    196.996    -0.7373    -0.7372     0.0001    -0.7433    -0.7432     0.0001   2.800294   2.800186  -0.000103    34.3318    34.3303     7.2324    27.6016    27.6004    34.3316    27.6014    1448.05    1448.05    -0.7431  1028.5586    34.4989 0.0000e+00
      23524 311.744203  -62.13992  -58.44176     -1.007    1448.48    198.000    196.006    -0.7377    -0.7375     0.0002    -0.7437    -0.7435     0.0002   2.800187   2.800110  -0.000083    34.3315    34.3302     7.2277    27.6014    27.6003    34.3312    27.6012    1448.04    1448.04    -0.7435  1028.5535    34.4985 0.0000e+00
      23552 311.744216  -62.13992  -58.44178     -0.903    1448.48    197.000    195.017    -0.7383    -0.7377     0.0006    -0.7442    -0.7436     0.0006   2.800095   2.800045  -0.000052    34.3315    34.3301     7.2373    27.6014    27.6002    34.3312    27.6012    1448.02    1448.02    -0.7441  1028.5488    34.4985 0.0000e+00
      23580 311.744230  -62.13992  -58.44178     -0.849    1448.48    196.000    194.027    -0.7388    -0.7388     0.0000    -0.7447    -0.7447     0.0000   2.799982   2.799875  -0.000095    34.3312    34.3299     7.2531    27.6012    27.6001    34.3309    27.6009    1448.00    1448.00    -0.7445  1028.5438    34.4981 0.0000e+00
      23606 311.744242  -62.13992  -58.44178     -0.895    1448.48    195.000    193.038    -0.7409    -0.7450    -0.0041    -0.7468    -0.7508    -0.0040   2.799687   2.799207  -0.000446    34.3305    34.3291     7.2588    27.6007    27.5997    34.3299    27.6002    1447.97    1447.95    -0.7466  1028.5383    34.4972 0.0000e+00
      23629 311.744253  -62.13992  -58.44178     -0.997    1448.48    194.000    192.048    -0.7452    -0.7490    -0.0038    -0.7510    -0.7548    -0.0038   2.799220   2.798789  -0.000428    34.3299    34.3284     7.2662    27.6004    27.5994    34.3291    27.5997    1447.93    1447.91    -0.7509  1028.5331    34.4964 0.0000e+00
      23652 311.744264  -62.13994  -58.44178     -1.054    1448.48    193.000    191.059    -0.7501    -0.7514    -0.0013    -0.7559    -0.7572    -0.0013   2.798757   2.798515  -0.000248    34.3297    34.3278     7.2673    27.6004    27.5989    34.3291    27.5999    1447.89    1447.89    -0.7557  1028.5285    34.4963 0.0000e+00
      23676 311.744276  -62.13994  -58.44178     -1.029    1448.48    192.000    190.069    -0.7510    -0.7531    -0.0021    -0.7567    -0.7588    -0.0021   2.798583   2.798271  -0.000321    34.3291    34.3271     7.2676    27.6000    27.5985    34.3283    27.5994    1447.87    1447.86    -0.7566  1028.5232    34.4956 0.0000e+00
      23702 311.744289  -62.13994  -58.44178     -0.942    1448.48    191.000    189.080    -0.7543    -0.7540     0.0003    -0.7600    -0.7597     0.0003   2.798203   2.798140  -0.000070    34.3282    34.3269     7.2634    27.5993    27.5983    34.3275    27.5988    1447.84    1447.84    -0.7599  1028.5179    34.4947 0.0000e+00
      23731 311.744303  -62.13994  -58.44179     -0.845    1448.48    190.000    188.091    -0.7550    -0.7542     0.0008    -0.7606    -0.7599     0.0008   2.798088   2.798074  -0.000025    34.3279    34.3267     7.2706    27.5992    27.5981    34.3274    27.5987    1447.82    1447.82    -0.7605  1028.5131    34.4946 0.0000e+00
      23762 311.744317  -62.13994  -58.44180     -0.805    1448.48    189.000    187.101    -0.7566    -0.7562     0.0004    -0.7622    -0.7618     0.0004   2.797898   2.797812  -0.000076    34.3277    34.3263     7.2913    27.5991    27.5979    34.3272    27.5987    1447.80    1447.80    -0.7621  1028.5082    34.4944 0.0000e+00
      23793 311.744333  -62.13994  -58.44180     -0.765    1448.48    188.000    186.112    -0.7574    -0.7570     0.0004    -0.7630    -0.7626     0.0004   2.797732   2.797667  -0.000075    34.3270    34.3255     7.2997    27.5985    27.5973    34.3265    27.5981    1447.78    1447.78    -0.7629  1028.5029    34.4937 0.0000e+00
      23823 311.744347  -62.13994  -58.44180     -0.778    1448.48    187.000    185.122    -0.7575    -0.7563     0.0013    -0.7631    -0.7619     0.0013   2.797660   2.797675   0.000017    34.3266    34.3254     7.3020    27.5982    27.5972    34.3263    27.5980    1447.76    1447.76    -0.7629  1028.4980    34.4935 0.0000e+00
      23855 311.744362  -62.13994  -58.44180     -0.785    1448.48    186.000    184.133    -0.7570    -0.7565     0.0005    -0.7626    -0.7621     0.0005   2.797664   2.797650  -0.000019    34.3267    34.3258     7.2944    27.5982    27.5975    34.3264    27.5981    1447.75    1447.75    -0.7624  1028.4933    34.4936 0.0000e+00
      23896 311.744382  -62.13994  -58.44180     -0.584    1448.48    185.000    183.143    -0.7564    -0.7556     0.0008    -0.7619    -0.7611     0.0008   2.797692   2.797708   0.000013    34.3268    34.3261     7.3039    27.5983    27.5977    34.3267    27.5982    1447.73    1447.73    -0.7618  1028.4887    34.4939 0.0000e+00
      23935 311.744401  -62.13994  -58.44180     -0.604    1448.48    184.000    182.153    -0.7576    -0.7558     0.0019    -0.7631    -0.7612     0.0019   2.797524   2.797616   0.000094    34.3268    34.3259     7.3088    27.5983    27.5975    34.3265    27.5981    1447.71    1447.72    -0.7630  1028.4838    34.4937 0.0000e+00
      23971 311.744418  -62.13994  -58.44182     -0.670    1448.48    183.000    181.164    -0.7576    -0.7568     0.0009    -0.7631    -0.7622     0.0009   2.797438   2.797451   0.000013    34.3261    34.3253     7.3035    27.5978    27.5971    34.3259    27.5977    1447.69    1447.70    -0.7629  1028.4764    34.4903 0.0000e+00
      24010 311.744437 -9.990e-29  -58.44182     -0.633    1448.48    182.000    180.174    -0.7572    -0.7558     0.0014    -0.7626    -0.7612     0.0014   2.797438   2.797477   0.000034    34.3262    34.3250     7.2941    27.5978    27.5969    34.3260    27.5977    1447.68    1447.68    -0.7625  1028.4697    34.4880 0.0000e+00
