Pos-Processados/process_op42/Processamento_split/up/uoperantar42_020.cnv
* Sea-Bird SBE 9 Data File:
* FileName = C:\Users\Hidrografia\Desktop\OPXLII\Brutos\OP42020.hdr
* Software Version Seasave V 7.26.7.107
* Temperature SN = 6502
* Conductivity SN = 4998
* Number of Bytes Per Scan = 37
* Number of Voltage Words = 4
* Number of Scans Averaged by the Deck Unit = 1
* NMEA Latitude = 62 08.28 S
* NMEA Longitude = 058 26.46 W
* NMEA UTC (Time) = Nov 07 2023 17:35:19
* NMEA baud rate = 4800
** H41
** NPOALTEMAXIMIANO
** NUMERO DA ESTACAO (XXX) 020
** LAT (XX XX.XX S/N) 62 08.46 S
** LONG (XXX XX.XX W/E) 058 26.12 W
** DATAHORA (dd/mm/aaaa hh:mm Z) 07/11/2023 1734Z
** PROFUNDIDADE (m) 423
** OPERADOR CT FILIPE LOPES
# nquan = 30
# nvalues = 372                         
# units = specified
# name 0 = scan: Scan Count
# name 1 = timeJ: Julian Days
# name 2 = latitude: Latitude [deg]
# name 3 = longitude: Longitude [deg]
# name 4 = dz/dtM: Descent Rate [m/s]
# name 5 = avgsvCM: Average Sound Velocity [Chen-Millero, m/s]
# name 6 = prDM: Pressure, Digiquartz [db]
# name 7 = depSM: Depth [salt water, m]
# name 8 = t090C: Temperature [ITS-90, deg C]
# name 9 = t190C: Temperature, 2 [ITS-90, deg C]
# name 10 = T2-T190C: Temperature Difference, 2 - 1 [ITS-90, deg C]
# name 11 = potemp090C: Potential Temperature [ITS-90, deg C]
# name 12 = potemp190C: Potential Temperature, 2 [ITS-90, deg C]
# name 13 = potemp90Cdiff: Potential Temperature, Diff, 2 - 1 [ITS-90, deg C]
# name 14 = c0S/m: Conductivity [S/m]
# name 15 = c1S/m: Conductivity, 2 [S/m]
# name 16 = C2-C1S/m: Conductivity Difference, 2 - 1 [S/m]
# name 17 = sal00: Salinity, Practical [PSU]
# name 18 = sal11: Salinity, Practical, 2 [PSU]
# name 19 = sbeox0ML/L: Oxygen, SBE 43 [ml/l]
# name 20 = sigma-é00: Density [sigma-theta, kg/m^3]
# name 21 = sigma-é11: Density, 2 [sigma-theta, kg/m^3]
# name 22 = sal00: Salinity, Practical [PSU]
# name 23 = sigma-é00: Density [sigma-theta, kg/m^3]
# name 24 = svCM: Sound Velocity [Chen-Millero, m/s]
# name 25 = svCM1: Sound Velocity, 2 [Chen-Millero, m/s]
# name 26 = gsw_ptA0: potential temperature [ITS-90, deg C]
# name 27 = gsw_densityA0: density, TEOS-10 [density, kg/m^3]
# name 28 = gsw_saA0: Absolute Salinity [g/kg]
# name 29 = flag:
# span 0 =      18612,      29750       
# span 1 = 311.741834, 311.747206       
# span 2 =  -62.14048,  -62.13966       
# span 3 =  -58.44190,  -58.44138       
# span 4 =     -1.150,     -0.181       
# span 5 =    1448.48,    1448.49       
# span 6 =      3.000,    374.000       
# span 7 =      2.979,    370.075       
# span 8 =    -0.8345,    -0.4628       
# span 9 =    -0.8341,    -0.4626       
# span 10 =    -0.0282,     0.0118      
# span 11 =    -0.8390,    -0.4709      
# span 12 =    -0.8386,    -0.4732      
# span 13 =    -0.0282,     0.0118      
# span 14 =   2.788274,   2.838221      
# span 15 =   2.788274,   2.838164      
# span 16 =  -0.002443,   0.000800      
# span 17 =    34.2770,    34.4251      
# span 18 =    34.2778,    34.4242      
# span 19 =     6.5095,     7.5906      
# span 20 =    27.5462,    27.6655      
# span 21 =    27.5471,    27.6647      
# span 22 =    34.2799,    34.4253      
# span 23 =    27.5482,    27.6656      
# span 24 =    1445.53,    1452.31      
# span 25 =    1445.52,    1452.31      
# span 26 =    -0.8388,    -0.4709      
# span 27 =  1027.5669,  1029.4527      
# span 28 =    34.4436,    34.5936      
# span 29 = 0.0000e+00, 0.0000e+00      
# interval = decibars: 1                
# start_time = Nov 07 2023 17:35:19 [NMEA time, header]
# bad_flag = -9.990e-29
*END*
[from data line 194]
      24099 311.744480  -62.13996  -58.44182     -0.553    1448.48    180.000    178.195    -0.7560    -0.7553     0.0007    -0.7613    -0.7606     0.0007   2.797443   2.797441  -0.000006    34.3260    34.3251     7.2992    27.5976    27.5969    34.3260    27.5976    1447.65    1447.66    -0.7612  1028.4644    34.4933 0.0000e+00
      24130 311.744495  -62.13996  -58.44182     -0.739    1448.48    179.000    177.206    -0.7569    -0.7597    -0.0028    -0.7622    -0.7650    -0.0028   2.797252   2.796851  -0.000351    34.3255    34.3240     7.2989    27.5973    27.5962    34.3250    27.5969    1447.63    1447.61    -0.7621  1028.4587    34.4922 0.0000e+00
      24161 311.744510  -62.13996  -58.44183     -0.774    1448.48    178.000    176.216    -0.7640    -0.7693    -0.0053    -0.7693    -0.7745    -0.0053   2.796418   2.795791  -0.000633    34.3234    34.3208     7.3090    27.5959    27.5940    34.3224    27.5951    1447.58    1447.55    -0.7691  1028.4522    34.4896 0.0000e+00
      24194 311.744526  -62.13996  -58.44184     -0.727    1448.48    177.000    175.227    -0.7698    -0.7704    -0.0006    -0.7750    -0.7756    -0.0006   2.795778   2.795630  -0.000167    34.3215    34.3200     7.3101    27.5946    27.5934    34.3210    27.5941    1447.53    1447.53    -0.7749  1028.4465    34.4881 0.0000e+00
      24225 311.744541  -62.13996  -58.44184     -0.759    1448.48    176.000    174.237    -0.7722    -0.7729    -0.0007    -0.7774    -0.7781    -0.0007   2.795481   2.795334  -0.000160    34.3210    34.3196     7.3209    27.5943    27.5932    34.3203    27.5937    1447.50    1447.50    -0.7773  1028.4413    34.4874 0.0000e+00
      24254 311.744555  -62.13996  -58.44184     -0.820    1448.48    175.000    173.247    -0.7767    -0.7799    -0.0032    -0.7819    -0.7851    -0.0032   2.794893   2.794544  -0.000305    34.3192    34.3186     7.3232    27.5930    27.5926    34.3181    27.5921    1447.46    1447.45    -0.7817  1028.4350    34.4852 0.0000e+00
      24283 311.744569  -62.13996  -58.44184     -0.836    1448.48    174.000    172.258    -0.7837    -0.7875    -0.0038    -0.7888    -0.7927    -0.0038   2.794217   2.793781  -0.000429    34.3184    34.3170     7.3375    27.5927    27.5917    34.3175    27.5919    1447.41    1447.39    -0.7887  1028.4300    34.4846 0.0000e+00
      24318 311.744586  -62.13996  -58.44184     -0.721    1448.48    173.000    171.268    -0.7873    -0.7875    -0.0002    -0.7924    -0.7926    -0.0002   2.793826   2.793771  -0.000067    34.3176    34.3169     7.3515    27.5921    27.5916    34.3169    27.5916    1447.38    1447.38    -0.7923  1028.4249    34.4840 0.0000e+00
      24354 311.744603  -62.13998  -58.44184     -0.644    1448.48    172.000    170.279    -0.7899    -0.7886     0.0013    -0.7950    -0.7937     0.0013   2.793526   2.793610   0.000064    34.3175    34.3169     7.3684    27.5922    27.5916    34.3164    27.5913    1447.35    1447.36    -0.7948  1028.4199    34.4835 0.0000e+00
      24385 311.744618  -62.13998  -58.44184     -0.756    1448.48    171.000    169.289    -0.7926    -0.7917     0.0009    -0.7976    -0.7967     0.0009   2.793231   2.793229   0.000006    34.3167    34.3158     7.3873    27.5916    27.5909    34.3160    27.5911    1447.32    1447.32    -0.7975  1028.4149    34.4831 0.0000e+00
      24412 311.744631  -62.13998  -58.44184     -0.859    1448.48    170.000    168.300    -0.7945    -0.7969    -0.0024    -0.7995    -0.8019    -0.0024   2.792997   2.792680  -0.000291    34.3165    34.3154     7.3921    27.5916    27.5907    34.3157    27.5908    1447.29    1447.28    -0.7993  1028.4099    34.4827 0.0000e+00
      24439 311.744644  -62.13998  -58.44186     -0.883    1448.48    169.000    167.310    -0.7999    -0.8064    -0.0064    -0.8049    -0.8113    -0.0064   2.792480   2.791744  -0.000685    34.3162    34.3143     7.3967    27.5915    27.5902    34.3154    27.5909    1447.25    1447.22    -0.8047  1028.4052    34.4825 0.0000e+00
      24468 311.744658  -62.13998  -58.44186     -0.848    1448.48    168.000    166.321    -0.8055    -0.8136    -0.0080    -0.8104    -0.8185    -0.0080   2.791769   2.790989  -0.000804    34.3149    34.3131     7.3938    27.5907    27.5896    34.3128    27.5890    1447.21    1447.17    -0.8103  1028.3986    34.4799 0.0000e+00
      24496 311.744672  -62.13998  -58.44186     -0.843    1448.48    167.000    165.331    -0.8179    -0.8186    -0.0007    -0.8227    -0.8234    -0.0007   2.790608   2.790517  -0.000128    34.3132    34.3122     7.3904    27.5898    27.5890    34.3117    27.5886    1447.13    1447.13    -0.8226  1028.3935    34.4787 0.0000e+00
      24523 311.744684  -62.13998  -58.44186     -0.880    1448.48    166.000    164.341    -0.8193    -0.8202    -0.0009    -0.8241    -0.8250    -0.0009   2.790458   2.790288  -0.000162    34.3130    34.3118     7.3934    27.5897    27.5888    34.3119    27.5888    1447.11    1447.10    -0.8240  1028.3889    34.4789 0.0000e+00
      24549 311.744697  -62.13998  -58.44186     -0.905    1448.48    165.000    163.352    -0.8222    -0.8226    -0.0004    -0.8269    -0.8274    -0.0004   2.790146   2.790038  -0.000114    34.3126    34.3116     7.4035    27.5895    27.5887    34.3116    27.5886    1447.08    1447.07    -0.8268  1028.3840    34.4786 0.0000e+00
      24578 311.744711  -62.13998  -58.44186     -0.862    1448.48    164.000    162.362    -0.8225    -0.8240    -0.0015    -0.8272    -0.8287    -0.0015   2.790087   2.789871  -0.000219    34.3125    34.3113     7.4163    27.5894    27.5885    34.3117    27.5888    1447.06    1447.05    -0.8271  1028.3793    34.4787 0.0000e+00
      24610 311.744727  -62.13998  -58.44186     -0.768    1448.48    163.000    161.372    -0.8198    -0.8243    -0.0045    -0.8245    -0.8290    -0.0045   2.790301   2.789791  -0.000497    34.3127    34.3111     7.4217    27.5895    27.5884    34.3122    27.5891    1447.06    1447.03    -0.8244  1028.3748    34.4792 0.0000e+00
      24641 311.744741  -62.14000  -58.44186     -0.766    1448.48    162.000    160.383    -0.8257    -0.8247     0.0011    -0.8304    -0.8294     0.0011   2.789641   2.789700   0.000039    34.3117    34.3111     7.4292    27.5889    27.5884    34.3106    27.5880    1447.01    1447.02    -0.8303  1028.3690    34.4776 0.0000e+00
      24668 311.744754  -62.14000  -58.44186     -0.848    1448.48    161.000    159.393    -0.8290    -0.8301    -0.0012    -0.8336    -0.8348    -0.0012   2.789322   2.789085  -0.000211    34.3113    34.3097     7.4310    27.5887    27.5875    34.3106    27.5882    1446.98    1446.97    -0.8335  1028.3644    34.4776 0.0000e+00
      24693 311.744766  -62.14000  -58.44186     -0.933    1448.48    160.000    158.403    -0.8289    -0.8317    -0.0028    -0.8335    -0.8363    -0.0028   2.789238   2.788828  -0.000418    34.3108    34.3084     7.4384    27.5883    27.5864    34.3100    27.5876    1446.96    1446.95    -0.8334  1028.3591    34.4769 0.0000e+00
      24717 311.744778  -62.14000  -58.44186     -0.973    1448.48    159.000    157.414    -0.8321    -0.8325    -0.0004    -0.8367    -0.8371    -0.0004   2.788823   2.788690  -0.000157    34.3096    34.3079     7.4245    27.5874    27.5860    34.3086    27.5866    1446.93    1446.93    -0.8366  1028.3534    34.4756 0.0000e+00
      24742 311.744790  -62.14000  -58.44186     -0.967    1448.48    158.000    156.424    -0.8330    -0.8323     0.0007    -0.8376    -0.8368     0.0007   2.788685   2.788651  -0.000041    34.3090    34.3076     7.4340    27.5870    27.5858    34.3084    27.5865    1446.91    1446.91    -0.8374  1028.3484    34.4754 0.0000e+00
      24768 311.744803  -62.14000  -58.44186     -0.941    1448.48    157.000    155.435    -0.8334    -0.8327     0.0007    -0.8379    -0.8372     0.0007   2.788567   2.788561  -0.000008    34.3084    34.3075     7.4410    27.5865    27.5858    34.3079    27.5861    1446.89    1446.89    -0.8378  1028.3433    34.4748 0.0000e+00
      24794 311.744815  -62.14000  -58.44186     -0.937    1448.48    156.000    154.445    -0.8338    -0.8337    -0.0000    -0.8382    -0.8382    -0.0000   2.788489   2.788394  -0.000089    34.3084    34.3071     7.4425    27.5865    27.5855    34.3078    27.5861    1446.87    1446.87    -0.8382  1028.3385    34.4748 0.0000e+00
      24820 311.744828  -62.14000  -58.44188     -0.915    1448.48    155.000    153.455    -0.8345    -0.8341     0.0005    -0.8390    -0.8386     0.0005   2.788344   2.788280  -0.000075    34.3079    34.3063     7.4574    27.5861    27.5849    34.3074    27.5857    1446.85    1446.85    -0.8388  1028.3333    34.4743 0.0000e+00
      24849 311.744842  -62.14000  -58.44188     -0.852    1448.48    154.000    152.466    -0.8342    -0.8334     0.0008    -0.8387    -0.8378     0.0008   2.788293   2.788274  -0.000022    34.3073    34.3060     7.4667    27.5857    27.5846    34.3069    27.5854    1446.84    1446.84    -0.8385  1028.3282    34.4739 0.0000e+00
      24879 311.744856  -62.14001  -58.44188     -0.810    1448.48    153.000    151.476    -0.8338    -0.8324     0.0014    -0.8382    -0.8368     0.0014   2.788274   2.788296   0.000016    34.3070    34.3057     7.4661    27.5854    27.5843    34.3068    27.5852    1446.82    1446.83    -0.8381  1028.3233    34.4737 0.0000e+00
      24905 311.744869  -62.14002  -58.44188     -0.862    1448.48    152.000    150.486    -0.8316    -0.8292     0.0024    -0.8359    -0.8335     0.0024   2.788382   2.788488   0.000091    34.3065    34.3050     7.4641    27.5849    27.5835    34.3064    27.5848    1446.82    1446.82    -0.8358  1028.3181    34.4733 0.0000e+00
      24929 311.744880  -62.14002  -58.44188     -0.964    1448.48    151.000    149.497    -0.8299    -0.8247     0.0052    -0.8342    -0.8291     0.0052   2.788463   2.788814   0.000309    34.3061    34.3045     7.4571    27.5846    27.5830    34.3062    27.5846    1446.81    1446.83    -0.8341  1028.3130    34.4731 0.0000e+00
      24952 311.744892  -62.14002  -58.44188     -1.030    1448.48    150.000    148.507    -0.8264    -0.8199     0.0065    -0.8308    -0.8242     0.0065   2.788733   2.789138   0.000402    34.3061    34.3041     7.4637    27.5844    27.5825    34.3065    27.5847    1446.81    1446.84    -0.8306  1028.3084    34.4735 0.0000e+00
      24976 311.744903  -62.14002  -58.44188     -1.020    1448.48    149.000    147.517    -0.8213    -0.8182     0.0030    -0.8256    -0.8225     0.0030   2.789111   2.789234   0.000144    34.3059    34.3044     7.4650    27.5840    27.5827    34.3064    27.5844    1446.82    1446.83    -0.8255  1028.3033    34.4733 0.0000e+00
      25002 311.744916  -62.14002  -58.44188     -0.957    1448.48    148.000    146.527    -0.8193    -0.8181     0.0013    -0.8236    -0.8223     0.0013   2.789182   2.789217   0.000031    34.3056    34.3046     7.4669    27.5837    27.5828    34.3058    27.5838    1446.81    1446.81    -0.8235  1028.2979    34.4727 0.0000e+00
      25030 311.744929  -62.14002  -58.44188     -0.887    1448.48    147.000    145.538    -0.8190    -0.8179     0.0011    -0.8232    -0.8221     0.0011   2.789171   2.789181   0.000017    34.3056    34.3046     7.4707    27.5837    27.5828    34.3059    27.5839    1446.79    1446.80    -0.8231  1028.2931    34.4727 0.0000e+00
      25062 311.744944  -62.14002  -58.44188     -0.788    1448.48    146.000    144.548    -0.8190    -0.8185     0.0005    -0.8232    -0.8227     0.0005   2.789113   2.789093  -0.000010    34.3055    34.3048     7.4733    27.5836    27.5831    34.3057    27.5837    1446.78    1446.78    -0.8231  1028.2882    34.4726 0.0000e+00
      25097 311.744961  -62.14002  -58.44188     -0.690    1448.48    145.000    143.558    -0.8175    -0.8174     0.0001    -0.8217    -0.8216     0.0001   2.789209   2.789149  -0.000060    34.3056    34.3046     7.4818    27.5836    27.5828    34.3060    27.5839    1446.77    1446.77    -0.8216  1028.2836    34.4728 0.0000e+00
      25130 311.744978  -62.14003  -58.44188     -0.701    1448.48    144.000    142.569    -0.8129    -0.8121     0.0009    -0.8171    -0.8162     0.0009   2.789533   2.789534  -0.000007    34.3054    34.3043     7.4626    27.5833    27.5824    34.3058    27.5835    1446.77    1446.78    -0.8170  1028.2784    34.4726 0.0000e+00
      25160 311.744992  -62.14004  -58.44188     -0.785    1448.48    143.000    141.579    -0.8122    -0.8104     0.0018    -0.8163    -0.8145     0.0018   2.789566   2.789622   0.000064    34.3056    34.3044     7.4665    27.5834    27.5824    34.3060    27.5837    1446.76    1446.77    -0.8162  1028.2738    34.4728 0.0000e+00
      25189 311.745006  -62.14004  -58.44188     -0.832    1448.48    142.000    140.592    -0.8117    -0.8114     0.0003    -0.8158    -0.8155     0.0003   2.789536   2.789491  -0.000053    34.3055    34.3045     7.4740    27.5833    27.5824    34.3056    27.5834    1446.75    1446.74    -0.8157  1028.2687    34.4725 0.0000e+00
      25221 311.745021  -62.14004  -58.44188     -0.775    1448.48    141.000    139.598    -0.8123    -0.8106     0.0017    -0.8164    -0.8147     0.0017   2.789447   2.789514   0.000061    34.3056    34.3045     7.4680    27.5834    27.5824    34.3058    27.5835    1446.73    1446.73    -0.8163  1028.2640    34.4726 0.0000e+00
      25255 311.745038  -62.14004  -58.44188     -0.703    1448.48    140.000    138.610    -0.8083    -0.8115    -0.0032    -0.8123    -0.8155    -0.0032   2.789783   2.789408  -0.000332    34.3057    34.3049     7.4620    27.5833    27.5828    34.3063    27.5838    1446.73    1446.71    -0.8122  1028.2595    34.4731 0.0000e+00
      25289 311.745054  -62.14004  -58.44188     -0.704    1448.48    139.000    137.620    -0.8041    -0.8059    -0.0019    -0.8081    -0.8100    -0.0019   2.790056   2.789856  -0.000224    34.3053    34.3044     7.4707    27.5828    27.5821    34.3059    27.5833    1446.73    1446.72    -0.8080  1028.2542    34.4727 0.0000e+00
      25322 311.745070  -62.14004  -58.44188     -0.730    1448.48    138.000    136.630    -0.7977    -0.7975     0.0003    -0.8017    -0.8015     0.0003   2.790517   2.790455  -0.000074    34.3050    34.3037     7.4651    27.5823    27.5812    34.3056    27.5828    1446.75    1446.75    -0.8016  1028.2488    34.4724 0.0000e+00
      25355 311.745086  -62.14004  -58.44188     -0.734    1448.48    137.000    135.641    -0.8000    -0.7948     0.0053    -0.8040    -0.7988     0.0052   2.790268   2.790622   0.000352    34.3052    34.3040     7.4743    27.5825    27.5814    34.3054    27.5827    1446.72    1446.74    -0.8039  1028.2441    34.4723 0.0000e+00
      25390 311.745103  -62.14004 -9.990e-29     -0.685    1448.48    136.000    134.651    -0.7944    -0.7914     0.0030    -0.7983    -0.7953     0.0030   2.790698   2.790885   0.000196    34.3044    34.3037     7.4673    27.5817    27.5810    34.3054    27.5825    1446.73    1446.74    -0.7982  1028.2403    34.4738 0.0000e+00
      25427 311.745120  -62.14006 -9.990e-29     -0.659    1448.48    135.000    133.661    -0.7900    -0.7903    -0.0003    -0.7939    -0.7942    -0.0003   2.790973   2.790904  -0.000079    34.3044    34.3036     7.4677    27.5815    27.5809    34.3048    27.5818    1446.73    1446.73    -0.7938  1028.2348    34.4731 0.0000e+00
      25468 311.745140  -62.14006 -9.990e-29     -0.591    1448.48    134.000    132.671    -0.7941    -0.7927     0.0014    -0.7980    -0.7966     0.0014   2.790639   2.790655   0.000043    34.3053    34.3043     7.4737    27.5824    27.5816    34.3055    27.5826    1446.70    1446.70    -0.7979  1028.2308    34.4738 0.0000e+00
