Pos-Processados/process_op42/Processamento_split/up/uoperantar42_022.cnv
* Sea-Bird SBE 9 Data File:
* FileName = C:\Users\Hidrografia\Desktop\OPXLII\Brutos\OP42022.hdr
* Software Version Seasave V 7.26.7.107
* Temperature SN = 6502
* Conductivity SN = 4998
* Number of Bytes Per Scan = 37
* Number of Voltage Words = 4
* Number of Scans Averaged by the Deck Unit = 1
* NMEA Latitude = 62 18.70 S
* NMEA Longitude = 058 31.66 W
* NMEA UTC (Time) = Nov 07 2023 22:53:42
* NMEA baud rate = 4800
** H41
** NPOALTEMAXIMIANO
** NUMERO DA ESTACAO (XXX) 022
** LAT (XX XX.XX S/N) 62 18.60 S
** LONG (XXX XX.XX W/E) 058 32.03 W
** DATAHORA (dd/mm/aaaa hh:mm Z) 07/11/2023 2251Z
** PROFUNDIDADE (m) 434
** OPERADOR 1T ZAMITH
# nquan = 30
# nvalues = 424                         
# units = specified
# name 0 = scan: Scan Count
# name 1 = timeJ: Julian Days
# name 2 = latitude: Latitude [deg]
# name 3 = longitude: Longitude [deg]
# name 4 = dz/dtM: Descent Rate [m/s]
# name 5 = avgsvCM: Average Sound Velocity [Chen-Millero, m/s]
# name 6 = prDM: Pressure, Digiquartz [db]
# name 7 = depSM: Depth [salt water, m]
# name 8 = t090C: Temperature [ITS-90, deg C]
# name 9 = t190C: Temperature, 2 [ITS-90, deg C]
# name 10 = T2-T190C: Temperature Difference, 2 - 1 [ITS-90, deg C]
# name 11 = potemp090C: Potential Temperature [ITS-90, deg C]
# name 12 = potemp190C: Potential Temperature, 2 [ITS-90, deg C]
# name 13 = potemp90Cdiff: Potential Temperature, Diff, 2 - 1 [ITS-90, deg C]
# name 14 = c0S/m: Conductivity [S/m]
# name 15 = c1S/m: Conductivity, 2 [S/m]
# name 16 = C2-C1S/m: Conductivity Difference, 2 - 1 [S/m]
# name 17 = sal00: Salinity, Practical [PSU]
# name 18 = sal11: Salinity, Practical, 2 [PSU]
# name 19 = sbeox0ML/L: Oxygen, SBE 43 [ml/l]
# name 20 = sigma-é00: Density [sigma-theta, kg/m^3]
# name 21 = sigma-é11: Density, 2 [sigma-theta, kg/m^3]
# name 22 = sal00: Salinity, Practical [PSU]
# name 23 = sigma-é00: Density [sigma-theta, kg/m^3]
# name 24 = svCM: Sound Velocity [Chen-Millero, m/s]
# name 25 = svCM1: Sound Velocity, 2 [Chen-Millero, m/s]
# name 26 = gsw_ptA0: potential temperature [ITS-90, deg C]
# name 27 = gsw_densityA0: density, TEOS-10 [density, kg/m^3]
# name 28 = gsw_saA0: Absolute Salinity [g/kg]
# name 29 = flag:
# span 0 =      19367,      35162       
# span 1 = 311.963298, 311.970915       
# span 2 =  -62.31458,  -62.31353       
# span 3 =  -58.51448,  -58.50270       
# span 4 =     -1.249,     -0.106       
# span 5 =    1450.34,    1450.34       
# span 6 =      5.000,    428.000       
# span 7 =      4.989,    423.449       
# span 8 =    -0.8557,     0.1717       
# span 9 =    -0.8555,     0.1718       
# span 10 =    -0.1579,     0.0373      
# span 11 =    -0.8593,     0.1563      
# span 12 =    -0.8591,     0.1564      
# span 13 =    -0.1573,     0.0373      
# span 14 =   2.785416,   2.898706      
# span 15 =   2.785382,   2.898503      
# span 16 =  -0.013119,   0.003322      
# span 17 =    34.2849,    34.5038      
# span 18 =    34.2837,    34.5009      
# span 19 =     5.6385,     7.6719      
# span 20 =    27.5602,    27.7256      
# span 21 =    27.5592,    27.7246      
# span 22 =    34.2848,    34.5086      
# span 23 =    27.5596,    27.7260      
# span 24 =    1445.11,    1455.60      
# span 25 =    1445.11,    1455.59      
# span 26 =    -0.8592,     0.1564      
# span 27 =  1027.5898,  1029.7708      
# span 28 =    34.4469,    34.6774      
# span 29 = 0.0000e+00, 0.0000e+00      
# interval = decibars: 1                
# start_time = Nov 07 2023 22:53:42 [NMEA time, header]
# bad_flag = -9.990e-29
*END*
[from data line 242]
      26197 311.966592  -62.31402  -58.50967     -0.769    1450.34    186.000    184.130    -0.2665    -0.2638     0.0027    -0.2728    -0.2701     0.0027   2.843066   2.843236   0.000163    34.3816    34.3808     6.5188    27.6207    27.6199    34.3814    27.6206    1450.10    1450.12    -0.2727  1028.5126    34.5489 0.0000e+00
      26229 311.966607  -62.31402  -58.50965     -0.754    1450.34    185.000    183.141    -0.2722    -0.2682     0.0040    -0.2785    -0.2745     0.0040   2.842449   2.842752   0.000293    34.3809    34.3803     6.5111    27.6204    27.6198    34.3803    27.6199    1450.06    1450.08    -0.2784  1028.5073    34.5478 0.0000e+00
      26262 311.966623  -62.31402  -58.50962     -0.737    1450.34    184.000    182.151    -0.2786    -0.2771     0.0015    -0.2849    -0.2834     0.0015   2.841851   2.841904   0.000076    34.3806    34.3799     6.5239    27.6205    27.6199    34.3802    27.6201    1450.01    1450.02    -0.2848  1028.5027    34.5477 0.0000e+00
      26297 311.966640  -62.31402  -58.50960     -0.682    1450.34    183.000    181.162    -0.2843    -0.2913    -0.0069    -0.2905    -0.2974    -0.0069   2.841058   2.840556  -0.000569    34.3794    34.3796     6.5352    27.6198    27.6203    34.3765    27.6175    1449.97    1449.94    -0.2904  1028.4954    34.5440 0.0000e+00
      26323 311.966652  -62.31402  -58.50959     -0.815    1450.34    182.000    180.172    -0.3308    -0.3143     0.0165    -0.3368    -0.3204     0.0164   2.836746   2.838307   0.001479    34.3772    34.3784     6.5522    27.6202    27.6204    34.3720    27.6160    1449.73    1449.81    -0.3367  1028.4894    34.5394 0.0000e+00
      26346 311.966663  -62.31402  -58.50957     -0.988    1450.34    181.000    179.182    -0.3516    -0.3439     0.0077    -0.3576    -0.3499     0.0077   2.834966   2.835596   0.000721    34.3753    34.3763     6.5514    27.6197    27.6201    34.3723    27.6172    1449.62    1449.65    -0.3575  1028.4860    34.5397 0.0000e+00
      26372 311.966676  -62.31402  -58.50955     -0.998    1450.34    180.000    178.193    -0.3557    -0.3420     0.0137    -0.3617    -0.3480     0.0137   2.834667   2.835820   0.001026    34.3757    34.3740     6.5560    27.6202    27.6181    34.3735    27.6184    1449.58    1449.65    -0.3616  1028.4825    34.5410 0.0000e+00
      26402 311.966691  -62.31403  -58.50952     -0.812    1450.34    179.000    177.203    -0.3593    -0.3386     0.0207    -0.3653    -0.3446     0.0207   2.834158   2.835993   0.001834    34.3743    34.3755     6.5996    27.6192    27.6192    34.3714    27.6169    1449.55    1449.64    -0.3651  1028.4762    34.5389 0.0000e+00
      26429 311.966703  -62.31404  -58.50950     -0.833    1450.34    178.000    176.214    -0.3698    -0.3648     0.0049    -0.3757    -0.3707     0.0049   2.833153   2.833602   0.000502    34.3731    34.3742     6.6337    27.6187    27.6194    34.3704    27.6165    1449.48    1449.50    -0.3756  1028.4712    34.5378 0.0000e+00
      26451 311.966714  -62.31404  -58.50948     -0.998    1450.34    177.000    175.224    -0.3735    -0.3713     0.0022    -0.3794    -0.3772     0.0022   2.832788   2.832927   0.000182    34.3724    34.3723     6.6340    27.6183    27.6182    34.3704    27.6167    1449.45    1449.46    -0.3793  1028.4666    34.5378 0.0000e+00
      26478 311.966727  -62.31404  -58.50946     -0.988    1450.34    176.000    174.235    -0.3752    -0.3710     0.0042    -0.3810    -0.3768     0.0041   2.832610   2.832946   0.000332    34.3721    34.3719     6.6464    27.6182    27.6178    34.3704    27.6168    1449.42    1449.44    -0.3809  1028.4620    34.5379 0.0000e+00
      26515 311.966745  -62.31404  -58.50943     -0.680    1450.34    175.000    173.247    -0.3735    -0.3722     0.0013    -0.3792    -0.3780     0.0013   2.832732   2.832797   0.000091    34.3718    34.3716     6.6625    27.6179    27.6177    34.3708    27.6170    1449.42    1449.42    -0.3792  1028.4574    34.5382 0.0000e+00
      26559 311.966766  -62.31404  -58.50939     -0.537    1450.34    174.000    172.254    -0.3659    -0.3677    -0.0018    -0.3717    -0.3734    -0.0018   2.833291   2.833083  -0.000173    34.3705    34.3702     6.6673    27.6165    27.6163    34.3703    27.6163    1449.43    1449.42    -0.3716  1028.4519    34.5377 0.0000e+00
      26596 311.966784  -62.31404  -58.50936     -0.631    1450.34    173.000    171.266    -0.3514    -0.3541    -0.0027    -0.3572    -0.3599    -0.0027   2.834479   2.834208  -0.000279    34.3700    34.3694     6.6657    27.6154    27.6150    34.3705    27.6157    1449.48    1449.47    -0.3570  1028.4464    34.5379 0.0000e+00
      26625 311.966798  -62.31404  -58.50934     -0.781    1450.34    172.000    170.277    -0.3477    -0.3480    -0.0003    -0.3534    -0.3537    -0.0003   2.834729   2.834637  -0.000085    34.3701    34.3692     6.6694    27.6152    27.6146    34.3702    27.6153    1449.49    1449.48    -0.3533  1028.4412    34.5376 0.0000e+00
      26652 311.966811  -62.31404  -58.50933     -0.873    1450.34    171.000    169.287    -0.3475    -0.3468     0.0007    -0.3532    -0.3525     0.0007   2.834665   2.834647  -0.000017    34.3698    34.3689     6.6648    27.6150    27.6142    34.3698    27.6150    1449.47    1449.47    -0.3531  1028.4361    34.5372 0.0000e+00
      26686 311.966827  -62.31404  -58.50931     -0.757    1450.34    170.000    168.298    -0.3481    -0.3480     0.0002    -0.3538    -0.3536     0.0002   2.834547   2.834513  -0.000033    34.3696    34.3690     6.6543    27.6149    27.6144    34.3695    27.6148    1449.45    1449.45    -0.3537  1028.4312    34.5369 0.0000e+00
      26723 311.966845  -62.31404  -58.50928     -0.645    1450.34    169.000    167.308    -0.3462    -0.3451     0.0011    -0.3518    -0.3507     0.0011   2.834626   2.834657   0.000030    34.3686    34.3678     6.6494    27.6140    27.6133    34.3689    27.6142    1449.44    1449.45    -0.3517  1028.4259    34.5363 0.0000e+00
      26759 311.966862  -62.31405  -58.50925     -0.662    1450.34    168.000    166.318    -0.3401    -0.3406    -0.0006    -0.3457    -0.3462    -0.0006   2.835019   2.834904  -0.000098    34.3674    34.3667     6.6521    27.6127    27.6122    34.3679    27.6131    1449.45    1449.45    -0.3456  1028.4200    34.5353 0.0000e+00
      26786 311.966876  -62.31406  -58.50922     -0.796    1450.34    167.000    165.329    -0.3348    -0.3353    -0.0005    -0.3404    -0.3408    -0.0005   2.835376   2.835252  -0.000115    34.3666    34.3656     6.6559    27.6118    27.6110    34.3674    27.6124    1449.46    1449.46    -0.3403  1028.4145    34.5347 0.0000e+00
      26810 311.966887  -62.31406  -58.50920     -0.952    1450.34    166.000    164.339    -0.3305    -0.3321    -0.0016    -0.3360    -0.3376    -0.0016   2.835627   2.835438  -0.000184    34.3659    34.3652     6.6571    27.6111    27.6106    34.3665    27.6115    1449.46    1449.45    -0.3359  1028.4087    34.5338 0.0000e+00
      26837 311.966900  -62.31406  -58.50918     -0.952    1450.34    165.000    163.350    -0.3308    -0.3306     0.0003    -0.3363    -0.3361     0.0003   2.835487   2.835488 2.7910e-07    34.3653    34.3650     6.6622    27.6106    27.6103    34.3656    27.6108    1449.44    1449.44    -0.3362  1028.4033    34.5329 0.0000e+00
      26876 311.966919  -62.31406  -58.50916     -0.663    1450.34    164.000    162.360    -0.3321    -0.3321    -0.0000    -0.3375    -0.3376    -0.0000   2.835297   2.835308   0.000004    34.3650    34.3651     6.6588    27.6104    27.6104    34.3650    27.6104    1449.42    1449.42    -0.3374  1028.3981    34.5324 0.0000e+00
      26918 311.966939  -62.31406  -58.50913     -0.553    1450.34    163.000    161.370    -0.3377    -0.3343     0.0034    -0.3431    -0.3397     0.0034   2.834621   2.834910   0.000281    34.3636    34.3635     6.6692    27.6095    27.6093    34.3630    27.6090    1449.37    1449.39    -0.3430  1028.3920    34.5303 0.0000e+00
      26954 311.966956  -62.31406  -58.50911     -0.662    1450.34    162.000    160.381    -0.3508    -0.3449     0.0059    -0.3562    -0.3503     0.0058   2.833238   2.833779   0.000511    34.3611    34.3613     6.6763    27.6081    27.6080    34.3599    27.6071    1449.29    1449.32    -0.3561  1028.3854    34.5272 0.0000e+00
      26988 311.966973  -62.31406  -58.50907     -0.705    1450.34    161.000    159.391    -0.3560    -0.3611    -0.0050    -0.3614    -0.3664    -0.0050   2.832681   2.832080  -0.000543    34.3601    34.3585     6.6715    27.6076    27.6065    34.3590    27.6066    1449.25    1449.23    -0.3612  1028.3802    34.5262 0.0000e+00
      27016 311.966987  -62.31406  -58.50905     -0.789    1450.34    160.000    158.401    -0.3712    -0.3716    -0.0003    -0.3765    -0.3768    -0.0004   2.830944   2.830907  -0.000068    34.3559    34.3554     6.6888    27.6049    27.6045    34.3535    27.6029    1449.16    1449.16    -0.3764  1028.3718    34.5207 0.0000e+00
      27043 311.966999  -62.31406  -58.50903     -0.886    1450.34    159.000    157.412    -0.3820    -0.3771     0.0049    -0.3872    -0.3824     0.0049   2.829854   2.830300   0.000432    34.3533    34.3536     6.7139    27.6033    27.6033    34.3517    27.6019    1449.09    1449.11    -0.3871  1028.3661    34.5189 0.0000e+00
      27070 311.967013  -62.31407  -58.50902     -0.893    1450.34    158.000    156.422    -0.3857    -0.3819     0.0038    -0.3909    -0.3871     0.0038   2.829475   2.829797   0.000278    34.3530    34.3525     6.7330    27.6032    27.6026    34.3514    27.6019    1449.06    1449.07    -0.3908  1028.3613    34.5186 0.0000e+00
      27098 311.967026  -62.31408  -58.50900     -0.859    1450.34    157.000    155.432    -0.4048    -0.3944     0.0103    -0.4099    -0.3996     0.0103   2.827587   2.828459   0.000877    34.3512    34.3513     6.7707    27.6026    27.6022    34.3482    27.6002    1448.95    1448.99    -0.4098  1028.3550    34.5154 0.0000e+00
      27129 311.967041  -62.31408  -58.50898     -0.804    1450.34    156.000    154.443    -0.4139    -0.4073     0.0067    -0.4190    -0.4123     0.0067   2.826602   2.827171   0.000573    34.3481    34.3482     6.7976    27.6005    27.6003    34.3460    27.5988    1448.88    1448.92    -0.4189  1028.3489    34.5132 0.0000e+00
      27165 311.967058  -62.31408  -58.50895     -0.695    1450.34    155.000    153.453    -0.4202    -0.4075     0.0127    -0.4252    -0.4126     0.0127   2.825930   2.827072   0.001042    34.3467    34.3464     6.8208    27.5997    27.5988    34.3447    27.5980    1448.84    1448.90    -0.4251  1028.3434    34.5118 0.0000e+00
      27206 311.967078  -62.31408  -58.50891     -0.585    1450.34    154.000    152.464    -0.4353    -0.4245     0.0108    -0.4403    -0.4295     0.0108   2.824452   2.825383   0.000994    34.3449    34.3460     6.8486    27.5989    27.5993    34.3425    27.5970    1448.75    1448.80    -0.4402  1028.3377    34.5097 0.0000e+00
      27243 311.967096  -62.31408  -58.50889     -0.629    1450.34    153.000    151.474    -0.4432    -0.4401     0.0030    -0.4481    -0.4451     0.0030   2.823565   2.823808   0.000238    34.3424    34.3422     6.8704    27.5973    27.5969    34.3401    27.5954    1448.69    1448.71    -0.4480  1028.3313    34.5072 0.0000e+00
      27273 311.967110  -62.31408  -58.50886     -0.772    1450.34    152.000    150.485    -0.4513    -0.4465     0.0049    -0.4562    -0.4513     0.0049   2.822715   2.823140   0.000441    34.3407    34.3411     6.8776    27.5963    27.5964    34.3386    27.5945    1448.64    1448.66    -0.4561  1028.3257    34.5057 0.0000e+00
      27304 311.967125  -62.31408  -58.50884     -0.791    1450.34    151.000    149.495    -0.4532    -0.4530     0.0002    -0.4580    -0.4578     0.0002   2.822552   2.822512  -0.000010    34.3405    34.3401     6.9065    27.5962    27.5959    34.3391    27.5950    1448.61    1448.61    -0.4579  1028.3215    34.5062 0.0000e+00
      27336 311.967141  -62.31408  -58.50883     -0.747    1450.34    150.000    148.504    -0.4551    -0.4544     0.0007    -0.4599    -0.4592     0.0007   2.822333   2.822312  -0.000018    34.3404    34.3394     6.9180    27.5962    27.5953    34.3389    27.5950    1448.59    1448.59    -0.4598  1028.3166    34.5060 0.0000e+00
      27364 311.967154  -62.31408  -58.50880     -0.818    1450.34    149.000    147.515    -0.4804    -0.4669     0.0135    -0.4851    -0.4717     0.0134   2.819807   2.821062   0.001137    34.3390    34.3391     6.9362    27.5962    27.5957    34.3342    27.5923    1448.45    1448.51    -0.4850  1028.3094    34.5013 0.0000e+00
      27391 311.967167  -62.31408  -58.50878     -0.889    1450.34    148.000    146.526    -0.5095    -0.4931     0.0165    -0.5142    -0.4978     0.0164   2.817204   2.818712   0.001493    34.3369    34.3384     6.9411    27.5958    27.5963    34.3328    27.5925    1448.29    1448.37    -0.5141  1028.3049    34.4999 0.0000e+00
      27420 311.967181  -62.31408  -58.50877     -0.843    1450.34    147.000    145.536    -0.5217    -0.5041     0.0176    -0.5264    -0.5088     0.0176   2.816310   2.817775   0.001432    34.3386    34.3380     6.9295    27.5978    27.5965    34.3352    27.5950    1448.22    1448.30    -0.5262  1028.3027    34.5023 0.0000e+00
      27448 311.967195  -62.31408  -58.50874     -0.826    1450.34    146.000    144.546    -0.5257    -0.5218     0.0039    -0.5302    -0.5264     0.0039   2.815850   2.816140   0.000406    34.3359    34.3370     6.9604    27.5957    27.5964    34.3341    27.5943    1448.19    1448.20    -0.5302  1028.2972    34.5011 0.0000e+00
      27477 311.967209  -62.31409  -58.50871     -0.856    1450.34    145.000    143.557    -0.5235    -0.5233     0.0001    -0.5281    -0.5279     0.0001   2.815890   2.815909  -0.000005    34.3355    34.3353     6.9840    27.5953    27.5951    34.3328    27.5931    1448.18    1448.18    -0.5280  1028.2913    34.4998 0.0000e+00
      27510 311.967225  -62.31410  -58.50868     -0.747    1450.34    144.000    142.567    -0.5431    -0.5337     0.0094    -0.5476    -0.5382     0.0094   2.814223   2.814948   0.000664    34.3366    34.3349     7.0156    27.5971    27.5953    34.3332    27.5943    1448.07    1448.11    -0.5475  1028.2878    34.5002 0.0000e+00
      27538 311.967238  -62.31410  -58.50868     -0.770    1450.34    143.000    141.577    -0.6222    -0.5874     0.0348    -0.6266    -0.5918     0.0348   2.806196   2.809733   0.003322    34.3308    34.3361     7.0263    27.5958    27.5986    34.3153    27.5833    1447.66    1447.83    -0.6265  1028.2724    34.4822 0.0000e+00
      27560 311.967249  -62.31410  -58.50866     -0.979    1450.34    142.000    140.587    -0.6963    -0.6608     0.0355    -0.7006    -0.6651     0.0355   2.800191   2.803362   0.003321    34.3276    34.3321     7.0258    27.5964    27.5986    34.3189    27.5893    1447.30    1447.47    -0.7005  1028.2741    34.4858 0.0000e+00
      27581 311.967259  -62.31410  -58.50864     -1.119    1450.34    141.000    139.598    -0.7038    -0.7018     0.0020    -0.7080    -0.7060     0.0020   2.799620   2.799882   0.000371    34.3262    34.3289     7.0118    27.5956    27.5977    34.3202    27.5908    1447.25    1447.26    -0.7079  1028.2707    34.4872 0.0000e+00
      27612 311.967274  -62.31410  -58.50861     -0.905    1450.34    140.000    138.608    -0.6948    -0.6866     0.0082    -0.6990    -0.6908     0.0082   2.800485   2.801175   0.000636    34.3265    34.3257     7.0759    27.5954    27.5945    34.3223    27.5921    1447.28    1447.32    -0.6989  1028.2672    34.4893 0.0000e+00
      27653 311.967294  -62.31410  -58.50860     -0.555    1450.34    139.000    137.618    -0.6933    -0.6845     0.0088    -0.6974    -0.6887     0.0088   2.800495   2.801160   0.000770    34.3253    34.3257     7.1885    27.5944    27.5944    34.3214    27.5913    1447.27    1447.31    -0.6974  1028.2616    34.4883 0.0000e+00
