Pos-Processados/process_op42/Processamento_split/up/uoperantar42_015.cnv
* Sea-Bird SBE 9 Data File:
* FileName = C:\Users\Hidrografia\Desktop\OPXLII\Brutos\OP42015.hdr
* Software Version Seasave V 7.26.7.107
* Temperature SN = 6502
* Conductivity SN = 4998
* Number of Bytes Per Scan = 31
* Number of Voltage Words = 2
* Number of Scans Averaged by the Deck Unit = 1
* NMEA Latitude = 46 45.52 S
* NMEA Longitude = 057 57.77 W
* NMEA UTC (Time) = Oct 20 2023 19:17:13
* NMEA baud rate = 4800
** H41
** NPOALTEMAXIMIANO
** NUMERO DA ESTACAO (XXX) 015
** LAT (XX XX.XX S/N) 46 45.93 S
** LONG (XXX XX.XX W/E) 057 54.24 W
** DATAHORA (dd/mm/aaaa hh:mm Z) 20/10/2023 1916Z
** PROFUNDIDADE (m) 3525
** OPERADOR CT FABIREZA
# nquan = 30
# nvalues = 1006                        
# units = specified
# name 0 = scan: Scan Count
# name 1 = timeJ: Julian Days
# name 2 = latitude: Latitude [deg]
# name 3 = longitude: Longitude [deg]
# name 4 = dz/dtM: Descent Rate [m/s]
# name 5 = avgsvCM: Average Sound Velocity [Chen-Millero, m/s]
# name 6 = prDM: Pressure, Digiquartz [db]
# name 7 = depSM: Depth [salt water, m]
# name 8 = t090C: Temperature [ITS-90, deg C]
# name 9 = t190C: Temperature, 2 [ITS-90, deg C]
# name 10 = T2-T190C: Temperature Difference, 2 - 1 [ITS-90, deg C]
# name 11 = potemp090C: Potential Temperature [ITS-90, deg C]
# name 12 = potemp190C: Potential Temperature, 2 [ITS-90, deg C]
# name 13 = potemp90Cdiff: Potential Temperature, Diff, 2 - 1 [ITS-90, deg C]
# name 14 = c0S/m: Conductivity [S/m]
# name 15 = c1S/m: Conductivity, 2 [S/m]
# name 16 = C2-C1S/m: Conductivity Difference, 2 - 1 [S/m]
# name 17 = sal00: Salinity, Practical [PSU]
# name 18 = sal11: Salinity, Practical, 2 [PSU]
# name 19 = sbeox0ML/L: Oxygen, SBE 43 [ml/l]
# name 20 = sigma-é00: Density [sigma-theta, kg/m^3]
# name 21 = sigma-é11: Density, 2 [sigma-theta, kg/m^3]
# name 22 = sal00: Salinity, Practical [PSU]
# name 23 = sigma-é00: Density [sigma-theta, kg/m^3]
# name 24 = svCM: Sound Velocity [Chen-Millero, m/s]
# name 25 = svCM1: Sound Velocity, 2 [Chen-Millero, m/s]
# name 26 = gsw_ptA0: potential temperature [ITS-90, deg C]
# name 27 = gsw_densityA0: density, TEOS-10 [density, kg/m^3]
# name 28 = gsw_saA0: Absolute Salinity [g/kg]
# name 29 = flag:
# span 0 =      30612,      64876       
# span 1 = 293.818385, 293.834909       
# span 2 =  -46.77136,  -46.76440       
# span 3 =  -57.96606,  -57.96417       
# span 4 =     -1.604,     -0.033       
# span 5 =    1470.12,    1470.12       
# span 6 =      6.000,   1011.000       
# span 7 =      5.969,   1000.194       
# span 8 =     1.7352,     7.2192       
# span 9 =     1.7360,     7.2153       
# span 10 =    -0.0329,     0.0902      
# span 11 =     1.7208,     7.2181      
# span 12 =     1.7215,     7.2142      
# span 13 =    -0.0329,     0.0901      
# span 14 =   2.987740,   3.467015      
# span 15 =   2.987724,   3.466612      
# span 16 =  -0.003358,   0.007335      
# span 17 =    33.9561,    34.5747      
# span 18 =    33.9543,    34.5742      
# span 19 =     3.8329,     7.2810      
# span 20 =    26.6781,    27.5914      
# span 21 =    26.6786,    27.5909      
# span 22 =    33.9614,    34.5747      
# span 23 =    26.6792,    27.5914      
# span 24 =    1460.00,    1478.57      
# span 25 =    1460.00,    1478.56      
# span 26 =     1.7209,     7.2181      
# span 27 =  1026.7094,  1032.2874      
# span 28 =    34.1224,    34.7425      
# span 29 = 0.0000e+00, 0.0000e+00      
# interval = decibars: 1                
# start_time = Oct 20 2023 19:17:13 [NMEA time, header]
# bad_flag = -9.990e-29
*END*
[from data line 194]
      36206 293.821083  -46.76551  -57.96450     -0.725    1470.12    817.000    808.643     2.5993     2.6004     0.0011     2.5476     2.5487     0.0011   3.126295   3.126370   0.000074    34.4954    34.4951     3.9160    27.5223    27.5220    34.4953    27.5223    1473.44    1473.45     2.5475  1031.3246    34.6618 0.0000e+00
      36233 293.821096  -46.76552  -57.96450     -0.827    1470.12    816.000    807.655     2.5994     2.6003     0.0009     2.5478     2.5487     0.0009   3.126186   3.126291   0.000103    34.4946    34.4948     3.9209    27.5217    27.5218    34.4944    27.5215    1473.42    1473.43     2.5477  1031.3192    34.6608 0.0000e+00
      36259 293.821108  -46.76552  -57.96450     -0.934    1470.12    815.000    806.667     2.5997     2.6005     0.0008     2.5482     2.5489     0.0008   3.126093   3.126182   0.000092    34.4935    34.4938     3.9182    27.5208    27.5210    34.4935    27.5208    1473.41    1473.41     2.5481  1031.3138    34.6599 0.0000e+00
      36284 293.821120  -46.76552  -57.96450     -0.949    1470.12    814.000    805.680     2.5999     2.6008     0.0009     2.5484     2.5493     0.0009   3.126060   3.126095   0.000040    34.4935    34.4930     3.9152    27.5207    27.5203    34.4934    27.5207    1473.39    1473.39     2.5483  1031.3092    34.6598 0.0000e+00
      36305 293.821130  -46.76552  -57.96451     -1.031    1470.12    813.000    804.692     2.6000     2.6009     0.0008     2.5486     2.5494     0.0008   3.126045   3.126032  -0.000007    34.4936    34.4927     3.9203    27.5208    27.5200    34.4936    27.5208    1473.38    1473.38     2.5485  1031.3046    34.6600 0.0000e+00
      36328 293.821141  -46.76553  -57.96452     -1.104    1470.12    812.000    803.704     2.6001     2.6009     0.0008     2.5488     2.5495     0.0008   3.126003   3.125979  -0.000026    34.4936    34.4925     3.9204    27.5208    27.5198    34.4935    27.5207    1473.36    1473.36     2.5487  1031.2999    34.6599 0.0000e+00
      36364 293.821159  -46.76554  -57.96452     -0.748    1470.12    811.000    802.718     2.6003     2.6012     0.0009     2.5490     2.5499     0.0009   3.125862   3.125912   0.000046    34.4922    34.4918     3.9201    27.5197    27.5192    34.4921    27.5196    1473.34    1473.35     2.5490  1031.2942    34.6585 0.0000e+00
      36403 293.821177  -46.76555  -57.96452     -0.568    1470.12    810.000    801.722     2.6005     2.6016     0.0011     2.5493     2.5503     0.0011   3.125792   3.125858   0.000090    34.4913    34.4913     3.9256    27.5189    27.5188    34.4916    27.5191    1473.33    1473.33     2.5492  1031.2891    34.6580 0.0000e+00
      36427 293.821189  -46.76556  -57.96452     -0.849    1470.12    809.000    800.740     2.6004     2.6012     0.0009     2.5492     2.5501     0.0009   3.125770   3.125808   0.000121    34.4911    34.4916     3.9229    27.5187    27.5191    34.4920    27.5195    1473.31    1473.31     2.5492  1031.2849    34.6584 0.0000e+00
      36449 293.821200  -46.76556  -57.96452     -1.037    1470.12    808.000    799.752     2.6004     2.6013     0.0009     2.5493     2.5502     0.0009   3.125737   3.125753   0.000012    34.4922    34.4914     3.9212    27.5197    27.5189    34.4921    27.5196    1473.29    1473.30     2.5492  1031.2804    34.6585 0.0000e+00
      36475 293.821212  -46.76557  -57.96452     -1.027    1470.12    807.000    798.766     2.6004     2.6013     0.0009     2.5494     2.5503     0.0009   3.125638   3.125693   0.000057    34.4914    34.4912     3.9221    27.5190    27.5187    34.4914    27.5190    1473.28    1473.28     2.5494  1031.2751    34.6577 0.0000e+00
      36534 293.821241  -46.76558  -57.96452     -0.293    1470.12    806.000    797.775     2.6014     2.6024     0.0010     2.5505     2.5515     0.0010   3.125487   3.125501   0.000015    34.4891    34.4882     3.9220    27.5170    27.5162    34.4890    27.5170    1473.26    1473.26     2.5504  1031.2685    34.6554 0.0000e+00
      36567 293.821257  -46.76558  -57.96452     -0.652    1470.12    805.000    796.789     2.6015     2.6021     0.0005     2.5507     2.5512     0.0005   3.125393   3.125509   0.000113    34.4883    34.4891     3.9264    27.5164    27.5170    34.4883    27.5164    1473.24    1473.25     2.5506  1031.2633    34.6546 0.0000e+00
      36590 293.821268  -46.76558  -57.96452     -0.933    1470.12    804.000    795.801     2.6013     2.6024     0.0011     2.5505     2.5517     0.0011   3.125370   3.125324  -0.000042    34.4888    34.4871     3.9280    27.5168    27.5154    34.4888    27.5168    1473.23    1473.23     2.5504  1031.2591    34.6551 0.0000e+00
      36616 293.821280  -46.76559  -57.96452     -0.988    1470.12    803.000    794.813     2.6016     2.6024     0.0009     2.5508     2.5517     0.0009   3.125210   3.125253   0.000049    34.4871    34.4867     3.9365    27.5154    27.5151    34.4871    27.5154    1473.21    1473.21     2.5508  1031.2531    34.6534 0.0000e+00
      36655 293.821299  -46.76560  -57.96452     -0.651    1470.12    802.000    793.825     2.6019     2.6030     0.0011     2.5512     2.5524     0.0011   3.125057   3.125065   0.000003    34.4855    34.4843     3.9358    27.5141    27.5131    34.4854    27.5140    1473.19    1473.19     2.5512  1031.2471    34.6517 0.0000e+00
      36689 293.821316  -46.76560  -57.96453     -0.663    1470.12    801.000    792.836     2.6028     2.6038     0.0011     2.5522     2.5532     0.0011   3.124975   3.125011   0.000033    34.4840    34.4832     3.9378    27.5128    27.5121    34.4840    27.5128    1473.18    1473.18     2.5521  1031.2388    34.6471 0.0000e+00
      36720 293.821330 -9.990e-29  -57.96454     -0.780    1470.12    800.000    791.849     2.6042     2.6047     0.0005     2.5537     2.5541     0.0005   3.124997   3.125017   0.000022    34.4831    34.4829     3.9363    27.5120    27.5118    34.4832    27.5121    1473.16    1473.17     2.5536  1031.2331    34.6459 0.0000e+00
      36755 293.821347 -9.990e-29  -57.96454     -0.704    1470.12    799.000    790.861     2.6059     2.6080     0.0021     2.5555     2.5575     0.0021   3.125059   3.125157   0.000093    34.4825    34.4814     3.9501    27.5114    27.5103    34.4827    27.5115    1473.16    1473.16     2.5554  1031.2278    34.6453 0.0000e+00
      36785 293.821362  -46.76562  -57.96453     -0.725    1470.12    798.000    789.873     2.6071     2.6088     0.0017     2.5567     2.5584     0.0017   3.125111   3.125166   0.000055    34.4825    34.4813     3.9526    27.5112    27.5101    34.4826    27.5113    1473.14    1473.15     2.5567  1031.2251    34.6479 0.0000e+00
      36808 293.821373  -46.76563  -57.96453     -0.929    1470.12    797.000    788.885     2.6083     2.6087     0.0004     2.5580     2.5583     0.0004   3.125158   3.125125  -0.000026    34.4822    34.4814     3.9518    27.5109    27.5103    34.4825    27.5111    1473.13    1473.13     2.5579  1031.2210    34.6487 0.0000e+00
      36829 293.821383  -46.76564  -57.96454     -1.088    1470.12    796.000    787.897     2.6089     2.6098     0.0009     2.5586     2.5595     0.0009   3.125127   3.125171   0.000044    34.4818    34.4813     3.9504    27.5105    27.5101    34.4820    27.5107    1473.12    1473.12     2.5585  1031.2159    34.6482 0.0000e+00
      36855 293.821396  -46.76564  -57.96454     -1.037    1470.12    795.000    786.916     2.6104     2.6111     0.0007     2.5602     2.5609     0.0007   3.125192   3.125207   0.000012    34.4815    34.4809     3.9533    27.5101    27.5096    34.4816    27.5103    1473.11    1473.11     2.5601  1031.2109    34.6479 0.0000e+00
      36894 293.821414  -46.76564  -57.96454     -0.656    1470.12    794.000    785.919     2.6111     2.6121     0.0010     2.5609     2.5620     0.0010   3.125148   3.125145 8.4665e-07    34.4808    34.4798     3.9575    27.5096    27.5086    34.4810    27.5096    1473.09    1473.10     2.5609  1031.2057    34.6472 0.0000e+00
      36931 293.821432  -46.76566  -57.96454     -0.611    1470.12    793.000    784.933     2.6105     2.6115     0.0011     2.5604     2.5614     0.0011   3.124970   3.125002   0.000021    34.4800    34.4791     3.9531    27.5089    27.5081    34.4799    27.5089    1473.07    1473.08     2.5603  1031.2003    34.6462 0.0000e+00
      36957 293.821445  -46.76566  -57.96454     -0.831    1470.12    792.000    783.946     2.6101     2.6111     0.0010     2.5601     2.5610     0.0010   3.124879   3.124942   0.000074    34.4797    34.4795     3.9604    27.5087    27.5085    34.4798    27.5088    1473.05    1473.06     2.5600  1031.1956    34.6460 0.0000e+00
      36981 293.821456  -46.76566  -57.96454     -0.976    1470.12    791.000    782.958     2.6093     2.6102     0.0009     2.5594     2.5602     0.0009   3.124741   3.124771   0.000027    34.4796    34.4790     3.9581    27.5087    27.5081    34.4794    27.5086    1473.03    1473.04     2.5593  1031.1908    34.6456 0.0000e+00
      37011 293.821471  -46.76567  -57.96454     -0.883    1470.12    790.000    781.970     2.6084     2.6086     0.0001     2.5586     2.5587     0.0001   3.124584   3.124484  -0.000086    34.4792    34.4780     3.9584    27.5084    27.5074    34.4790    27.5083    1473.01    1473.01     2.5585  1031.1859    34.6452 0.0000e+00
      37046 293.821488  -46.76568  -57.96455     -0.672    1470.12    789.000    780.982     2.6061     2.6060    -0.0001     2.5563     2.5562    -0.0001   3.124222   3.124104  -0.000134    34.4778    34.4763     3.9618    27.5076    27.5063    34.4776    27.5073    1472.98    1472.98     2.5563  1031.1804    34.6437 0.0000e+00
      37074 293.821501  -46.76568  -57.96456     -0.789    1470.12    788.000    779.994     2.6057     2.6068     0.0011     2.5560     2.5571     0.0011   3.124090   3.124138   0.000053    34.4769    34.4764     3.9624    27.5068    27.5063    34.4769    27.5068    1472.96    1472.97     2.5560  1031.1753    34.6431 0.0000e+00
      37097 293.821512  -46.76569  -57.96456     -0.957    1470.12    787.000    779.006     2.6072     2.6080     0.0008     2.5576     2.5584     0.0008   3.124179   3.124187   0.000008    34.4768    34.4761     3.9657    27.5066    27.5060    34.4769    27.5067    1472.95    1472.96     2.5575  1031.1705    34.6431 0.0000e+00
      37119 293.821523  -46.76570  -57.96455     -1.054    1470.12    786.000    778.018     2.6095     2.6103     0.0007     2.5600     2.5607     0.0007   3.124304   3.124300  -0.000010    34.4763    34.4755     3.9665    27.5060    27.5053    34.4765    27.5062    1472.95    1472.95     2.5599  1031.1653    34.6427 0.0000e+00
      37142 293.821534  -46.76570  -57.96454     -1.075    1470.12    785.000    777.030     2.6123     2.6130     0.0007     2.5628     2.5634     0.0007   3.124433   3.124451   0.000014    34.4756    34.4750     3.9689    27.5052    27.5047    34.4757    27.5053    1472.94    1472.95     2.5627  1031.1598    34.6418 0.0000e+00
      37164 293.821545  -46.76570  -57.96454     -1.074    1470.12    784.000    776.042     2.6132     2.6143     0.0011     2.5637     2.5648     0.0011   3.124491   3.124514   0.000023    34.4757    34.4748     3.9688    27.5052    27.5044    34.4759    27.5054    1472.93    1472.93     2.5637  1031.1552    34.6421 0.0000e+00
      37188 293.821556  -46.76570  -57.96456     -1.037    1470.12    783.000    775.054     2.6153     2.6162     0.0010     2.5658     2.5668     0.0010   3.124634   3.124633   0.000002    34.4757    34.4748     3.9726    27.5051    27.5042    34.4761    27.5053    1472.92    1472.92     2.5658  1031.1505    34.6422 0.0000e+00
      37226 293.821574  -46.76571  -57.96456     -0.720    1470.12    782.000    774.066     2.6179     2.6192     0.0013     2.5685     2.5698     0.0013   3.124773   3.124825   0.000050    34.4752    34.4744     3.9746    27.5044    27.5036    34.4755    27.5046    1472.92    1472.92     2.5685  1031.1451    34.6416 0.0000e+00
      37274 293.821598  -46.76572  -57.96456     -0.445    1470.12    781.000    773.078     2.6194     2.6205     0.0011     2.5702     2.5712     0.0011   3.124829   3.124861   0.000030    34.4749    34.4741     3.9741    27.5040    27.5033    34.4750    27.5041    1472.91    1472.91     2.5701  1031.1400    34.6412 0.0000e+00
      37299 293.821610  -46.76572  -57.96456     -0.767    1470.12    780.000    772.090     2.6185     2.6193     0.0008     2.5692     2.5701     0.0008   3.124703   3.124728   0.000033    34.4749    34.4744     3.9709    27.5041    27.5036    34.4751    27.5042    1472.89    1472.89     2.5692  1031.1355    34.6412 0.0000e+00
      37318 293.821619  -46.76573  -57.96456     -1.062    1470.12    779.000    771.102     2.6206     2.6216     0.0010     2.5714     2.5724     0.0010   3.124838   3.124866   0.000021    34.4747    34.4738     3.9774    27.5037    27.5030    34.4750    27.5040    1472.88    1472.88     2.5714  1031.1306    34.6411 0.0000e+00
      37336 293.821628  -46.76574  -57.96456     -1.266    1470.12    778.000    770.114     2.6231     2.6239     0.0009     2.5740     2.5748     0.0009   3.125000   3.125000  -0.000005    34.4746    34.4736     3.9815    27.5034    27.5026    34.4748    27.5036    1472.87    1472.88     2.5739  1031.1256    34.6409 0.0000e+00
      37360 293.821639  -46.76575  -57.96456     -1.182    1470.12    777.000    769.126     2.6228     2.6255     0.0028     2.5737     2.5765     0.0028   3.124925   3.125093   0.000160    34.4746    34.4735     3.9764    27.5034    27.5024    34.4748    27.5036    1472.85    1472.87     2.5737  1031.1209    34.6409 0.0000e+00
      37398 293.821658  -46.76576  -57.96456     -0.638    1470.12    776.000    768.138     2.6276     2.6291     0.0014     2.5787     2.5801     0.0014   3.125234   3.125303   0.000069    34.4735    34.4728     3.9743    27.5022    27.5015    34.4739    27.5025    1472.86    1472.86     2.5786  1031.1151    34.6400 0.0000e+00
      37426 293.821671  -46.76576  -57.96456     -0.731    1470.12    775.000    767.150     2.6282     2.6288     0.0005     2.5793     2.5798     0.0005   3.125271   3.125214  -0.000039    34.4739    34.4729     3.9791    27.5024    27.5015    34.4742    27.5027    1472.85    1472.85     2.5792  1031.1107    34.6403 0.0000e+00
      37446 293.821681  -46.76576  -57.96456     -1.018    1470.12    774.000    766.162     2.6288     2.6291     0.0004     2.5799     2.5803     0.0004   3.125170   3.125199   0.000020    34.4728    34.4726     3.9758    27.5015    27.5013    34.4730    27.5016    1472.83    1472.83     2.5798  1031.1050    34.6391 0.0000e+00
      37463 293.821689  -46.76576  -57.96456     -1.258    1470.12    773.000    765.174     2.6286     2.6300     0.0014     2.5798     2.5813     0.0014   3.125190   3.125214   0.000024    34.4737    34.4725     3.9773    27.5022    27.5011    34.4739    27.5024    1472.81    1472.82     2.5798  1031.1011    34.6400 0.0000e+00
      37479 293.821697  -46.76576  -57.96456     -1.405    1470.12    772.000    764.186     2.6298     2.6310     0.0012     2.5811     2.5823     0.0011   3.125153   3.125216   0.000059    34.4725    34.4720     3.9778    27.5011    27.5006    34.4727    27.5013    1472.80    1472.81     2.5810  1031.0939    34.6368 0.0000e+00
      37513 293.821713 -9.990e-29  -57.96456     -0.999    1470.12    771.000    763.195     2.6303     2.6314     0.0011     2.5816     2.5827     0.0011   3.125055   3.125095   0.000039    34.4714    34.4708     3.9809    27.5002    27.4996    34.4715    27.5003    1472.78    1472.79     2.5816  1031.0872    34.6343 0.0000e+00
