Pos-Processados/process_op42/Processamento_split/up/uoperantar42_025.cnv
* Sea-Bird SBE 9 Data File:
* FileName = C:\Users\Hidrografia\Desktop\OPXLII\Brutos\OP42025.hdr
* Software Version Seasave V 7.26.7.107
* Temperature SN = 6502
* Conductivity SN = 4998
* Number of Bytes Per Scan = 37
* Number of Voltage Words = 4
* Number of Scans Averaged by the Deck Unit = 1
* NMEA Latitude = 62 11.31 S
* NMEA Longitude = 058 02.91 W
* NMEA UTC (Time) = Nov 08 2023 13:45:45
* NMEA baud rate = 4800
** H41
** NPOALTEMAXIMIANO
** NUMERO DA ESTACAO (XXX) 025
** LAT (XX XX.XX S/N) 62  11.331 S
** LONG (XXX XX.XX W/E) 058  02.993 W
** DATAHORA (dd/mm/aaaa hh:mm Z) 08/11/2023 1345Z
** PROFUNDIDADE (m) 484
** OPERADOR CT FABIREZA
# nquan = 30
# nvalues = 437                         
# units = specified
# name 0 = scan: Scan Count
# name 1 = timeJ: Julian Days
# name 2 = latitude: Latitude [deg]
# name 3 = longitude: Longitude [deg]
# name 4 = dz/dtM: Descent Rate [m/s]
# name 5 = avgsvCM: Average Sound Velocity [Chen-Millero, m/s]
# name 6 = prDM: Pressure, Digiquartz [db]
# name 7 = depSM: Depth [salt water, m]
# name 8 = t090C: Temperature [ITS-90, deg C]
# name 9 = t190C: Temperature, 2 [ITS-90, deg C]
# name 10 = T2-T190C: Temperature Difference, 2 - 1 [ITS-90, deg C]
# name 11 = potemp090C: Potential Temperature [ITS-90, deg C]
# name 12 = potemp190C: Potential Temperature, 2 [ITS-90, deg C]
# name 13 = potemp90Cdiff: Potential Temperature, Diff, 2 - 1 [ITS-90, deg C]
# name 14 = c0S/m: Conductivity [S/m]
# name 15 = c1S/m: Conductivity, 2 [S/m]
# name 16 = C2-C1S/m: Conductivity Difference, 2 - 1 [S/m]
# name 17 = sal00: Salinity, Practical [PSU]
# name 18 = sal11: Salinity, Practical, 2 [PSU]
# name 19 = sbeox0ML/L: Oxygen, SBE 43 [ml/l]
# name 20 = sigma-é00: Density [sigma-theta, kg/m^3]
# name 21 = sigma-é11: Density, 2 [sigma-theta, kg/m^3]
# name 22 = sal00: Salinity, Practical [PSU]
# name 23 = sigma-é00: Density [sigma-theta, kg/m^3]
# name 24 = svCM: Sound Velocity [Chen-Millero, m/s]
# name 25 = svCM1: Sound Velocity, 2 [Chen-Millero, m/s]
# name 26 = gsw_ptA0: potential temperature [ITS-90, deg C]
# name 27 = gsw_densityA0: density, TEOS-10 [density, kg/m^3]
# name 28 = gsw_saA0: Absolute Salinity [g/kg]
# name 29 = flag:
# span 0 =      18155,      35543       
# span 1 = 312.582192, 312.590578       
# span 2 =  -62.18712,  -62.18610       
# span 3 =  -58.03867,  -58.02922       
# span 4 =     -1.404,     -0.188       
# span 5 =    1449.47,    1449.47       
# span 6 =      3.000,    439.000       
# span 7 =      3.004,    434.316       
# span 8 =    -0.8645,    -0.0107       
# span 9 =    -0.8532,    -0.0118       
# span 10 =    -0.0196,     0.0404      
# span 11 =    -0.8725,    -0.0253      
# span 12 =    -0.8613,    -0.0263      
# span 13 =    -0.0195,     0.0403      
# span 14 =   2.792453,   2.881453      
# span 15 =   2.793364,   2.881075      
# span 16 =  -0.001831,   0.003645      
# span 17 =    34.2976,    34.4866      
# span 18 =    34.2962,    34.4851      
# span 19 =     5.8685,     7.5282      
# span 20 =    27.5676,    27.6974      
# span 21 =    27.5664,    27.6962      
# span 22 =    34.2978,    34.4890      
# span 23 =    27.5677,    27.6993      
# span 24 =    1445.49,    1455.11      
# span 25 =    1445.50,    1455.08      
# span 26 =    -0.8722,    -0.0251      
# span 27 =  1027.5867,  1029.7869      
# span 28 =    34.4612,    34.6578      
# span 29 = 0.0000e+00, 0.0000e+00      
# interval = decibars: 1                
# start_time = Nov 08 2023 13:45:45 [NMEA time, header]
# bad_flag = -9.990e-29
*END*
[from data line 194]
      24229 312.585121  -62.18684  -58.03535     -0.781    1449.47    245.000    242.505    -0.6709    -0.6707     0.0002    -0.6785    -0.6783     0.0002   2.807240   2.807159  -0.000088    34.3213    34.3199     7.2663    27.5903    27.5892    34.3218    27.5908    1449.10    1449.10    -0.6783  1028.7669    34.4893 0.0000e+00
      24257 312.585135  -62.18684  -58.03533     -0.845    1449.47    244.000    241.516    -0.6717    -0.6704     0.0014    -0.6793    -0.6779     0.0014   2.807132   2.807138   0.000003    34.3216    34.3200     7.2800    27.5906    27.5893    34.3219    27.5909    1449.08    1449.09    -0.6791  1028.7624    34.4895 0.0000e+00
      24288 312.585150  -62.18684  -58.03532     -0.794    1449.47    243.000    240.526    -0.6720    -0.6711     0.0009    -0.6795    -0.6787     0.0009   2.807050   2.807037  -0.000017    34.3214    34.3202     7.2849    27.5905    27.5895    34.3217    27.5907    1449.07    1449.07    -0.6794  1028.7574    34.4892 0.0000e+00
      24330 312.585170  -62.18684  -58.03529     -0.604    1449.47    242.000    239.537    -0.6721    -0.6714     0.0007    -0.6796    -0.6789     0.0007   2.807010   2.806965  -0.000044    34.3216    34.3203     7.2773    27.5907    27.5896    34.3219    27.5909    1449.05    1449.05    -0.6794  1028.7528    34.4894 0.0000e+00
      24390 312.585199  -62.18684  -58.03526     -0.335    1449.47    241.000    238.548    -0.6698    -0.6701    -0.0003    -0.6773    -0.6776    -0.0003   2.807155   2.807026  -0.000131    34.3217    34.3202     7.2751    27.5906    27.5895    34.3219    27.5908    1449.04    1449.04    -0.6771  1028.7479    34.4894 0.0000e+00
      24419 312.585213  -62.18684  -58.03524     -0.676    1449.47    240.000    237.558    -0.6694    -0.6685     0.0009    -0.6768    -0.6759     0.0009   2.807134   2.807100  -0.000035    34.3215    34.3200     7.2729    27.5905    27.5892    34.3218    27.5907    1449.03    1449.03    -0.6767  1028.7430    34.4893 0.0000e+00
      24439 312.585223  -62.18682  -58.03524     -1.011    1449.47    239.000    236.569    -0.6689    -0.6682     0.0008    -0.6763    -0.6756     0.0008   2.807126   2.807086  -0.000050    34.3215    34.3200     7.2662    27.5905    27.5892    34.3217    27.5906    1449.01    1449.02    -0.6761  1028.7382    34.4892 0.0000e+00
      24459 312.585233  -62.18682  -58.03522     -1.193    1449.47    238.000    235.580    -0.6686    -0.6681     0.0005    -0.6760    -0.6755     0.0005   2.807096   2.807051  -0.000044    34.3214    34.3203     7.2665    27.5904    27.5894    34.3216    27.5905    1449.00    1449.00    -0.6758  1028.7333    34.4891 0.0000e+00
      24503 312.585254  -62.18683  -58.03520     -0.683    1449.47    237.000    234.592    -0.6689    -0.6682     0.0007    -0.6762    -0.6755     0.0007   2.807011   2.806989  -0.000022    34.3212    34.3201     7.2740    27.5902    27.5893    34.3213    27.5903    1448.98    1448.98    -0.6761  1028.7283    34.4888 0.0000e+00
      24570 312.585286  -62.18682  -58.03515     -0.315    1449.47    236.000    233.593    -0.6685    -0.6676     0.0009    -0.6758    -0.6749     0.0009   2.806946   2.806935  -0.000012    34.3206    34.3194     7.2706    27.5897    27.5886    34.3206    27.5897    1448.97    1448.97    -0.6756  1028.7230    34.4881 0.0000e+00
      24589 312.585295  -62.18682  -58.03514     -0.835    1449.47    235.000    232.613    -0.6686    -0.6677     0.0009    -0.6759    -0.6750     0.0009   2.806856   2.806835  -0.000016    34.3200    34.3188     7.2661    27.5893    27.5882    34.3201    27.5893    1448.95    1448.95    -0.6757  1028.7178    34.4876 0.0000e+00
      24608 312.585304  -62.18682  -58.03514     -1.169    1449.47    234.000    231.623    -0.6687    -0.6679     0.0008    -0.6759    -0.6751     0.0008   2.806815   2.806789  -0.000029    34.3203    34.3190     7.2720    27.5895    27.5883    34.3203    27.5895    1448.93    1448.93    -0.6758  1028.7132    34.4878 0.0000e+00
      24629 312.585315  -62.18682  -58.03512     -1.219    1449.47    233.000    230.634    -0.6690    -0.6680     0.0010    -0.6762    -0.6752     0.0010   2.806756   2.806741  -0.000018    34.3204    34.3191     7.2753    27.5896    27.5884    34.3205    27.5896    1448.91    1448.92    -0.6760  1028.7085    34.4879 0.0000e+00
      24676 312.585337  -62.18682  -58.03509     -0.599    1449.47    232.000    229.645    -0.6674    -0.6674    -0.0000    -0.6745    -0.6746    -0.0000   2.806802   2.806730  -0.000069    34.3197    34.3188     7.2813    27.5889    27.5882    34.3199    27.5890    1448.90    1448.90    -0.6744  1028.7032    34.4873 0.0000e+00
      24732 312.585364  -62.18682  -58.03507     -0.411    1449.47    231.000    228.655    -0.6660    -0.6654     0.0006    -0.6731    -0.6725     0.0006   2.806812   2.806766  -0.000049    34.3190    34.3177     7.2895    27.5883    27.5872    34.3190    27.5883    1448.89    1448.89    -0.6730  1028.6977    34.4865 0.0000e+00
      24760 312.585378  -62.18682  -58.03505     -0.740    1449.47    230.000    227.665    -0.6667    -0.6659     0.0008    -0.6739    -0.6730     0.0008   2.806681   2.806656  -0.000024    34.3188    34.3175     7.2876    27.5882    27.5871    34.3188    27.5881    1448.87    1448.88    -0.6737  1028.6928    34.4862 0.0000e+00
      24786 312.585390  -62.18681  -58.03504     -0.903    1449.47    229.000    226.676    -0.6672    -0.6663     0.0009    -0.6743    -0.6734     0.0009   2.806602   2.806575  -0.000028    34.3189    34.3175     7.2995    27.5882    27.5870    34.3188    27.5882    1448.86    1448.86    -0.6741  1028.6881    34.4863 0.0000e+00
      24814 312.585404  -62.18681  -58.03503     -0.893    1449.47    228.000    225.688    -0.6670    -0.6663     0.0007    -0.6741    -0.6734     0.0007   2.806571   2.806551  -0.000022    34.3188    34.3177     7.3013    27.5881    27.5873    34.3188    27.5882    1448.84    1448.84    -0.6739  1028.6833    34.4863 0.0000e+00
      24848 312.585420  -62.18682  -58.03502     -0.757    1449.47    227.000    224.698    -0.6671    -0.6663     0.0008    -0.6741    -0.6734     0.0008   2.806514   2.806502  -0.000014    34.3188    34.3177     7.2971    27.5881    27.5873    34.3187    27.5881    1448.82    1448.83    -0.6740  1028.6785    34.4862 0.0000e+00
      24887 312.585439  -62.18682  -58.03499     -0.619    1449.47    226.000    223.708    -0.6674    -0.6667     0.0007    -0.6744    -0.6737     0.0007   2.806441   2.806407  -0.000034    34.3188    34.3175     7.2986    27.5882    27.5871    34.3188    27.5881    1448.80    1448.81    -0.6742  1028.6737    34.4862 0.0000e+00
      24926 312.585458  -62.18680  -58.03496     -0.600    1449.47    225.000    222.719    -0.6684    -0.6677     0.0007    -0.6753    -0.6746     0.0007   2.806316   2.806285  -0.000029    34.3189    34.3177     7.2990    27.5882    27.5873    34.3188    27.5882    1448.78    1448.79    -0.6752  1028.6690    34.4862 0.0000e+00
      24962 312.585475  -62.18680  -58.03495     -0.661    1449.47    224.000    221.730    -0.6696    -0.6688     0.0008    -0.6766    -0.6757     0.0008   2.806159   2.806144  -0.000018    34.3188    34.3177     7.3099    27.5883    27.5873    34.3187    27.5882    1448.76    1448.76    -0.6764  1028.6642    34.4861 0.0000e+00
      24995 312.585491  -62.18680  -58.03492     -0.725    1449.47    223.000    220.741    -0.6700    -0.6692     0.0008    -0.6769    -0.6761     0.0008   2.806099   2.806074  -0.000024    34.3190    34.3178     7.3026    27.5884    27.5875    34.3189    27.5884    1448.74    1448.75    -0.6767  1028.6597    34.4863 0.0000e+00
      25035 312.585510  -62.18680  -58.03489     -0.613    1449.47    222.000    219.751    -0.6701    -0.6689     0.0013    -0.6770    -0.6757     0.0013   2.806044   2.806054   0.000010    34.3190    34.3177     7.3014    27.5884    27.5873    34.3189    27.5884    1448.73    1448.73    -0.6768  1028.6549    34.4863 0.0000e+00
      25068 312.585526  -62.18680  -58.03488     -0.658    1449.47    221.000    218.762    -0.6700    -0.6692     0.0008    -0.6769    -0.6761     0.0008   2.805996   2.805970  -0.000025    34.3188    34.3176     7.3002    27.5883    27.5873    34.3188    27.5883    1448.71    1448.71    -0.6767  1028.6500    34.4862 0.0000e+00
      25092 312.585538  -62.18680  -58.03488     -0.901    1449.47    220.000    217.773    -0.6688    -0.6683     0.0004    -0.6755    -0.6751     0.0004   2.806031   2.805980  -0.000053    34.3184    34.3172     7.3068    27.5879    27.5869    34.3184    27.5879    1448.70    1448.70    -0.6754  1028.6449    34.4858 0.0000e+00
      25114 312.585548  -62.18680  -58.03486     -1.051    1449.47    219.000    216.783    -0.6676    -0.6676     0.0001    -0.6744    -0.6743     0.0001   2.806068   2.805991  -0.000067    34.3181    34.3171     7.3092    27.5876    27.5868    34.3182    27.5877    1448.69    1448.69    -0.6742  1028.6399    34.4856 0.0000e+00
      25139 312.585560  -62.18680  -58.03486     -1.026    1449.47    218.000    215.794    -0.6673    -0.6677    -0.0005    -0.6740    -0.6744    -0.0005   2.806039   2.805938  -0.000092    34.3180    34.3173     7.3054    27.5875    27.5869    34.3180    27.5875    1448.67    1448.67    -0.6739  1028.6350    34.4854 0.0000e+00
      25177 312.585579  -62.18680  -58.03482     -0.711    1449.47    217.000    214.804    -0.6652    -0.6670    -0.0018    -0.6718    -0.6737    -0.0018   2.806137   2.805945  -0.000183    34.3174    34.3170     7.3003    27.5869    27.5867    34.3176    27.5871    1448.67    1448.66    -0.6717  1028.6297    34.4850 0.0000e+00
      25238 312.585608  -62.18680  -58.03479     -0.330    1449.47    216.000    213.815    -0.6608    -0.6619    -0.0011    -0.6675    -0.6685    -0.0011   2.806381   2.806228  -0.000159    34.3163    34.3154     7.3088    27.5859    27.5852    34.3166    27.5861    1448.67    1448.66    -0.6673  1028.6239    34.4839 0.0000e+00
      25275 312.585626  -62.18680  -58.03478     -0.601    1449.47    215.000    212.825    -0.6586    -0.6596    -0.0010    -0.6652    -0.6662    -0.0010   2.806481   2.806336  -0.000148    34.3157    34.3148     7.3166    27.5853    27.5846    34.3161    27.5855    1448.66    1448.66    -0.6651  1028.6186    34.4834 0.0000e+00
      25298 312.585637  -62.18680  -58.03476     -0.891    1449.47    214.000    211.836    -0.6567    -0.6565     0.0003    -0.6633    -0.6631     0.0003   2.806546   2.806476  -0.000073    34.3151    34.3138     7.3232    27.5847    27.5837    34.3154    27.5850    1448.66    1448.66    -0.6632  1028.6132    34.4828 0.0000e+00
      25318 312.585647  -62.18680  -58.03475     -1.104    1449.47    213.000    210.847    -0.6559    -0.6556     0.0003    -0.6625    -0.6621     0.0003   2.806555   2.806485  -0.000072    34.3149    34.3136     7.3203    27.5846    27.5834    34.3152    27.5848    1448.64    1448.64    -0.6623  1028.6083    34.4826 0.0000e+00
      25337 312.585656  -62.18680  -58.03473     -1.235    1449.47    212.000    209.857    -0.6554    -0.6545     0.0010    -0.6620    -0.6610     0.0010   2.806541   2.806516  -0.000034    34.3149    34.3133     7.3140    27.5845    27.5832    34.3151    27.5847    1448.63    1448.63    -0.6618  1028.6034    34.4824 0.0000e+00
      25357 312.585666  -62.18680  -58.03472     -1.240    1449.47    211.000    208.868    -0.6540    -0.6542    -0.0003    -0.6605    -0.6607    -0.0003   2.806592   2.806499  -0.000085    34.3144    34.3135     7.3139    27.5840    27.5833    34.3147    27.5843    1448.62    1448.61    -0.6604  1028.5982    34.4820 0.0000e+00
      25395 312.585684  -62.18680  -58.03470     -0.796    1449.47    210.000    207.882    -0.6511    -0.6535    -0.0024    -0.6576    -0.6600    -0.0024   2.806726   2.806497  -0.000219    34.3135    34.3132     7.3236    27.5831    27.5831    34.3139    27.5835    1448.61    1448.60    -0.6574  1028.5927    34.4813 0.0000e+00
      25467 312.585718  -62.18680  -58.03468     -0.222    1449.47    209.000    206.885    -0.6376    -0.6390    -0.0015    -0.6440    -0.6455    -0.0015   2.807540   2.807347  -0.000207    34.3093    34.3082     7.3291    27.5792    27.5783    34.3102    27.5799    1448.66    1448.65    -0.6439  1028.5842    34.4775 0.0000e+00
      25495 312.585732  -62.18678  -58.03466     -0.692    1449.47    208.000    205.900    -0.6304    -0.6290     0.0014    -0.6368    -0.6355     0.0014   2.807956   2.807932  -0.000026    34.3072    34.3053     7.3253    27.5772    27.5756    34.3082    27.5780    1448.67    1448.67    -0.6367  1028.5775    34.4755 0.0000e+00
      25519 312.585744  -62.18678  -58.03464     -0.931    1449.47    207.000    204.910    -0.6273    -0.6283    -0.0010    -0.6337    -0.6347    -0.0010   2.808106   2.807944  -0.000158    34.3065    34.3056     7.3375    27.5765    27.5758    34.3074    27.5772    1448.67    1448.66    -0.6336  1028.5719    34.4747 0.0000e+00
      25543 312.585755  -62.18678  -58.03462     -1.008    1449.47    206.000    203.921    -0.6242    -0.6266    -0.0024    -0.6306    -0.6330    -0.0024   2.808277   2.808019  -0.000249    34.3059    34.3053     7.3485    27.5758    27.5755    34.3068    27.5766    1448.67    1448.65    -0.6305  1028.5665    34.4741 0.0000e+00
      25567 312.585767  -62.18678  -58.03460     -0.992    1449.47    205.000    202.932    -0.6191    -0.6210    -0.0019    -0.6255    -0.6274    -0.0019   2.808590   2.808360  -0.000235    34.3047    34.3037     7.3615    27.5747    27.5740    34.3059    27.5756    1448.67    1448.66    -0.6253  1028.5607    34.4732 0.0000e+00
      25596 312.585781  -62.18678  -58.03458     -0.897    1449.47    204.000    201.942    -0.6177    -0.6198    -0.0021    -0.6240    -0.6261    -0.0021   2.808616   2.808397  -0.000201    34.3045    34.3042     7.3865    27.5745    27.5743    34.3052    27.5750    1448.66    1448.65    -0.6239  1028.5554    34.4725 0.0000e+00
      25647 312.585805  -62.18678  -58.03456     -0.475    1449.47    203.000    200.953    -0.6145    -0.6198    -0.0052    -0.6209    -0.6261    -0.0052   2.808797   2.808362  -0.000433    34.3040    34.3041     7.3912    27.5739    27.5741    34.3047    27.5745    1448.66    1448.63    -0.6207  1028.5500    34.4720 0.0000e+00
      25700 312.585831  -62.18678  -58.03455     -0.449    1449.47    202.000    199.963    -0.6124    -0.6118     0.0007    -0.6187    -0.6181     0.0007   2.808891   2.808830  -0.000070    34.3037    34.3020     7.4088    27.5736    27.5722    34.3042    27.5740    1448.65    1448.65    -0.6186  1028.5447    34.4715 0.0000e+00
      25724 312.585843  -62.18678  -58.03454     -0.804    1449.47    201.000    198.974    -0.6114    -0.6109     0.0005    -0.6176    -0.6172     0.0005   2.808904   2.808835  -0.000080    34.3034    34.3018     7.4108    27.5733    27.5720    34.3039    27.5736    1448.64    1448.64    -0.6175  1028.5396    34.4711 0.0000e+00
      25745 312.585853  -62.18678  -58.03453     -1.040    1449.47    200.000    197.984    -0.6111    -0.6105     0.0006    -0.6173    -0.6168     0.0006   2.808880   2.808825  -0.000056    34.3034    34.3019     7.4223    27.5732    27.5720    34.3038    27.5736    1448.62    1448.63    -0.6172  1028.5348    34.4711 0.0000e+00
      25767 312.585863  -62.18678  -58.03451     -1.128    1449.47    199.000    196.995    -0.6104    -0.6106    -0.0002    -0.6166    -0.6168    -0.0002   2.808884   2.808779  -0.000107    34.3033    34.3020     7.4347    27.5731    27.5721    34.3037    27.5735    1448.61    1448.61    -0.6165  1028.5299    34.4709 0.0000e+00
