Pos-Processados/process_op42/Processamento_split/up/uoperantar42_033.cnv
* Sea-Bird SBE 9 Data File:
* FileName = C:\Users\Hidrografia\Desktop\OPXLII\Brutos\OP42033.hdr
* Software Version Seasave V 7.26.7.107
* Temperature SN = 6502
* Conductivity SN = 4998
* Number of Bytes Per Scan = 37
* Number of Voltage Words = 4
* Number of Scans Averaged by the Deck Unit = 1
* NMEA Latitude = 62 08.12 S
* NMEA Longitude = 058 26.48 W
* NMEA UTC (Time) = Nov 09 2023 08:06:12
* NMEA baud rate = 4800
** H41
** NPOALTEMAXIMIANO
** NUMERO DA ESTACAO (XXX) 033
** LAT (XX XX.XX S/N) 62 08.10 S
** LONG (XXX XX.XX W/E) 058 26.50 W
** DATAHORA (dd/mm/aaaa hh:mm Z) 09/11/2023 0805Z
** PROFUNDIDADE (m) 423
** OPERADOR CT FABIREZA
# nquan = 30
# nvalues = 397                         
# units = specified
# name 0 = scan: Scan Count
# name 1 = timeJ: Julian Days
# name 2 = latitude: Latitude [deg]
# name 3 = longitude: Longitude [deg]
# name 4 = dz/dtM: Descent Rate [m/s]
# name 5 = avgsvCM: Average Sound Velocity [Chen-Millero, m/s]
# name 6 = prDM: Pressure, Digiquartz [db]
# name 7 = depSM: Depth [salt water, m]
# name 8 = t090C: Temperature [ITS-90, deg C]
# name 9 = t190C: Temperature, 2 [ITS-90, deg C]
# name 10 = T2-T190C: Temperature Difference, 2 - 1 [ITS-90, deg C]
# name 11 = potemp090C: Potential Temperature [ITS-90, deg C]
# name 12 = potemp190C: Potential Temperature, 2 [ITS-90, deg C]
# name 13 = potemp90Cdiff: Potential Temperature, Diff, 2 - 1 [ITS-90, deg C]
# name 14 = c0S/m: Conductivity [S/m]
# name 15 = c1S/m: Conductivity, 2 [S/m]
# name 16 = C2-C1S/m: Conductivity Difference, 2 - 1 [S/m]
# name 17 = sal00: Salinity, Practical [PSU]
# name 18 = sal11: Salinity, Practical, 2 [PSU]
# name 19 = sbeox0ML/L: Oxygen, SBE 43 [ml/l]
# name 20 = sigma-é00: Density [sigma-theta, kg/m^3]
# name 21 = sigma-é11: Density, 2 [sigma-theta, kg/m^3]
# name 22 = sal00: Salinity, Practical [PSU]
# name 23 = sigma-é00: Density [sigma-theta, kg/m^3]
# name 24 = svCM: Sound Velocity [Chen-Millero, m/s]
# name 25 = svCM1: Sound Velocity, 2 [Chen-Millero, m/s]
# name 26 = gsw_ptA0: potential temperature [ITS-90, deg C]
# name 27 = gsw_densityA0: density, TEOS-10 [density, kg/m^3]
# name 28 = gsw_saA0: Absolute Salinity [g/kg]
# name 29 = flag:
# span 0 =      14090,      25413       
# span 1 = 313.344433, 313.349894       
# span 2 =  -62.13977,  -62.13788       
# span 3 =  -58.43908,  -58.43634       
# span 4 =     -1.248,     -0.056       
# span 5 =    1448.30,    1448.30       
# span 6 =      1.000,    397.000       
# span 7 =      0.996,    392.814       
# span 8 =    -0.8062,    -0.5444       
# span 9 =    -0.8044,    -0.5431       
# span 10 =    -0.0251,     0.0112      
# span 11 =    -0.8138,    -0.5447      
# span 12 =    -0.8120,    -0.5434      
# span 13 =    -0.0251,     0.0112      
# span 14 =   2.790855,   2.823758      
# span 15 =   2.790819,   2.823756      
# span 16 =  -0.002347,   0.000963      
# span 17 =    34.2760,    34.3889      
# span 18 =    34.2734,    34.3881      
# span 19 =     6.8142,     7.6579      
# span 20 =    27.5521,    27.6436      
# span 21 =    27.5504,    27.6430      
# span 22 =    34.2764,    34.3888      
# span 23 =    27.5534,    27.6436      
# span 24 =    1445.67,    1451.86      
# span 25 =    1445.67,    1451.86      
# span 26 =    -0.8136,    -0.5447      
# span 27 =  1027.5634,  1029.5412      
# span 28 =    34.4417,    34.5592      
# span 29 = 0.0000e+00, 0.0000e+00      
# interval = decibars: 1                
# start_time = Nov 09 2023 08:06:12 [NMEA time, header]
# bad_flag = -9.990e-29
*END*
[from data line 194]
      19045 313.346823  -62.13872  -58.43800     -0.792    1448.30    203.000    200.953    -0.7464    -0.7450     0.0014    -0.7525    -0.7511     0.0014   2.798029   2.798064   0.000036    34.3091    34.3080     7.4025    27.5836    27.5827    34.3088    27.5833    1448.05    1448.05    -0.7523  1028.5597    34.4760 0.0000e+00
      19073 313.346836  -62.13872  -58.43799     -0.828    1448.30    202.000    199.964    -0.7478    -0.7459     0.0018    -0.7538    -0.7520     0.0018   2.797842   2.797925   0.000080    34.3088    34.3078     7.4147    27.5834    27.5825    34.3084    27.5831    1448.02    1448.03    -0.7537  1028.5547    34.4756 0.0000e+00
      19097 313.346848  -62.13873  -58.43798     -0.947    1448.30    201.000    198.975    -0.7502    -0.7479     0.0023    -0.7562    -0.7539     0.0023   2.797560   2.797698   0.000136    34.3084    34.3077     7.4229    27.5832    27.5825    34.3079    27.5828    1448.00    1448.01    -0.7561  1028.5497    34.4751 0.0000e+00
      19120 313.346859  -62.13874  -58.43798     -1.012    1448.30    200.000    197.985    -0.7540    -0.7511     0.0029    -0.7600    -0.7571     0.0029   2.797163   2.797353   0.000178    34.3084    34.3075     7.4112    27.5834    27.5825    34.3076    27.5827    1447.96    1447.97    -0.7598  1028.5448    34.4748 0.0000e+00
      19146 313.346871  -62.13874  -58.43797     -0.980    1448.30    199.000    196.996    -0.7577    -0.7543     0.0033    -0.7636    -0.7603     0.0033   2.796811   2.797034   0.000217    34.3082    34.3074     7.4065    27.5834    27.5825    34.3076    27.5828    1447.93    1447.94    -0.7635  1028.5402    34.4747 0.0000e+00
      19173 313.346884  -62.13874  -58.43796     -0.909    1448.30    198.000    196.006    -0.7605    -0.7572     0.0033    -0.7664    -0.7631     0.0033   2.796514   2.796721   0.000212    34.3080    34.3071     7.4276    27.5833    27.5825    34.3074    27.5828    1447.90    1447.91    -0.7663  1028.5354    34.4745 0.0000e+00
      19198 313.346897  -62.13875  -58.43796     -0.905    1448.30    197.000    195.017    -0.7629    -0.7599     0.0030    -0.7687    -0.7658     0.0030   2.796216   2.796411   0.000195    34.3075    34.3067     7.4291    27.5829    27.5822    34.3066    27.5823    1447.87    1447.88    -0.7686  1028.5301    34.4738 0.0000e+00
      19221 313.346908  -62.13876  -58.43796     -0.984    1448.30    196.000    194.028    -0.7650    -0.7629     0.0021    -0.7708    -0.7688     0.0021   2.795959   2.796074   0.000121    34.3069    34.3062     7.4236    27.5826    27.5819    34.3062    27.5820    1447.84    1447.85    -0.7707  1028.5251    34.4734 0.0000e+00
      19244 313.346919  -62.13876  -58.43795     -1.055    1448.30    195.000    193.038    -0.7662    -0.7652     0.0010    -0.7720    -0.7710     0.0010   2.795811   2.795824   0.000017    34.3068    34.3058     7.4223    27.5826    27.5817    34.3062    27.5821    1447.82    1447.83    -0.7719  1028.5204    34.4733 0.0000e+00
      19269 313.346931  -62.13876  -58.43794     -1.027    1448.30    194.000    192.048    -0.7677    -0.7653     0.0024    -0.7735    -0.7711     0.0024   2.795616   2.795761   0.000138    34.3065    34.3057     7.4345    27.5824    27.5816    34.3059    27.5819    1447.80    1447.81    -0.7733  1028.5154    34.4730 0.0000e+00
      19298 313.346945  -62.13876  -58.43794     -0.871    1448.30    193.000    191.059    -0.7678    -0.7640     0.0038    -0.7735    -0.7697     0.0038   2.795567   2.795848   0.000268    34.3063    34.3057     7.4346    27.5823    27.5815    34.3059    27.5819    1447.78    1447.80    -0.7734  1028.5107    34.4731 0.0000e+00
      19330 313.346960  -62.13878  -58.43794     -0.753    1448.30    192.000    190.069    -0.7685    -0.7664     0.0021    -0.7742    -0.7722     0.0021   2.795466   2.795553   0.000106    34.3065    34.3055     7.4434    27.5824    27.5815    34.3060    27.5820    1447.76    1447.77    -0.7741  1028.5060    34.4732 0.0000e+00
      19357 313.346973  -62.13878  -58.43792     -0.820    1448.30    191.000    189.080    -0.7697    -0.7683     0.0014    -0.7753    -0.7740     0.0014   2.795284   2.795339   0.000048    34.3060    34.3050     7.4600    27.5820    27.5812    34.3055    27.5816    1447.74    1447.74    -0.7752  1028.5009    34.4726 0.0000e+00
      19381 313.346985  -62.13878  -58.43792     -0.960    1448.30    190.000    188.090    -0.7715    -0.7693     0.0022    -0.7771    -0.7749     0.0022   2.795055   2.795182   0.000136    34.3055    34.3049     7.4555    27.5817    27.5811    34.3050    27.5813    1447.71    1447.72    -0.7770  1028.4958    34.4721 0.0000e+00
      19403 313.346996  -62.13878  -58.43790     -1.050    1448.30    189.000    187.101    -0.7722    -0.7705     0.0016    -0.7778    -0.7761     0.0016   2.794956   2.795031   0.000074    34.3055    34.3046     7.4468    27.5817    27.5809    34.3051    27.5814    1447.69    1447.70    -0.7776  1028.4911    34.4722 0.0000e+00
      19427 313.347007  -62.13880  -58.43790     -1.034    1448.30    188.000    186.112    -0.7725    -0.7712     0.0013    -0.7781    -0.7768     0.0013   2.794878   2.794925   0.000052    34.3054    34.3047     7.4543    27.5817    27.5810    34.3050    27.5813    1447.68    1447.68    -0.7779  1028.4863    34.4721 0.0000e+00
      19454 313.347020  -62.13880  -58.43790     -0.927    1448.30    187.000    185.122    -0.7733    -0.7718     0.0015    -0.7789    -0.7774     0.0015   2.794760   2.794815   0.000061    34.3053    34.3044     7.4635    27.5816    27.5808    34.3050    27.5814    1447.66    1447.66    -0.7787  1028.4815    34.4721 0.0000e+00
      19481 313.347033  -62.13880  -58.43789     -0.878    1448.30    186.000    184.132    -0.7734    -0.7725     0.0009    -0.7789    -0.7780     0.0009   2.794725   2.794714  -0.000008    34.3055    34.3044     7.4655    27.5818    27.5809    34.3053    27.5816    1447.64    1447.64    -0.7788  1028.4786    34.4744 0.0000e+00
      19506 313.347045  -62.13880 -9.990e-29     -0.935    1448.30    185.000    183.143    -0.7737    -0.7728     0.0009    -0.7792    -0.7783     0.0009   2.794620   2.794625   0.000007    34.3051    34.3042     7.4570    27.5814    27.5807    34.3047    27.5812    1447.62    1447.62    -0.7790  1028.4735    34.4740 0.0000e+00
      19529 313.347056  -62.13881 -9.990e-29     -1.006    1448.30    184.000    182.153    -0.7742    -0.7733     0.0009    -0.7797    -0.7788     0.0009   2.794548   2.794534  -0.000012    34.3053    34.3041     7.4474    27.5816    27.5806    34.3050    27.5814    1447.60    1447.61    -0.7795  1028.4690    34.4742 0.0000e+00
      19554 313.347068  -62.13882 -9.990e-29     -0.997    1448.30    183.000    181.164    -0.7746    -0.7733     0.0013    -0.7800    -0.7787     0.0013   2.794471   2.794507   0.000030    34.3052    34.3042     7.4603    27.5816    27.5807    34.3050    27.5814    1447.58    1447.59    -0.7799  1028.4642    34.4742 0.0000e+00
      19583 313.347083  -62.13883  -58.43787     -0.867    1448.30    182.000    180.174    -0.7748    -0.7732     0.0017    -0.7802    -0.7785     0.0017   2.794380   2.794456   0.000074    34.3050    34.3041     7.4535    27.5814    27.5806    34.3047    27.5812    1447.57    1447.57    -0.7801  1028.4535    34.4668 0.0000e+00
      19616 313.347098 -9.990e-29  -58.43786     -0.757    1448.30    181.000    179.185    -0.7760    -0.7745     0.0015    -0.7814    -0.7798     0.0015   2.794207   2.794280   0.000079    34.3045    34.3039     7.4504    27.5811    27.5805    34.3042    27.5809    1447.55    1447.55    -0.7812  1028.4481    34.4660 0.0000e+00
      19645 313.347112 -9.990e-29  -58.43785     -0.774    1448.30    180.000    178.195    -0.7767    -0.7755     0.0012    -0.7820    -0.7808     0.0012   2.794079   2.794098   0.000017    34.3041    34.3031     7.4635    27.5808    27.5799    34.3039    27.5806    1447.53    1447.53    -0.7819  1028.4431    34.4656 0.0000e+00
      19672 313.347125  -62.13884  -58.43784     -0.873    1448.30    179.000    177.206    -0.7770    -0.7760     0.0011    -0.7823    -0.7813     0.0011   2.793961   2.793995   0.000036    34.3036    34.3029     7.4575    27.5804    27.5798    34.3033    27.5801    1447.51    1447.51    -0.7821  1028.4404    34.4683 0.0000e+00
      19699 313.347138  -62.13884  -58.43784     -0.904    1448.30    178.000    176.216    -0.7771    -0.7762     0.0009    -0.7824    -0.7814     0.0009   2.793873   2.793904   0.000030    34.3030    34.3024     7.4526    27.5799    27.5793    34.3028    27.5797    1447.49    1447.49    -0.7822  1028.4369    34.4698 0.0000e+00
      19730 313.347153  -62.13884  -58.43784     -0.802    1448.30    177.000    175.227    -0.7769    -0.7758     0.0011    -0.7822    -0.7810     0.0011   2.793829   2.793884   0.000059    34.3028    34.3023     7.4649    27.5797    27.5792    34.3027    27.5796    1447.47    1447.48    -0.7820  1028.4321    34.4697 0.0000e+00
      19763 313.347169  -62.13884  -58.43782     -0.733    1448.30    176.000    174.237    -0.7769    -0.7761     0.0008    -0.7821    -0.7813     0.0008   2.793736   2.793733 -4.093e-07    34.3022    34.3012     7.4709    27.5792    27.5784    34.3020    27.5791    1447.46    1447.46    -0.7820  1028.4256    34.4676 0.0000e+00
      19790 313.347182 -9.990e-29  -58.43781     -0.811    1448.30    175.000    173.247    -0.7769    -0.7761     0.0008    -0.7820    -0.7812     0.0008   2.793639   2.793649   0.000010    34.3014    34.3007     7.4685    27.5786    27.5780    34.3012    27.5785    1447.44    1447.44    -0.7819  1028.4170    34.4629 0.0000e+00
      19814 313.347194 -9.990e-29  -58.43780     -0.956    1448.30    174.000    172.258    -0.7768    -0.7759     0.0009    -0.7819    -0.7810     0.0009   2.793558   2.793551  -0.000003    34.3007    34.2997     7.4606    27.5780    27.5772    34.3007    27.5780    1447.42    1447.43    -0.7818  1028.4118    34.4624 0.0000e+00
      19836 313.347204 -9.990e-29  -58.43780     -1.059    1448.30    173.000    171.268    -0.7754    -0.7753     0.0001    -0.7805    -0.7804     0.0001   2.793571   2.793517  -0.000049    34.3000    34.2992     7.4695    27.5773    27.5767    34.2999    27.5773    1447.41    1447.41    -0.7804  1028.4064    34.4616 0.0000e+00
      19860 313.347216  -62.13888  -58.43780     -1.057    1448.30    172.000    170.279    -0.7750    -0.7747     0.0002    -0.7800    -0.7798     0.0002   2.793538   2.793497  -0.000040    34.2996    34.2987     7.4791    27.5770    27.5763    34.2995    27.5770    1447.40    1447.40    -0.7799  1028.4022    34.4624 0.0000e+00
      19888 313.347229  -62.13888 -9.990e-29     -0.910    1448.30    171.000    169.289    -0.7737    -0.7751    -0.0014    -0.7788    -0.7802    -0.0014   2.793557   2.793454  -0.000096    34.2990    34.2993     7.4752    27.5765    27.5768    34.2990    27.5766    1447.38    1447.38    -0.7786  1028.4018    34.4679 0.0000e+00
      19920 313.347245  -62.13888 -9.990e-29     -0.760    1448.30    170.000    168.300    -0.7725    -0.7730    -0.0005    -0.7775    -0.7780    -0.0005   2.793582   2.793518  -0.000065    34.2985    34.2981     7.4821    27.5761    27.5758    34.2986    27.5761    1447.38    1447.37    -0.7774  1028.3968    34.4676 0.0000e+00
      19954 313.347261  -62.13888 -9.990e-29     -0.708    1448.30    169.000    167.310    -0.7716    -0.7709     0.0007    -0.7765    -0.7758     0.0007   2.793623   2.793578  -0.000046    34.2986    34.2971     7.4904    27.5761    27.5749    34.2987    27.5762    1447.36    1447.36    -0.7764  1028.3920    34.4677 0.0000e+00
      19984 313.347276  -62.13888  -58.43777     -0.768    1448.30    168.000    166.321    -0.7704    -0.7700     0.0004    -0.7753    -0.7750     0.0004   2.793649   2.793592  -0.000050    34.2981    34.2970     7.4911    27.5756    27.5747    34.2983    27.5758    1447.35    1447.35    -0.7752  1028.3852    34.4653 0.0000e+00
      20012 313.347289  -62.13889  -58.43776     -0.847    1448.30    167.000    165.331    -0.7677    -0.7677    -0.0000    -0.7726    -0.7726    -0.0000   2.793775   2.793692  -0.000086    34.2974    34.2963     7.4864    27.5750    27.5741    34.2976    27.5751    1447.35    1447.35    -0.7725  1028.3797    34.4646 0.0000e+00
      20042 313.347304  -62.13890  -58.43776     -0.815    1448.30    166.000    164.341    -0.7670    -0.7666     0.0004    -0.7719    -0.7715     0.0004   2.793772   2.793725  -0.000052    34.2973    34.2961     7.4925    27.5748    27.5739    34.2974    27.5750    1447.33    1447.33    -0.7718  1028.3748    34.4644 0.0000e+00
      20071 313.347317  -62.13890  -58.43774     -0.821    1448.30    165.000    163.352    -0.7661    -0.7653     0.0008    -0.7710    -0.7702     0.0008   2.793813   2.793774  -0.000029    34.2972    34.2959     7.5052    27.5747    27.5737    34.2976    27.5750    1447.32    1447.32    -0.7708  1028.3701    34.4645 0.0000e+00
      20098 313.347331  -62.13890  -58.43774     -0.871    1448.30    164.000    162.362    -0.7624    -0.7636    -0.0012    -0.7672    -0.7684    -0.0012   2.794016   2.793864  -0.000145    34.2963    34.2957     7.4934    27.5739    27.5734    34.2967    27.5742    1447.32    1447.32    -0.7671  1028.3644    34.4637 0.0000e+00
      20123 313.347343  -62.13892  -58.43774     -0.920    1448.30    163.000    161.372    -0.7608    -0.7619    -0.0011    -0.7656    -0.7667    -0.0011   2.794110   2.793943  -0.000164    34.2962    34.2953     7.4955    27.5737    27.5730    34.2967    27.5741    1447.31    1447.31    -0.7655  1028.3596    34.4637 0.0000e+00
      20148 313.347355  -62.13892  -58.43772     -0.961    1448.30    162.000    160.383    -0.7565    -0.7584    -0.0019    -0.7613    -0.7632    -0.0019   2.794392   2.794139  -0.000238    34.2957    34.2946     7.4914    27.5731    27.5723    34.2964    27.5737    1447.32    1447.31    -0.7612  1028.3543    34.4633 0.0000e+00
      20172 313.347367  -62.13892  -58.43772     -0.975    1448.30    161.000    159.393    -0.7506    -0.7543    -0.0037    -0.7554    -0.7591    -0.0037   2.794810   2.794422  -0.000373    34.2949    34.2941     7.5013    27.5723    27.5717    34.2960    27.5731    1447.33    1447.31    -0.7552  1028.3489    34.4629 0.0000e+00
      20197 313.347378  -62.13892  -58.43771     -0.980    1448.30    160.000    158.404    -0.7467    -0.7495    -0.0028    -0.7514    -0.7542    -0.0028   2.795033   2.794724  -0.000318    34.2945    34.2933     7.4937    27.5717    27.5709    34.2951    27.5722    1447.33    1447.31    -0.7513  1028.3433    34.4620 0.0000e+00
      20222 313.347391  -62.13893  -58.43770     -0.965    1448.30    159.000    157.414    -0.7445    -0.7459    -0.0014    -0.7492    -0.7506    -0.0014   2.795129   2.794937  -0.000190    34.2939    34.2929     7.4960    27.5711    27.5704    34.2945    27.5717    1447.32    1447.31    -0.7491  1028.3379    34.4614 0.0000e+00
      20251 313.347405  -62.13894  -58.43770     -0.868    1448.30    158.000    156.424    -0.7459    -0.7450     0.0009    -0.7506    -0.7497     0.0009   2.794994   2.794961  -0.000045    34.2945    34.2929     7.5047    27.5717    27.5703    34.2949    27.5721    1447.30    1447.30    -0.7505  1028.3335    34.4618 0.0000e+00
      20285 313.347421  -62.13894  -58.43770     -0.721    1448.30    157.000    155.434    -0.7394    -0.7416    -0.0022    -0.7440    -0.7462    -0.0022   2.795429   2.795154  -0.000266    34.2931    34.2921     7.5055    27.5703    27.5695    34.2941    27.5711    1447.31    1447.30    -0.7439  1028.3278    34.4610 0.0000e+00
