Pos-Processados/process_op42/Processamento_split/up/uoperantar42_050.cnv
* Sea-Bird SBE 9 Data File:
* FileName = C:\Users\Hidrografia\Desktop\OPXLII\Brutos\OP42050.hdr
* Software Version Seasave V 7.26.7.107
* Temperature SN = 6502
* Conductivity SN = 4998
* Number of Bytes Per Scan = 37
* Number of Voltage Words = 4
* Number of Scans Averaged by the Deck Unit = 1
* NMEA Latitude = 62 08.29 S
* NMEA Longitude = 058 26.27 W
* NMEA UTC (Time) = Nov 10 2023 01:03:24
* NMEA baud rate = 4800
** H41
** NPOALTEMAXIMIANO
** NUMERO DA ESTACAO (XXX) 50
** LAT (XX XX.XX S/N) 62 08. S
** LONG (XXX XX.XX W/E) 058 26. W
** DATAHORA (dd/mm/aaaa hh:mm Z) 10/11/2023 0105Z
** PROFUNDIDADE (m) 424
** OPERADOR CT FILIPE LOPES
# nquan = 30
# nvalues = 363                         
# units = specified
# name 0 = scan: Scan Count
# name 1 = timeJ: Julian Days
# name 2 = latitude: Latitude [deg]
# name 3 = longitude: Longitude [deg]
# name 4 = dz/dtM: Descent Rate [m/s]
# name 5 = avgsvCM: Average Sound Velocity [Chen-Millero, m/s]
# name 6 = prDM: Pressure, Digiquartz [db]
# name 7 = depSM: Depth [salt water, m]
# name 8 = t090C: Temperature [ITS-90, deg C]
# name 9 = t190C: Temperature, 2 [ITS-90, deg C]
# name 10 = T2-T190C: Temperature Difference, 2 - 1 [ITS-90, deg C]
# name 11 = potemp090C: Potential Temperature [ITS-90, deg C]
# name 12 = potemp190C: Potential Temperature, 2 [ITS-90, deg C]
# name 13 = potemp90Cdiff: Potential Temperature, Diff, 2 - 1 [ITS-90, deg C]
# name 14 = c0S/m: Conductivity [S/m]
# name 15 = c1S/m: Conductivity, 2 [S/m]
# name 16 = C2-C1S/m: Conductivity Difference, 2 - 1 [S/m]
# name 17 = sal00: Salinity, Practical [PSU]
# name 18 = sal11: Salinity, Practical, 2 [PSU]
# name 19 = sbeox0ML/L: Oxygen, SBE 43 [ml/l]
# name 20 = sigma-é00: Density [sigma-theta, kg/m^3]
# name 21 = sigma-é11: Density, 2 [sigma-theta, kg/m^3]
# name 22 = sal00: Salinity, Practical [PSU]
# name 23 = sigma-é00: Density [sigma-theta, kg/m^3]
# name 24 = svCM: Sound Velocity [Chen-Millero, m/s]
# name 25 = svCM1: Sound Velocity, 2 [Chen-Millero, m/s]
# name 26 = gsw_ptA0: potential temperature [ITS-90, deg C]
# name 27 = gsw_densityA0: density, TEOS-10 [density, kg/m^3]
# name 28 = gsw_saA0: Absolute Salinity [g/kg]
# name 29 = flag:
# span 0 =      17698,      29041       
# span 1 = 314.052562, 314.058032       
# span 2 =  -62.14173,  -62.14058       
# span 3 =  -58.42855,  -58.42253       
# span 4 =     -1.024,     -0.076       
# span 5 =    1448.13,    1448.13       
# span 6 =      3.000,    365.000       
# span 7 =      2.976,    361.179       
# span 8 =    -0.8138,    -0.5096       
# span 9 =    -0.8129,    -0.5093       
# span 10 =    -0.0094,     0.0209      
# span 11 =    -0.8197,    -0.5219      
# span 12 =    -0.8188,    -0.5215      
# span 13 =    -0.0094,     0.0209      
# span 14 =   2.791844,   2.833309      
# span 15 =   2.791812,   2.833229      
# span 16 =  -0.000842,   0.001934      
# span 17 =    34.2730,    34.4180      
# span 18 =    34.2722,    34.4171      
# span 19 =     6.5940,     7.6631      
# span 20 =    27.5463,    27.6619      
# span 21 =    27.5456,    27.6610      
# span 22 =    34.2731,    34.4180      
# span 23 =    27.5464,    27.6618      
# span 24 =    1445.60,    1451.94      
# span 25 =    1445.60,    1451.94      
# span 26 =    -0.8195,    -0.5216      
# span 27 =  1027.5629,  1029.4067      
# span 28 =    34.4355,    34.5863      
# span 29 = 0.0000e+00, 0.0000e+00      
# interval = decibars: 1                
# start_time = Nov 10 2023 01:03:24 [NMEA time, header]
# bad_flag = -9.990e-29
*END*
[from data line 146]
      22025 314.054649  -62.14098  -58.42623     -0.713    1448.13    219.000    216.784    -0.8042    -0.8027     0.0015    -0.8107    -0.8091     0.0015   2.794265   2.794331   0.000058    34.3141    34.3131     7.4337    27.5900    27.5892    34.3136    27.5896    1448.04    1448.05    -0.8105  1028.6428    34.4809 0.0000e+00
      22052 314.054662  -62.14098  -58.42622     -0.857    1448.13    218.000    215.795    -0.8066    -0.8048     0.0018    -0.8131    -0.8113     0.0018   2.793994   2.794085   0.000092    34.3137    34.3129     7.4255    27.5898    27.5891    34.3133    27.5895    1448.02    1448.02    -0.8129  1028.6379    34.4806 0.0000e+00
      22080 314.054675  -62.14098  -58.42621     -0.872    1448.13    217.000    214.805    -0.8074    -0.8060     0.0014    -0.8138    -0.8125     0.0014   2.793892   2.793935   0.000040    34.3138    34.3127     7.4223    27.5899    27.5890    34.3134    27.5896    1448.00    1448.00    -0.8137  1028.6333    34.4807 0.0000e+00
      22107 314.054689  -62.14100  -58.42618     -0.870    1448.13    216.000    213.816    -0.8077    -0.8064     0.0013    -0.8141    -0.8128     0.0013   2.793809   2.793842   0.000040    34.3135    34.3126     7.4231    27.5897    27.5889    34.3133    27.5895    1447.98    1447.98    -0.8139  1028.6284    34.4806 0.0000e+00
      22136 314.054702  -62.14100  -58.42618     -0.862    1448.13    215.000    212.827    -0.8077    -0.8070     0.0007    -0.8141    -0.8134     0.0007   2.793773   2.793738  -0.000034    34.3136    34.3124     7.4321    27.5898    27.5888    34.3134    27.5896    1447.96    1447.96    -0.8139  1028.6237    34.4807 0.0000e+00
      22166 314.054717  -62.14100  -58.42615     -0.814    1448.13    214.000    211.837    -0.8077    -0.8071     0.0006    -0.8140    -0.8134     0.0006   2.793728   2.793692  -0.000036    34.3136    34.3124     7.4222    27.5898    27.5888    34.3134    27.5896    1447.95    1447.95    -0.8139  1028.6189    34.4807 0.0000e+00
      22196 314.054731  -62.14100  -58.42614     -0.794    1448.13    213.000    210.848    -0.8078    -0.8071     0.0007    -0.8141    -0.8134     0.0007   2.793679   2.793659  -0.000021    34.3136    34.3125     7.4208    27.5898    27.5889    34.3135    27.5897    1447.93    1447.93    -0.8139  1028.6142    34.4808 0.0000e+00
      22226 314.054746  -62.14100  -58.42613     -0.791    1448.13    212.000    209.858    -0.8073    -0.8066     0.0007    -0.8136    -0.8129     0.0007   2.793688   2.793658  -0.000028    34.3138    34.3126     7.4200    27.5899    27.5889    34.3136    27.5898    1447.91    1447.92    -0.8134  1028.6096    34.4809 0.0000e+00
      22257 314.054761  -62.14100  -58.42610     -0.778    1448.13    211.000    208.869    -0.8074    -0.8066     0.0008    -0.8136    -0.8128     0.0008   2.793641   2.793612  -0.000027    34.3138    34.3126     7.4352    27.5899    27.5889    34.3137    27.5898    1447.90    1447.90    -0.8135  1028.6048    34.4809 0.0000e+00
      22288 314.054776  -62.14102  -58.42609     -0.787    1448.13    210.000    207.879    -0.8080    -0.8070     0.0010    -0.8142    -0.8132     0.0010   2.793534   2.793529  -0.000006    34.3137    34.3125     7.4280    27.5898    27.5888    34.3135    27.5897    1447.88    1447.88    -0.8140  1028.5999    34.4808 0.0000e+00
      22320 314.054791  -62.14102  -58.42608     -0.753    1448.13    209.000    206.890    -0.8085    -0.8077     0.0008    -0.8146    -0.8139     0.0008   2.793434   2.793403  -0.000032    34.3135    34.3122     7.4252    27.5897    27.5886    34.3134    27.5896    1447.86    1447.86    -0.8145  1028.5951    34.4806 0.0000e+00
      22352 314.054806  -62.14102  -58.42606     -0.750    1448.13    208.000    205.901    -0.8098    -0.8088     0.0010    -0.8159    -0.8149     0.0010   2.793244   2.793242  -0.000003    34.3132    34.3120     7.4219    27.5895    27.5885    34.3129    27.5893    1447.84    1447.84    -0.8158  1028.5900    34.4801 0.0000e+00
      22382 314.054821  -62.14102  -58.42604     -0.781    1448.13    207.000    204.911    -0.8113    -0.8102     0.0011    -0.8174    -0.8163     0.0011   2.793043   2.793043   0.000002    34.3128    34.3116     7.4333    27.5892    27.5882    34.3125    27.5890    1447.81    1447.82    -0.8172  1028.5826    34.4769 0.0000e+00
      22413 314.054836 -9.990e-29  -58.42603     -0.769    1448.13    206.000    203.922    -0.8119    -0.8111     0.0008    -0.8180    -0.8172     0.0008   2.792938   2.792911  -0.000031    34.3127    34.3113     7.4310    27.5891    27.5881    34.3124    27.5889    1447.79    1447.80    -0.8178  1028.5757    34.4741 0.0000e+00
      22443 314.054850 -9.990e-29  -58.42602     -0.803    1448.13    205.000    202.932    -0.8128    -0.8120     0.0008    -0.8188    -0.8180     0.0008   2.792787   2.792770  -0.000014    34.3122    34.3111     7.4193    27.5888    27.5879    34.3120    27.5887    1447.77    1447.77    -0.8187  1028.5707    34.4738 0.0000e+00
      22472 314.054864  -62.14104  -58.42600     -0.834    1448.13    204.000    201.943    -0.8130    -0.8122     0.0008    -0.8190    -0.8182     0.0008   2.792712   2.792695  -0.000017    34.3120    34.3109     7.4167    27.5887    27.5877    34.3119    27.5886    1447.76    1447.76    -0.8189  1028.5665    34.4746 0.0000e+00
      22503 314.054879  -62.14104  -58.42598     -0.789    1448.13    203.000    200.954    -0.8133    -0.8124     0.0009    -0.8193    -0.8184     0.0009   2.792635   2.792637 -1.845e-07    34.3119    34.3109     7.4280    27.5887    27.5878    34.3117    27.5885    1447.74    1447.74    -0.8191  1028.5653    34.4790 0.0000e+00
      22534 314.054895  -62.14104  -58.42597     -0.760    1448.13    202.000    199.964    -0.8135    -0.8126     0.0009    -0.8195    -0.8186     0.0009   2.792585   2.792570  -0.000014    34.3121    34.3109     7.4499    27.5888    27.5878    34.3119    27.5886    1447.72    1447.72    -0.8193  1028.5607    34.4791 0.0000e+00
      22566 314.054910  -62.14104  -58.42594     -0.760    1448.13    201.000    198.975    -0.8137    -0.8128     0.0009    -0.8196    -0.8187     0.0009   2.792524   2.792510  -0.000013    34.3121    34.3109     7.4416    27.5888    27.5878    34.3120    27.5887    1447.70    1447.71    -0.8195  1028.5560    34.4792 0.0000e+00
      22599 314.054926  -62.14104  -58.42593     -0.734    1448.13    200.000    197.985    -0.8138    -0.8129     0.0008    -0.8197    -0.8188     0.0008   2.792463   2.792453  -0.000009    34.3119    34.3108     7.4349    27.5886    27.5877    34.3119    27.5886    1447.69    1447.69    -0.8195  1028.5511    34.4791 0.0000e+00
      22632 314.054942  -62.14104  -58.42592     -0.724    1448.13    199.000    196.996    -0.8137    -0.8129     0.0007    -0.8196    -0.8188     0.0007   2.792433   2.792412  -0.000021    34.3120    34.3109     7.4308    27.5887    27.5877    34.3120    27.5887    1447.67    1447.67    -0.8194  1028.5464    34.4791 0.0000e+00
      22665 314.054958  -62.14106  -58.42590     -0.726    1448.13    198.000    196.006    -0.8135    -0.8126     0.0008    -0.8193    -0.8185     0.0008   2.792414   2.792398  -0.000016    34.3121    34.3109     7.4431    27.5888    27.5878    34.3120    27.5887    1447.66    1447.66    -0.8192  1028.5417    34.4792 0.0000e+00
      22699 314.054974  -62.14106  -58.42588     -0.709    1448.13    197.000    195.017    -0.8131    -0.8124     0.0007    -0.8188    -0.8181     0.0007   2.792384   2.792357  -0.000030    34.3118    34.3106     7.4397    27.5885    27.5876    34.3118    27.5885    1447.64    1447.64    -0.8187  1028.5367    34.4790 0.0000e+00
      22731 314.054989  -62.14106  -58.42586     -0.735    1448.13    196.000    194.027    -0.8122    -0.8117     0.0005    -0.8180    -0.8174     0.0005   2.792325   2.792315  -0.000011    34.3107    34.3099     7.4366    27.5876    27.5869    34.3106    27.5875    1447.63    1447.63    -0.8178  1028.5309    34.4778 0.0000e+00
      22761 314.055004  -62.14106  -58.42584     -0.800    1448.13    195.000    193.038    -0.8115    -0.8108     0.0007    -0.8172    -0.8165     0.0007   2.792262   2.792246  -0.000016    34.3096    34.3086     7.4303    27.5866    27.5858    34.3095    27.5866    1447.61    1447.62    -0.8171  1028.5252    34.4767 0.0000e+00
      22790 314.055018  -62.14106  -58.42583     -0.810    1448.13    194.000    192.048    -0.8112    -0.8106     0.0007    -0.8169    -0.8163     0.0007   2.792175   2.792169  -0.000004    34.3088    34.3080     7.4433    27.5860    27.5853    34.3087    27.5859    1447.60    1447.60    -0.8168  1028.5198    34.4759 0.0000e+00
      22821 314.055033  -62.14106  -58.42581     -0.787    1448.13    193.000    191.059    -0.8108    -0.8101     0.0008    -0.8165    -0.8157     0.0008   2.792114   2.792091  -0.000022    34.3081    34.3069     7.4543    27.5854    27.5844    34.3081    27.5854    1447.58    1447.58    -0.8163  1028.5144    34.4752 0.0000e+00
      22854 314.055049  -62.14108  -58.42580     -0.739    1448.13    192.000    190.069    -0.8109    -0.8100     0.0008    -0.8165    -0.8157     0.0008   2.792055   2.792031  -0.000024    34.3079    34.3067     7.4505    27.5853    27.5842    34.3079    27.5853    1447.57    1447.57    -0.8164  1028.5096    34.4751 0.0000e+00
      22886 314.055064  -62.14108  -58.42577     -0.744    1448.13    191.000    189.080    -0.8110    -0.8102     0.0008    -0.8167    -0.8158     0.0008   2.791987   2.791968  -0.000019    34.3079    34.3067     7.4629    27.5852    27.5843    34.3078    27.5852    1447.55    1447.55    -0.8165  1028.5047    34.4749 0.0000e+00
      22915 314.055078  -62.14108  -58.42576     -0.812    1448.13    190.000    188.091    -0.8108    -0.8101     0.0007    -0.8164    -0.8156     0.0007   2.791940   2.791917  -0.000023    34.3075    34.3064     7.4722    27.5849    27.5840    34.3075    27.5849    1447.53    1447.53    -0.8162  1028.4997    34.4746 0.0000e+00
      22943 314.055092  -62.14108  -58.42575     -0.844    1448.13    189.000    187.101    -0.8107    -0.8099     0.0008    -0.8162    -0.8155     0.0008   2.791887   2.791873  -0.000013    34.3073    34.3062     7.4844    27.5847    27.5839    34.3073    27.5848    1447.52    1447.52    -0.8161  1028.4947    34.4744 0.0000e+00
      22970 314.055105  -62.14108  -58.42572     -0.864    1448.13    188.000    186.112    -0.8108    -0.8100     0.0008    -0.8163    -0.8155     0.0008   2.791844   2.791812  -0.000033    34.3074    34.3061     7.4792    27.5849    27.5837    34.3074    27.5848    1447.50    1447.50    -0.8162  1028.4900    34.4745 0.0000e+00
      22998 314.055118  -62.14108  -58.42572     -0.872    1448.13    187.000    185.122    -0.8068    -0.8086    -0.0018    -0.8123    -0.8140    -0.0018   2.792062   2.791861  -0.000188    34.3061    34.3055     7.4731    27.5836    27.5832    34.3065    27.5839    1447.50    1447.49    -0.8121  1028.4843    34.4736 0.0000e+00
      23028 314.055132  -62.14110  -58.42569     -0.830    1448.13    186.000    184.133    -0.8032    -0.8040    -0.0008    -0.8087    -0.8095    -0.0008   2.792257   2.792124  -0.000140    34.3054    34.3044     7.4669    27.5829    27.5821    34.3057    27.5832    1447.50    1447.49    -0.8085  1028.4787    34.4728 0.0000e+00
      23058 314.055147  -62.14110  -58.42568     -0.786    1448.13    185.000    183.143    -0.7997    -0.8004    -0.0007    -0.8051    -0.8058    -0.0007   2.792465   2.792340  -0.000124    34.3047    34.3037     7.4644    27.5822    27.5815    34.3051    27.5825    1447.50    1447.50    -0.8050  1028.4733    34.4722 0.0000e+00
      23088 314.055162  -62.14110  -58.42567     -0.793    1448.13    184.000    182.153    -0.7975    -0.7976    -0.0000    -0.8029    -0.8030    -0.0000   2.792597   2.792499  -0.000097    34.3045    34.3033     7.4792    27.5820    27.5810    34.3050    27.5824    1447.50    1447.49    -0.8028  1028.4684    34.4721 0.0000e+00
      23118 314.055176  -62.14110  -58.42566     -0.811    1448.13    183.000    181.164    -0.7950    -0.7951    -0.0001    -0.8004    -0.8005    -0.0001   2.792718   2.792629  -0.000090    34.3040    34.3029     7.4832    27.5815    27.5806    34.3045    27.5818    1447.49    1447.49    -0.8002  1028.4631    34.4715 0.0000e+00
      23146 314.055190  -62.14110  -58.42564     -0.836    1448.13    182.000    180.174    -0.7943    -0.7940     0.0003    -0.7997    -0.7993     0.0003   2.792729   2.792667  -0.000060    34.3040    34.3028     7.4821    27.5814    27.5804    34.3044    27.5817    1447.47    1447.48    -0.7995  1028.4582    34.4715 0.0000e+00
      23175 314.055203  -62.14110  -58.42562     -0.843    1448.13    181.000    179.185    -0.7913    -0.7914    -0.0001    -0.7966    -0.7967    -0.0001   2.792930   2.792813  -0.000120    34.3038    34.3023     7.4760    27.5811    27.5799    34.3043    27.5815    1447.47    1447.47    -0.7965  1028.4532    34.4713 0.0000e+00
      23202 314.055217  -62.14110  -58.42561     -0.861    1448.13    180.000    178.195    -0.7899    -0.7895     0.0004    -0.7952    -0.7948     0.0004   2.792959   2.792902  -0.000059    34.3034    34.3021     7.4863    27.5808    27.5797    34.3038    27.5811    1447.46    1447.46    -0.7951  1028.4479    34.4709 0.0000e+00
      23230 314.055230  -62.14111  -58.42559     -0.866    1448.13    179.000    177.206    -0.7887    -0.7883     0.0005    -0.7940    -0.7935     0.0005   2.793012   2.792952  -0.000061    34.3034    34.3020     7.4946    27.5807    27.5796    34.3037    27.5810    1447.45    1447.45    -0.7938  1028.4430    34.4708 0.0000e+00
      23259 314.055244  -62.14112  -58.42558     -0.842    1448.13    178.000    176.216    -0.7876    -0.7874     0.0002    -0.7928    -0.7926     0.0002   2.793052   2.792970  -0.000084    34.3033    34.3019     7.4985    27.5806    27.5794    34.3036    27.5808    1447.44    1447.44    -0.7927  1028.4381    34.4707 0.0000e+00
      23288 314.055258  -62.14112  -58.42556     -0.823    1448.13    177.000    175.227    -0.7866    -0.7861     0.0005    -0.7918    -0.7913     0.0005   2.793082   2.793023  -0.000053    34.3031    34.3018     7.4793    27.5804    27.5793    34.3035    27.5807    1447.43    1447.43    -0.7917  1028.4332    34.4706 0.0000e+00
      23318 314.055272  -62.14112  -58.42554     -0.821    1448.13    176.000    174.237    -0.7850    -0.7849     0.0001    -0.7902    -0.7901     0.0001   2.793140   2.793065  -0.000079    34.3028    34.3016     7.4678    27.5800    27.5791    34.3031    27.5803    1447.42    1447.42    -0.7900  1028.4280    34.4702 0.0000e+00
      23348 314.055287  -62.14112  -58.42553     -0.800    1448.13    175.000    173.248    -0.7843    -0.7839     0.0003    -0.7894    -0.7891     0.0003   2.793145   2.793087  -0.000062    34.3027    34.3015     7.4796    27.5799    27.5789    34.3029    27.5801    1447.41    1447.41    -0.7893  1028.4231    34.4700 0.0000e+00
      23380 314.055302  -62.14112  -58.42552     -0.764    1448.13    174.000    172.258    -0.7843    -0.7834     0.0009    -0.7894    -0.7885     0.0009   2.793100   2.793066  -0.000034    34.3028    34.3013     7.4863    27.5800    27.5788    34.3030    27.5802    1447.39    1447.39    -0.7893  1028.4183    34.4700 0.0000e+00
      23410 314.055317  -62.14112  -58.42550     -0.771    1448.13    173.000    171.270    -0.7840    -0.7834     0.0006    -0.7891    -0.7884     0.0006   2.793068   2.793029  -0.000040    34.3027    34.3014     7.4991    27.5799    27.5788    34.3028    27.5800    1447.38    1447.38    -0.7889  1028.4134    34.4699 0.0000e+00
