Pos-Processados/process_op42/Processamento_split/up/uoperantar42_034.cnv
* Sea-Bird SBE 9 Data File:
* FileName = C:\Users\Hidrografia\Desktop\OPXLII\Brutos\OP42034.hdr
* Software Version Seasave V 7.26.7.107
* Temperature SN = 6502
* Conductivity SN = 4998
* Number of Bytes Per Scan = 37
* Number of Voltage Words = 4
* Number of Scans Averaged by the Deck Unit = 1
* NMEA Latitude = 62 08.19 S
* NMEA Longitude = 058 26.42 W
* NMEA UTC (Time) = Nov 09 2023 09:05:42
* NMEA baud rate = 4800
** H41
** NPOALTEMAXIMIANO
** NUMERO DA ESTACAO (XXX) 034
** LAT (XX XX.XX S/N) 62 08.17 S
** LONG (XXX XX.XX W/E) 058 26.44 W
** DATAHORA (dd/mm/aaaa hh:mm Z) 09/11/2023 0905Z
** PROFUNDIDADE (m) 424
** OPERADOR CT FABIREZA
# nquan = 30
# nvalues = 397                         
# units = specified
# name 0 = scan: Scan Count
# name 1 = timeJ: Julian Days
# name 2 = latitude: Latitude [deg]
# name 3 = longitude: Longitude [deg]
# name 4 = dz/dtM: Descent Rate [m/s]
# name 5 = avgsvCM: Average Sound Velocity [Chen-Millero, m/s]
# name 6 = prDM: Pressure, Digiquartz [db]
# name 7 = depSM: Depth [salt water, m]
# name 8 = t090C: Temperature [ITS-90, deg C]
# name 9 = t190C: Temperature, 2 [ITS-90, deg C]
# name 10 = T2-T190C: Temperature Difference, 2 - 1 [ITS-90, deg C]
# name 11 = potemp090C: Potential Temperature [ITS-90, deg C]
# name 12 = potemp190C: Potential Temperature, 2 [ITS-90, deg C]
# name 13 = potemp90Cdiff: Potential Temperature, Diff, 2 - 1 [ITS-90, deg C]
# name 14 = c0S/m: Conductivity [S/m]
# name 15 = c1S/m: Conductivity, 2 [S/m]
# name 16 = C2-C1S/m: Conductivity Difference, 2 - 1 [S/m]
# name 17 = sal00: Salinity, Practical [PSU]
# name 18 = sal11: Salinity, Practical, 2 [PSU]
# name 19 = sbeox0ML/L: Oxygen, SBE 43 [ml/l]
# name 20 = sigma-é00: Density [sigma-theta, kg/m^3]
# name 21 = sigma-é11: Density, 2 [sigma-theta, kg/m^3]
# name 22 = sal00: Salinity, Practical [PSU]
# name 23 = sigma-é00: Density [sigma-theta, kg/m^3]
# name 24 = svCM: Sound Velocity [Chen-Millero, m/s]
# name 25 = svCM1: Sound Velocity, 2 [Chen-Millero, m/s]
# name 26 = gsw_ptA0: potential temperature [ITS-90, deg C]
# name 27 = gsw_densityA0: density, TEOS-10 [density, kg/m^3]
# name 28 = gsw_saA0: Absolute Salinity [g/kg]
# name 29 = flag:
# span 0 =      13554,      25108       
# span 1 = 313.385494, 313.391066       
# span 2 =  -62.14077,  -62.13857       
# span 3 =  -58.44044,  -58.43977       
# span 4 =     -1.221,     -0.119       
# span 5 =    1448.35,    1448.35       
# span 6 =      1.000,    397.000       
# span 7 =      0.994,    392.822       
# span 8 =    -0.7801,    -0.5476       
# span 9 =    -0.7793,    -0.5471       
# span 10 =    -0.0256,     0.0175      
# span 11 =    -0.7877,    -0.5486      
# span 12 =    -0.7870,    -0.5480      
# span 13 =    -0.0256,     0.0175      
# span 14 =   2.792793,   2.823262      
# span 15 =   2.792685,   2.823096      
# span 16 =  -0.002146,   0.001769      
# span 17 =    34.2760,    34.3910      
# span 18 =    34.2748,    34.3900      
# span 19 =     6.8084,     7.6553      
# span 20 =    27.5525,    27.6452      
# span 21 =    27.5513,    27.6444      
# span 22 =    34.2779,    34.3910      
# span 23 =    27.5536,    27.6452      
# span 24 =    1445.65,    1451.87      
# span 25 =    1445.66,    1451.87      
# span 26 =    -0.7875,    -0.5486      
# span 27 =  1027.5625,  1029.5417      
# span 28 =    34.4409,    34.5585      
# span 29 = 0.0000e+00, 0.0000e+00      
# interval = decibars: 1                
# start_time = Nov 09 2023 09:05:42 [NMEA time, header]
# bad_flag = -9.990e-29
*END*
[from data line 49]
      14987 313.386185  -62.13882  -58.44044     -0.962    1448.35    348.000    344.371    -0.6047    -0.6051    -0.0004    -0.6161    -0.6165    -0.0004   2.821134   2.821032  -0.000115    34.3721    34.3710     6.9060    27.6288    27.6279    34.3712    27.6281    1451.16    1451.16    -0.6158  1029.2935    34.5392 0.0000e+00
      15009 313.386196  -62.13882  -58.44042     -1.015    1448.35    347.000    343.382    -0.6078    -0.6068     0.0011    -0.6191    -0.6181     0.0011   2.820799   2.820820   0.000003    34.3716    34.3704     6.9192    27.6285    27.6275    34.3709    27.6279    1451.13    1451.13    -0.6189  1029.2886    34.5388 0.0000e+00
      15032 313.386207  -62.13882  -58.44042     -1.064    1448.35    346.000    342.394    -0.6097    -0.6079     0.0018    -0.6210    -0.6192     0.0018   2.820588   2.820664   0.000104    34.3709    34.3703     6.9143    27.6281    27.6275    34.3707    27.6279    1451.10    1451.11    -0.6208  1029.2839    34.5387 0.0000e+00
      15055 313.386218  -62.13882  -58.44042     -1.066    1448.35    345.000    341.405    -0.6105    -0.6103     0.0002    -0.6217    -0.6215     0.0002   2.820441   2.820401  -0.000056    34.3708    34.3698     6.9109    27.6280    27.6272    34.3703    27.6276    1451.08    1451.08    -0.6215  1029.2788    34.5382 0.0000e+00
      15079 313.386230  -62.13884  -58.44042     -1.015    1448.35    344.000    340.416    -0.6105    -0.6103     0.0003    -0.6217    -0.6215     0.0003   2.820426   2.820365  -0.000048    34.3708    34.3699     6.9354    27.6280    27.6272    34.3707    27.6279    1451.07    1451.07    -0.6215  1029.2744    34.5387 0.0000e+00
      15106 313.386243  -62.13884  -58.44042     -0.935    1448.35    343.000    339.428    -0.6106    -0.6102     0.0004    -0.6217    -0.6214     0.0004   2.820345   2.820317  -0.000039    34.3707    34.3697     6.9231    27.6279    27.6271    34.3703    27.6276    1451.05    1451.05    -0.6215  1029.2693    34.5382 0.0000e+00
      15132 313.386255  -62.13884  -58.44042     -0.903    1448.35    342.000    338.439    -0.6109    -0.6102     0.0007    -0.6221    -0.6213     0.0007   2.820256   2.820245  -0.000013    34.3703    34.3694     6.9287    27.6276    27.6268    34.3701    27.6274    1451.03    1451.03    -0.6218  1029.2644    34.5380 0.0000e+00
      15156 313.386267  -62.13886  -58.44042     -0.954    1448.35    341.000    337.450    -0.6122    -0.6106     0.0016    -0.6233    -0.6217     0.0016   2.820008   2.820126   0.000118    34.3694    34.3692     6.9386    27.6269    27.6267    34.3688    27.6264    1451.01    1451.01    -0.6231  1029.2579    34.5357 0.0000e+00
      15179 313.386278 -9.990e-29  -58.44042     -1.021    1448.35    340.000    336.461    -0.6147    -0.6142     0.0006    -0.6258    -0.6252     0.0006   2.819665   2.819639  -0.000012    34.3684    34.3676     6.9360    27.6262    27.6255    34.3677    27.6256    1450.98    1450.98    -0.6255  1029.2484    34.5297 0.0000e+00
      15203 313.386289 -9.990e-29  -58.44042     -1.033    1448.35    339.000    335.472    -0.6223    -0.6170     0.0053    -0.6333    -0.6280     0.0053   2.818666   2.819263   0.000526    34.3650    34.3661     6.9402    27.6238    27.6245    34.3634    27.6225    1450.92    1450.95    -0.6330  1029.2406    34.5254 0.0000e+00
      15228 313.386302 -9.990e-29  -58.44043     -0.977    1448.35    338.000    334.483    -0.6284    -0.6210     0.0074    -0.6394    -0.6320     0.0074   2.818006   2.818781   0.000721    34.3631    34.3644     6.9375    27.6225    27.6233    34.3620    27.6217    1450.87    1450.91    -0.6391  1029.2352    34.5241 0.0000e+00
      15258 313.386316  -62.13888  -58.44044     -0.852    1448.35    337.000    333.495    -0.6355    -0.6193     0.0163    -0.6464    -0.6302     0.0162   2.817103   2.818923   0.001769    34.3600    34.3654     6.9557    27.6203    27.6240    34.3586    27.6192    1450.82    1450.90    -0.6462  1029.2295    34.5225 0.0000e+00
      15286 313.386330  -62.13888  -58.44043     -0.814    1448.35    336.000    332.506    -0.6387    -0.6303     0.0084    -0.6495    -0.6411     0.0084   2.816689   2.817576   0.000948    34.3578    34.3611     6.9792    27.6187    27.6210    34.3571    27.6181    1450.79    1450.83    -0.6493  1029.2270    34.5250 0.0000e+00
      15311 313.386342  -62.13888  -58.44042     -0.920    1448.35    335.000    331.517    -0.6395    -0.6360     0.0035    -0.6503    -0.6469     0.0034   2.816446   2.816784   0.000379    34.3567    34.3578     6.9840    27.6178    27.6186    34.3554    27.6168    1450.76    1450.78    -0.6501  1029.2209    34.5233 0.0000e+00
      15333 313.386352  -62.13888  -58.44042     -1.024    1448.35    334.000    330.529    -0.6413    -0.6418    -0.0004    -0.6521    -0.6525    -0.0004   2.816285   2.816111  -0.000154    34.3566    34.3551     7.0101    27.6179    27.6166    34.3559    27.6173    1450.74    1450.73    -0.6518  1029.2166    34.5238 0.0000e+00
      15354 313.386362  -62.13888  -58.44042     -1.105    1448.35    333.000    329.539    -0.6422    -0.6417     0.0005    -0.6529    -0.6524     0.0005   2.816123   2.816083  -0.000033    34.3560    34.3549     7.0255    27.6173    27.6165    34.3553    27.6168    1450.72    1450.72    -0.6527  1029.2114    34.5232 0.0000e+00
      15376 313.386373  -62.13888  -58.44042     -1.122    1448.35    332.000    328.551    -0.6424    -0.6417     0.0006    -0.6530    -0.6524     0.0006   2.816053   2.816040  -0.000009    34.3558    34.3549     7.0367    27.6172    27.6165    34.3552    27.6167    1450.70    1450.70    -0.6528  1029.2066    34.5231 0.0000e+00
      15401 313.386385  -62.13889  -58.44042     -1.038    1448.35    331.000    327.562    -0.6433    -0.6420     0.0012    -0.6539    -0.6527     0.0012   2.815935   2.815963   0.000030    34.3559    34.3548     7.0456    27.6173    27.6164    34.3552    27.6168    1450.68    1450.68    -0.6537  1029.2019    34.5231 0.0000e+00
      15426 313.386397  -62.13890  -58.44042     -0.964    1448.35    330.000    326.573    -0.6441    -0.6429     0.0012    -0.6547    -0.6535     0.0012   2.815771   2.815820   0.000052    34.3552    34.3546     7.0386    27.6168    27.6162    34.3546    27.6163    1450.66    1450.66    -0.6545  1029.1967    34.5224 0.0000e+00
      15451 313.386409  -62.13890  -58.44042     -0.948    1448.35    329.000    325.585    -0.6462    -0.6441     0.0021    -0.6568    -0.6547     0.0021   2.815491   2.815625   0.000139    34.3544    34.3540     7.0434    27.6163    27.6158    34.3538    27.6157    1450.63    1450.64    -0.6565  1029.1914    34.5217 0.0000e+00
      15475 313.386421  -62.13890  -58.44042     -0.970    1448.35    328.000    324.595    -0.6469    -0.6457     0.0012    -0.6574    -0.6562     0.0012   2.815339   2.815406   0.000061    34.3538    34.3533     7.0499    27.6158    27.6153    34.3531    27.6152    1450.61    1450.62    -0.6572  1029.1861    34.5210 0.0000e+00
      15497 313.386431  -62.13891  -58.44042     -1.051    1448.35    327.000    323.607    -0.6478    -0.6464     0.0014    -0.6583    -0.6568     0.0014   2.815219   2.815281   0.000078    34.3535    34.3530     7.0434    27.6156    27.6151    34.3531    27.6153    1450.59    1450.60    -0.6581  1029.1814    34.5210 0.0000e+00
      15520 313.386442  -62.13892  -58.44043     -1.069    1448.35    326.000    322.618    -0.6475    -0.6468     0.0007    -0.6580    -0.6573     0.0007   2.815195   2.815184  -0.000008    34.3535    34.3526     7.0589    27.6156    27.6148    34.3531    27.6152    1450.58    1450.58    -0.6577  1029.1767    34.5210 0.0000e+00
      15543 313.386454  -62.13892  -58.44044     -1.038    1448.35    325.000    321.629    -0.6476    -0.6469     0.0007    -0.6580    -0.6573     0.0007   2.815152   2.815139  -0.000010    34.3536    34.3527     7.0653    27.6156    27.6148    34.3532    27.6153    1450.56    1450.56    -0.6578  1029.1720    34.5211 0.0000e+00
      15568 313.386466  -62.13892  -58.44044     -0.987    1448.35    324.000    320.640    -0.6479    -0.6468     0.0011    -0.6583    -0.6572     0.0011   2.815083   2.815098   0.000013    34.3537    34.3526     7.0620    27.6157    27.6148    34.3533    27.6154    1450.54    1450.55    -0.6581  1029.1673    34.5212 0.0000e+00
      15594 313.386478  -62.13892  -58.44044     -0.937    1448.35    323.000    319.651    -0.6484    -0.6472     0.0012    -0.6588    -0.6576     0.0012   2.814979   2.815016   0.000042    34.3533    34.3526     7.0732    27.6155    27.6148    34.3530    27.6152    1450.52    1450.53    -0.6585  1029.1624    34.5209 0.0000e+00
      15622 313.386492  -62.13893  -58.44044     -0.883    1448.35    322.000    318.662    -0.6488    -0.6476     0.0011    -0.6591    -0.6579     0.0011   2.814910   2.814929   0.000020    34.3534    34.3523     7.0583    27.6155    27.6146    34.3531    27.6153    1450.50    1450.51    -0.6589  1029.1577    34.5210 0.0000e+00
      15648 313.386504  -62.13894  -58.44044     -0.886    1448.35    321.000    317.674    -0.6486    -0.6478     0.0008    -0.6588    -0.6581     0.0008   2.814864   2.814858  -0.000001    34.3531    34.3522     7.0684    27.6153    27.6145    34.3529    27.6151    1450.49    1450.49    -0.6586  1029.1528    34.5208 0.0000e+00
      15672 313.386516  -62.13894  -58.44044     -0.970    1448.35    320.000    316.685    -0.6484    -0.6479     0.0006    -0.6587    -0.6581     0.0006   2.814841   2.814810  -0.000028    34.3532    34.3522     7.0754    27.6153    27.6145    34.3530    27.6152    1450.47    1450.47    -0.6584  1029.1481    34.5209 0.0000e+00
      15693 313.386526  -62.13895  -58.44043     -1.067    1448.35    319.000    315.696    -0.6486    -0.6479     0.0007    -0.6588    -0.6581     0.0007   2.814770   2.814752  -0.000022    34.3531    34.3520     7.0630    27.6153    27.6144    34.3528    27.6151    1450.46    1450.46    -0.6586  1029.1432    34.5207 0.0000e+00
      15714 313.386536  -62.13896  -58.44042     -1.130    1448.35    318.000    314.707    -0.6491    -0.6485     0.0007    -0.6593    -0.6586     0.0007   2.814663   2.814639  -0.000013    34.3529    34.3519     7.0654    27.6151    27.6143    34.3527    27.6150    1450.44    1450.44    -0.6591  1029.1383    34.5205 0.0000e+00
      15736 313.386547  -62.13896  -58.44042     -1.125    1448.35    317.000    313.718    -0.6498    -0.6489     0.0009    -0.6600    -0.6591     0.0009   2.814537   2.814549   0.000005    34.3527    34.3516     7.0654    27.6150    27.6141    34.3524    27.6147    1450.42    1450.42    -0.6597  1029.1334    34.5202 0.0000e+00
      15761 313.386559  -62.13896  -58.44042     -1.030    1448.35    316.000    312.729    -0.6506    -0.6496     0.0010    -0.6607    -0.6597     0.0010   2.814422   2.814431   0.000010    34.3525    34.3516     7.0613    27.6149    27.6141    34.3522    27.6147    1450.40    1450.40    -0.6605  1029.1285    34.5201 0.0000e+00
      15790 313.386572  -62.13896  -58.44042     -0.882    1448.35    315.000    311.740    -0.6514    -0.6498     0.0015    -0.6614    -0.6599     0.0015   2.814293   2.814354   0.000062    34.3522    34.3513     7.0782    27.6146    27.6138    34.3520    27.6145    1450.38    1450.38    -0.6612  1029.1237    34.5199 0.0000e+00
      15817 313.386586  -62.13896  -58.44042     -0.843    1448.35    314.000    310.752    -0.6506    -0.6501     0.0004    -0.6606    -0.6602     0.0004   2.814279   2.814255  -0.000016    34.3516    34.3509     7.0766    27.6142    27.6136    34.3516    27.6141    1450.36    1450.36    -0.6604  1029.1185    34.5194 0.0000e+00
      15841 313.386597  -62.13898  -58.44044     -0.930    1448.35    313.000    309.762    -0.6499    -0.6495     0.0004    -0.6599    -0.6595     0.0004   2.814258   2.814230  -0.000028    34.3512    34.3504     7.0694    27.6138    27.6131    34.3512    27.6137    1450.35    1450.35    -0.6597  1029.1134    34.5190 0.0000e+00
      15864 313.386608  -62.13898  -58.44043     -1.031    1448.35    312.000    308.774    -0.6495    -0.6488     0.0008    -0.6595    -0.6587     0.0008   2.814238   2.814222  -0.000015    34.3511    34.3500     7.0774    27.6137    27.6128    34.3510    27.6136    1450.33    1450.34    -0.6593  1029.1061    34.5159 0.0000e+00
      15886 313.386619 -9.990e-29  -58.44042     -1.078    1448.35    311.000    307.785    -0.6494    -0.6484     0.0010    -0.6593    -0.6584     0.0010   2.814201   2.814196  -0.000008    34.3511    34.3499     7.0743    27.6137    27.6127    34.3510    27.6136    1450.32    1450.32    -0.6591  1029.0990    34.5130 0.0000e+00
      15911 313.386631 -9.990e-29  -58.44043     -1.025    1448.35    310.000    306.795    -0.6492    -0.6485     0.0007    -0.6591    -0.6584     0.0007   2.814167   2.814146  -0.000020    34.3510    34.3500     7.0781    27.6136    27.6127    34.3509    27.6135    1450.30    1450.30    -0.6589  1029.0942    34.5129 0.0000e+00
      15940 313.386645 -9.990e-29  -58.44044     -0.876    1448.35    309.000    305.807    -0.6492    -0.6487     0.0005    -0.6591    -0.6586     0.0005   2.814110   2.814101  -0.000008    34.3508    34.3502     7.0801    27.6135    27.6129    34.3508    27.6134    1450.29    1450.29    -0.6589  1029.0893    34.5128 0.0000e+00
      15968 313.386659 -9.990e-29  -58.44044     -0.821    1448.35    308.000    304.818    -0.6492    -0.6484     0.0007    -0.6590    -0.6583     0.0007   2.814067   2.814049  -0.000018    34.3508    34.3497     7.0594    27.6134    27.6125    34.3508    27.6134    1450.27    1450.27    -0.6588  1029.0845    34.5127 0.0000e+00
      15994 313.386671 -9.990e-29  -58.44044     -0.904    1448.35    307.000    303.829    -0.6490    -0.6482     0.0007    -0.6588    -0.6580     0.0007   2.814041   2.814010  -0.000030    34.3508    34.3496     7.0713    27.6134    27.6124    34.3508    27.6134    1450.25    1450.26    -0.6586  1029.0798    34.5128 0.0000e+00
      16017 313.386682 -9.990e-29  -58.44044     -0.997    1448.35    306.000    302.840    -0.6493    -0.6485     0.0008    -0.6590    -0.6583     0.0008   2.813980   2.813938  -0.000044    34.3510    34.3496     7.0806    27.6136    27.6124    34.3510    27.6135    1450.24    1450.24    -0.6588  1029.0752    34.5129 0.0000e+00
      16040 313.386693 -9.990e-29  -58.44042     -1.035    1448.35    305.000    301.851    -0.6495    -0.6488     0.0008    -0.6593    -0.6585     0.0008   2.813904   2.813894  -0.000011    34.3509    34.3499     7.0789    27.6135    27.6127    34.3508    27.6134    1450.22    1450.22    -0.6590  1029.0703    34.5128 0.0000e+00
      16066 313.386706  -62.13902  -58.44042     -0.976    1448.35    304.000    300.862    -0.6499    -0.6490     0.0009    -0.6596    -0.6586     0.0009   2.813822   2.813821  -0.000004    34.3508    34.3497     7.0960    27.6135    27.6125    34.3507    27.6134    1450.20    1450.20    -0.6594  1029.0683    34.5162 0.0000e+00
      16095 313.386720  -62.13902  -58.44042     -0.858    1448.35    303.000    299.873    -0.6508    -0.6492     0.0016    -0.6604    -0.6588     0.0016   2.813653   2.813746   0.000094    34.3502    34.3497     7.0911    27.6130    27.6125    34.3501    27.6129    1450.18    1450.19    -0.6602  1029.0650    34.5179 0.0000e+00
      16124 313.386734  -62.13902  -58.44042     -0.808    1448.35    302.000    298.884    -0.6528    -0.6509     0.0019    -0.6624    -0.6605     0.0019   2.813363   2.813491   0.000107    34.3495    34.3488     7.0905    27.6125    27.6119    34.3490    27.6121    1450.15    1450.16    -0.6622  1029.0595    34.5168 0.0000e+00
