Pos-Processados/process_op42/Processamento_split/up/uoperantar42_045.cnv
* Sea-Bird SBE 9 Data File:
* FileName = C:\Users\Hidrografia\Desktop\OPXLII\Brutos\OP42045.hdr
* Software Version Seasave V 7.26.7.107
* Temperature SN = 6502
* Conductivity SN = 4998
* Number of Bytes Per Scan = 37
* Number of Voltage Words = 4
* Number of Scans Averaged by the Deck Unit = 1
* NMEA Latitude = 62 08.59 S
* NMEA Longitude = 058 26.59 W
* NMEA UTC (Time) = Nov 09 2023 20:07:12
* NMEA baud rate = 4800
** H41
** NPOALTEMAXIMIANO
** NUMERO DA ESTACAO (XXX) 045
** LAT (XX XX.XX S/N) 62 08.569 S
** LONG (XXX XX.XX W/E) 058 26.605 W
** DATAHORA (dd/mm/aaaa hh:mm Z) 09/11/2023 2006Z
** PROFUNDIDADE (m) 402
** OPERADOR CT FABIREZA
# nquan = 30
# nvalues = 371                         
# units = specified
# name 0 = scan: Scan Count
# name 1 = timeJ: Julian Days
# name 2 = latitude: Latitude [deg]
# name 3 = longitude: Longitude [deg]
# name 4 = dz/dtM: Descent Rate [m/s]
# name 5 = avgsvCM: Average Sound Velocity [Chen-Millero, m/s]
# name 6 = prDM: Pressure, Digiquartz [db]
# name 7 = depSM: Depth [salt water, m]
# name 8 = t090C: Temperature [ITS-90, deg C]
# name 9 = t190C: Temperature, 2 [ITS-90, deg C]
# name 10 = T2-T190C: Temperature Difference, 2 - 1 [ITS-90, deg C]
# name 11 = potemp090C: Potential Temperature [ITS-90, deg C]
# name 12 = potemp190C: Potential Temperature, 2 [ITS-90, deg C]
# name 13 = potemp90Cdiff: Potential Temperature, Diff, 2 - 1 [ITS-90, deg C]
# name 14 = c0S/m: Conductivity [S/m]
# name 15 = c1S/m: Conductivity, 2 [S/m]
# name 16 = C2-C1S/m: Conductivity Difference, 2 - 1 [S/m]
# name 17 = sal00: Salinity, Practical [PSU]
# name 18 = sal11: Salinity, Practical, 2 [PSU]
# name 19 = sbeox0ML/L: Oxygen, SBE 43 [ml/l]
# name 20 = sigma-é00: Density [sigma-theta, kg/m^3]
# name 21 = sigma-é11: Density, 2 [sigma-theta, kg/m^3]
# name 22 = sal00: Salinity, Practical [PSU]
# name 23 = sigma-é00: Density [sigma-theta, kg/m^3]
# name 24 = svCM: Sound Velocity [Chen-Millero, m/s]
# name 25 = svCM1: Sound Velocity, 2 [Chen-Millero, m/s]
# name 26 = gsw_ptA0: potential temperature [ITS-90, deg C]
# name 27 = gsw_densityA0: density, TEOS-10 [density, kg/m^3]
# name 28 = gsw_saA0: Absolute Salinity [g/kg]
# name 29 = flag:
# span 0 =      14549,      25744       
# span 1 = 313.845349, 313.850748       
# span 2 =  -62.14800,  -62.14614       
# span 3 =  -58.44145,  -58.43829       
# span 4 =     -1.154,     -0.247       
# span 5 =    1448.29,    1448.29       
# span 6 =      2.000,    372.000       
# span 7 =      1.991,    368.100       
# span 8 =    -0.7979,    -0.3816       
# span 9 =    -0.7972,    -0.3804       
# span 10 =    -0.0056,     0.0200      
# span 11 =    -0.8041,    -0.3945      
# span 12 =    -0.8034,    -0.3934      
# span 13 =    -0.0056,     0.0199      
# span 14 =   2.793122,   2.844139      
# span 15 =   2.793114,   2.844185      
# span 16 =  -0.000599,   0.001797      
# span 17 =    34.2813,    34.4133      
# span 18 =    34.2798,    34.4125      
# span 19 =     6.5348,     7.6163      
# span 20 =    27.5542,    27.6521      
# span 21 =    27.5529,    27.6516      
# span 22 =    34.2814,    34.4130      
# span 23 =    27.5547,    27.6520      
# span 24 =    1445.65,    1452.65      
# span 25 =    1445.66,    1452.65      
# span 26 =    -0.8039,    -0.3943      
# span 27 =  1027.5673,  1029.4284      
# span 28 =    34.4440,    34.5835      
# span 29 = 0.0000e+00, 0.0000e+00      
# interval = decibars: 1                
# start_time = Nov 09 2023 20:07:12 [NMEA time, header]
# bad_flag = -9.990e-29
*END*
[from data line 242]
      21420 313.848663  -62.14736 -9.990e-29     -0.860    1448.29    130.000    128.712    -0.7307    -0.7313    -0.0006    -0.7345    -0.7351    -0.0006   2.794793   2.794635  -0.000154    34.2920    34.2906     7.5232    27.5690    27.5679    34.2923    27.5692    1446.91    1446.91    -0.7344  1028.1980    34.4604 0.0000e+00
      21451 313.848678  -62.14736  -58.43968     -0.803    1448.29    129.000    127.722    -0.7302    -0.7297     0.0005    -0.7340    -0.7335     0.0005   2.794753   2.794710  -0.000047    34.2918    34.2906     7.5220    27.5689    27.5678    34.2918    27.5689    1446.90    1446.90    -0.7339  1028.1925    34.4596 0.0000e+00
      21487 313.848695 -9.990e-29  -58.43966     -0.687    1448.29    128.000    126.732    -0.7305    -0.7298     0.0006    -0.7342    -0.7336     0.0006   2.794679   2.794647  -0.000031    34.2916    34.2905     7.5221    27.5687    27.5677    34.2917    27.5688    1446.88    1446.88    -0.7342  1028.1827    34.4534 0.0000e+00
      21523 313.848712 -9.990e-29  -58.43966     -0.663    1448.29    127.000    125.743    -0.7288    -0.7285     0.0004    -0.7325    -0.7322     0.0004   2.794746   2.794694  -0.000053    34.2911    34.2900     7.5217    27.5682    27.5673    34.2913    27.5684    1446.87    1446.87    -0.7324  1028.1776    34.4530 0.0000e+00
      21555 313.848728  -62.14738  -58.43964     -0.723    1448.29    126.000    124.753    -0.7265    -0.7261     0.0004    -0.7302    -0.7298     0.0004   2.794891   2.794830  -0.000058    34.2911    34.2899     7.5154    27.5681    27.5671    34.2913    27.5683    1446.86    1446.87    -0.7301  1028.1731    34.4535 0.0000e+00
      21585 313.848742  -62.14738  -58.43964     -0.788    1448.29    125.000    123.763    -0.7257    -0.7252     0.0005    -0.7294    -0.7289     0.0005   2.794904   2.794864  -0.000042    34.2910    34.2899     7.5154    27.5680    27.5670    34.2912    27.5682    1446.85    1446.85    -0.7293  1028.1717    34.4578 0.0000e+00
      21613 313.848756  -62.14740  -58.43962     -0.842    1448.29    124.000    122.773    -0.7247    -0.7243     0.0004    -0.7283    -0.7279     0.0004   2.794950   2.794893  -0.000058    34.2911    34.2898     7.5159    27.5680    27.5670    34.2913    27.5682    1446.84    1446.84    -0.7282  1028.1669    34.4579 0.0000e+00
      21644 313.848771  -62.14740  -58.43961     -0.814    1448.29    123.000    121.783    -0.7245    -0.7238     0.0008    -0.7282    -0.7274     0.0008   2.794907   2.794881  -0.000025    34.2910    34.2898     7.5148    27.5680    27.5669    34.2912    27.5681    1446.82    1446.83    -0.7280  1028.1621    34.4577 0.0000e+00
      21676 313.848786  -62.14740  -58.43960     -0.741    1448.29    122.000    120.794    -0.7240    -0.7231     0.0009    -0.7276    -0.7267     0.0009   2.794896   2.794877  -0.000024    34.2910    34.2896     7.5111    27.5679    27.5668    34.2911    27.5680    1446.81    1446.81    -0.7275  1028.1572    34.4576 0.0000e+00
      21711 313.848803  -62.14742  -58.43959     -0.705    1448.29    121.000    119.804    -0.7231    -0.7221     0.0009    -0.7266    -0.7257     0.0009   2.794937   2.794916  -0.000019    34.2909    34.2896     7.5179    27.5678    27.5667    34.2912    27.5680    1446.80    1446.80    -0.7266  1028.1524    34.4577 0.0000e+00
      21744 313.848819  -62.14742  -58.43958     -0.704    1448.29    120.000    118.814    -0.7220    -0.7211     0.0009    -0.7255    -0.7247     0.0009   2.794963   2.794943  -0.000020    34.2907    34.2895     7.5197    27.5676    27.5666    34.2909    27.5677    1446.79    1446.79    -0.7254  1028.1473    34.4574 0.0000e+00
      21777 313.848835  -62.14742  -58.43958     -0.738    1448.29    119.000    117.824    -0.7217    -0.7208     0.0009    -0.7252    -0.7243     0.0009   2.794936   2.794924  -0.000012    34.2907    34.2895     7.5164    27.5676    27.5666    34.2908    27.5677    1446.77    1446.78    -0.7251  1028.1425    34.4574 0.0000e+00
      21811 313.848851  -62.14742  -58.43956     -0.714    1448.29    118.000    116.834    -0.7214    -0.7206     0.0008    -0.7249    -0.7241     0.0008   2.794914   2.794890  -0.000024    34.2907    34.2895     7.5210    27.5676    27.5666    34.2908    27.5676    1446.76    1446.76    -0.7248  1028.1377    34.4573 0.0000e+00
      21848 313.848869  -62.14744  -58.43956     -0.656    1448.29    117.000    115.844    -0.7210    -0.7204     0.0006    -0.7244    -0.7238     0.0006   2.794892   2.794859  -0.000031    34.2906    34.2894     7.5204    27.5674    27.5665    34.2907    27.5675    1446.74    1446.75    -0.7244  1028.1327    34.4572 0.0000e+00
      21881 313.848885  -62.14745  -58.43954     -0.693    1448.29    116.000    114.854    -0.7209    -0.7202     0.0007    -0.7243    -0.7236     0.0007   2.794852   2.794812  -0.000042    34.2906    34.2892     7.5285    27.5675    27.5663    34.2907    27.5675    1446.73    1446.73    -0.7242  1028.1243    34.4526 0.0000e+00
      21909 313.848898 -9.990e-29  -58.43953     -0.820    1448.29    115.000    113.865    -0.7215    -0.7206     0.0008    -0.7248    -0.7240     0.0008   2.794721   2.794703  -0.000020    34.2902    34.2889     7.5410    27.5671    27.5661    34.2901    27.5671    1446.71    1446.71    -0.7248  1028.1189    34.4518 0.0000e+00
      21934 313.848911 -9.990e-29  -58.43952     -0.918    1448.29    114.000    112.875    -0.7219    -0.7210     0.0009    -0.7252    -0.7244     0.0009   2.794636   2.794617  -0.000017    34.2900    34.2888     7.5347    27.5670    27.5660    34.2900    27.5670    1446.69    1446.69    -0.7251  1028.1141    34.4517 0.0000e+00
      21957 313.848922  -62.14746  -58.43952     -0.995    1448.29    113.000    111.885    -0.7206    -0.7203     0.0003    -0.7239    -0.7236     0.0003   2.794696   2.794640  -0.000052    34.2899    34.2888     7.5303    27.5668    27.5660    34.2900    27.5670    1446.68    1446.68    -0.7238  1028.1095    34.4521 0.0000e+00
      21982 313.848934  -62.14746  -58.43951     -1.003    1448.29    112.000    110.895    -0.7188    -0.7200    -0.0012    -0.7221    -0.7233    -0.0012   2.794810   2.794611  -0.000191    34.2900    34.2888     7.5294    27.5669    27.5660    34.2902    27.5670    1446.67    1446.66    -0.7220  1028.1082    34.4565 0.0000e+00
      22014 313.848949  -62.14746  -58.43950     -0.818    1448.29    111.000    109.905    -0.7163    -0.7178    -0.0015    -0.7196    -0.7211    -0.0015   2.794980   2.794748  -0.000214    34.2898    34.2886     7.5293    27.5666    27.5657    34.2903    27.5670    1446.67    1446.66    -0.7195  1028.1035    34.4567 0.0000e+00
      22050 313.848966  -62.14746  -58.43949     -0.683    1448.29    110.000    108.915    -0.7093    -0.7149    -0.0056    -0.7125    -0.7182    -0.0056   2.795559   2.794934  -0.000599    34.2901    34.2883     7.5304    27.5665    27.5654    34.2907    27.5671    1446.69    1446.66    -0.7124  1028.0987    34.4572 0.0000e+00
      22088 313.848985  -62.14748  -58.43948     -0.621    1448.29    109.000    107.926    -0.7039    -0.7050    -0.0011    -0.7071    -0.7082    -0.0011   2.795936   2.795756  -0.000212    34.2897    34.2881     7.5324    27.5660    27.5647    34.2903    27.5665    1446.69    1446.69    -0.7070  1028.0933    34.4567 0.0000e+00
      22123 313.849002  -62.14748  -58.43946     -0.671    1448.29    108.000    106.936    -0.7038    -0.7028     0.0011    -0.7070    -0.7059     0.0011   2.795911   2.795897  -0.000018    34.2903    34.2888     7.5177    27.5664    27.5652    34.2905    27.5667    1446.68    1446.68    -0.7069  1028.0888    34.4569 0.0000e+00
      22154 313.849017  -62.14748  -58.43946     -0.754    1448.29    107.000    105.946    -0.7023    -0.7022     0.0001    -0.7054    -0.7054     0.0001   2.796021   2.795919  -0.000109    34.2903    34.2888     7.5159    27.5664    27.5652    34.2909    27.5669    1446.67    1446.67    -0.7054  1028.0842    34.4573 0.0000e+00
      22186 313.849032  -62.14748  -58.43944     -0.763    1448.29    106.000    104.956    -0.6984    -0.6973     0.0011    -0.7015    -0.7004     0.0011   2.796297   2.796276  -0.000022    34.2902    34.2887     7.5204    27.5662    27.5649    34.2908    27.5667    1446.67    1446.68    -0.7014  1028.0791    34.4572 0.0000e+00
      22213 313.849045  -62.14750  -58.43944     -0.824    1448.29    105.000    103.966    -0.6960    -0.6937     0.0023    -0.6991    -0.6968     0.0023   2.796505   2.796532   0.000044    34.2904    34.2885     7.5296    27.5663    27.5646    34.2915    27.5671    1446.67    1446.67    -0.6990  1028.0748    34.4579 0.0000e+00
      22236 313.849056  -62.14750  -58.43944     -0.981    1448.29    104.000    102.976    -0.6893    -0.6907    -0.0013    -0.6924    -0.6937    -0.0013   2.796935   2.796732  -0.000211    34.2898    34.2884     7.5288    27.5655    27.5644    34.2904    27.5660    1446.68    1446.67    -0.6923  1028.0688    34.4568 0.0000e+00
      22261 313.849068  -62.14750  -58.43942     -0.991    1448.29    103.000    101.986    -0.6875    -0.6885    -0.0010    -0.6906    -0.6916    -0.0010   2.797037   2.796855  -0.000178    34.2897    34.2884     7.5376    27.5652    27.5643    34.2904    27.5658    1446.67    1446.67    -0.6905  1028.0639    34.4567 0.0000e+00
      22289 313.849082  -62.14750  -58.43941     -0.901    1448.29    102.000    100.996    -0.6846    -0.6855    -0.0010    -0.6876    -0.6885    -0.0010   2.797253   2.797066  -0.000194    34.2896    34.2881     7.5367    27.5651    27.5639    34.2905    27.5659    1446.67    1446.66    -0.6875  1028.0591    34.4569 0.0000e+00
      22318 313.849096  -62.14751  -58.43940     -0.839    1448.29    101.000    100.006    -0.6791    -0.6785     0.0006    -0.6821    -0.6815     0.0006   2.797642   2.797558  -0.000075    34.2893    34.2876     7.5285    27.5646    27.5632    34.2902    27.5654    1446.68    1446.68    -0.6820  1028.0539    34.4566 0.0000e+00
      22349 313.849111  -62.14752  -58.43940     -0.781    1448.29    100.000     99.016    -0.6735    -0.6750    -0.0015    -0.6765    -0.6780    -0.0015   2.798042   2.797817  -0.000227    34.2890    34.2876     7.5256    27.5641    27.5631    34.2899    27.5649    1446.69    1446.68    -0.6764  1028.0485    34.4562 0.0000e+00
      22379 313.849125  -62.14752  -58.43938     -0.796    1448.29     99.000     98.026    -0.6722    -0.6720     0.0002    -0.6751    -0.6750     0.0002   2.798117   2.798017  -0.000106    34.2894    34.2878     7.5363    27.5644    27.5631    34.2901    27.5649    1446.68    1446.68    -0.6751  1028.0406    34.4523 0.0000e+00
      22407 313.849139 -9.990e-29  -58.43937     -0.828    1448.29     98.000     97.037    -0.6670    -0.6695    -0.0025    -0.6699    -0.6724    -0.0025   2.798510   2.798198  -0.000301    34.2889    34.2877     7.5349    27.5638    27.5629    34.2900    27.5647    1446.69    1446.67    -0.6698  1028.0351    34.4517 0.0000e+00
      22436 313.849153 -9.990e-29  -58.43936     -0.837    1448.29     97.000     96.047    -0.6622    -0.6626    -0.0004    -0.6650    -0.6654    -0.0004   2.798848   2.798705  -0.000153    34.2888    34.2872     7.5359    27.5635    27.5622    34.2898    27.5643    1446.69    1446.69    -0.6650  1028.0298    34.4515 0.0000e+00
      22464 313.849166  -62.14754  -58.43936     -0.845    1448.29     96.000     95.057    -0.6586    -0.6595    -0.0010    -0.6614    -0.6624    -0.0010   2.799098   2.798903  -0.000185    34.2887    34.2873     7.5278    27.5633    27.5622    34.2897    27.5641    1446.69    1446.69    -0.6614  1028.0262    34.4531 0.0000e+00
      22492 313.849180  -62.14754  -58.43934     -0.867    1448.29     95.000     94.067    -0.6572    -0.6576    -0.0004    -0.6600    -0.6604    -0.0004   2.799156   2.799019  -0.000138    34.2888    34.2874     7.5443    27.5633    27.5622    34.2896    27.5639    1446.68    1446.68    -0.6600  1028.0236    34.4558 0.0000e+00
      22519 313.849193  -62.14754  -58.43934     -0.882    1448.29     94.000     93.077    -0.6559    -0.6561    -0.0002    -0.6587    -0.6589    -0.0002   2.799214   2.799088  -0.000130    34.2889    34.2874     7.5470    27.5633    27.5621    34.2895    27.5638    1446.67    1446.67    -0.6586  1028.0186    34.4557 0.0000e+00
      22546 313.849206  -62.14754  -58.43932     -0.885    1448.29     93.000     92.087    -0.6549    -0.6548     0.0001    -0.6577    -0.6576     0.0001   2.799252   2.799145  -0.000111    34.2889    34.2873     7.5446    27.5632    27.5619    34.2895    27.5637    1446.66    1446.66    -0.6576  1028.0138    34.4557 0.0000e+00
      22573 313.849219  -62.14756  -58.43932     -0.879    1448.29     92.000     91.097    -0.6531    -0.6534    -0.0003    -0.6558    -0.6562    -0.0003   2.799367   2.799226  -0.000133    34.2889    34.2874     7.5498    27.5631    27.5620    34.2896    27.5637    1446.65    1446.65    -0.6558  1028.0090    34.4557 0.0000e+00
      22600 313.849232  -62.14756  -58.43931     -0.898    1448.29     91.000     90.107    -0.6492    -0.6500    -0.0008    -0.6519    -0.6527    -0.0008   2.799637   2.799468  -0.000165    34.2885    34.2872     7.5509    27.5627    27.5616    34.2894    27.5634    1446.66    1446.65    -0.6518  1028.0039    34.4555 0.0000e+00
      22626 313.849244  -62.14756  -58.43930     -0.918    1448.29     90.000     89.117    -0.6454    -0.6468    -0.0015    -0.6481    -0.6495    -0.0015   2.799873   2.799662  -0.000216    34.2883    34.2870     7.5435    27.5623    27.5614    34.2889    27.5629    1446.66    1446.65    -0.6480  1027.9985    34.4550 0.0000e+00
      22653 313.849257  -62.14756  -58.43929     -0.902    1448.29     89.000     88.127    -0.6434    -0.6439    -0.0005    -0.6461    -0.6466    -0.0005   2.799966   2.799829  -0.000144    34.2880    34.2866     7.5557    27.5620    27.5609    34.2886    27.5625    1446.65    1446.65    -0.6460  1027.9933    34.4547 0.0000e+00
      22681 313.849271  -62.14757  -58.43928     -0.860    1448.29     88.000     87.137    -0.6433    -0.6426     0.0007    -0.6459    -0.6452     0.0007   2.799920   2.799876  -0.000048    34.2879    34.2865     7.5678    27.5619    27.5608    34.2885    27.5624    1446.63    1446.63    -0.6459  1027.9884    34.4545 0.0000e+00
      22709 313.849285  -62.14758  -58.43928     -0.846    1448.29     87.000     86.147    -0.6422    -0.6416     0.0007    -0.6448    -0.6442     0.0007   2.799956   2.799904  -0.000055    34.2879    34.2864     7.5613    27.5619    27.5607    34.2883    27.5623    1446.62    1446.62    -0.6447  1027.9835    34.4544 0.0000e+00
      22737 313.849298  -62.14758  -58.43926     -0.857    1448.29     86.000     85.157    -0.6417    -0.6411     0.0006    -0.6443    -0.6437     0.0006   2.799921   2.799880  -0.000050    34.2876    34.2862     7.5581    27.5617    27.5605    34.2880    27.5619    1446.61    1446.61    -0.6442  1027.9783    34.4540 0.0000e+00
      22764 313.849311  -62.14758  -58.43926     -0.878    1448.29     85.000     84.167    -0.6416    -0.6410     0.0007    -0.6442    -0.6435     0.0007   2.799872   2.799830  -0.000043    34.2875    34.2861     7.5594    27.5615    27.5604    34.2878    27.5618    1446.59    1446.59    -0.6441  1027.9734    34.4538 0.0000e+00
      22791 313.849324  -62.14759  -58.43924     -0.900    1448.29     84.000     83.177    -0.6408    -0.6405     0.0004    -0.6433    -0.6430     0.0004   2.799880   2.799816  -0.000065    34.2873    34.2860     7.5662    27.5614    27.5603    34.2876    27.5616    1446.58    1446.58    -0.6432  1027.9684    34.4536 0.0000e+00
      22817 313.849336  -62.14760  -58.43923     -0.916    1448.29     83.000     82.187    -0.6468    -0.6422     0.0045    -0.6492    -0.6447     0.0045   2.799190   2.799554   0.000323    34.2867    34.2859     7.5706    27.5611    27.5603    34.2856    27.5603    1446.53    1446.55    -0.6492  1027.9623    34.4516 0.0000e+00
