Pos-Processados/process_op42/Processamento_split/up/uoperantar42_013.cnv
* Sea-Bird SBE 9 Data File:
* FileName = C:\Users\Hidrografia\Desktop\OPXLII\Brutos\OP42013.hdr
* Software Version Seasave V 7.26.7.107
* Temperature SN = 6502
* Conductivity SN = 4998
* Number of Bytes Per Scan = 31
* Number of Voltage Words = 2
* Number of Scans Averaged by the Deck Unit = 1
* NMEA Latitude = 46 24.51 S
* NMEA Longitude = 055 54.95 W
* NMEA UTC (Time) = Oct 19 2023 23:00:40
* NMEA baud rate = 4800
** H41
** NPOALTEMAXIMIANO
** NUMERO DA ESTACAO (XXX) 013
** LAT (XX XX.XX S/N) 46 24.500 S
** LONG (XXX XX.XX W/E) 055 54.972 W
** DATAHORA (dd/mm/aaaa hh:mm Z) 19/10/2023 2300Z
** PROFUNDIDADE (m) 5329
** OPERADOR CT FABIREZA
# nquan = 30
# nvalues = 1008                        
# units = specified
# name 0 = scan: Scan Count
# name 1 = timeJ: Julian Days
# name 2 = latitude: Latitude [deg]
# name 3 = longitude: Longitude [deg]
# name 4 = dz/dtM: Descent Rate [m/s]
# name 5 = avgsvCM: Average Sound Velocity [Chen-Millero, m/s]
# name 6 = prDM: Pressure, Digiquartz [db]
# name 7 = depSM: Depth [salt water, m]
# name 8 = t090C: Temperature [ITS-90, deg C]
# name 9 = t190C: Temperature, 2 [ITS-90, deg C]
# name 10 = T2-T190C: Temperature Difference, 2 - 1 [ITS-90, deg C]
# name 11 = potemp090C: Potential Temperature [ITS-90, deg C]
# name 12 = potemp190C: Potential Temperature, 2 [ITS-90, deg C]
# name 13 = potemp90Cdiff: Potential Temperature, Diff, 2 - 1 [ITS-90, deg C]
# name 14 = c0S/m: Conductivity [S/m]
# name 15 = c1S/m: Conductivity, 2 [S/m]
# name 16 = C2-C1S/m: Conductivity Difference, 2 - 1 [S/m]
# name 17 = sal00: Salinity, Practical [PSU]
# name 18 = sal11: Salinity, Practical, 2 [PSU]
# name 19 = sbeox0ML/L: Oxygen, SBE 43 [ml/l]
# name 20 = sigma-é00: Density [sigma-theta, kg/m^3]
# name 21 = sigma-é11: Density, 2 [sigma-theta, kg/m^3]
# name 22 = sal00: Salinity, Practical [PSU]
# name 23 = sigma-é00: Density [sigma-theta, kg/m^3]
# name 24 = svCM: Sound Velocity [Chen-Millero, m/s]
# name 25 = svCM1: Sound Velocity, 2 [Chen-Millero, m/s]
# name 26 = gsw_ptA0: potential temperature [ITS-90, deg C]
# name 27 = gsw_densityA0: density, TEOS-10 [density, kg/m^3]
# name 28 = gsw_saA0: Absolute Salinity [g/kg]
# name 29 = flag:
# span 0 =      31611,      66305       
# span 1 = 292.974040, 292.990771       
# span 2 =  -46.42171,  -46.41468       
# span 3 =  -55.91323,  -55.91078       
# span 4 =     -1.566,     -0.165       
# span 5 =    1468.76,    1468.76       
# span 6 =      4.000,   1011.000       
# span 7 =      4.075,   1000.226       
# span 8 =     2.3875,     5.9232       
# span 9 =     2.3886,     5.9217       
# span 10 =    -0.0109,     0.0386      
# span 11 =     2.3235,     5.9228      
# span 12 =     2.3246,     5.9211      
# span 13 =    -0.0109,     0.0385      
# span 14 =   3.078985,   3.340590      
# span 15 =   3.078953,   3.340564      
# span 16 =  -0.001474,   0.003332      
# span 17 =    33.9843,    34.5846      
# span 18 =    33.9849,    34.5838      
# span 19 =     3.7715,     8.1200      
# span 20 =    26.7651,    27.6126      
# span 21 =    26.7641,    27.6119      
# span 22 =    33.9896,    34.5846      
# span 23 =    26.7652,    27.6126      
# span 24 =    1463.07,    1475.85      
# span 25 =    1463.07,    1475.86      
# span 26 =     2.3234,     5.9228      
# span 27 =  1026.7848,  1032.3114      
# span 28 =    34.1505,    34.7522      
# span 29 = 0.0000e+00, 0.0000e+00      
# interval = decibars: 1                
# start_time = Oct 19 2023 23:00:40 [NMEA time, header]
# bad_flag = -9.990e-29
*END*
[from data line 822]
      55002 292.985321  -46.41936  -55.91172     -0.753    1468.76    189.000    187.355     2.8025     2.8045     0.0021     2.7913     2.7934     0.0021   3.080286   3.080301   0.000022    34.0557    34.0538     6.7625    27.1498    27.1481    34.0561    27.1501    1463.42    1463.43     2.7913  1028.0357    34.2175 0.0000e+00
      55023 292.985331  -46.41937  -55.91172     -1.020    1468.76    188.000    186.364     2.8067     2.8071     0.0004     2.7956     2.7960     0.0004   3.080514   3.080467  -0.000050    34.0545    34.0535     6.7683    27.1485    27.1476    34.0549    27.1488    1463.42    1463.42     2.7956  1028.0298    34.2163 0.0000e+00
      55046 292.985342  -46.41938  -55.91172     -1.119    1468.76    187.000    185.374     2.8099     2.8104     0.0005     2.7988     2.7994     0.0005   3.080725   3.080678  -0.000051    34.0542    34.0530     6.7761    27.1480    27.1469    34.0547    27.1483    1463.42    1463.42     2.7988  1028.0246    34.2161 0.0000e+00
      55078 292.985357  -46.41938  -55.91171     -0.834    1468.76    186.000    184.383     2.8127     2.8149     0.0022     2.8017     2.8039     0.0022   3.080809   3.080886   0.000073    34.0529    34.0514     6.7824    27.1466    27.1452    34.0533    27.1470    1463.41    1463.42     2.8017  1028.0186    34.2147 0.0000e+00
      55111 292.985373  -46.41938  -55.91170     -0.689    1468.76    185.000    183.392     2.8146     2.8169     0.0023     2.8036     2.8059     0.0023   3.080868   3.081008   0.000118    34.0523    34.0513     6.7899    27.1460    27.1450    34.0526    27.1462    1463.40    1463.41     2.8036  1028.0131    34.2140 0.0000e+00
      55137 292.985386  -46.41940  -55.91170     -0.848    1468.76    184.000    182.401     2.8167     2.8183     0.0016     2.8058     2.8074     0.0016   3.081063   3.081096   0.000061    34.0525    34.0515     6.7951    27.1460    27.1450    34.0532    27.1466    1463.40    1463.40     2.8058  1028.0088    34.2146 0.0000e+00
      55163 292.985398  -46.41940  -55.91170     -0.952    1468.76    183.000    181.410     2.8228     2.8257     0.0029     2.8119     2.8148     0.0029   3.081579   3.081719   0.000110    34.0526    34.0508     6.8026    27.1455    27.1439    34.0536    27.1463    1463.41    1463.42     2.8120  1028.0039    34.2150 0.0000e+00
      55198 292.985415  -46.41940  -55.91170     -0.730    1468.76    182.000    180.419     2.8402     2.8434     0.0032     2.8294     2.8326     0.0032   3.082984   3.083148   0.000171    34.0513    34.0501     6.8084    27.1430    27.1417    34.0529    27.1443    1463.46    1463.48     2.8294  1027.9970    34.2143 0.0000e+00
      55234 292.985432  -46.41940  -55.91170     -0.627    1468.76    181.000    179.429     2.8435     2.8473     0.0038     2.8328     2.8366     0.0038   3.083163   3.083430   0.000257    34.0516    34.0507     6.8254    27.1429    27.1418    34.0522    27.1433    1463.46    1463.48     2.8328  1027.9914    34.2136 0.0000e+00
      55256 292.985443  -46.41942  -55.91170     -0.880    1468.76    180.000    178.438     2.8446     2.8471     0.0024     2.8340     2.8364     0.0024   3.083337   3.083395   0.000082    34.0524    34.0508     6.8377    27.1434    27.1419    34.0537    27.1444    1463.45    1463.46     2.8339  1027.9878    34.2150 0.0000e+00
      55276 292.985453  -46.41942  -55.91170     -1.109    1468.76    179.000    177.447     2.8488     2.8490     0.0002     2.8382     2.8384     0.0002   3.083603   3.083516  -0.000080    34.0521    34.0509     6.8447    27.1428    27.1419    34.0531    27.1436    1463.45    1463.45     2.8382  1027.9823    34.2145 0.0000e+00
      55298 292.985464  -46.41942 -9.990e-29     -1.164    1468.76    178.000    176.455     2.8508     2.8525     0.0017     2.8403     2.8419     0.0017   3.083761   3.083806   0.000023    34.0525    34.0510     6.8463    27.1430    27.1416    34.0534    27.1437    1463.45    1463.45     2.8402  1027.9778    34.2149 0.0000e+00
      55332 292.985480  -46.41943 -9.990e-29     -0.816    1468.76    177.000    175.468     2.8593     2.8622     0.0029     2.8488     2.8517     0.0029   3.084479   3.084622   0.000151    34.0523    34.0510     6.8509    27.1420    27.1408    34.0538    27.1432    1463.47    1463.48     2.8488  1027.9726    34.2153 0.0000e+00
      55370 292.985498  -46.41944  -55.91168     -0.604    1468.76    176.000    174.469     2.8639     2.8667     0.0028     2.8534     2.8562     0.0028   3.084732   3.084927   0.000178    34.0520    34.0512     6.8517    27.1414    27.1405    34.0526    27.1418    1463.47    1463.48     2.8534  1027.9666    34.2140 0.0000e+00
      55397 292.985511  -46.41944  -55.91168     -0.782    1468.76    175.000    173.483     2.8629     2.8662     0.0033     2.8525     2.8558     0.0033   3.084696   3.084834   0.000165    34.0527    34.0512     6.8548    27.1420    27.1405    34.0537    27.1428    1463.45    1463.46     2.8525  1027.9628    34.2151 0.0000e+00
      55420 292.985522  -46.41944  -55.91168     -0.974    1468.76    174.000    172.492     2.8667     2.8678     0.0011     2.8564     2.8574     0.0011   3.084950   3.084927  -0.000014    34.0524    34.0511     6.8569    27.1415    27.1403    34.0533    27.1422    1463.45    1463.45     2.8564  1027.9574    34.2147 0.0000e+00
      55447 292.985535  -46.41946  -55.91168     -0.967    1468.76    173.000    171.501     2.8724     2.8763     0.0039     2.8622     2.8660     0.0039   3.085390   3.085649   0.000235    34.0520    34.0508     6.8563    27.1406    27.1393    34.0532    27.1415    1463.46    1463.47     2.8621  1027.9521    34.2145 0.0000e+00
      55483 292.985552  -46.41946  -55.91168     -0.711    1468.76    172.000    170.510     2.8805     2.8830     0.0025     2.8703     2.8728     0.0025   3.086050   3.086166   0.000131    34.0520    34.0510     6.8530    27.1399    27.1389    34.0532    27.1409    1463.48    1463.48     2.8703  1027.9467    34.2146 0.0000e+00
      55514 292.985568  -46.41946  -55.91166     -0.708    1468.76    171.000    169.520     2.8809     2.8831     0.0022     2.8707     2.8729     0.0022   3.085996   3.086111   0.000111    34.0522    34.0511     6.8497    27.1400    27.1390    34.0527    27.1405    1463.46    1463.47     2.8707  1027.9416    34.2141 0.0000e+00
      55537 292.985579  -46.41948  -55.91166     -0.911    1468.76    170.000    168.529     2.8817     2.8830     0.0013     2.8716     2.8729     0.0013   3.086069   3.086062   0.000012    34.0525    34.0513     6.8523    27.1402    27.1391    34.0533    27.1408    1463.45    1463.45     2.8716  1027.9373    34.2147 0.0000e+00
      55560 292.985590  -46.41948  -55.91166     -1.051    1468.76    169.000    167.538     2.8825     2.8833     0.0008     2.8724     2.8732     0.0008   3.086072   3.086052  -0.000021    34.0525    34.0515     6.8701    27.1401    27.1392    34.0531    27.1405    1463.43    1463.44     2.8724  1027.9324    34.2144 0.0000e+00
      55592 292.985605  -46.41948  -55.91166     -0.858    1468.76    168.000    166.547     2.8825     2.8835     0.0010     2.8725     2.8735     0.0010   3.086017   3.086014   0.000002    34.0525    34.0514     6.8691    27.1401    27.1391    34.0530    27.1405    1463.42    1463.42     2.8725  1027.9276    34.2143 0.0000e+00
      55630 292.985623  -46.41948  -55.91166     -0.611    1468.76    167.000    165.556     2.8823     2.8833     0.0009     2.8724     2.8733     0.0009   3.085951   3.085941  -0.000008    34.0525    34.0514     6.8713    27.1401    27.1392    34.0529    27.1404    1463.40    1463.40     2.8724  1027.9229    34.2142 0.0000e+00
      55657 292.985637  -46.41949  -55.91166     -0.778    1468.76    166.000    164.565     2.8823     2.8831     0.0009     2.8724     2.8732     0.0009   3.085893   3.085884  -0.000008    34.0525    34.0515     6.8712    27.1401    27.1392    34.0528    27.1403    1463.38    1463.39     2.8724  1027.9181    34.2141 0.0000e+00
      55679 292.985647  -46.41950  -55.91166     -0.979    1468.76    165.000    163.574     2.8817     2.8828     0.0011     2.8719     2.8730     0.0011   3.085808   3.085828   0.000019    34.0527    34.0517     6.8808    27.1403    27.1394    34.0529    27.1405    1463.37    1463.37     2.8719  1027.9136    34.2142 0.0000e+00
      55702 292.985658  -46.41950  -55.91166     -1.075    1468.76    164.000    162.583     2.8825     2.8843     0.0018     2.8727     2.8746     0.0018   3.085847   3.085923   0.000068    34.0526    34.0515     6.8770    27.1402    27.1392    34.0531    27.1405    1463.35    1463.36     2.8727  1027.9090    34.2144 0.0000e+00
      55732 292.985673  -46.41952  -55.91166     -0.906    1468.76    163.000    161.592     2.8887     2.8926     0.0040     2.8790     2.8829     0.0040   3.086318   3.086581   0.000247    34.0520    34.0508     6.8701    27.1391    27.1378    34.0529    27.1398    1463.36    1463.38     2.8790  1027.9036    34.2142 0.0000e+00
      55765 292.985689  -46.41952  -55.91164     -0.706    1468.76    162.000    160.601     2.8945     2.8977     0.0033     2.8848     2.8881     0.0033   3.086728   3.086900   0.000182    34.0518    34.0505     6.8748    27.1384    27.1371    34.0523    27.1388    1463.37    1463.38     2.8848  1027.8979    34.2136 0.0000e+00
      55793 292.985702  -46.41952  -55.91164     -0.808    1468.76    161.000    159.610     2.8955     2.8973     0.0019     2.8859     2.8877     0.0019   3.086786   3.086825   0.000047    34.0519    34.0505     6.8787    27.1385    27.1372    34.0525    27.1389    1463.36    1463.36     2.8859  1027.8933    34.2138 0.0000e+00
      55816 292.985713  -46.41952  -55.91164     -0.966    1468.76    160.000    158.619     2.8961     2.8973     0.0012     2.8866     2.8877     0.0012   3.086739   3.086753   0.000021    34.0515    34.0504     6.8791    27.1380    27.1371    34.0518    27.1383    1463.34    1463.35     2.8866  1027.8880    34.2131 0.0000e+00
      55846 292.985728  -46.41953  -55.91164     -0.885    1468.76    159.000    157.628     2.8957     2.8965     0.0008     2.8862     2.8870     0.0008   3.086620   3.086557  -0.000058    34.0510    34.0494     6.8903    27.1377    27.1364    34.0513    27.1379    1463.33    1463.33     2.8862  1027.8830    34.2126 0.0000e+00
      55887 292.985748  -46.41954  -55.91164     -0.557    1468.76    158.000    156.637     2.9002     2.9012     0.0010     2.8907     2.8917     0.0010   3.086877   3.086904   0.000012    34.0497    34.0489     6.8897    27.1363    27.1355    34.0503    27.1367    1463.33    1463.33     2.8908  1027.8770    34.2116 0.0000e+00
      55914 292.985760  -46.41954  -55.91164     -0.754    1468.76    157.000    155.646     2.8990     2.9025     0.0035     2.8897     2.8931     0.0035   3.086776   3.086952   0.000191    34.0503    34.0489     6.9008    27.1368    27.1354    34.0508    27.1372    1463.31    1463.32     2.8897  1027.8729    34.2121 0.0000e+00
      55933 292.985770  -46.41954  -55.91164     -1.039    1468.76    156.000    154.655     2.9026     2.9033     0.0007     2.8933     2.8941     0.0007   3.086981   3.086970 -4.549e-07    34.0497    34.0489     6.9102    27.1360    27.1353    34.0500    27.1363    1463.31    1463.31     2.8933  1027.8673    34.2113 0.0000e+00
      55953 292.985779  -46.41956  -55.91162     -1.210    1468.76    155.000    153.664     2.9047     2.9050     0.0003     2.8955     2.8958     0.0003   3.087100   3.087033  -0.000054    34.0492    34.0481     6.9133    27.1354    27.1345    34.0498    27.1359    1463.30    1463.30     2.8955  1027.8622    34.2111 0.0000e+00
      55982 292.985793  -46.41956  -55.91162     -1.006    1468.76    154.000    152.673     2.9105     2.9139     0.0034     2.9013     2.9047     0.0034   3.087486   3.087675   0.000180    34.0479    34.0465     6.9171    27.1339    27.1324    34.0489    27.1347    1463.30    1463.32     2.9013  1027.8563    34.2102 0.0000e+00
      56019 292.985811  -46.41957  -55.91162     -0.617    1468.76    153.000    151.682     2.9205     2.9225     0.0021     2.9113     2.9134     0.0021   3.088138   3.088259   0.000102    34.0465    34.0455     6.9203    27.1318    27.1309    34.0469    27.1322    1463.33    1463.34     2.9113  1027.8491    34.2082 0.0000e+00
      56045 292.985824  -46.41958  -55.91162     -0.791    1468.76    152.000    150.691     2.9190     2.9228     0.0038     2.9100     2.9137     0.0037   3.088089   3.088252   0.000177    34.0474    34.0456     6.9321    27.1327    27.1310    34.0484    27.1335    1463.31    1463.32     2.9099  1027.8457    34.2097 0.0000e+00
      56066 292.985834  -46.41958  -55.91162     -1.027    1468.76    151.000    149.700     2.9231     2.9244     0.0014     2.9140     2.9154     0.0014   3.088285   3.088305   0.000033    34.0464    34.0454     6.9416    27.1316    27.1306    34.0471    27.1321    1463.31    1463.31     2.9141  1027.8396    34.2084 0.0000e+00
      56087 292.985844  -46.41958  -55.91162     -1.150    1468.76    150.000    148.709     2.9234     2.9244     0.0011     2.9144     2.9155     0.0011   3.088229   3.088242   0.000017    34.0461    34.0452     6.9522    27.1313    27.1304    34.0466    27.1317    1463.29    1463.29     2.9144  1027.8345    34.2079 0.0000e+00
      56116 292.985858  -46.41960  -55.91162     -0.949    1468.76    149.000    147.720     2.9264     2.9281     0.0017     2.9175     2.9192     0.0017   3.088425   3.088473   0.000052    34.0454    34.0443     6.9508    27.1304    27.1294    34.0464    27.1312    1463.29    1463.29     2.9175  1027.8294    34.2076 0.0000e+00
      56162 292.985880  -46.41960  -55.91161     -0.502    1468.76    148.000    146.726     2.9384     2.9396     0.0012     2.9295     2.9307     0.0012   3.089250   3.089281   0.000024    34.0434    34.0425     6.9502    27.1278    27.1269    34.0443    27.1285    1463.32    1463.33     2.9295  1027.8220    34.2056 0.0000e+00
      56196 292.985896  -46.41960  -55.91160     -0.643    1468.76    147.000    145.736     2.9368     2.9405     0.0038     2.9280     2.9317     0.0038   3.089132   3.089295   0.000169    34.0444    34.0425     6.9598    27.1287    27.1268    34.0451    27.1293    1463.30    1463.31     2.9280  1027.8181    34.2063 0.0000e+00
      56218 292.985907  -46.41960  -55.91160     -0.927    1468.76    146.000    144.745     2.9402     2.9420     0.0018     2.9315     2.9333     0.0018   3.089294   3.089350   0.000053    34.0434    34.0422     6.9688    27.1276    27.1265    34.0440    27.1281    1463.29    1463.30     2.9315  1027.8122    34.2053 0.0000e+00
      56238 292.985917  -46.41962  -55.91160     -1.116    1468.76    145.000    143.754     2.9408     2.9418     0.0010     2.9321     2.9331     0.0010   3.089277   3.089291   0.000021    34.0432    34.0424     6.9742    27.1274    27.1266    34.0438    27.1278    1463.28    1463.28     2.9321  1027.8073    34.2050 0.0000e+00
      56259 292.985927  -46.41962  -55.91160     -1.172    1468.76    144.000    142.763     2.9413     2.9428     0.0015     2.9327     2.9342     0.0015   3.089297   3.089325   0.000032    34.0434    34.0422     6.9748    27.1275    27.1264    34.0440    27.1279    1463.27    1463.27     2.9327  1027.8027    34.2052 0.0000e+00
      56286 292.985940  -46.41962  -55.91160     -0.992    1468.76    143.000    141.771     2.9422     2.9435     0.0014     2.9336     2.9350     0.0014   3.089335   3.089324  -0.000009    34.0436    34.0420     6.9799    27.1276    27.1262    34.0441    27.1279    1463.25    1463.26     2.9336  1027.7980    34.2053 0.0000e+00
      56319 292.985956  -46.41963  -55.91160     -0.754    1468.76    142.000    140.780     2.9430     2.9442     0.0011     2.9346     2.9357     0.0011   3.089288   3.089312   0.000023    34.0428    34.0418     6.9878    27.1268    27.1260    34.0431    27.1271    1463.24    1463.24     2.9345  1027.7925    34.2044 0.0000e+00
