Pos-Processados/process_op42/Processamento_split/up/uoperantar42_029.cnv
* Sea-Bird SBE 9 Data File:
* FileName = C:\Users\Hidrografia\Desktop\OPXLII\Brutos\OP42029.hdr
* Software Version Seasave V 7.26.7.107
* Temperature SN = 6502
* Conductivity SN = 4998
* Number of Bytes Per Scan = 37
* Number of Voltage Words = 4
* Number of Scans Averaged by the Deck Unit = 1
* NMEA Latitude = 62 08.30 S
* NMEA Longitude = 058 26.22 W
* NMEA UTC (Time) = Nov 09 2023 04:08:28
* NMEA baud rate = 4800
** H41
** NPOALTEMAXIMIANO
** NUMERO DA ESTACAO (XXX) 029
** LAT (XX XX.XX S/N) 62 08.530 S
** LONG (XXX XX.XX W/E) 058 26.937 W
** DATAHORA (dd/mm/aaaa hh:mm Z) 09/11/2023 0407Z
** PROFUNDIDADE (m) 424
** OPERADOR CT FILIPE LOPES
# nquan = 30
# nvalues = 362                         
# units = specified
# name 0 = scan: Scan Count
# name 1 = timeJ: Julian Days
# name 2 = latitude: Latitude [deg]
# name 3 = longitude: Longitude [deg]
# name 4 = dz/dtM: Descent Rate [m/s]
# name 5 = avgsvCM: Average Sound Velocity [Chen-Millero, m/s]
# name 6 = prDM: Pressure, Digiquartz [db]
# name 7 = depSM: Depth [salt water, m]
# name 8 = t090C: Temperature [ITS-90, deg C]
# name 9 = t190C: Temperature, 2 [ITS-90, deg C]
# name 10 = T2-T190C: Temperature Difference, 2 - 1 [ITS-90, deg C]
# name 11 = potemp090C: Potential Temperature [ITS-90, deg C]
# name 12 = potemp190C: Potential Temperature, 2 [ITS-90, deg C]
# name 13 = potemp90Cdiff: Potential Temperature, Diff, 2 - 1 [ITS-90, deg C]
# name 14 = c0S/m: Conductivity [S/m]
# name 15 = c1S/m: Conductivity, 2 [S/m]
# name 16 = C2-C1S/m: Conductivity Difference, 2 - 1 [S/m]
# name 17 = sal00: Salinity, Practical [PSU]
# name 18 = sal11: Salinity, Practical, 2 [PSU]
# name 19 = sbeox0ML/L: Oxygen, SBE 43 [ml/l]
# name 20 = sigma-é00: Density [sigma-theta, kg/m^3]
# name 21 = sigma-é11: Density, 2 [sigma-theta, kg/m^3]
# name 22 = sal00: Salinity, Practical [PSU]
# name 23 = sigma-é00: Density [sigma-theta, kg/m^3]
# name 24 = svCM: Sound Velocity [Chen-Millero, m/s]
# name 25 = svCM1: Sound Velocity, 2 [Chen-Millero, m/s]
# name 26 = gsw_ptA0: potential temperature [ITS-90, deg C]
# name 27 = gsw_densityA0: density, TEOS-10 [density, kg/m^3]
# name 28 = gsw_saA0: Absolute Salinity [g/kg]
# name 29 = flag:
# span 0 =      17506,      29840       
# span 1 = 313.180988, 313.186936       
# span 2 =  -62.13942,  -62.13902       
# span 3 =  -58.42881,  -58.42258       
# span 4 =     -1.153,     -0.136       
# span 5 =    1447.91,    1447.91       
# span 6 =      2.000,    363.000       
# span 7 =      1.991,    359.201       
# span 8 =    -0.8223,    -0.5985       
# span 9 =    -0.8215,    -0.5983       
# span 10 =    -0.0035,     0.0082      
# span 11 =    -0.8273,    -0.5986      
# span 12 =    -0.8265,    -0.5983      
# span 13 =    -0.0035,     0.0082      
# span 14 =   2.789963,   2.818809      
# span 15 =   2.789950,   2.818780      
# span 16 =  -0.000331,   0.000790      
# span 17 =    34.2794,    34.3876      
# span 18 =    34.2783,    34.3866      
# span 19 =     6.8246,     7.6152      
# span 20 =    27.5530,    27.6435      
# span 21 =    27.5522,    27.6427      
# span 22 =    34.2795,    34.3876      
# span 23 =    27.5531,    27.6436      
# span 24 =    1445.43,    1451.19      
# span 25 =    1445.43,    1451.19      
# span 26 =    -0.8272,    -0.5986      
# span 27 =  1027.5672,  1029.3804      
# span 28 =    34.4448,    34.5557      
# span 29 = 0.0000e+00, 0.0000e+00      
# interval = decibars: 1                
# start_time = Nov 09 2023 04:08:28 [NMEA time, header]
# bad_flag = -9.990e-29
*END*
[from data line 339]
      28377 313.186231  -62.13938  -58.42334     -0.717    1447.91     24.000     23.768    -0.6092    -0.6084     0.0008    -0.6098    -0.6091     0.0008   2.799234   2.799196  -0.000035    34.2801    34.2787     7.5895    27.5541    27.5529    34.2802    27.5541    1445.74    1445.75    -0.6099  1027.6735    34.4454 0.0000e+00
      28410 313.186247  -62.13938  -58.42332     -0.736    1447.91     23.000     22.779    -0.6087    -0.6079     0.0009    -0.6094    -0.6085     0.0009   2.799221   2.799193  -0.000028    34.2801    34.2787     7.5960    27.5540    27.5529    34.2801    27.5541    1445.73    1445.73    -0.6094  1027.6686    34.4453 0.0000e+00
      28441 313.186261  -62.13938  -58.42331     -0.767    1447.91     22.000     21.787    -0.6089    -0.6080     0.0009    -0.6096    -0.6086     0.0009   2.799165   2.799142  -0.000021    34.2802    34.2789     7.5963    27.5541    27.5530    34.2802    27.5542    1445.71    1445.71    -0.6095  1027.6639    34.4454 0.0000e+00
      28471 313.186276  -62.13938  -58.42330     -0.793    1447.91     21.000     20.797    -0.6080    -0.6074     0.0006    -0.6086    -0.6081     0.0006   2.799189   2.799134  -0.000056    34.2801    34.2787     7.6015    27.5540    27.5528    34.2802    27.5541    1445.70    1445.70    -0.6086  1027.6590    34.4454 0.0000e+00
      28502 313.186291  -62.13938  -58.42327     -0.775    1447.91     20.000     19.807    -0.6074    -0.6067     0.0007    -0.6080    -0.6073     0.0007   2.799177   2.799146  -0.000032    34.2799    34.2787     7.6087    27.5538    27.5528    34.2799    27.5538    1445.69    1445.69    -0.6080  1027.6540    34.4451 0.0000e+00
      28535 313.186307  -62.13938  -58.42326     -0.741    1447.91     19.000     18.817    -0.6073    -0.6064     0.0009    -0.6079    -0.6069     0.0009   2.799151   2.799132  -0.000018    34.2800    34.2787     7.6107    27.5539    27.5528    34.2801    27.5540    1445.67    1445.67    -0.6078  1027.6493    34.4453 0.0000e+00
      28567 313.186323  -62.13938  -58.42324     -0.735    1447.91     18.000     17.827    -0.6069    -0.6063     0.0006    -0.6074    -0.6069     0.0006   2.799128   2.799085  -0.000043    34.2799    34.2787     7.6020    27.5538    27.5528    34.2800    27.5539    1445.66    1445.66    -0.6074  1027.6445    34.4452 0.0000e+00
      28600 313.186338  -62.13938  -58.42322     -0.740    1447.91     17.000     16.836    -0.6056    -0.6052     0.0004    -0.6061    -0.6057     0.0004   2.799189   2.799131  -0.000056    34.2798    34.2786     7.6014    27.5537    27.5526    34.2799    27.5538    1445.65    1445.65    -0.6061  1027.6396    34.4452 0.0000e+00
      28632 313.186354  -62.13938  -58.42321     -0.738    1447.91     16.000     15.846    -0.6056    -0.6048     0.0008    -0.6061    -0.6053     0.0008   2.799140   2.799114  -0.000028    34.2798    34.2786     7.5979    27.5537    27.5527    34.2799    27.5537    1445.63    1445.63    -0.6061  1027.6348    34.4451 0.0000e+00
      28666 313.186370  -62.13938  -58.42320     -0.725    1447.91     15.000     14.855    -0.6049    -0.6043     0.0005    -0.6053    -0.6048     0.0005   2.799160   2.799103  -0.000054    34.2798    34.2785     7.5954    27.5536    27.5525    34.2799    27.5537    1445.62    1445.62    -0.6053  1027.6300    34.4452 0.0000e+00
      28699 313.186386  -62.13938  -58.42317     -0.713    1447.91     14.000     13.865    -0.6043    -0.6037     0.0006    -0.6048    -0.6041     0.0006   2.799157   2.799120  -0.000040    34.2798    34.2786     7.6085    27.5536    27.5526    34.2799    27.5537    1445.60    1445.60    -0.6047  1027.6252    34.4452 0.0000e+00
      28733 313.186403  -62.13938  -58.42316     -0.709    1447.91     13.000     12.875    -0.6033    -0.6025     0.0009    -0.6037    -0.6029     0.0009   2.799193   2.799163  -0.000027    34.2797    34.2784     7.6026    27.5535    27.5524    34.2799    27.5536    1445.59    1445.60    -0.6037  1027.6204    34.4452 0.0000e+00
      28768 313.186419  -62.13938  -58.42314     -0.702    1447.91     12.000     11.884    -0.6024    -0.6016     0.0008    -0.6027    -0.6019     0.0008   2.799210   2.799197  -0.000014    34.2795    34.2784     7.6055    27.5533    27.5524    34.2796    27.5534    1445.58    1445.58    -0.6027  1027.6154    34.4450 0.0000e+00
      28808 313.186439  -62.13938  -58.42312     -0.602    1447.91     11.000     10.897    -0.6026    -0.6019     0.0006    -0.6029    -0.6023     0.0006   2.799142   2.799113  -0.000029    34.2796    34.2785     7.6055    27.5534    27.5524    34.2796    27.5534    1445.56    1445.56    -0.6029  1027.6106    34.4450 0.0000e+00
      28857 313.186462  -62.13938  -58.42309     -0.500    1447.91     10.000      9.903    -0.6027    -0.6020     0.0007    -0.6030    -0.6023     0.0007   2.799103   2.799064  -0.000038    34.2798    34.2785     7.6100    27.5535    27.5524    34.2798    27.5535    1445.55    1445.55    -0.6030  1027.6060    34.4452 0.0000e+00
      28938 313.186501  -62.13938  -58.42305     -0.268    1447.91      9.000      8.913    -0.6029    -0.6019     0.0009    -0.6031    -0.6022     0.0009   2.799046   2.799024  -0.000023    34.2798    34.2785     7.6014    27.5536    27.5524    34.2798    27.5536    1445.53    1445.53    -0.6031  1027.6012    34.4452 0.0000e+00
      29058 313.186559  -62.13940  -58.42298     -0.193    1447.91      8.000      7.925    -0.6027    -0.6018     0.0008    -0.6029    -0.6021     0.0008   2.799009   2.798985  -0.000027    34.2798    34.2785     7.6071    27.5535    27.5524    34.2798    27.5535    1445.51    1445.52    -0.6029  1027.5964    34.4452 0.0000e+00
      29194 313.186625  -62.13940  -58.42291     -0.171    1447.91      7.000      6.933    -0.6026    -0.6018     0.0008    -0.6028    -0.6020     0.0008   2.798968   2.798947  -0.000029    34.2799    34.2786     7.6092    27.5536    27.5525    34.2798    27.5535    1445.50    1445.50    -0.6028  1027.5916    34.4451 0.0000e+00
      29331 313.186691  -62.13940  -58.42284     -0.181    1447.91      6.000      5.942    -0.6028    -0.6020     0.0008    -0.6030    -0.6022     0.0008   2.798906   2.798884  -0.000024    34.2798    34.2786     7.6061    27.5535    27.5525    34.2798    27.5535    1445.48    1445.48    -0.6030  1027.5868    34.4451 0.0000e+00
      29447 313.186747  -62.13940  -58.42278     -0.209    1447.91      5.000      4.952    -0.6027    -0.6018     0.0009    -0.6028    -0.6020     0.0009   2.798869   2.798852  -0.000015    34.2797    34.2786     7.6055    27.5535    27.5525    34.2798    27.5535    1445.46    1445.47    -0.6028  1027.5820    34.4451 0.0000e+00
      29571 313.186806  -62.13940  -58.42272     -0.194    1447.91      4.000      3.964    -0.6022    -0.6011     0.0011    -0.6023    -0.6012     0.0011   2.798864   2.798862   0.000003    34.2796    34.2785     7.6096    27.5534    27.5524    34.2797    27.5534    1445.45    1445.46    -0.6023  1027.5771    34.4451 0.0000e+00
      29696 313.186867  -62.13942  -58.42265     -0.192    1447.91      3.000      2.970    -0.6017    -0.6000     0.0017    -0.6018    -0.6001     0.0017   2.798855   2.798904   0.000044    34.2797    34.2784     7.6070    27.5534    27.5523    34.2797    27.5534    1445.44    1445.44    -0.6018  1027.5723    34.4451 0.0000e+00
      29840 313.186936  -62.13942  -58.42258     -0.196    1447.91      2.000      1.991    -0.5985    -0.5983     0.0002    -0.5986    -0.5983     0.0002   2.799059   2.798999  -0.000056    34.2794    34.2784     7.6152    27.5530    27.5522    34.2795    27.5531    1445.43    1445.43    -0.5986  1027.5672    34.4448 0.0000e+00
