Pos-Processados/process_op42/Processamento_split/up/uoperantar42_039.cnv
* Sea-Bird SBE 9 Data File:
* FileName = C:\Users\Hidrografia\Desktop\OPXLII\Brutos\OP42039.hdr
* Software Version Seasave V 7.26.7.107
* Temperature SN = 6502
* Conductivity SN = 4998
* Number of Bytes Per Scan = 37
* Number of Voltage Words = 4
* Number of Scans Averaged by the Deck Unit = 1
* NMEA Latitude = 62 08.51 S
* NMEA Longitude = 058 26.65 W
* NMEA UTC (Time) = Nov 09 2023 14:12:29
* NMEA baud rate = 4800
** H41
** NPOALTEMAXIMIANO
** NUMERO DA ESTACAO (XXX) 039
** LAT (XX XX.XX S/N) 62 08.14 S
** LONG (XXX XX.XX W/E) 058 26.57 W
** DATAHORA (dd/mm/aaaa hh:mm Z) 09/11/2023 1405Z
** PROFUNDIDADE (m) 410
** OPERADOR 1T ZAMITH
# nquan = 30
# nvalues = 359                         
# units = specified
# name 0 = scan: Scan Count
# name 1 = timeJ: Julian Days
# name 2 = latitude: Latitude [deg]
# name 3 = longitude: Longitude [deg]
# name 4 = dz/dtM: Descent Rate [m/s]
# name 5 = avgsvCM: Average Sound Velocity [Chen-Millero, m/s]
# name 6 = prDM: Pressure, Digiquartz [db]
# name 7 = depSM: Depth [salt water, m]
# name 8 = t090C: Temperature [ITS-90, deg C]
# name 9 = t190C: Temperature, 2 [ITS-90, deg C]
# name 10 = T2-T190C: Temperature Difference, 2 - 1 [ITS-90, deg C]
# name 11 = potemp090C: Potential Temperature [ITS-90, deg C]
# name 12 = potemp190C: Potential Temperature, 2 [ITS-90, deg C]
# name 13 = potemp90Cdiff: Potential Temperature, Diff, 2 - 1 [ITS-90, deg C]
# name 14 = c0S/m: Conductivity [S/m]
# name 15 = c1S/m: Conductivity, 2 [S/m]
# name 16 = C2-C1S/m: Conductivity Difference, 2 - 1 [S/m]
# name 17 = sal00: Salinity, Practical [PSU]
# name 18 = sal11: Salinity, Practical, 2 [PSU]
# name 19 = sbeox0ML/L: Oxygen, SBE 43 [ml/l]
# name 20 = sigma-é00: Density [sigma-theta, kg/m^3]
# name 21 = sigma-é11: Density, 2 [sigma-theta, kg/m^3]
# name 22 = sal00: Salinity, Practical [PSU]
# name 23 = sigma-é00: Density [sigma-theta, kg/m^3]
# name 24 = svCM: Sound Velocity [Chen-Millero, m/s]
# name 25 = svCM1: Sound Velocity, 2 [Chen-Millero, m/s]
# name 26 = gsw_ptA0: potential temperature [ITS-90, deg C]
# name 27 = gsw_densityA0: density, TEOS-10 [density, kg/m^3]
# name 28 = gsw_saA0: Absolute Salinity [g/kg]
# name 29 = flag:
# span 0 =      13399,      21703       
# span 1 = 313.598464, 313.602468       
# span 2 =  -62.14486,  -62.14376       
# span 3 =  -58.44254,  -58.44086       
# span 4 =     -1.238,     -0.526       
# span 5 =    1448.33,    1448.34       
# span 6 =      4.000,    362.000       
# span 7 =      4.023,    358.213       
# span 8 =    -0.8195,    -0.4022       
# span 9 =    -0.8189,    -0.4008       
# span 10 =    -0.0233,     0.0123      
# span 11 =    -0.8237,    -0.4146      
# span 12 =    -0.8231,    -0.4132      
# span 13 =    -0.0233,     0.0122      
# span 14 =   2.789281,   2.841631      
# span 15 =   2.789258,   2.841662      
# span 16 =  -0.002063,   0.001122      
# span 17 =    34.2771,    34.4113      
# span 18 =    34.2765,    34.4100      
# span 19 =     6.5537,     7.6435      
# span 20 =    27.5490,    27.6514      
# span 21 =    27.5486,    27.6504      
# span 22 =    34.2776,    34.4114      
# span 23 =    27.5494,    27.6515      
# span 24 =    1445.69,    1452.35      
# span 25 =    1445.68,    1452.35      
# span 26 =    -0.8236,    -0.4144      
# span 27 =  1027.5731,  1029.3801      
# span 28 =    34.4402,    34.5795      
# span 29 = 0.0000e+00, 0.0000e+00      
# interval = decibars: 1                
# start_time = Nov 09 2023 14:12:29 [NMEA time, header]
# bad_flag = -9.990e-29
*END*
[from data line 339]
      21227 313.602239  -62.14480  -58.44096     -0.992    1448.33     23.000     22.778    -0.5666    -0.5676    -0.0010    -0.5673    -0.5683    -0.0010   2.802657   2.802467  -0.000197    34.2786    34.2770     7.6340    27.5510    27.5498    34.2788    27.5512    1445.92    1445.92    -0.5673  1027.6656    34.4440 0.0000e+00
      21249 313.602249  -62.14480  -58.44096     -1.044    1448.33     22.000     21.788    -0.5660    -0.5654     0.0006    -0.5667    -0.5661     0.0006   2.802667   2.802592  -0.000089    34.2788    34.2770     7.6308    27.5511    27.5496    34.2789    27.5512    1445.91    1445.91    -0.5666  1027.6609    34.4441 0.0000e+00
      21271 313.602260  -62.14480  -58.44094     -1.081    1448.33     21.000     20.797    -0.5665    -0.5656     0.0009    -0.5672    -0.5662     0.0009   2.802584   2.802544  -0.000044    34.2789    34.2772     7.6280    27.5512    27.5499    34.2789    27.5513    1445.89    1445.89    -0.5671  1027.6561    34.4441 0.0000e+00
      21294 313.602271  -62.14480  -58.44094     -1.083    1448.33     20.000     19.807    -0.5672    -0.5660     0.0012    -0.5678    -0.5666     0.0012   2.802482   2.802463  -0.000014    34.2789    34.2773     7.6306    27.5513    27.5499    34.2789    27.5513    1445.87    1445.88    -0.5678  1027.6514    34.4441 0.0000e+00
      21317 313.602282  -62.14480  -58.44094     -1.049    1448.33     19.000     18.817    -0.5680    -0.5668     0.0013    -0.5686    -0.5673     0.0013   2.802333   2.802363   0.000019    34.2787    34.2774     7.6435    27.5511    27.5501    34.2785    27.5510    1445.85    1445.86    -0.5686  1027.6463    34.4437 0.0000e+00
      21342 313.602294  -62.14482  -58.44094     -0.995    1448.33     18.000     17.827    -0.5691    -0.5676     0.0015    -0.5696    -0.5681     0.0015   2.802212   2.802236   0.000032    34.2787    34.2774     7.6415    27.5512    27.5501    34.2787    27.5512    1445.83    1445.84    -0.5696  1027.6417    34.4439 0.0000e+00
      21367 313.602306  -62.14482  -58.44092     -0.961    1448.33     17.000     16.836    -0.5691    -0.5681     0.0009    -0.5696    -0.5687     0.0009   2.802184   2.802145  -0.000031    34.2788    34.2774     7.6309    27.5513    27.5501    34.2790    27.5514    1445.81    1445.82    -0.5696  1027.6372    34.4442 0.0000e+00
      21391 313.602318  -62.14482  -58.44092     -0.973    1448.33     16.000     15.846    -0.5685    -0.5679     0.0006    -0.5690    -0.5684     0.0006   2.802194   2.802112  -0.000072    34.2789    34.2772     7.6304    27.5513    27.5500    34.2790    27.5514    1445.80    1445.80    -0.5690  1027.6324    34.4443 0.0000e+00
      21414 313.602329  -62.14482  -58.44092     -1.010    1448.33     15.000     14.856    -0.5648    -0.5667    -0.0019    -0.5653    -0.5671    -0.0019   2.802466   2.802192  -0.000267    34.2786    34.2771     7.6335    27.5510    27.5498    34.2792    27.5514    1445.80    1445.79    -0.5652  1027.6276    34.4444 0.0000e+00
      21437 313.602340  -62.14482  -58.44092     -1.048    1448.33     14.000     13.865    -0.5573    -0.5622    -0.0049    -0.5577    -0.5626    -0.0049   2.802998   2.802526  -0.000476    34.2777    34.2768     7.6387    27.5498    27.5493    34.2784    27.5504    1445.82    1445.80    -0.5577  1027.6219    34.4437 0.0000e+00
      21460 313.602351  -62.14482  -58.44090     -1.061    1448.33     13.000     12.875    -0.5542    -0.5561    -0.0019    -0.5546    -0.5565    -0.0019   2.803294   2.802956  -0.000315    34.2787    34.2766     7.6300    27.5505    27.5489    34.2795    27.5512    1445.82    1445.81    -0.5546  1027.6179    34.4449 0.0000e+00
      21482 313.602362  -62.14484  -58.44090     -1.058    1448.33     12.000     11.885    -0.5516    -0.5524    -0.0007    -0.5520    -0.5527    -0.0007   2.803350   2.803235  -0.000128    34.2775    34.2766     7.6264    27.5495    27.5488    34.2780    27.5499    1445.81    1445.81    -0.5520  1027.6118    34.4433 0.0000e+00
      21505 313.602373  -62.14484  -58.44090     -1.047    1448.33     11.000     10.894    -0.5509    -0.5510    -0.0001    -0.5512    -0.5514    -0.0001   2.803446   2.803312  -0.000134    34.2785    34.2769     7.6271    27.5502    27.5489    34.2791    27.5507    1445.80    1445.80    -0.5512  1027.6078    34.4444 0.0000e+00
      21529 313.602384  -62.14484  -58.44089     -1.029    1448.33     10.000      9.904    -0.5513    -0.5501     0.0012    -0.5516    -0.5504     0.0012   2.803363   2.803332  -0.000040    34.2789    34.2770     7.6255    27.5506    27.5489    34.2791    27.5507    1445.79    1445.79    -0.5516  1027.6019    34.4430 0.0000e+00
      21553 313.602396 -9.990e-29 -9.990e-29     -1.003    1448.33      9.000      8.914    -0.5504    -0.5505    -0.0002    -0.5507    -0.5508    -0.0002   2.803347   2.803261  -0.000077    34.2779    34.2770     7.6317    27.5497    27.5490    34.2784    27.5501    1445.77    1445.77    -0.5507  1027.5951    34.4406 0.0000e+00
      21578 313.602408 -9.990e-29 -9.990e-29     -0.986    1448.33      8.000      7.923    -0.5483    -0.5491    -0.0008    -0.5486    -0.5494    -0.0008   2.803536   2.803328  -0.000202    34.2788    34.2770     7.6217    27.5503    27.5489    34.2793    27.5507    1445.77    1445.76    -0.5485  1027.5910    34.4415 0.0000e+00
      21603 313.602420 -9.990e-29 -9.990e-29     -0.958    1448.33      7.000      6.933    -0.5475    -0.5471     0.0004    -0.5477    -0.5473     0.0004   2.803482   2.803438  -0.000065    34.2781    34.2768     7.6247    27.5497    27.5486    34.2782    27.5499    1445.75    1445.75    -0.5477  1027.5853    34.4404 0.0000e+00
      21628 313.602432  -62.14486  -58.44086     -0.950    1448.33      6.000      5.942    -0.5481    -0.5466     0.0015    -0.5483    -0.5468     0.0015   2.803391   2.803446   0.000053    34.2780    34.2770     7.6206    27.5497    27.5488    34.2783    27.5499    1445.73    1445.74    -0.5483  1027.5817    34.4419 0.0000e+00
      21655 313.602445  -62.14486  -58.44086     -0.940    1448.33      5.000      4.961    -0.5492    -0.5479     0.0013    -0.5493    -0.5480     0.0013   2.803323   2.803277  -0.000043    34.2791    34.2771     7.6215    27.5506    27.5489    34.2792    27.5507    1445.71    1445.72    -0.5493  1027.5790    34.4444 0.0000e+00
      21703 313.602468  -62.14486  -58.44086     -0.526    1448.33      4.000      4.023    -0.5498    -0.5532    -0.0035    -0.5499    -0.5533    -0.0035   2.803106   2.802863  -0.000209    34.2771    34.2782     7.6207    27.5490    27.5501    34.2776    27.5494    1445.69    1445.68    -0.5499  1027.5731    34.4429 0.0000e+00
