Pos-Processados/process_op42/Processamento_split/up/uoperantar42_045.cnv
* Sea-Bird SBE 9 Data File:
* FileName = C:\Users\Hidrografia\Desktop\OPXLII\Brutos\OP42045.hdr
* Software Version Seasave V 7.26.7.107
* Temperature SN = 6502
* Conductivity SN = 4998
* Number of Bytes Per Scan = 37
* Number of Voltage Words = 4
* Number of Scans Averaged by the Deck Unit = 1
* NMEA Latitude = 62 08.59 S
* NMEA Longitude = 058 26.59 W
* NMEA UTC (Time) = Nov 09 2023 20:07:12
* NMEA baud rate = 4800
** H41
** NPOALTEMAXIMIANO
** NUMERO DA ESTACAO (XXX) 045
** LAT (XX XX.XX S/N) 62 08.569 S
** LONG (XXX XX.XX W/E) 058 26.605 W
** DATAHORA (dd/mm/aaaa hh:mm Z) 09/11/2023 2006Z
** PROFUNDIDADE (m) 402
** OPERADOR CT FABIREZA
# nquan = 30
# nvalues = 371                         
# units = specified
# name 0 = scan: Scan Count
# name 1 = timeJ: Julian Days
# name 2 = latitude: Latitude [deg]
# name 3 = longitude: Longitude [deg]
# name 4 = dz/dtM: Descent Rate [m/s]
# name 5 = avgsvCM: Average Sound Velocity [Chen-Millero, m/s]
# name 6 = prDM: Pressure, Digiquartz [db]
# name 7 = depSM: Depth [salt water, m]
# name 8 = t090C: Temperature [ITS-90, deg C]
# name 9 = t190C: Temperature, 2 [ITS-90, deg C]
# name 10 = T2-T190C: Temperature Difference, 2 - 1 [ITS-90, deg C]
# name 11 = potemp090C: Potential Temperature [ITS-90, deg C]
# name 12 = potemp190C: Potential Temperature, 2 [ITS-90, deg C]
# name 13 = potemp90Cdiff: Potential Temperature, Diff, 2 - 1 [ITS-90, deg C]
# name 14 = c0S/m: Conductivity [S/m]
# name 15 = c1S/m: Conductivity, 2 [S/m]
# name 16 = C2-C1S/m: Conductivity Difference, 2 - 1 [S/m]
# name 17 = sal00: Salinity, Practical [PSU]
# name 18 = sal11: Salinity, Practical, 2 [PSU]
# name 19 = sbeox0ML/L: Oxygen, SBE 43 [ml/l]
# name 20 = sigma-é00: Density [sigma-theta, kg/m^3]
# name 21 = sigma-é11: Density, 2 [sigma-theta, kg/m^3]
# name 22 = sal00: Salinity, Practical [PSU]
# name 23 = sigma-é00: Density [sigma-theta, kg/m^3]
# name 24 = svCM: Sound Velocity [Chen-Millero, m/s]
# name 25 = svCM1: Sound Velocity, 2 [Chen-Millero, m/s]
# name 26 = gsw_ptA0: potential temperature [ITS-90, deg C]
# name 27 = gsw_densityA0: density, TEOS-10 [density, kg/m^3]
# name 28 = gsw_saA0: Absolute Salinity [g/kg]
# name 29 = flag:
# span 0 =      14549,      25744       
# span 1 = 313.845349, 313.850748       
# span 2 =  -62.14800,  -62.14614       
# span 3 =  -58.44145,  -58.43829       
# span 4 =     -1.154,     -0.247       
# span 5 =    1448.29,    1448.29       
# span 6 =      2.000,    372.000       
# span 7 =      1.991,    368.100       
# span 8 =    -0.7979,    -0.3816       
# span 9 =    -0.7972,    -0.3804       
# span 10 =    -0.0056,     0.0200      
# span 11 =    -0.8041,    -0.3945      
# span 12 =    -0.8034,    -0.3934      
# span 13 =    -0.0056,     0.0199      
# span 14 =   2.793122,   2.844139      
# span 15 =   2.793114,   2.844185      
# span 16 =  -0.000599,   0.001797      
# span 17 =    34.2813,    34.4133      
# span 18 =    34.2798,    34.4125      
# span 19 =     6.5348,     7.6163      
# span 20 =    27.5542,    27.6521      
# span 21 =    27.5529,    27.6516      
# span 22 =    34.2814,    34.4130      
# span 23 =    27.5547,    27.6520      
# span 24 =    1445.65,    1452.65      
# span 25 =    1445.66,    1452.65      
# span 26 =    -0.8039,    -0.3943      
# span 27 =  1027.5673,  1029.4284      
# span 28 =    34.4440,    34.5835      
# span 29 = 0.0000e+00, 0.0000e+00      
# interval = decibars: 1                
# start_time = Nov 09 2023 20:07:12 [NMEA time, header]
# bad_flag = -9.990e-29
*END*
[from data line 291]
      22870 313.849362  -62.14760  -58.43922     -0.895    1448.29     81.000     80.207    -0.6643    -0.6599     0.0044    -0.6667    -0.6623     0.0044   2.797613   2.797849   0.000259    34.2858    34.2843     7.5630    27.5612    27.5598    34.2854    27.5609    1446.42    1446.44    -0.6666  1027.9534    34.4514 0.0000e+00
      22898 313.849375  -62.14760  -58.43921     -0.866    1448.29     80.000     79.217    -0.6701    -0.6664     0.0037    -0.6725    -0.6687     0.0037   2.796955   2.797230   0.000265    34.2852    34.2845     7.5679    27.5609    27.5602    34.2837    27.5597    1446.37    1446.39    -0.6724  1027.9475    34.4496 0.0000e+00
      22926 313.849389  -62.14760  -58.43920     -0.862    1448.29     79.000     78.227    -0.6738    -0.6730     0.0008    -0.6761    -0.6753     0.0008   2.796603   2.796593  -0.000003    34.2842    34.2832     7.5727    27.5602    27.5594    34.2838    27.5599    1446.34    1446.34    -0.6761  1027.9429    34.4497 0.0000e+00
      22953 313.849402  -62.14762  -58.43918     -0.874    1448.29     78.000     77.237    -0.6626    -0.6650    -0.0024    -0.6648    -0.6673    -0.0024   2.797462   2.797146  -0.000284    34.2825    34.2814     7.5743    27.5584    27.5576    34.2833    27.5590    1446.37    1446.36    -0.6648  1027.9372    34.4491 0.0000e+00
      22980 313.849415  -62.14762  -58.43917     -0.879    1448.29     77.000     76.247    -0.6548    -0.6571    -0.0023    -0.6571    -0.6594    -0.0023   2.798008   2.797723  -0.000276    34.2820    34.2808     7.5808    27.5576    27.5568    34.2825    27.5581    1446.39    1446.38    -0.6570  1027.9314    34.4483 0.0000e+00
      23008 313.849429  -62.14762  -58.43916     -0.866    1448.29     76.000     75.257    -0.6478    -0.6507    -0.0029    -0.6500    -0.6529    -0.0029   2.798579   2.798207  -0.000357    34.2822    34.2807     7.5816    27.5575    27.5564    34.2828    27.5580    1446.41    1446.39    -0.6500  1027.9265    34.4487 0.0000e+00
      23036 313.849442  -62.14763  -58.43916     -0.872    1448.29     75.000     74.267    -0.6439    -0.6465    -0.0026    -0.6461    -0.6487    -0.0026   2.798845   2.798525  -0.000322    34.2820    34.2806     7.5814    27.5572    27.5562    34.2827    27.5577    1446.41    1446.40    -0.6461  1027.9214    34.4485 0.0000e+00
      23065 313.849456  -62.14764  -58.43915     -0.846    1448.29     74.000     73.277    -0.6399    -0.6416    -0.0016    -0.6421    -0.6438    -0.0016   2.799101   2.798882  -0.000217    34.2818    34.2807     7.5796    27.5568    27.5560    34.2822    27.5572    1446.41    1446.40    -0.6421  1027.9161    34.4480 0.0000e+00
      23102 313.849474  -62.14764  -58.43913     -0.667    1448.29     73.000     72.287    -0.6406    -0.6455    -0.0048    -0.6428    -0.6476    -0.0048   2.799031   2.798533  -0.000487    34.2824    34.2813     7.5867    27.5573    27.5567    34.2827    27.5576    1446.39    1446.37    -0.6427  1027.9118    34.4485 0.0000e+00
      23143 313.849493  -62.14764  -58.43912     -0.594    1448.29     72.000     71.297    -0.6419    -0.6397     0.0021    -0.6441    -0.6419     0.0021   2.798881   2.798932   0.000038    34.2826    34.2806     7.5927    27.5575    27.5559    34.2828    27.5577    1446.37    1446.38    -0.6440  1027.9071    34.4486 0.0000e+00
      23228 313.849534  -62.14766  -58.43909     -0.326    1448.29     71.000     70.304    -0.6361    -0.6392    -0.0031    -0.6382    -0.6413    -0.0031   2.799315   2.798962  -0.000343    34.2822    34.2810     7.5976    27.5570    27.5562    34.2827    27.5574    1446.38    1446.37    -0.6382  1027.9019    34.4485 0.0000e+00
      23350 313.849594  -62.14768  -58.43905     -0.484    1448.29     70.000     69.317    -0.6305    -0.6290     0.0014    -0.6326    -0.6311     0.0014   2.799731   2.799738  -0.000002    34.2822    34.2805     7.5958    27.5567    27.5553    34.2825    27.5570    1446.39    1446.40    -0.6325  1027.8967    34.4483 0.0000e+00
      23374 313.849605  -62.14768  -58.43904     -0.811    1448.29     69.000     68.327    -0.6289    -0.6278     0.0011    -0.6309    -0.6298     0.0011   2.799799   2.799787  -0.000016    34.2820    34.2805     7.5863    27.5565    27.5553    34.2822    27.5567    1446.38    1446.39    -0.6309  1027.8916    34.4480 0.0000e+00
      23401 313.849618  -62.14768  -58.43903     -0.923    1448.29     68.000     67.337    -0.6295    -0.6285     0.0010    -0.6315    -0.6305     0.0010   2.799702   2.799690  -0.000018    34.2821    34.2808     7.5982    27.5566    27.5555    34.2823    27.5568    1446.36    1446.37    -0.6315  1027.8869    34.4480 0.0000e+00
      23442 313.849638  -62.14769  -58.43902     -0.602    1448.29     67.000     66.346    -0.6292    -0.6288     0.0005    -0.6312    -0.6308     0.0005   2.799687   2.799631  -0.000059    34.2821    34.2808     7.6017    27.5567    27.5556    34.2823    27.5568    1446.35    1446.35    -0.6311  1027.8822    34.4481 0.0000e+00
      23479 313.849656  -62.14770  -58.43902     -0.632    1448.29     66.000     65.356    -0.6280    -0.6270     0.0010    -0.6300    -0.6290     0.0010   2.799745   2.799713  -0.000038    34.2822    34.2806     7.6028    27.5566    27.5553    34.2824    27.5568    1446.34    1446.34    -0.6299  1027.8774    34.4481 0.0000e+00
      23520 313.849675  -62.14770  -58.43900     -0.604    1448.29     65.000     64.366    -0.6273    -0.6266     0.0007    -0.6292    -0.6286     0.0007   2.799759   2.799711  -0.000048    34.2823    34.2808     7.5908    27.5567    27.5555    34.2824    27.5568    1446.33    1446.33    -0.6292  1027.8726    34.4481 0.0000e+00
      23587 313.849708  -62.14771  -58.43898     -0.340    1448.29     64.000     63.377    -0.6283    -0.6270     0.0013    -0.6302    -0.6289     0.0013   2.799625   2.799634   0.000002    34.2823    34.2809     7.5963    27.5567    27.5555    34.2823    27.5567    1446.31    1446.31    -0.6301  1027.8678    34.4480 0.0000e+00
      23671 313.849748  -62.14772  -58.43895     -0.294    1448.29     63.000     62.385    -0.6299    -0.6278     0.0021    -0.6318    -0.6296     0.0021   2.799460   2.799526   0.000064    34.2825    34.2810     7.5951    27.5570    27.5556    34.2825    27.5570    1446.28    1446.29    -0.6317  1027.8632    34.4482 0.0000e+00
      23715 313.849769  -62.14772  -58.43894     -0.540    1448.29     62.000     61.396    -0.6274    -0.6262     0.0011    -0.6292    -0.6280     0.0011   2.799604   2.799600  -0.000004    34.2822    34.2808     7.5884    27.5566    27.5554    34.2822    27.5567    1446.28    1446.28    -0.6292  1027.8581    34.4479 0.0000e+00
      23745 313.849784  -62.14774  -58.43892     -0.741    1448.29     61.000     60.406    -0.6273    -0.6261     0.0013    -0.6291    -0.6279     0.0013   2.799548   2.799561   0.000015    34.2821    34.2809     7.5941    27.5565    27.5555    34.2821    27.5565    1446.26    1446.26    -0.6291  1027.8532    34.4477 0.0000e+00
      23771 313.849796  -62.14774  -58.43892     -0.887    1448.29     60.000     59.416    -0.6287    -0.6279     0.0008    -0.6305    -0.6297     0.0008   2.799384   2.799373  -0.000011    34.2822    34.2811     7.5944    27.5566    27.5557    34.2820    27.5565    1446.24    1446.24    -0.6304  1027.8484    34.4477 0.0000e+00
      23797 313.849809  -62.14774  -58.43890     -0.930    1448.29     59.000     58.426    -0.6295    -0.6286     0.0009    -0.6313    -0.6303     0.0009   2.799282   2.799270  -0.000011    34.2823    34.2811     7.6010    27.5567    27.5557    34.2822    27.5567    1446.22    1446.22    -0.6312  1027.8438    34.4478 0.0000e+00
      23825 313.849823  -62.14774  -58.43890     -0.876    1448.29     58.000     57.436    -0.6306    -0.6294     0.0011    -0.6323    -0.6312     0.0011   2.799161   2.799153  -0.000008    34.2824    34.2811     7.6004    27.5570    27.5558    34.2824    27.5569    1446.20    1446.20    -0.6323  1027.8392    34.4480 0.0000e+00
      23855 313.849837  -62.14775  -58.43889     -0.820    1448.29     57.000     56.445    -0.6310    -0.6299     0.0011    -0.6327    -0.6316     0.0011   2.799063   2.799072   0.000013    34.2822    34.2811     7.6025    27.5568    27.5559    34.2822    27.5567    1446.18    1446.18    -0.6326  1027.8342    34.4478 0.0000e+00
      23887 313.849852  -62.14776  -58.43888     -0.754    1448.29     56.000     55.455    -0.6316    -0.6309     0.0008    -0.6333    -0.6325     0.0008   2.798976   2.798942  -0.000035    34.2825    34.2812     7.5985    27.5571    27.5559    34.2823    27.5569    1446.16    1446.16    -0.6332  1027.8296    34.4479 0.0000e+00
      23916 313.849866  -62.14776  -58.43888     -0.799    1448.29     55.000     54.465    -0.6333    -0.6319     0.0014    -0.6349    -0.6335     0.0014   2.798790   2.798797   0.000009    34.2825    34.2811     7.6013    27.5571    27.5559    34.2823    27.5569    1446.14    1446.14    -0.6349  1027.8249    34.4479 0.0000e+00
      23943 313.849879  -62.14776  -58.43886     -0.868    1448.29     54.000     53.475    -0.6262    -0.6307    -0.0045    -0.6278    -0.6323    -0.0045   2.799400   2.798886  -0.000466    34.2820    34.2808     7.5898    27.5564    27.5556    34.2831    27.5573    1446.15    1446.13    -0.6278  1027.8204    34.4487 0.0000e+00
      23970 313.849893  -62.14776  -58.43885     -0.886    1448.29     53.000     52.485    -0.6192    -0.6207    -0.0015    -0.6207    -0.6223    -0.0015   2.799821   2.799618  -0.000231    34.2814    34.2800     7.5802    27.5556    27.5545    34.2814    27.5556    1446.17    1446.16    -0.6207  1027.8139    34.4470 0.0000e+00
      23996 313.849905  -62.14777  -58.43884     -0.903    1448.29     52.000     51.495    -0.6220    -0.6209     0.0011    -0.6235    -0.6225     0.0011   2.799606   2.799589  -0.000018    34.2821    34.2806     7.6016    27.5562    27.5550    34.2824    27.5565    1446.14    1446.14    -0.6235  1027.8100    34.4480 0.0000e+00
      24022 313.849917  -62.14778  -58.43884     -0.938    1448.29     51.000     50.504    -0.6216    -0.6202     0.0014    -0.6231    -0.6217     0.0014   2.799574   2.799591   0.000011    34.2820    34.2806     7.5997    27.5562    27.5550    34.2821    27.5563    1446.13    1446.13    -0.6231  1027.8050    34.4477 0.0000e+00
      24048 313.849930  -62.14778  -58.43883     -0.935    1448.29     50.000     49.514    -0.6171    -0.6185    -0.0014    -0.6186    -0.6200    -0.0014   2.799928   2.799705  -0.000194    34.2814    34.2804     7.6050    27.5556    27.5547    34.2824    27.5563    1446.13    1446.12    -0.6185  1027.8003    34.4480 0.0000e+00
      24076 313.849943  -62.14778  -58.43882     -0.891    1448.29     49.000     48.524    -0.6138    -0.6145    -0.0008    -0.6152    -0.6160    -0.0008   2.800092   2.799970  -0.000144    34.2813    34.2802     7.6038    27.5553    27.5545    34.2815    27.5554    1446.13    1446.12    -0.6152  1027.7922    34.4441 0.0000e+00
      24107 313.849959 -9.990e-29  -58.43881     -0.776    1448.29     48.000     47.534    -0.6149    -0.6103     0.0046    -0.6163    -0.6118     0.0046   2.800018   2.800271   0.000256    34.2818    34.2801     7.6065    27.5558    27.5542    34.2824    27.5562    1446.11    1446.13    -0.6163  1027.7875    34.4441 0.0000e+00
      24140 313.849974 -9.990e-29  -58.43880     -0.731    1448.29     47.000     46.544    -0.6041    -0.6048    -0.0006    -0.6055    -0.6061    -0.0006   2.800884   2.800711  -0.000165    34.2813    34.2798     7.5978    27.5549    27.5537    34.2825    27.5558    1446.14    1446.14    -0.6055  1027.7822    34.4441 0.0000e+00
      24168 313.849988  -62.14780  -58.43880     -0.811    1448.29     46.000     45.553    -0.5985    -0.6001    -0.0016    -0.5999    -0.6015    -0.0016   2.801302   2.801054  -0.000249    34.2815    34.2800     7.6091    27.5548    27.5536    34.2824    27.5555    1446.15    1446.14    -0.5998  1027.7787    34.4460 0.0000e+00
      24193 313.850000  -62.14780  -58.43879     -0.911    1448.29     45.000     44.563    -0.5959    -0.5962    -0.0003    -0.5973    -0.5976    -0.0003   2.801469   2.801311  -0.000153    34.2816    34.2798     7.6051    27.5547    27.5533    34.2823    27.5553    1446.15    1446.15    -0.5972  1027.7753    34.4478 0.0000e+00
      24217 313.850012  -62.14780  -58.43878     -0.981    1448.29     44.000     43.573    -0.5940    -0.5945    -0.0005    -0.5953    -0.5958    -0.0005   2.801580   2.801425  -0.000150    34.2814    34.2799     7.6032    27.5545    27.5533    34.2823    27.5552    1446.14    1446.14    -0.5953  1027.7703    34.4478 0.0000e+00
      24242 313.850024  -62.14780  -58.43876     -0.990    1448.29     43.000     42.583    -0.5920    -0.5926    -0.0006    -0.5933    -0.5939    -0.0006   2.801691   2.801523  -0.000163    34.2814    34.2800     7.6031    27.5544    27.5533    34.2821    27.5550    1446.13    1446.13    -0.5932  1027.7653    34.4476 0.0000e+00
      24269 313.850037  -62.14780  -58.43876     -0.915    1448.29     42.000     41.593    -0.5899    -0.5924    -0.0025    -0.5911    -0.5937    -0.0025   2.801820   2.801511  -0.000306    34.2814    34.2801     7.5977    27.5543    27.5534    34.2821    27.5549    1446.13    1446.12    -0.5911  1027.7604    34.4476 0.0000e+00
      24299 313.850051  -62.14780  -58.43876     -0.832    1448.29     41.000     40.603    -0.5888    -0.5888    -0.0000    -0.5900    -0.5900    -0.0000   2.801854   2.801754  -0.000117    34.2814    34.2799     7.5956    27.5542    27.5530    34.2819    27.5547    1446.11    1446.11    -0.5900  1027.7554    34.4473 0.0000e+00
      24326 313.850064  -62.14782  -58.43874     -0.849    1448.29     40.000     39.612    -0.5858    -0.5856     0.0002    -0.5870    -0.5868     0.0002   2.802121   2.801994  -0.000111    34.2818    34.2801     7.5939    27.5544    27.5530    34.2827    27.5552    1446.11    1446.11    -0.5870  1027.7512    34.4482 0.0000e+00
      24352 313.850077  -62.14782  -58.43873     -0.913    1448.29     39.000     38.622    -0.5837    -0.5844    -0.0006    -0.5849    -0.5856    -0.0006   2.802229   2.802056  -0.000178    34.2820    34.2803     7.5944    27.5545    27.5532    34.2825    27.5549    1446.11    1446.10    -0.5848  1027.7461    34.4479 0.0000e+00
      24378 313.850089  -62.14782  -58.43872     -0.933    1448.29     38.000     37.632    -0.5856    -0.5843     0.0013    -0.5868    -0.5854     0.0013   2.802032   2.802023  -0.000023    34.2824    34.2806     7.5994    27.5550    27.5534    34.2826    27.5551    1446.08    1446.09    -0.5867  1027.7388    34.4447 0.0000e+00
      24403 313.850101 -9.990e-29  -58.43872     -0.929    1448.29     37.000     36.642    -0.5868    -0.5854     0.0014    -0.5879    -0.5865     0.0014   2.801865   2.801887   0.000024    34.2821    34.2808     7.6013    27.5547    27.5536    34.2823    27.5549    1446.06    1446.07    -0.5879  1027.7335    34.4440 0.0000e+00
      24429 313.850114 -9.990e-29  -58.43871     -0.933    1448.29     36.000     35.652    -0.5877    -0.5866     0.0011    -0.5887    -0.5877     0.0011   2.801773   2.801761  -0.000020    34.2825    34.2810     7.6112    27.5551    27.5539    34.2826    27.5552    1446.04    1446.04    -0.5887  1027.7290    34.4443 0.0000e+00
      24456 313.850127  -62.14784  -58.43870     -0.916    1448.29     35.000     34.661    -0.5873    -0.5864     0.0008    -0.5883    -0.5875     0.0008   2.801744   2.801719  -0.000022    34.2822    34.2809     7.6104    27.5549    27.5538    34.2825    27.5550    1446.03    1446.03    -0.5883  1027.7241    34.4442 0.0000e+00
