Pos-Processados/process_op42/Processamento_split/up/uoperantar42_050.cnv
* Sea-Bird SBE 9 Data File:
* FileName = C:\Users\Hidrografia\Desktop\OPXLII\Brutos\OP42050.hdr
* Software Version Seasave V 7.26.7.107
* Temperature SN = 6502
* Conductivity SN = 4998
* Number of Bytes Per Scan = 37
* Number of Voltage Words = 4
* Number of Scans Averaged by the Deck Unit = 1
* NMEA Latitude = 62 08.29 S
* NMEA Longitude = 058 26.27 W
* NMEA UTC (Time) = Nov 10 2023 01:03:24
* NMEA baud rate = 4800
** H41
** NPOALTEMAXIMIANO
** NUMERO DA ESTACAO (XXX) 50
** LAT (XX XX.XX S/N) 62 08. S
** LONG (XXX XX.XX W/E) 058 26. W
** DATAHORA (dd/mm/aaaa hh:mm Z) 10/11/2023 0105Z
** PROFUNDIDADE (m) 424
** OPERADOR CT FILIPE LOPES
# nquan = 30
# nvalues = 363                         
# units = specified
# name 0 = scan: Scan Count
# name 1 = timeJ: Julian Days
# name 2 = latitude: Latitude [deg]
# name 3 = longitude: Longitude [deg]
# name 4 = dz/dtM: Descent Rate [m/s]
# name 5 = avgsvCM: Average Sound Velocity [Chen-Millero, m/s]
# name 6 = prDM: Pressure, Digiquartz [db]
# name 7 = depSM: Depth [salt water, m]
# name 8 = t090C: Temperature [ITS-90, deg C]
# name 9 = t190C: Temperature, 2 [ITS-90, deg C]
# name 10 = T2-T190C: Temperature Difference, 2 - 1 [ITS-90, deg C]
# name 11 = potemp090C: Potential Temperature [ITS-90, deg C]
# name 12 = potemp190C: Potential Temperature, 2 [ITS-90, deg C]
# name 13 = potemp90Cdiff: Potential Temperature, Diff, 2 - 1 [ITS-90, deg C]
# name 14 = c0S/m: Conductivity [S/m]
# name 15 = c1S/m: Conductivity, 2 [S/m]
# name 16 = C2-C1S/m: Conductivity Difference, 2 - 1 [S/m]
# name 17 = sal00: Salinity, Practical [PSU]
# name 18 = sal11: Salinity, Practical, 2 [PSU]
# name 19 = sbeox0ML/L: Oxygen, SBE 43 [ml/l]
# name 20 = sigma-é00: Density [sigma-theta, kg/m^3]
# name 21 = sigma-é11: Density, 2 [sigma-theta, kg/m^3]
# name 22 = sal00: Salinity, Practical [PSU]
# name 23 = sigma-é00: Density [sigma-theta, kg/m^3]
# name 24 = svCM: Sound Velocity [Chen-Millero, m/s]
# name 25 = svCM1: Sound Velocity, 2 [Chen-Millero, m/s]
# name 26 = gsw_ptA0: potential temperature [ITS-90, deg C]
# name 27 = gsw_densityA0: density, TEOS-10 [density, kg/m^3]
# name 28 = gsw_saA0: Absolute Salinity [g/kg]
# name 29 = flag:
# span 0 =      17698,      29041       
# span 1 = 314.052562, 314.058032       
# span 2 =  -62.14173,  -62.14058       
# span 3 =  -58.42855,  -58.42253       
# span 4 =     -1.024,     -0.076       
# span 5 =    1448.13,    1448.13       
# span 6 =      3.000,    365.000       
# span 7 =      2.976,    361.179       
# span 8 =    -0.8138,    -0.5096       
# span 9 =    -0.8129,    -0.5093       
# span 10 =    -0.0094,     0.0209      
# span 11 =    -0.8197,    -0.5219      
# span 12 =    -0.8188,    -0.5215      
# span 13 =    -0.0094,     0.0209      
# span 14 =   2.791844,   2.833309      
# span 15 =   2.791812,   2.833229      
# span 16 =  -0.000842,   0.001934      
# span 17 =    34.2730,    34.4180      
# span 18 =    34.2722,    34.4171      
# span 19 =     6.5940,     7.6631      
# span 20 =    27.5463,    27.6619      
# span 21 =    27.5456,    27.6610      
# span 22 =    34.2731,    34.4180      
# span 23 =    27.5464,    27.6618      
# span 24 =    1445.60,    1451.94      
# span 25 =    1445.60,    1451.94      
# span 26 =    -0.8195,    -0.5216      
# span 27 =  1027.5629,  1029.4067      
# span 28 =    34.4355,    34.5863      
# span 29 = 0.0000e+00, 0.0000e+00      
# interval = decibars: 1                
# start_time = Nov 10 2023 01:03:24 [NMEA time, header]
# bad_flag = -9.990e-29
*END*
[from data line 97]
      20499 314.053913  -62.14084  -58.42702     -0.795    1448.13    268.000    265.257    -0.7664    -0.7651     0.0013    -0.7746    -0.7732     0.0013   2.800290   2.800324   0.000031    34.3223    34.3212     7.3505    27.5952    27.5942    34.3221    27.5951    1449.03    1449.04    -0.7744  1028.8817    34.4897 0.0000e+00
      20529 314.053928  -62.14084  -58.42700     -0.801    1448.13    267.000    264.267    -0.7677    -0.7663     0.0014    -0.7758    -0.7744     0.0014   2.800127   2.800154   0.000027    34.3222    34.3210     7.3466    27.5952    27.5941    34.3220    27.5951    1449.01    1449.01    -0.7756  1028.8769    34.4896 0.0000e+00
      20560 314.053942  -62.14084  -58.42698     -0.778    1448.13    266.000    263.278    -0.7688    -0.7678     0.0011    -0.7769    -0.7759     0.0011   2.799980   2.799985   0.000005    34.3222    34.3210     7.3417    27.5952    27.5942    34.3219    27.5950    1448.99    1448.99    -0.7767  1028.8721    34.4895 0.0000e+00
      20590 314.053957  -62.14084  -58.42697     -0.803    1448.13    265.000    262.289    -0.7694    -0.7686     0.0008    -0.7775    -0.7767     0.0008   2.799877   2.799866  -0.000009    34.3219    34.3209     7.3555    27.5950    27.5942    34.3218    27.5949    1448.97    1448.97    -0.7773  1028.8637    34.4849 0.0000e+00
      20623 314.053973 -9.990e-29  -58.42694     -0.749    1448.13    264.000    261.300    -0.7691    -0.7683     0.0008    -0.7771    -0.7763     0.0008   2.799869   2.799846  -0.000020    34.3220    34.3208     7.3514    27.5950    27.5941    34.3220    27.5950    1448.95    1448.95    -0.7769  1028.8580    34.4838 0.0000e+00
      20654 314.053988 -9.990e-29  -58.42693     -0.743    1448.13    263.000    260.311    -0.7685    -0.7677     0.0008    -0.7765    -0.7757     0.0008   2.799854   2.799842  -0.000012    34.3217    34.3206     7.3473    27.5948    27.5939    34.3217    27.5948    1448.94    1448.94    -0.7763  1028.8530    34.4835 0.0000e+00
      20686 314.054003  -62.14086  -58.42692     -0.755    1448.13    262.000    259.322    -0.7682    -0.7674     0.0008    -0.7762    -0.7753     0.0008   2.799845   2.799819  -0.000027    34.3219    34.3206     7.3389    27.5950    27.5939    34.3219    27.5949    1448.92    1448.93    -0.7760  1028.8513    34.4874 0.0000e+00
      20718 314.054019  -62.14086  -58.42690     -0.754    1448.13    261.000    258.332    -0.7682    -0.7674     0.0008    -0.7762    -0.7753     0.0008   2.799798   2.799773  -0.000025    34.3220    34.3206     7.3452    27.5950    27.5939    34.3219    27.5949    1448.91    1448.91    -0.7760  1028.8482    34.4894 0.0000e+00
      20748 314.054033  -62.14086  -58.42688     -0.799    1448.13    260.000    257.344    -0.7686    -0.7677     0.0009    -0.7765    -0.7756     0.0009   2.799712   2.799697  -0.000015    34.3218    34.3206     7.3377    27.5949    27.5939    34.3217    27.5948    1448.89    1448.89    -0.7763  1028.8433    34.4893 0.0000e+00
      20778 314.054048  -62.14086  -58.42687     -0.790    1448.13    259.000    256.354    -0.7688    -0.7679     0.0009    -0.7767    -0.7758     0.0009   2.799652   2.799636  -0.000019    34.3218    34.3206     7.3498    27.5949    27.5939    34.3218    27.5949    1448.87    1448.87    -0.7765  1028.8386    34.4893 0.0000e+00
      20809 314.054063  -62.14087  -58.42685     -0.771    1448.13    258.000    255.365    -0.7690    -0.7680     0.0010    -0.7768    -0.7758     0.0010   2.799576   2.799569 4.3356e-07    34.3216    34.3205     7.3589    27.5947    27.5938    34.3215    27.5947    1448.85    1448.86    -0.7766  1028.8336    34.4891 0.0000e+00
      20841 314.054078  -62.14088  -58.42684     -0.768    1448.13    257.000    254.376    -0.7699    -0.7691     0.0007    -0.7776    -0.7769     0.0007   2.799427   2.799394  -0.000033    34.3212    34.3199     7.3615    27.5945    27.5934    34.3211    27.5944    1448.83    1448.84    -0.7775  1028.8286    34.4886 0.0000e+00
      20872 314.054093  -62.14088  -58.42682     -0.765    1448.13    256.000    253.387    -0.7696    -0.7689     0.0007    -0.7774    -0.7767     0.0007   2.799375   2.799335  -0.000040    34.3208    34.3195     7.3566    27.5941    27.5930    34.3208    27.5941    1448.82    1448.82    -0.7772  1028.8235    34.4883 0.0000e+00
      20904 314.054108  -62.14088  -58.42681     -0.764    1448.13    255.000    252.398    -0.7700    -0.7689     0.0011    -0.7777    -0.7766     0.0011   2.799280   2.799283   0.000003    34.3207    34.3194     7.3665    27.5940    27.5930    34.3205    27.5939    1448.80    1448.80    -0.7775  1028.8185    34.4880 0.0000e+00
      20935 314.054123  -62.14088  -58.42678     -0.768    1448.13    254.000    251.408    -0.7725    -0.7720     0.0005    -0.7802    -0.7797     0.0005   2.798972   2.798936  -0.000045    34.3204    34.3192     7.3541    27.5939    27.5929    34.3198    27.5934    1448.77    1448.77    -0.7800  1028.8133    34.4873 0.0000e+00
      20969 314.054140  -62.14088  -58.42677     -0.724    1448.13    253.000    250.419    -0.7773    -0.7751     0.0022    -0.7849    -0.7828     0.0022   2.798512   2.798605   0.000089    34.3200    34.3187     7.3513    27.5938    27.5927    34.3196    27.5935    1448.73    1448.74    -0.7847  1028.8086    34.4871 0.0000e+00
      21001 314.054155  -62.14088  -58.42676     -0.710    1448.13    252.000    249.430    -0.7783    -0.7766     0.0017    -0.7859    -0.7842     0.0017   2.798357   2.798414   0.000069    34.3196    34.3186     7.3698    27.5935    27.5926    34.3193    27.5932    1448.71    1448.72    -0.7857  1028.8036    34.4867 0.0000e+00
      21029 314.054169  -62.14088  -58.42674     -0.827    1448.13    251.000    248.441    -0.7799    -0.7786     0.0013    -0.7875    -0.7862     0.0013   2.798132   2.798168   0.000032    34.3192    34.3182     7.3742    27.5932    27.5923    34.3187    27.5928    1448.69    1448.69    -0.7873  1028.7985    34.4862 0.0000e+00
      21057 314.054182  -62.14090  -58.42674     -0.869    1448.13    250.000    247.452    -0.7796    -0.7793     0.0004    -0.7872    -0.7868     0.0004   2.798079   2.798046  -0.000025    34.3185    34.3177     7.3703    27.5926    27.5920    34.3183    27.5925    1448.67    1448.67    -0.7870  1028.7934    34.4858 0.0000e+00
      21085 314.054195  -62.14090  -58.42671     -0.858    1448.13    249.000    246.462    -0.7786    -0.7779     0.0007    -0.7861    -0.7854     0.0007   2.798124   2.798091  -0.000029    34.3184    34.3172     7.3757    27.5925    27.5915    34.3183    27.5925    1448.66    1448.66    -0.7859  1028.7886    34.4858 0.0000e+00
      21112 314.054209  -62.14090  -58.42669     -0.885    1448.13    248.000    245.473    -0.7773    -0.7773     0.0001    -0.7848    -0.7847     0.0001   2.798171   2.798101  -0.000068    34.3182    34.3173     7.3838    27.5924    27.5916    34.3181    27.5923    1448.65    1448.65    -0.7846  1028.7836    34.4856 0.0000e+00
      21144 314.054224  -62.14090  -58.42668     -0.797    1448.13    247.000    244.484    -0.7781    -0.7769     0.0012    -0.7855    -0.7844     0.0012   2.798065   2.798086   0.000012    34.3184    34.3172     7.3748    27.5925    27.5915    34.3182    27.5923    1448.63    1448.63    -0.7854  1028.7789    34.4856 0.0000e+00
      21178 314.054240  -62.14090  -58.42666     -0.708    1448.13    246.000    243.495    -0.7796    -0.7781     0.0015    -0.7870    -0.7856     0.0015   2.797869   2.797909   0.000041    34.3182    34.3170     7.3802    27.5924    27.5914    34.3179    27.5921    1448.60    1448.61    -0.7868  1028.7739    34.4853 0.0000e+00
      21211 314.054256  -62.14090  -58.42665     -0.718    1448.13    245.000    242.506    -0.7814    -0.7796     0.0018    -0.7887    -0.7870     0.0018   2.797660   2.797719   0.000053    34.3180    34.3167     7.3918    27.5923    27.5912    34.3176    27.5920    1448.58    1448.59    -0.7886  1028.7691    34.4851 0.0000e+00
      21242 314.054271  -62.14090  -58.42664     -0.756    1448.13    244.000    241.516    -0.7846    -0.7831     0.0015    -0.7920    -0.7905     0.0015   2.797287   2.797320   0.000043    34.3173    34.3162     7.3844    27.5919    27.5910    34.3169    27.5915    1448.55    1448.55    -0.7918  1028.7639    34.4843 0.0000e+00
      21273 314.054286  -62.14092  -58.42662     -0.777    1448.13    243.000    240.527    -0.7870    -0.7862     0.0009    -0.7944    -0.7935     0.0009   2.797016   2.797000  -0.000020    34.3171    34.3159     7.3792    27.5918    27.5908    34.3166    27.5914    1448.52    1448.52    -0.7941  1028.7590    34.4840 0.0000e+00
      21304 314.054301  -62.14092  -58.42660     -0.773    1448.13    242.000    239.537    -0.7884    -0.7874     0.0010    -0.7957    -0.7947     0.0010   2.796852   2.796850  -0.000002    34.3169    34.3158     7.3929    27.5917    27.5908    34.3165    27.5914    1448.50    1448.50    -0.7955  1028.7542    34.4840 0.0000e+00
      21334 314.054316  -62.14092  -58.42659     -0.785    1448.13    241.000    238.549    -0.7884    -0.7876     0.0008    -0.7956    -0.7949     0.0008   2.796795   2.796780  -0.000013    34.3166    34.3156     7.3938    27.5915    27.5906    34.3164    27.5913    1448.48    1448.48    -0.7954  1028.7493    34.4838 0.0000e+00
      21366 314.054331  -62.14092  -58.42656     -0.762    1448.13    240.000    237.559    -0.7887    -0.7877     0.0009    -0.7959    -0.7949     0.0009   2.796734   2.796725  -0.000009    34.3167    34.3155     7.3913    27.5916    27.5905    34.3165    27.5913    1448.46    1448.46    -0.7957  1028.7446    34.4839 0.0000e+00
      21399 314.054347  -62.14092  -58.42655     -0.727    1448.13    239.000    236.570    -0.7887    -0.7878     0.0008    -0.7959    -0.7950     0.0008   2.796689   2.796672  -0.000015    34.3167    34.3155     7.3894    27.5916    27.5906    34.3165    27.5914    1448.45    1448.45    -0.7957  1028.7399    34.4839 0.0000e+00
      21431 314.054362  -62.14092  -58.42653     -0.758    1448.13    238.000    235.581    -0.7889    -0.7881     0.0008    -0.7960    -0.7952     0.0008   2.796639   2.796611  -0.000026    34.3169    34.3156     7.3991    27.5917    27.5906    34.3167    27.5916    1448.43    1448.43    -0.7959  1028.7353    34.4841 0.0000e+00
      21462 314.054377  -62.14094  -58.42652     -0.777    1448.13    237.000    234.592    -0.7890    -0.7881     0.0009    -0.7961    -0.7952     0.0009   2.796579   2.796570  -0.000011    34.3168    34.3156     7.3942    27.5916    27.5907    34.3166    27.5914    1448.41    1448.41    -0.7959  1028.7304    34.4840 0.0000e+00
      21492 314.054392  -62.14094  -58.42650     -0.776    1448.13    236.000    233.602    -0.7898    -0.7889     0.0009    -0.7969    -0.7959     0.0009   2.796458   2.796448  -0.000007    34.3167    34.3155     7.3968    27.5915    27.5906    34.3164    27.5914    1448.39    1448.39    -0.7967  1028.7256    34.4838 0.0000e+00
      21524 314.054408  -62.14094  -58.42649     -0.760    1448.13    235.000    232.613    -0.7899    -0.7891     0.0008    -0.7970    -0.7962     0.0008   2.796395   2.796383  -0.000017    34.3166    34.3155     7.3928    27.5915    27.5905    34.3164    27.5914    1448.38    1448.38    -0.7968  1028.7208    34.4838 0.0000e+00
      21558 314.054423  -62.14094  -58.42648     -0.724    1448.13    234.000    231.624    -0.7905    -0.7896     0.0009    -0.7975    -0.7966     0.0009   2.796297   2.796292  -0.000005    34.3165    34.3154     7.4044    27.5915    27.5905    34.3163    27.5913    1448.36    1448.36    -0.7973  1028.7159    34.4837 0.0000e+00
      21589 314.054438  -62.14094  -58.42645     -0.757    1448.13    233.000    230.634    -0.7910    -0.7900     0.0010    -0.7979    -0.7970     0.0010   2.796213   2.796206  -0.000008    34.3166    34.3154     7.4030    27.5915    27.5905    34.3163    27.5913    1448.34    1448.34    -0.7978  1028.7112    34.4837 0.0000e+00
      21619 314.054453  -62.14094  -58.42644     -0.794    1448.13    232.000    229.645    -0.7919    -0.7908     0.0011    -0.7988    -0.7977     0.0011   2.796067   2.796083   0.000014    34.3163    34.3152     7.3957    27.5913    27.5904    34.3160    27.5911    1448.32    1448.32    -0.7986  1028.7062    34.4834 0.0000e+00
      21648 314.054467  -62.14094  -58.42643     -0.811    1448.13    231.000    228.656    -0.7926    -0.7916     0.0010    -0.7995    -0.7985     0.0010   2.795942   2.795944   0.000002    34.3159    34.3148     7.4042    27.5911    27.5901    34.3158    27.5909    1448.30    1448.30    -0.7993  1028.7013    34.4831 0.0000e+00
      21678 314.054481  -62.14094  -58.42642     -0.819    1448.13    230.000    227.666    -0.7934    -0.7923     0.0010    -0.8003    -0.7992     0.0010   2.795832   2.795825  -0.000004    34.3160    34.3148     7.4019    27.5912    27.5901    34.3158    27.5910    1448.28    1448.28    -0.8001  1028.6966    34.4832 0.0000e+00
      21709 314.054496  -62.14095  -58.42639     -0.782    1448.13    229.000    226.677    -0.7943    -0.7935     0.0008    -0.8011    -0.8004     0.0008   2.795698   2.795679  -0.000023    34.3159    34.3147     7.4050    27.5911    27.5901    34.3156    27.5909    1448.26    1448.26    -0.8010  1028.6917    34.4830 0.0000e+00
      21739 314.054511  -62.14096  -58.42638     -0.782    1448.13    228.000    225.688    -0.7966    -0.7950     0.0016    -0.8034    -0.8018     0.0016   2.795418   2.795484   0.000063    34.3155    34.3145     7.3943    27.5909    27.5900    34.3150    27.5905    1448.23    1448.23    -0.8032  1028.6866    34.4824 0.0000e+00
      21766 314.054524  -62.14096  -58.42637     -0.849    1448.13    227.000    224.699    -0.7979    -0.7967     0.0012    -0.8047    -0.8034     0.0012   2.795218   2.795248   0.000035    34.3147    34.3138     7.4140    27.5903    27.5895    34.3145    27.5901    1448.20    1448.21    -0.8045  1028.6814    34.4818 0.0000e+00
      21796 314.054539  -62.14096  -58.42634     -0.832    1448.13    226.000    223.709    -0.7984    -0.7973     0.0011    -0.8051    -0.8040     0.0011   2.795125   2.795142   0.000015    34.3147    34.3136     7.4092    27.5903    27.5894    34.3144    27.5900    1448.19    1448.19    -0.8050  1028.6766    34.4817 0.0000e+00
      21827 314.054553  -62.14096  -58.42634     -0.787    1448.13    225.000    222.720    -0.7989    -0.7979     0.0010    -0.8056    -0.8046     0.0010   2.795044   2.795036  -0.000008    34.3147    34.3134     7.4051    27.5903    27.5892    34.3144    27.5901    1448.17    1448.17    -0.8054  1028.6719    34.4817 0.0000e+00
      21856 314.054567  -62.14096  -58.42631     -0.814    1448.13    224.000    221.731    -0.7995    -0.7984     0.0011    -0.8062    -0.8051     0.0011   2.794935   2.794925  -0.000011    34.3145    34.3132     7.4156    27.5902    27.5891    34.3143    27.5900    1448.15    1448.15    -0.8060  1028.6670    34.4816 0.0000e+00
      21887 314.054582  -62.14096  -58.42630     -0.791    1448.13    223.000    220.743    -0.7999    -0.7989     0.0010    -0.8065    -0.8055     0.0010   2.794846   2.794844 -2.794e-07    34.3143    34.3132     7.4231    27.5900    27.5891    34.3141    27.5899    1448.13    1448.13    -0.8064  1028.6621    34.4814 0.0000e+00
      21924 314.054600  -62.14098  -58.42628     -0.664    1448.13    222.000    219.750    -0.8001    -0.7992     0.0009    -0.8067    -0.8057     0.0009   2.794791   2.794784  -0.000005    34.3143    34.3132     7.4138    27.5901    27.5891    34.3142    27.5900    1448.11    1448.12    -0.8065  1028.6574    34.4815 0.0000e+00
      21958 314.054617  -62.14098  -58.42627     -0.682    1448.13    221.000    218.763    -0.8009    -0.7997     0.0012    -0.8075    -0.8062     0.0012   2.794665   2.794688   0.000019    34.3143    34.3132     7.4158    27.5901    27.5891    34.3140    27.5899    1448.09    1448.10    -0.8073  1028.6526    34.4814 0.0000e+00
