Pos-Processados/process_op42/Processamento_split/up/uoperantar42_029.cnv
* Sea-Bird SBE 9 Data File:
* FileName = C:\Users\Hidrografia\Desktop\OPXLII\Brutos\OP42029.hdr
* Software Version Seasave V 7.26.7.107
* Temperature SN = 6502
* Conductivity SN = 4998
* Number of Bytes Per Scan = 37
* Number of Voltage Words = 4
* Number of Scans Averaged by the Deck Unit = 1
* NMEA Latitude = 62 08.30 S
* NMEA Longitude = 058 26.22 W
* NMEA UTC (Time) = Nov 09 2023 04:08:28
* NMEA baud rate = 4800
** H41
** NPOALTEMAXIMIANO
** NUMERO DA ESTACAO (XXX) 029
** LAT (XX XX.XX S/N) 62 08.530 S
** LONG (XXX XX.XX W/E) 058 26.937 W
** DATAHORA (dd/mm/aaaa hh:mm Z) 09/11/2023 0407Z
** PROFUNDIDADE (m) 424
** OPERADOR CT FILIPE LOPES
# nquan = 30
# nvalues = 362                         
# units = specified
# name 0 = scan: Scan Count
# name 1 = timeJ: Julian Days
# name 2 = latitude: Latitude [deg]
# name 3 = longitude: Longitude [deg]
# name 4 = dz/dtM: Descent Rate [m/s]
# name 5 = avgsvCM: Average Sound Velocity [Chen-Millero, m/s]
# name 6 = prDM: Pressure, Digiquartz [db]
# name 7 = depSM: Depth [salt water, m]
# name 8 = t090C: Temperature [ITS-90, deg C]
# name 9 = t190C: Temperature, 2 [ITS-90, deg C]
# name 10 = T2-T190C: Temperature Difference, 2 - 1 [ITS-90, deg C]
# name 11 = potemp090C: Potential Temperature [ITS-90, deg C]
# name 12 = potemp190C: Potential Temperature, 2 [ITS-90, deg C]
# name 13 = potemp90Cdiff: Potential Temperature, Diff, 2 - 1 [ITS-90, deg C]
# name 14 = c0S/m: Conductivity [S/m]
# name 15 = c1S/m: Conductivity, 2 [S/m]
# name 16 = C2-C1S/m: Conductivity Difference, 2 - 1 [S/m]
# name 17 = sal00: Salinity, Practical [PSU]
# name 18 = sal11: Salinity, Practical, 2 [PSU]
# name 19 = sbeox0ML/L: Oxygen, SBE 43 [ml/l]
# name 20 = sigma-é00: Density [sigma-theta, kg/m^3]
# name 21 = sigma-é11: Density, 2 [sigma-theta, kg/m^3]
# name 22 = sal00: Salinity, Practical [PSU]
# name 23 = sigma-é00: Density [sigma-theta, kg/m^3]
# name 24 = svCM: Sound Velocity [Chen-Millero, m/s]
# name 25 = svCM1: Sound Velocity, 2 [Chen-Millero, m/s]
# name 26 = gsw_ptA0: potential temperature [ITS-90, deg C]
# name 27 = gsw_densityA0: density, TEOS-10 [density, kg/m^3]
# name 28 = gsw_saA0: Absolute Salinity [g/kg]
# name 29 = flag:
# span 0 =      17506,      29840       
# span 1 = 313.180988, 313.186936       
# span 2 =  -62.13942,  -62.13902       
# span 3 =  -58.42881,  -58.42258       
# span 4 =     -1.153,     -0.136       
# span 5 =    1447.91,    1447.91       
# span 6 =      2.000,    363.000       
# span 7 =      1.991,    359.201       
# span 8 =    -0.8223,    -0.5985       
# span 9 =    -0.8215,    -0.5983       
# span 10 =    -0.0035,     0.0082      
# span 11 =    -0.8273,    -0.5986      
# span 12 =    -0.8265,    -0.5983      
# span 13 =    -0.0035,     0.0082      
# span 14 =   2.789963,   2.818809      
# span 15 =   2.789950,   2.818780      
# span 16 =  -0.000331,   0.000790      
# span 17 =    34.2794,    34.3876      
# span 18 =    34.2783,    34.3866      
# span 19 =     6.8246,     7.6152      
# span 20 =    27.5530,    27.6435      
# span 21 =    27.5522,    27.6427      
# span 22 =    34.2795,    34.3876      
# span 23 =    27.5531,    27.6436      
# span 24 =    1445.43,    1451.19      
# span 25 =    1445.43,    1451.19      
# span 26 =    -0.8272,    -0.5986      
# span 27 =  1027.5672,  1029.3804      
# span 28 =    34.4448,    34.5557      
# span 29 = 0.0000e+00, 0.0000e+00      
# interval = decibars: 1                
# start_time = Nov 09 2023 04:08:28 [NMEA time, header]
# bad_flag = -9.990e-29
*END*
[from data line 242]
      25221 313.184709  -62.13926  -58.42493     -0.742    1447.91    121.000    119.804    -0.6547    -0.6547    -0.0001    -0.6583    -0.6584    -0.0001   2.800263   2.800192  -0.000070    34.2853    34.2844     7.5472    27.5603    27.5596    34.2855    27.5606    1447.11    1447.11    -0.6582  1028.1447    34.4520 0.0000e+00
      25255 313.184725  -62.13926  -58.42492     -0.717    1447.91    120.000    118.814    -0.6497    -0.6527    -0.0029    -0.6533    -0.6563    -0.0029   2.800504   2.800275  -0.000221    34.2833    34.2836     7.5463    27.5585    27.5589    34.2838    27.5590    1447.12    1447.10    -0.6532  1028.1383    34.4503 0.0000e+00
      25288 313.184741  -62.13926  -58.42490     -0.722    1447.91    119.000    117.825    -0.6422    -0.6452    -0.0030    -0.6458    -0.6488    -0.0031   2.801093   2.800775  -0.000304    34.2825    34.2819     7.5454    27.5576    27.5572    34.2838    27.5586    1447.13    1447.12    -0.6457  1028.1331    34.4503 0.0000e+00
      25319 313.184756  -62.13926  -58.42489     -0.752    1447.91    118.000    116.834    -0.6339    -0.6324     0.0015    -0.6374    -0.6359     0.0015   2.801619   2.801656   0.000018    34.2812    34.2797     7.5578    27.5561    27.5549    34.2821    27.5569    1447.16    1447.16    -0.6374  1028.1266    34.4486 0.0000e+00
      25350 313.184771  -62.13926  -58.42486     -0.771    1447.91    117.000    115.845    -0.6260    -0.6275    -0.0014    -0.6296    -0.6310    -0.0014   2.802210   2.802003  -0.000188    34.2807    34.2798     7.5545    27.5554    27.5547    34.2819    27.5563    1447.18    1447.17    -0.6295  1028.1212    34.4483 0.0000e+00
      25382 313.184786  -62.13926  -58.42485     -0.773    1447.91    116.000    114.855    -0.6238    -0.6248    -0.0010    -0.6273    -0.6283    -0.0010   2.802286   2.802152  -0.000144    34.2802    34.2794     7.5660    27.5549    27.5543    34.2810    27.5555    1447.17    1447.16    -0.6272  1028.1156    34.4474 0.0000e+00
      25415 313.184802  -62.13926  -58.42484     -0.726    1447.91    115.000    113.865    -0.6229    -0.6232    -0.0002    -0.6264    -0.6266    -0.0002   2.802346   2.802234  -0.000113    34.2806    34.2793     7.5838    27.5552    27.5542    34.2814    27.5558    1447.16    1447.16    -0.6263  1028.1111    34.4478 0.0000e+00
      25452 313.184820  -62.13926  -58.42481     -0.655    1447.91    114.000    112.875    -0.6204    -0.6202     0.0002    -0.6238    -0.6236     0.0002   2.802490   2.802409  -0.000085    34.2804    34.2790     7.5805    27.5549    27.5538    34.2811    27.5555    1447.15    1447.15    -0.6238  1028.1060    34.4475 0.0000e+00
      25488 313.184837  -62.13926  -58.42480     -0.669    1447.91    113.000    111.885    -0.6209    -0.6200     0.0009    -0.6243    -0.6234     0.0009   2.802407   2.802396  -0.000016    34.2807    34.2795     7.5781    27.5552    27.5541    34.2812    27.5556    1447.13    1447.14    -0.6242  1028.1012    34.4476 0.0000e+00
      25521 313.184854  -62.13926  -58.42478     -0.706    1447.91    112.000    110.895    -0.6213    -0.6203     0.0010    -0.6246    -0.6237     0.0010   2.802347   2.802318  -0.000030    34.2810    34.2795     7.5738    27.5555    27.5542    34.2814    27.5558    1447.11    1447.12    -0.6246  1028.0967    34.4478 0.0000e+00
      25554 313.184869  -62.13926  -58.42477     -0.737    1447.91    111.000    109.906    -0.6214    -0.6206     0.0008    -0.6247    -0.6240     0.0008   2.802281   2.802246  -0.000038    34.2810    34.2796     7.5776    27.5555    27.5543    34.2812    27.5556    1447.10    1447.10    -0.6247  1028.0918    34.4476 0.0000e+00
      25587 313.184885  -62.13927  -58.42475     -0.731    1447.91    110.000    108.916    -0.6208    -0.6206     0.0002    -0.6242    -0.6240     0.0002   2.802272   2.802202  -0.000071    34.2808    34.2797     7.5741    27.5553    27.5543    34.2811    27.5555    1447.09    1447.08    -0.6240  1028.0869    34.4475 0.0000e+00
      25619 313.184901  -62.13928  -58.42473     -0.741    1447.91    109.000    107.926    -0.6206    -0.6198     0.0009    -0.6239    -0.6231     0.0009   2.802237   2.802213  -0.000023    34.2808    34.2795     7.5797    27.5552    27.5541    34.2811    27.5554    1447.07    1447.07    -0.6238  1028.0820    34.4474 0.0000e+00
      25651 313.184916  -62.13928  -58.42471     -0.740    1447.91    108.000    106.936    -0.6202    -0.6196     0.0006    -0.6234    -0.6228     0.0006   2.802214   2.802183  -0.000039    34.2807    34.2795     7.5775    27.5551    27.5541    34.2808    27.5552    1447.05    1447.06    -0.6234  1028.0770    34.4472 0.0000e+00
      25682 313.184931  -62.13928  -58.42470     -0.777    1447.91    107.000    105.946    -0.6176    -0.6169     0.0006    -0.6208    -0.6202     0.0006   2.802365   2.802313  -0.000045    34.2800    34.2787     7.5788    27.5545    27.5534    34.2805    27.5549    1447.05    1447.05    -0.6207  1028.0719    34.4469 0.0000e+00
      25712 313.184946  -62.13928  -58.42468     -0.786    1447.91    106.000    104.956    -0.6164    -0.6159     0.0005    -0.6196    -0.6191     0.0005   2.802382   2.802336  -0.000051    34.2799    34.2786     7.5814    27.5544    27.5533    34.2801    27.5545    1447.04    1447.04    -0.6195  1028.0667    34.4464 0.0000e+00
      25744 313.184961  -62.13928  -58.42467     -0.762    1447.91    105.000    103.966    -0.6163    -0.6155     0.0008    -0.6195    -0.6187     0.0008   2.802345   2.802319  -0.000025    34.2798    34.2786     7.5808    27.5543    27.5532    34.2801    27.5545    1447.03    1447.03    -0.6194  1028.0618    34.4464 0.0000e+00
      25777 313.184977  -62.13928  -58.42465     -0.735    1447.91    104.000    102.976    -0.6157    -0.6151     0.0006    -0.6189    -0.6182     0.0006   2.802338   2.802302  -0.000040    34.2798    34.2786     7.5861    27.5542    27.5532    34.2799    27.5543    1447.01    1447.01    -0.6188  1028.0569    34.4462 0.0000e+00
      25810 313.184993  -62.13928  -58.42464     -0.719    1447.91    103.000    101.986    -0.6153    -0.6145     0.0008    -0.6184    -0.6176     0.0008   2.802320   2.802290  -0.000030    34.2797    34.2783     7.5792    27.5541    27.5530    34.2799    27.5543    1447.00    1447.00    -0.6183  1028.0521    34.4461 0.0000e+00
      25843 313.185008  -62.13928  -58.42462     -0.739    1447.91    102.000    100.997    -0.6155    -0.6146     0.0009    -0.6186    -0.6176     0.0009   2.802248   2.802239  -0.000013    34.2797    34.2784     7.5773    27.5541    27.5531    34.2797    27.5541    1446.98    1446.98    -0.6185  1028.0471    34.4460 0.0000e+00
      25874 313.185023  -62.13928  -58.42461     -0.766    1447.91    101.000    100.006    -0.6159    -0.6149     0.0009    -0.6189    -0.6180     0.0009   2.802194   2.802167  -0.000026    34.2799    34.2785     7.5813    27.5543    27.5531    34.2800    27.5544    1446.96    1446.96    -0.6189  1028.0427    34.4463 0.0000e+00
      25905 313.185039  -62.13928  -58.42458     -0.772    1447.91    100.000     99.017    -0.6161    -0.6152     0.0009    -0.6191    -0.6182     0.0009   2.802136   2.802106  -0.000029    34.2800    34.2786     7.5885    27.5544    27.5532    34.2801    27.5545    1446.94    1446.95    -0.6190  1028.0379    34.4463 0.0000e+00
      25938 313.185055  -62.13928  -58.42457     -0.732    1447.91     99.000     98.027    -0.6163    -0.6154     0.0009    -0.6193    -0.6184     0.0009   2.802064   2.802039  -0.000029    34.2800    34.2786     7.5889    27.5544    27.5533    34.2800    27.5544    1446.93    1446.93    -0.6192  1028.0331    34.4462 0.0000e+00
      25973 313.185071  -62.13928  -58.42456     -0.701    1447.91     98.000     97.037    -0.6166    -0.6157     0.0009    -0.6196    -0.6187     0.0009   2.801981   2.801974  -0.000010    34.2799    34.2788     7.5687    27.5543    27.5534    34.2798    27.5543    1446.91    1446.91    -0.6195  1028.0282    34.4461 0.0000e+00
      26006 313.185088  -62.13928  -58.42453     -0.704    1447.91     97.000     96.047    -0.6167    -0.6158     0.0008    -0.6196    -0.6187     0.0008   2.801938   2.801918  -0.000020    34.2799    34.2787     7.5658    27.5544    27.5533    34.2799    27.5544    1446.89    1446.89    -0.6195  1028.0234    34.4461 0.0000e+00
      26038 313.185103  -62.13928  -58.42452     -0.741    1447.91     96.000     95.057    -0.6166    -0.6159     0.0007    -0.6195    -0.6187     0.0007   2.801900   2.801875  -0.000024    34.2800    34.2788     7.5791    27.5544    27.5534    34.2800    27.5544    1446.88    1446.88    -0.6194  1028.0187    34.4462 0.0000e+00
      26071 313.185119  -62.13928  -58.42450     -0.740    1447.91     95.000     94.067    -0.6166    -0.6158     0.0008    -0.6195    -0.6186     0.0008   2.801864   2.801831  -0.000033    34.2801    34.2787     7.5853    27.5545    27.5533    34.2801    27.5545    1446.86    1446.86    -0.6194  1028.0140    34.4463 0.0000e+00
      26107 313.185136  -62.13928  -58.42448     -0.688    1447.91     94.000     93.077    -0.6164    -0.6156     0.0008    -0.6192    -0.6184     0.0008   2.801817   2.801796  -0.000020    34.2798    34.2786     7.5873    27.5543    27.5533    34.2798    27.5542    1446.84    1446.85    -0.6191  1028.0089    34.4459 0.0000e+00
      26144 313.185154  -62.13930  -58.42446     -0.650    1447.91     93.000     92.087    -0.6162    -0.6154     0.0009    -0.6190    -0.6182     0.0009   2.801789   2.801761  -0.000027    34.2799    34.2786     7.5859    27.5543    27.5532    34.2799    27.5543    1446.83    1446.83    -0.6189  1028.0042    34.4460 0.0000e+00
      26179 313.185171  -62.13930  -58.42445     -0.664    1447.91     92.000     91.097    -0.6167    -0.6156     0.0011    -0.6194    -0.6183     0.0011   2.801718   2.801704  -0.000012    34.2801    34.2786     7.5861    27.5545    27.5533    34.2801    27.5545    1446.81    1446.81    -0.6194  1027.9996    34.4462 0.0000e+00
      26212 313.185187  -62.13930  -58.42444     -0.718    1447.91     91.000     90.107    -0.6169    -0.6161     0.0008    -0.6197    -0.6189     0.0008   2.801648   2.801617  -0.000030    34.2801    34.2788     7.5893    27.5545    27.5534    34.2800    27.5544    1446.79    1446.80    -0.6196  1027.9948    34.4461 0.0000e+00
      26245 313.185202  -62.13930  -58.42441     -0.738    1447.91     90.000     89.117    -0.6173    -0.6164     0.0008    -0.6200    -0.6191     0.0008   2.801573   2.801551  -0.000023    34.2801    34.2789     7.5848    27.5545    27.5535    34.2800    27.5545    1446.78    1446.78    -0.6199  1027.9900    34.4461 0.0000e+00
      26277 313.185218  -62.13930  -58.42440     -0.742    1447.91     89.000     88.127    -0.6175    -0.6166     0.0008    -0.6202    -0.6193     0.0008   2.801511   2.801491  -0.000022    34.2801    34.2789     7.5816    27.5545    27.5535    34.2800    27.5544    1446.76    1446.76    -0.6201  1027.9852    34.4460 0.0000e+00
      26310 313.185234  -62.13930  -58.42438     -0.737    1447.91     88.000     87.137    -0.6174    -0.6165     0.0009    -0.6201    -0.6192     0.0009   2.801474   2.801455  -0.000016    34.2801    34.2789     7.5762    27.5545    27.5535    34.2801    27.5545    1446.74    1446.74    -0.6200  1027.9805    34.4461 0.0000e+00
      26342 313.185249  -62.13930  -58.42436     -0.745    1447.91     87.000     86.147    -0.6173    -0.6165     0.0008    -0.6199    -0.6191     0.0008   2.801445   2.801414  -0.000032    34.2802    34.2789     7.5817    27.5546    27.5535    34.2801    27.5546    1446.73    1446.73    -0.6198  1027.9757    34.4462 0.0000e+00
      26374 313.185265  -62.13930  -58.42435     -0.741    1447.91     86.000     85.157    -0.6171    -0.6163     0.0008    -0.6197    -0.6189     0.0008   2.801401   2.801375  -0.000027    34.2801    34.2788     7.5764    27.5545    27.5534    34.2800    27.5544    1446.71    1446.71    -0.6196  1027.9708    34.4460 0.0000e+00
      26407 313.185281  -62.13930  -58.42432     -0.729    1447.91     85.000     84.167    -0.6172    -0.6164     0.0008    -0.6198    -0.6190     0.0008   2.801356   2.801327  -0.000025    34.2801    34.2788     7.5760    27.5545    27.5535    34.2801    27.5545    1446.70    1446.70    -0.6197  1027.9661    34.4461 0.0000e+00
      26439 313.185296  -62.13930  -58.42431     -0.743    1447.91     84.000     83.177    -0.6173    -0.6164     0.0009    -0.6198    -0.6189     0.0009   2.801293   2.801277  -0.000018    34.2800    34.2788     7.5855    27.5544    27.5534    34.2800    27.5544    1446.68    1446.68    -0.6197  1027.9612    34.4459 0.0000e+00
      26471 313.185312  -62.13930  -58.42430     -0.751    1447.91     83.000     82.187    -0.6171    -0.6163     0.0008    -0.6196    -0.6188     0.0008   2.801261   2.801243  -0.000017    34.2800    34.2789     7.5851    27.5545    27.5535    34.2800    27.5544    1446.66    1446.66    -0.6195  1027.9564    34.4459 0.0000e+00
      26504 313.185327  -62.13930  -58.42428     -0.737    1447.91     82.000     81.197    -0.6176    -0.6166     0.0010    -0.6200    -0.6191     0.0010   2.801177   2.801172  -0.000010    34.2801    34.2789     7.5858    27.5545    27.5535    34.2800    27.5544    1446.64    1446.65    -0.6200  1027.9516    34.4459 0.0000e+00
      26537 313.185344  -62.13930  -58.42427     -0.727    1447.91     81.000     80.207    -0.6182    -0.6171     0.0012    -0.6206    -0.6195     0.0012   2.801093   2.801091   0.000001    34.2802    34.2789     7.5763    27.5546    27.5535    34.2802    27.5546    1446.63    1446.63    -0.6206  1027.9470    34.4461 0.0000e+00
      26571 313.185360  -62.13930  -58.42426     -0.702    1447.91     80.000     79.217    -0.6184    -0.6177     0.0008    -0.6208    -0.6201     0.0008   2.801039   2.801006  -0.000032    34.2804    34.2791     7.5816    27.5548    27.5537    34.2803    27.5547    1446.61    1446.61    -0.6207  1027.9423    34.4462 0.0000e+00
      26605 313.185376  -62.13930  -58.42423     -0.711    1447.91     79.000     78.227    -0.6176    -0.6171     0.0006    -0.6200    -0.6194     0.0006   2.801042   2.801003  -0.000038    34.2801    34.2789     7.5816    27.5545    27.5535    34.2801    27.5545    1446.60    1446.60    -0.6199  1027.9373    34.4459 0.0000e+00
      26638 313.185392  -62.13930  -58.42422     -0.723    1447.91     78.000     77.237    -0.6169    -0.6162     0.0007    -0.6192    -0.6185     0.0007   2.801036   2.801010  -0.000030    34.2798    34.2786     7.5862    27.5542    27.5533    34.2797    27.5542    1446.58    1446.58    -0.6192  1027.9322    34.4456 0.0000e+00
      26669 313.185407  -62.13930  -58.42420     -0.761    1447.91     77.000     76.247    -0.6172    -0.6162     0.0010    -0.6195    -0.6185     0.0010   2.800981   2.800969  -0.000014    34.2801    34.2787     7.5845    27.5545    27.5533    34.2800    27.5544    1446.57    1446.57    -0.6194  1027.9276    34.4458 0.0000e+00
      26701 313.185422  -62.13930  -58.42418     -0.767    1447.91     76.000     75.257    -0.6186    -0.6172     0.0014    -0.6209    -0.6195     0.0014   2.800852   2.800864   0.000015    34.2805    34.2792     7.5816    27.5549    27.5537    34.2805    27.5548    1446.54    1446.55    -0.6208  1027.9233    34.4463 0.0000e+00
      26734 313.185438  -62.13930  -58.42417     -0.736    1447.91     75.000     74.267    -0.6185    -0.6178     0.0008    -0.6207    -0.6200     0.0008   2.800816   2.800789  -0.000024    34.2805    34.2793     7.5820    27.5549    27.5539    34.2804    27.5548    1446.53    1446.53    -0.6207  1027.9185    34.4462 0.0000e+00
      26770 313.185456  -62.13932  -58.42415     -0.667    1447.91     74.000     73.277    -0.6188    -0.6178     0.0010    -0.6210    -0.6200     0.0010   2.800747   2.800746  -0.000003    34.2806    34.2794     7.5849    27.5550    27.5539    34.2805    27.5549    1446.51    1446.51    -0.6210  1027.9138    34.4463 0.0000e+00
