Pos-Processados/process_op42/Processamento_split/up/uoperantar42_008.cnv
* Sea-Bird SBE 9 Data File:
* FileName = C:\Users\Hidrografia\Desktop\OPXLII\Brutos\OP42008.hdr
* Software Version Seasave V 7.26.7.107
* Temperature SN = 6502
* Conductivity SN = 4998
* Number of Bytes Per Scan = 31
* Number of Voltage Words = 2
* Number of Scans Averaged by the Deck Unit = 1
* NMEA Latitude = 42 37.54 S
* NMEA Longitude = 054 58.51 W
* NMEA UTC (Time) = Oct 18 2023 09:23:08
* NMEA baud rate = 4800
** H41
** NPOALTEMAXIMIANO
** NUMERO DA ESTACAO (XXX) 008
** LAT (XX XX.XX S/N) 42 37.540 S
** LONG (XXX XX.XX W/E) 054 58.30 W
** DATAHORA (dd/mm/aaaa hh:mm Z) 18/10/2023 09:00 Z
** PROFUNDIDADE (m) 5142
** OPERADOR ZAMITH
# nquan = 30
# nvalues = 1006                        
# units = specified
# name 0 = scan: Scan Count
# name 1 = timeJ: Julian Days
# name 2 = latitude: Latitude [deg]
# name 3 = longitude: Longitude [deg]
# name 4 = dz/dtM: Descent Rate [m/s]
# name 5 = avgsvCM: Average Sound Velocity [Chen-Millero, m/s]
# name 6 = prDM: Pressure, Digiquartz [db]
# name 7 = depSM: Depth [salt water, m]
# name 8 = t090C: Temperature [ITS-90, deg C]
# name 9 = t190C: Temperature, 2 [ITS-90, deg C]
# name 10 = T2-T190C: Temperature Difference, 2 - 1 [ITS-90, deg C]
# name 11 = potemp090C: Potential Temperature [ITS-90, deg C]
# name 12 = potemp190C: Potential Temperature, 2 [ITS-90, deg C]
# name 13 = potemp90Cdiff: Potential Temperature, Diff, 2 - 1 [ITS-90, deg C]
# name 14 = c0S/m: Conductivity [S/m]
# name 15 = c1S/m: Conductivity, 2 [S/m]
# name 16 = C2-C1S/m: Conductivity Difference, 2 - 1 [S/m]
# name 17 = sal00: Salinity, Practical [PSU]
# name 18 = sal11: Salinity, Practical, 2 [PSU]
# name 19 = sbeox0ML/L: Oxygen, SBE 43 [ml/l]
# name 20 = sigma-é00: Density [sigma-theta, kg/m^3]
# name 21 = sigma-é11: Density, 2 [sigma-theta, kg/m^3]
# name 22 = sal00: Salinity, Practical [PSU]
# name 23 = sigma-é00: Density [sigma-theta, kg/m^3]
# name 24 = svCM: Sound Velocity [Chen-Millero, m/s]
# name 25 = svCM1: Sound Velocity, 2 [Chen-Millero, m/s]
# name 26 = gsw_ptA0: potential temperature [ITS-90, deg C]
# name 27 = gsw_densityA0: density, TEOS-10 [density, kg/m^3]
# name 28 = gsw_saA0: Absolute Salinity [g/kg]
# name 29 = flag:
# span 0 =      33387,      70448       
# span 1 = 291.407166, 291.425038       
# span 2 =  -42.62422,  -42.62208       
# span 3 =  -54.96313,  -54.95579       
# span 4 =     -1.531,     -0.165       
# span 5 =    1484.86,    1484.86       
# span 6 =      4.000,   1009.000       
# span 7 =      3.971,    998.603       
# span 8 =     3.3463,    12.4596       
# span 9 =     3.3471,    12.4591       
# span 10 =    -0.2512,     0.1928      
# span 11 =     3.2793,    12.4591      
# span 12 =     3.2801,    12.4584      
# span 13 =    -0.2511,     0.1925      
# span 14 =   3.175228,   4.066966      
# span 15 =   3.175266,   4.066981      
# span 16 =  -0.028220,   0.021693      
# span 17 =    34.1542,    35.2183      
# span 18 =    34.1540,    35.2187      
# span 19 =     4.8537,     6.2688      
# span 20 =    26.6682,    27.2783      
# span 21 =    26.6699,    27.2779      
# span 22 =    34.1519,    35.2187      
# span 23 =    26.6699,    27.2782      
# span 24 =    1478.19,    1499.38      
# span 25 =    1478.19,    1499.38      
# span 26 =     3.2792,    12.4591      
# span 27 =  1026.6914,  1031.9441      
# span 28 =    34.3158,    35.3850      
# span 29 = 0.0000e+00, 0.0000e+00      
# interval = decibars: 1                
# start_time = Oct 18 2023 09:23:08 [NMEA time, header]
# bad_flag = -9.990e-29
*END*
[from data line 532]
      50732 291.415530  -42.62348  -54.95986     -0.864    1484.86    477.000    472.686     5.5391     5.5405     0.0015     5.4994     5.5009     0.0015   3.346050   3.346112   0.000041    34.2017    34.2006     5.9395    26.9836    26.9826    34.2025    26.9842    1479.72    1479.73     5.4993  1029.1767    34.3653 0.0000e+00
      50756 291.415542  -42.62348  -54.95986     -0.960    1484.86    476.000    471.697     5.5316     5.5280    -0.0036     5.4920     5.4885    -0.0036   3.345060   3.344643  -0.000408    34.1998    34.1987     5.9387    26.9829    26.9826    34.1993    26.9826    1479.67    1479.66     5.4919  1029.1706    34.3621 0.0000e+00
      50782 291.415554  -42.62348  -54.95986     -0.968    1484.86    475.000    470.707     5.5264     5.5244    -0.0020     5.4869     5.4849    -0.0020   3.344561   3.344315  -0.000275    34.1987    34.1976     5.9415    26.9827    26.9821    34.1994    26.9833    1479.64    1479.63     5.4868  1029.1668    34.3622 0.0000e+00
      50808 291.415567  -42.62348  -54.95986     -0.924    1484.86    474.000    469.717     5.5164     5.5236     0.0072     5.4770     5.4842     0.0072   3.343263   3.344042   0.000670    34.1971    34.1974     5.9492    26.9827    26.9821    34.1953    26.9812    1479.57    1479.60     5.4769  1029.1603    34.3581 0.0000e+00
      50832 291.415578  -42.62348  -54.95985     -0.953    1484.86    473.000    468.727     5.4964     5.5091     0.0128     5.4572     5.4700     0.0128   3.341115   3.342479   0.001388    34.1926    34.1954     5.9637    26.9815    26.9822    34.1917    26.9807    1479.47    1479.53     5.4571  1029.1555    34.3544 0.0000e+00
      50855 291.415589  -42.62348  -54.95984     -1.022    1484.86    472.000    467.737     5.4965     5.4968     0.0003     5.4574     5.4577     0.0003   3.340950   3.341041   0.000147    34.1910    34.1924     5.9750    26.9802    26.9813    34.1902    26.9795    1479.45    1479.46     5.4573  1029.1497    34.3529 0.0000e+00
      50878 291.415600  -42.62349  -54.95984     -1.054    1484.86    471.000    466.747     5.4885     5.4868    -0.0017     5.4495     5.4478    -0.0017   3.340076   3.339938  -0.000159    34.1903    34.1902     5.9837    26.9805    26.9807    34.1888    26.9794    1479.40    1479.40     5.4494  1029.1451    34.3516 0.0000e+00
      50902 291.415612  -42.62350  -54.95983     -1.025    1484.86    470.000    465.758     5.4776     5.4828     0.0053     5.4387     5.4440     0.0052   3.338900   3.339442   0.000535    34.1882    34.1890     6.0031    26.9802    26.9802    34.1870    26.9793    1479.34    1479.36     5.4386  1029.1406    34.3497 0.0000e+00
      50926 291.415624  -42.62350  -54.95982     -0.982    1484.86    469.000    464.768     5.4831     5.4830    -0.0001     5.4443     5.4442    -0.0001   3.339469   3.339412  -0.000035    34.1882    34.1879     6.0135    26.9795    26.9793    34.1884    26.9797    1479.35    1479.35     5.4442  1029.1363    34.3511 0.0000e+00
      50949 291.415635  -42.62350  -54.95982     -1.016    1484.86    468.000    463.778     5.4890     5.4878    -0.0011     5.4503     5.4491    -0.0011   3.339902   3.339777  -0.000158    34.1878    34.1872     6.0244    26.9786    26.9781    34.1879    26.9785    1479.36    1479.35     5.4502  1029.1305    34.3506 0.0000e+00
      50969 291.415644  -42.62350  -54.95982     -1.105    1484.86    467.000    462.788     5.4940     5.4939    -0.0001     5.4554     5.4553    -0.0000   3.340266   3.340168  -0.000101    34.1877    34.1866     6.0415    26.9778    26.9770    34.1874    26.9775    1479.36    1479.36     5.4553  1029.1249    34.3501 0.0000e+00
      50992 291.415655  -42.62350  -54.95981     -1.121    1484.86    466.000    461.798     5.4773     5.4854     0.0081     5.4388     5.4469     0.0081   3.338289   3.339218   0.000857    34.1848    34.1864     6.0511    26.9775    26.9778    34.1823    26.9755    1479.27    1479.30     5.4387  1029.1185    34.3450 0.0000e+00
      51020 291.415669  -42.62350  -54.95980     -0.939    1484.86    465.000    460.808     5.4450     5.4858     0.0409     5.4067     5.4473     0.0407   3.334481   3.339206   0.004412    34.1772    34.1860     6.0491    26.9753    26.9774    34.1723    26.9714    1479.11    1479.29     5.4066  1029.1107    34.3354 0.0000e+00
      51051 291.415684 -9.990e-29 -9.990e-29     -0.771    1484.86    464.000    459.819     5.3971     5.4017     0.0046     5.3591     5.3637     0.0046   3.329557   3.330023   0.000875    34.1701    34.1754     6.0555    26.9754    26.9790    34.1652    26.9715    1478.89    1478.91     5.3590  1029.1076    34.3294 0.0000e+00
      51076 291.415696 -9.990e-29 -9.990e-29     -0.880    1484.86    463.000    458.829     5.3851     5.3761    -0.0090     5.3472     5.3382    -0.0090   3.328217   3.327249  -0.001032    34.1674    34.1648     6.0693    26.9747    26.9737    34.1626    26.9709    1478.82    1478.78     5.3471  1029.1025    34.3268 0.0000e+00
      51099 291.415707 -9.990e-29 -9.990e-29     -1.010    1484.86    462.000    457.839     5.3582     5.3623     0.0041     5.3205     5.3246     0.0041   3.325021   3.325618   0.000519    34.1591    34.1609     6.1230    26.9713    26.9721    34.1539    26.9671    1478.68    1478.71     5.3204  1029.0945    34.3180 0.0000e+00
      51123 291.415718 -9.990e-29 -9.990e-29     -1.023    1484.86    461.000    456.849     5.3394     5.3493     0.0100     5.3018     5.3117     0.0099   3.323194   3.324187   0.001012    34.1564    34.1578     6.1763    26.9713    26.9713    34.1527    26.9684    1478.59    1478.63     5.3017  1029.0914    34.3168 0.0000e+00
      51147 291.415730 -9.990e-29 -9.990e-29     -0.992    1484.86    460.000    455.859     5.3330     5.3411     0.0081     5.2956     5.3036     0.0080   3.322511   3.323271   0.000798    34.1553    34.1562     6.2110    26.9712    26.9710    34.1519    26.9685    1478.55    1478.58     5.2955  1029.0870    34.3160 0.0000e+00
      51170 291.415741 -9.990e-29 -9.990e-29     -0.999    1484.86    459.000    454.869     5.3329     5.3357     0.0028     5.2955     5.2983     0.0028   3.322454   3.322741   0.000295    34.1542    34.1547     6.2447    26.9703    26.9704    34.1519    26.9685    1478.53    1478.54     5.2954  1029.0824    34.3159 0.0000e+00
      51193 291.415752 -9.990e-29 -9.990e-29     -1.041    1484.86    458.000    453.879     5.3383     5.3403     0.0021     5.3010     5.3031     0.0021   3.323008   3.323125   0.000132    34.1548    34.1542     6.2612    26.9701    26.9694    34.1532    26.9689    1478.54    1478.54     5.3009  1029.0782    34.3173 0.0000e+00
      51215 291.415763  -42.62353  -54.95977     -1.071    1484.86    457.000    452.889     5.3470     5.3446    -0.0024     5.3097     5.3073    -0.0024   3.323766   3.323465  -0.000256    34.1545    34.1540     6.2669    26.9689    26.9687    34.1536    26.9681    1478.56    1478.55     5.3096  1029.0727    34.3175 0.0000e+00
      51238 291.415774  -42.62354  -54.95976     -1.068    1484.86    456.000    451.899     5.3504     5.3496    -0.0008     5.3132     5.3124    -0.0008   3.323998   3.323878  -0.000101    34.1543    34.1540     6.2688    26.9683    26.9681    34.1532    26.9674    1478.55    1478.55     5.3131  1029.0662    34.3158 0.0000e+00
      51264 291.415786  -42.62354  -54.95976     -0.998    1484.86    455.000    450.909     5.3554     5.3523    -0.0031     5.3183     5.3152    -0.0031   3.324493   3.324128  -0.000332    34.1549    34.1542     6.2644    26.9681    26.9680    34.1543    26.9677    1478.56    1478.54     5.3182  1029.0619    34.3168 0.0000e+00
      51292 291.415800  -42.62354  -54.95976     -0.881    1484.86    454.000    449.920     5.3597     5.3555    -0.0042     5.3227     5.3185    -0.0042   3.324895   3.324461  -0.000432    34.1554    34.1547     6.2607    26.9680    26.9679    34.1550    26.9678    1478.56    1478.54     5.3226  1029.0573    34.3176 0.0000e+00
      51319 291.415813  -42.62354  -54.95976     -0.853    1484.86    453.000    448.930     5.3650     5.3622    -0.0027     5.3280     5.3253    -0.0027   3.325441   3.325060  -0.000332    34.1562    34.1552     6.2558    26.9681    26.9676    34.1564    26.9682    1478.57    1478.55     5.3279  1029.0531    34.3189 0.0000e+00
      51345 291.415826  -42.62354  -54.95974     -0.902    1484.86    452.000    447.940     5.3857     5.3708    -0.0150     5.3488     5.3339    -0.0149   3.327671   3.325967  -0.001587    34.1589    34.1560     6.2427    26.9677    26.9672    34.1613    26.9696    1478.64    1478.58     5.3487  1029.0497    34.3238 0.0000e+00
      51372 291.415839  -42.62355  -54.95974     -0.908    1484.86    451.000    446.949     5.4528     5.4049    -0.0479     5.4157     5.3680    -0.0477   3.335262   3.329452  -0.004902    34.1666    34.1593     6.2250    26.9658    26.9658    34.1802    26.9766    1478.92    1478.70     5.4156  1029.0513    34.3428 0.0000e+00
      51401 291.415853  -42.62356  -54.95973     -0.846    1484.86    450.000    445.960     5.5909     5.4917    -0.0992     5.5534     5.4546    -0.0988   3.348156   3.338630  -0.010242    34.1789    34.1629     6.2159    26.9590    26.9583    34.1873    26.9657    1479.47    1479.06     5.5533  1029.0343    34.3500 0.0000e+00
      51426 291.415865  -42.62356  -54.95972     -0.883    1484.86    449.000    444.970     5.6323     5.6131    -0.0193     5.5947     5.5755    -0.0192   3.352729   3.350316  -0.002293    34.1885    34.1820     6.2151    26.9616    26.9588    34.1978    26.9690    1479.63    1479.55     5.5946  1029.0324    34.3605 0.0000e+00
      51446 291.415874  -42.62356  -54.95972     -1.057    1484.86    448.000    443.980     5.6495     5.6827     0.0331     5.6120     5.6450     0.0330   3.354196   3.358097   0.002975    34.1874    34.1876     6.1735    26.9587    26.9548    34.1975    26.9666    1479.68    1479.83     5.6119  1029.0254    34.3602 0.0000e+00
      51463 291.415883  -42.62356  -54.95972     -1.254    1484.86    447.000    442.990     5.7008     5.7727     0.0718     5.6632     5.7347     0.0716   3.360276   3.366912   0.006748    34.1975    34.2012     6.1113    26.9604    26.9545    34.2150    26.9742    1479.90    1480.19     5.6630  1029.0278    34.3778 0.0000e+00
      51482 291.415892  -42.62356  -54.95970     -1.340    1484.86    446.000    442.000     5.7823     5.7789    -0.0034     5.7445     5.7410    -0.0034   3.368269   3.367100  -0.000339    34.2077    34.2074     6.0559    26.9585    26.9586    34.2235    26.9709    1480.22    1480.19     5.7443  1029.0190    34.3863 0.0000e+00
      51510 291.415905  -42.62356  -54.95970     -1.035    1484.86    445.000    441.013     5.8094     5.7656    -0.0438     5.7715     5.7279    -0.0436   3.370295   3.365675  -0.004388    34.2112    34.2058     6.0221    26.9578    26.9590    34.2195    26.9644    1480.30    1480.12     5.7714  1029.0076    34.3823 0.0000e+00
      51559 291.415929  -42.62356  -54.95970     -0.408    1484.86    444.000    440.016     5.9619     5.8174    -0.1444     5.9236     5.7797    -0.1439   3.385523   3.371674  -0.013970    34.2217    34.2100     5.8965    26.9473    26.9559    34.2377    26.9599    1480.92    1480.33     5.9235  1028.9968    34.4005 0.0000e+00
      51586 291.415942  -42.62356  -54.95970     -0.719    1484.86    443.000    439.030     5.9709     5.9551    -0.0158     5.9326     5.9169    -0.0157   3.387680   3.385287  -0.002462    34.2392    34.2274     5.8899    26.9599    26.9526    34.2534    26.9711    1480.96    1480.88     5.9325  1029.0034    34.4163 0.0000e+00
      51609 291.415953  -42.62356  -54.95968     -0.997    1484.86    442.000    438.040     6.0025     5.9995    -0.0029     5.9642     5.9613    -0.0029   3.390244   3.389638  -0.000708    34.2415    34.2365     5.8473    26.9578    26.9542    34.2508    26.9651    1481.06    1481.05     5.9641  1028.9925    34.4137 0.0000e+00
      51631 291.415964  -42.62356  -54.95968     -1.078    1484.86    441.000    437.050     6.0157     6.0102    -0.0054     5.9774     5.9720    -0.0054   3.391526   3.390742  -0.000803    34.2429    34.2393     5.7978    26.9572    26.9551    34.2524    26.9648    1481.10    1481.08     5.9774  1028.9874    34.4154 0.0000e+00
      51654 291.415975  -42.62356  -54.95968     -1.044    1484.86    440.000    436.060     6.0401     6.0284    -0.0116     6.0019     5.9903    -0.0116   3.394044   3.392536  -0.001502    34.2465    34.2414     5.7734    26.9570    26.9544    34.2566    26.9650    1481.19    1481.13     6.0018  1028.9828    34.4195 0.0000e+00
      51674 291.415984  -42.62358  -54.95966     -1.100    1484.86    439.000    435.070     6.0539     6.0456    -0.0082     6.0157     6.0075    -0.0082   3.395287   3.394321  -0.001124    34.2491    34.2448     5.7653    26.9573    26.9549    34.2571    26.9636    1481.23    1481.19     6.0156  1028.9767    34.4201 0.0000e+00
      51693 291.415993  -42.62358  -54.95966     -1.213    1484.86    438.000    434.080     6.0598     6.0632     0.0035     6.0217     6.0251     0.0034   3.395669   3.396032   0.000181    34.2489    34.2475     5.7642    26.9564    26.9548    34.2560    26.9620    1481.23    1481.25     6.0216  1028.9704    34.4189 0.0000e+00
      51715 291.416004  -42.62358  -54.95966     -1.218    1484.86    437.000    433.090     6.0789     6.0723    -0.0067     6.0409     6.0342    -0.0066   3.397534   3.396650  -0.000695    34.2504    34.2492     5.7505    26.9551    26.9551    34.2581    26.9612    1481.29    1481.26     6.0408  1028.9649    34.4210 0.0000e+00
      51755 291.416023  -42.62358 -9.990e-29     -0.684    1484.86    436.000    432.100     6.1434     6.0935    -0.0499     6.1052     6.0555    -0.0497   3.403930   3.399121  -0.004759    34.2537    34.2506     5.7296    26.9495    26.9534    34.2653    26.9587    1481.54    1481.34     6.1051  1028.9569    34.4279 0.0000e+00
      51803 291.416046  -42.62358 -9.990e-29     -0.453    1484.86    435.000    431.110     6.2004     6.1929    -0.0075     6.1621     6.1547    -0.0075   3.409692   3.408610  -0.001248    34.2672    34.2608     5.7179    26.9529    26.9488    34.2730    26.9575    1481.76    1481.73     6.1620  1028.9505    34.4356 0.0000e+00
      51826 291.416057  -42.62358  -54.95964     -0.811    1484.86    434.000    430.120     6.2422     6.2633     0.0211     6.2038     6.2248     0.0210   3.414161   3.415774   0.001477    34.2708    34.2662     5.6826    26.9504    26.9440    34.2814    26.9588    1481.92    1482.00     6.2037  1028.9469    34.4443 0.0000e+00
      51847 291.416068  -42.62358  -54.95964     -1.065    1484.86    433.000    429.130     6.2871     6.2757    -0.0115     6.2487     6.2373    -0.0114   3.418770   3.417116  -0.001545    34.2766    34.2709     5.6508    26.9492    26.9462    34.2882    26.9584    1482.09    1482.04     6.2486  1028.9416    34.4513 0.0000e+00
      51872 291.416080  -42.62358  -54.95964     -1.055    1484.86    432.000    428.140     6.3158     6.2869    -0.0288     6.2774     6.2486    -0.0287   3.421102   3.417954  -0.002946    34.2778    34.2739     5.6486    26.9464    26.9471    34.2860    26.9529    1482.18    1482.06     6.2773  1028.9313    34.4490 0.0000e+00
      51905 291.416096  -42.62360  -54.95962     -0.758    1484.86    431.000    427.150     6.3362     6.2678    -0.0683     6.2978     6.2297    -0.0681   3.422897   3.416143  -0.006598    34.2778    34.2728     5.6257    26.9438    26.9486    34.2860    26.9503    1482.25    1481.97     6.2977  1028.9239    34.4490 0.0000e+00
      51933 291.416109  -42.62360  -54.95962     -0.769    1484.86    430.000    426.160     6.3749     6.3579    -0.0171     6.3365     6.3195    -0.0170   3.427214   3.425254  -0.002168    34.2856    34.2786     5.6002    26.9450    26.9416    34.2957    26.9529    1482.40    1482.32     6.3364  1028.9215    34.4588 0.0000e+00
