Pos-Processados/process_op42/Processamento_split/up/uoperantar42_018.cnv
* Sea-Bird SBE 9 Data File:
* FileName = C:\Users\Hidrografia\Desktop\OPXLII\Brutos\OP42018.hdr
* Software Version Seasave V 7.26.7.107
* Temperature SN = 6502
* Conductivity SN = 4998
* Number of Bytes Per Scan = 37
* Number of Voltage Words = 4
* Number of Scans Averaged by the Deck Unit = 1
* NMEA Latitude = 62 13.46 S
* NMEA Longitude = 058 12.64 W
* NMEA UTC (Time) = Nov 07 2023 12:56:51
* NMEA baud rate = 4800
** H41
** NPOALTEMAXIMIANO
** NUMERO DA ESTACAO (XXX) 018
** LAT (XX XX.XX S/N) 62 13.46 S
** LONG (XXX XX.XX W/E) 058 12.12 W
** DATAHORA (dd/mm/aaaa hh:mm Z) 07/11/2023 1245Z
** PROFUNDIDADE (m) 523
** OPERADOR 1T ZAMITH
# nquan = 30
# nvalues = 359                         
# units = specified
# name 0 = scan: Scan Count
# name 1 = timeJ: Julian Days
# name 2 = latitude: Latitude [deg]
# name 3 = longitude: Longitude [deg]
# name 4 = dz/dtM: Descent Rate [m/s]
# name 5 = avgsvCM: Average Sound Velocity [Chen-Millero, m/s]
# name 6 = prDM: Pressure, Digiquartz [db]
# name 7 = depSM: Depth [salt water, m]
# name 8 = t090C: Temperature [ITS-90, deg C]
# name 9 = t190C: Temperature, 2 [ITS-90, deg C]
# name 10 = T2-T190C: Temperature Difference, 2 - 1 [ITS-90, deg C]
# name 11 = potemp090C: Potential Temperature [ITS-90, deg C]
# name 12 = potemp190C: Potential Temperature, 2 [ITS-90, deg C]
# name 13 = potemp90Cdiff: Potential Temperature, Diff, 2 - 1 [ITS-90, deg C]
# name 14 = c0S/m: Conductivity [S/m]
# name 15 = c1S/m: Conductivity, 2 [S/m]
# name 16 = C2-C1S/m: Conductivity Difference, 2 - 1 [S/m]
# name 17 = sal00: Salinity, Practical [PSU]
# name 18 = sal11: Salinity, Practical, 2 [PSU]
# name 19 = sbeox0ML/L: Oxygen, SBE 43 [ml/l]
# name 20 = sigma-é00: Density [sigma-theta, kg/m^3]
# name 21 = sigma-é11: Density, 2 [sigma-theta, kg/m^3]
# name 22 = sal00: Salinity, Practical [PSU]
# name 23 = sigma-é00: Density [sigma-theta, kg/m^3]
# name 24 = svCM: Sound Velocity [Chen-Millero, m/s]
# name 25 = svCM1: Sound Velocity, 2 [Chen-Millero, m/s]
# name 26 = gsw_ptA0: potential temperature [ITS-90, deg C]
# name 27 = gsw_densityA0: density, TEOS-10 [density, kg/m^3]
# name 28 = gsw_saA0: Absolute Salinity [g/kg]
# name 29 = flag:
# span 0 =      14289,      34318       
# span 1 = 311.546369, 311.556029       
# span 2 =  -62.22870,  -62.22643       
# span 3 =  -58.20867,  -58.20496       
# span 4 =     -1.069,     -0.146       
# span 5 =    1448.15,    1448.15       
# span 6 =      2.000,    360.000       
# span 7 =      2.030,    356.233       
# span 8 =    -0.7448,    -0.5463       
# span 9 =    -0.7440,    -0.5455       
# span 10 =    -0.0163,     0.0109      
# span 11 =    -0.7494,    -0.5465      
# span 12 =    -0.7486,    -0.5456      
# span 13 =    -0.0162,     0.0109      
# span 14 =   2.796872,   2.811593      
# span 15 =   2.796859,   2.811572      
# span 16 =  -0.001567,   0.001008      
# span 17 =    34.2994,    34.3589      
# span 18 =    34.2983,    34.3579      
# span 19 =     7.0328,     7.5340      
# span 20 =    27.5672,    27.6228      
# span 21 =    27.5663,    27.6219      
# span 22 =    34.2998,    34.3589      
# span 23 =    27.5676,    27.6228      
# span 24 =    1445.68,    1450.83      
# span 25 =    1445.68,    1450.83      
# span 26 =    -0.7492,    -0.5465      
# span 27 =  1027.5821,  1029.3466      
# span 28 =    34.4625,    34.5269      
# span 29 = 0.0000e+00, 0.0000e+00      
# interval = decibars: 1                
# start_time = Nov 07 2023 12:56:51 [NMEA time, header]
# bad_flag = -9.990e-29
*END*
[from data line 339]
      25718 311.551881  -62.22778  -58.20633     -0.223    1448.15     21.000     20.798    -0.5966    -0.5959     0.0007    -0.5973    -0.5965     0.0007   2.801731   2.801708  -0.000026    34.3017    34.3005     7.5016    27.5710    27.5700    34.3016    27.5709    1445.78    1445.78    -0.5972  1027.6759    34.4670 0.0000e+00
      25813 311.551927  -62.22780  -58.20632     -0.269    1448.15     20.000     19.808    -0.5980    -0.5967     0.0013    -0.5986    -0.5973     0.0013   2.801594   2.801590  -0.000002    34.3019    34.3004     7.5012    27.5712    27.5700    34.3019    27.5712    1445.76    1445.76    -0.5986  1027.6714    34.4673 0.0000e+00
      25918 311.551978  -62.22780  -58.20630     -0.237    1448.15     19.000     18.818    -0.5924    -0.5917     0.0008    -0.5930    -0.5922     0.0008   2.802000   2.801951  -0.000045    34.3014    34.2999     7.4987    27.5706    27.5693    34.3017    27.5708    1445.77    1445.77    -0.5930  1027.6659    34.4667 0.0000e+00
      26010 311.552022  -62.22782  -58.20629     -0.251    1448.15     18.000     17.826    -0.5859    -0.5854     0.0005    -0.5864    -0.5859     0.0005   2.802472   2.802403  -0.000071    34.3009    34.2994     7.5045    27.5699    27.5687    34.3012    27.5702    1445.78    1445.78    -0.5864  1027.6580    34.4633 0.0000e+00
      26155 311.552092  -62.22783  -58.20627     -0.183    1448.15     17.000     16.837    -0.5758    -0.5756     0.0002    -0.5763    -0.5761     0.0002   2.803234   2.803145  -0.000084    34.3003    34.2989     7.5090    27.5690    27.5679    34.3007    27.5693    1445.81    1445.81    -0.5763  1027.6550    34.4660 0.0000e+00
      26598 311.552306  -62.22786  -58.20619     -0.230    1448.15     16.000     15.847    -0.5887    -0.5884     0.0004    -0.5892    -0.5888     0.0004   2.802134   2.802076  -0.000058    34.3012    34.3000     7.5077    27.5703    27.5693    34.3012    27.5702    1445.74    1445.74    -0.5892  1027.6487    34.4634 0.0000e+00
      29877 311.553887  -62.22829  -58.20586     -0.175    1448.15     15.000     14.855    -0.5709    -0.5701     0.0008    -0.5713    -0.5705     0.0008   2.803558   2.803521  -0.000038    34.3009    34.2994     7.5212    27.5692    27.5680    34.3008    27.5691    1445.80    1445.81    -0.5713  1027.6448    34.4655 0.0000e+00
      32194 311.555005  -62.22850  -58.20529     -0.234    1448.15     14.000     13.866    -0.5738    -0.5726     0.0012    -0.5743    -0.5730     0.0012   2.803235   2.803251   0.000012    34.3007    34.2995     7.5198    27.5692    27.5682    34.3004    27.5689    1445.77    1445.78    -0.5742  1027.6403    34.4656 0.0000e+00
      32262 311.555037  -62.22851  -58.20526     -0.192    1448.15     13.000     12.873    -0.5761    -0.5747     0.0015    -0.5765    -0.5751     0.0015   2.803055   2.803048  -0.000002    34.3013    34.2996     7.5180    27.5698    27.5684    34.3011    27.5697    1445.75    1445.75    -0.5765  1027.6362    34.4664 0.0000e+00
      32367 311.555088  -62.22852  -58.20526     -0.244    1448.15     12.000     11.885    -0.5742    -0.5734     0.0009    -0.5746    -0.5737     0.0009   2.803117   2.803104  -0.000016    34.3004    34.2992     7.5180    27.5690    27.5680    34.3005    27.5690    1445.74    1445.74    -0.5746  1027.6306    34.4655 0.0000e+00
      32484 311.555144  -62.22852  -58.20524     -0.207    1448.15     11.000     10.895    -0.5743    -0.5724     0.0019    -0.5746    -0.5727     0.0019   2.803092   2.803128   0.000041    34.3009    34.2993     7.5157    27.5694    27.5680    34.3008    27.5693    1445.72    1445.73    -0.5746  1027.6240    34.4632 0.0000e+00
      32585 311.555193 -9.990e-29  -58.20522     -0.273    1448.15     10.000      9.905    -0.5644    -0.5661    -0.0017    -0.5647    -0.5664    -0.0017   2.803877   2.803615  -0.000246    34.3001    34.2987     7.5145    27.5683    27.5673    34.3008    27.5688    1445.75    1445.74    -0.5647  1027.6182    34.4625 0.0000e+00
      32696 311.555246  -62.22856  -58.20522     -0.198    1448.15      9.000      8.911    -0.5521    -0.5538    -0.0017    -0.5524    -0.5541    -0.0017   2.804797   2.804576  -0.000220    34.2994    34.2983     7.5251    27.5672    27.5663    34.2999    27.5676    1445.79    1445.78    -0.5524  1027.6142    34.4642 0.0000e+00
      32803 311.555298  -62.22856  -58.20519     -0.215    1448.15      8.000      7.924    -0.5506    -0.5502     0.0004    -0.5509    -0.5504     0.0004   2.804893   2.804826  -0.000071    34.2999    34.2984     7.5212    27.5675    27.5663    34.3002    27.5677    1445.78    1445.78    -0.5508  1027.6105    34.4657 0.0000e+00
      32906 311.555348  -62.22858  -58.20518     -0.285    1448.15      7.000      6.933    -0.5548    -0.5520     0.0027    -0.5550    -0.5522     0.0027   2.804474   2.804616   0.000125    34.3001    34.2987     7.5340    27.5679    27.5666    34.2998    27.5676    1445.75    1445.76    -0.5550  1027.6057    34.4654 0.0000e+00
      33393 311.555582  -62.22862  -58.20511     -0.146    1448.15      6.000      5.940    -0.5515    -0.5518    -0.0002    -0.5517    -0.5520    -0.0002   2.804717   2.804629  -0.000088    34.2995    34.2986     7.5203    27.5672    27.5665    34.3001    27.5677    1445.75    1445.75    -0.5517  1027.6010    34.4656 0.0000e+00
      33910 311.555832  -62.22868  -58.20503     -0.253    1448.15      5.000      4.954    -0.5463    -0.5455     0.0008    -0.5465    -0.5456     0.0008   2.805127   2.805103  -0.000030    34.3003    34.2989     7.5265    27.5677    27.5665    34.3003    27.5677    1445.75    1445.76    -0.5465  1027.5961    34.4659 0.0000e+00
      34033 311.555891  -62.22868  -58.20502     -0.298    1448.15      4.000      3.957    -0.5504    -0.5493     0.0011    -0.5505    -0.5494     0.0011   2.804752   2.804718  -0.000023    34.3005    34.2990     7.5237    27.5680    27.5667    34.3005    27.5679    1445.72    1445.72    -0.5505  1027.5917    34.4660 0.0000e+00
      34126 311.555936  -62.22870  -58.20500     -0.244    1448.15      3.000      2.971    -0.5513    -0.5498     0.0016    -0.5514    -0.5499     0.0016   2.804600   2.804602 3.4706e-07    34.3003    34.2985     7.5260    27.5679    27.5664    34.3001    27.5677    1445.70    1445.70    -0.5514  1027.5866    34.4657 0.0000e+00
      34318 311.556029  -62.22870  -58.20496     -0.214    1448.15      2.000      2.030    -0.5519    -0.5517     0.0002    -0.5519    -0.5518     0.0002   2.804524   2.804448  -0.000076    34.3004    34.2992     7.5279    27.5680    27.5670    34.3004    27.5679    1445.68    1445.68    -0.5520  1027.5821    34.4659 0.0000e+00
