Pos-Processados/process_op42/Processamento_split/up/uoperantar42_017.cnv
* Sea-Bird SBE 9 Data File:
* FileName = C:\Users\Hidrografia\Desktop\OPXLII\Brutos\OP42017.hdr
* Software Version Seasave V 7.26.7.107
* Temperature SN = 6502
* Conductivity SN = 4998
* Number of Bytes Per Scan = 37
* Number of Voltage Words = 4
* Number of Scans Averaged by the Deck Unit = 1
* NMEA Latitude = 62 11.60 S
* NMEA Longitude = 058 03.21 W
* NMEA UTC (Time) = Nov 07 2023 10:12:31
* NMEA baud rate = 4800
** H41
** NPOALTEMAXIMIANO
** NUMERO DA ESTACAO (XXX) 017
** LAT (XX XX.XX S/N) 62 11.58 S
** LONG (XXX XX.XX W/E) 058 03.19 W
** DATAHORA (dd/mm/aaaa hh:mm Z) 07/11/2023 1011Z
** PROFUNDIDADE (m) 523
** OPERADOR CT FABIREZA
# nquan = 30
# nvalues = 523                         
# units = specified
# name 0 = scan: Scan Count
# name 1 = timeJ: Julian Days
# name 2 = latitude: Latitude [deg]
# name 3 = longitude: Longitude [deg]
# name 4 = dz/dtM: Descent Rate [m/s]
# name 5 = avgsvCM: Average Sound Velocity [Chen-Millero, m/s]
# name 6 = prDM: Pressure, Digiquartz [db]
# name 7 = depSM: Depth [salt water, m]
# name 8 = t090C: Temperature [ITS-90, deg C]
# name 9 = t190C: Temperature, 2 [ITS-90, deg C]
# name 10 = T2-T190C: Temperature Difference, 2 - 1 [ITS-90, deg C]
# name 11 = potemp090C: Potential Temperature [ITS-90, deg C]
# name 12 = potemp190C: Potential Temperature, 2 [ITS-90, deg C]
# name 13 = potemp90Cdiff: Potential Temperature, Diff, 2 - 1 [ITS-90, deg C]
# name 14 = c0S/m: Conductivity [S/m]
# name 15 = c1S/m: Conductivity, 2 [S/m]
# name 16 = C2-C1S/m: Conductivity Difference, 2 - 1 [S/m]
# name 17 = sal00: Salinity, Practical [PSU]
# name 18 = sal11: Salinity, Practical, 2 [PSU]
# name 19 = sbeox0ML/L: Oxygen, SBE 43 [ml/l]
# name 20 = sigma-é00: Density [sigma-theta, kg/m^3]
# name 21 = sigma-é11: Density, 2 [sigma-theta, kg/m^3]
# name 22 = sal00: Salinity, Practical [PSU]
# name 23 = sigma-é00: Density [sigma-theta, kg/m^3]
# name 24 = svCM: Sound Velocity [Chen-Millero, m/s]
# name 25 = svCM1: Sound Velocity, 2 [Chen-Millero, m/s]
# name 26 = gsw_ptA0: potential temperature [ITS-90, deg C]
# name 27 = gsw_densityA0: density, TEOS-10 [density, kg/m^3]
# name 28 = gsw_saA0: Absolute Salinity [g/kg]
# name 29 = flag:
# span 0 =      19508,      41257       
# span 1 = 311.434766, 311.445255       
# span 2 =  -62.20165,  -62.19719       
# span 3 =  -58.05205,  -58.04837       
# span 4 =     -1.104,     -0.185       
# span 5 =    1449.99,    1449.99       
# span 6 =      2.000,    524.000       
# span 7 =      1.998,    518.309       
# span 8 =    -0.6551,    -0.1324       
# span 9 =    -0.6540,    -0.1322       
# span 10 =    -0.0251,     0.0184      
# span 11 =    -0.6615,    -0.1483      
# span 12 =    -0.6604,    -0.1481      
# span 13 =    -0.0250,     0.0184      
# span 14 =   2.795169,   2.871334      
# span 15 =   2.795119,   2.871246      
# span 16 =  -0.002222,   0.001750      
# span 17 =    34.2663,    34.4622      
# span 18 =    34.2652,    34.4605      
# span 19 =     6.0167,     7.6296      
# span 20 =    27.5441,    27.6966      
# span 21 =    27.5433,    27.6960      
# span 22 =    34.2664,    34.4664      
# span 23 =    27.5441,    27.6966      
# span 24 =    1445.25,    1454.70      
# span 25 =    1445.25,    1454.70      
# span 26 =    -0.6614,    -0.1481      
# span 27 =  1027.5571,  1030.1932      
# span 28 =    34.4291,    34.6347      
# span 29 = 0.0000e+00, 0.0000e+00      
# interval = decibars: 1                
# start_time = Nov 07 2023 10:12:31 [NMEA time, header]
# bad_flag = -9.990e-29
*END*
[from data line 49]
      21282 311.435621  -62.19758  -58.05180     -0.735    1449.99    475.000    469.901    -0.4784    -0.4760     0.0024    -0.4951    -0.4926     0.0024   2.843498   2.843641   0.000147    34.4521    34.4513     6.3255    27.6881    27.6874    34.4519    27.6880    1453.93    1453.95    -0.4948  1029.9537    34.6206 0.0000e+00
      21311 311.435636  -62.19758  -58.05180     -0.791    1449.99    474.000    468.913    -0.4789    -0.4780     0.0009    -0.4955    -0.4946     0.0009   2.843412   2.843421   0.000015    34.4519    34.4511     6.3218    27.6880    27.6873    34.4519    27.6880    1453.91    1453.92    -0.4952  1029.9485    34.6199 0.0000e+00
      21337 311.435648 -9.990e-29  -58.05180     -0.889    1449.99    473.000    467.925    -0.4775    -0.4763     0.0011    -0.4940    -0.4929     0.0011   2.843505   2.843522   0.000010    34.4521    34.4509     6.3295    27.6881    27.6871    34.4521    27.6881    1453.91    1453.91    -0.4938  1029.9394    34.6146 0.0000e+00
      21361 311.435660 -9.990e-29  -58.05178     -0.957    1449.99    472.000    466.937    -0.4769    -0.4762     0.0007    -0.4934    -0.4927     0.0007   2.843523   2.843500  -0.000015    34.4522    34.4511     6.3286    27.6881    27.6873    34.4523    27.6882    1453.89    1453.89    -0.4932  1029.9347    34.6147 0.0000e+00
      21386 311.435672 -9.990e-29  -58.05178     -0.978    1449.99    471.000    465.949    -0.4764    -0.4759     0.0006    -0.4929    -0.4924     0.0006   2.843519   2.843482  -0.000040    34.4523    34.4512     6.3317    27.6882    27.6873    34.4523    27.6882    1453.88    1453.88    -0.4926  1029.9300    34.6148 0.0000e+00
      21411 311.435684  -62.19760  -58.05178     -0.965    1449.99    470.000    464.960    -0.4772    -0.4761     0.0010    -0.4936    -0.4926     0.0010   2.843408   2.843411   0.000005    34.4523    34.4513     6.3403    27.6883    27.6874    34.4522    27.6882    1453.86    1453.86    -0.4934  1029.9258    34.6154 0.0000e+00
      21437 311.435697  -62.19762  -58.05178     -0.930    1449.99    469.000    463.972    -0.4770    -0.4766     0.0004    -0.4935    -0.4930     0.0004   2.843377   2.843331  -0.000041    34.4522    34.4512     6.3369    27.6882    27.6873    34.4523    27.6882    1453.84    1453.84    -0.4932  1029.9255    34.6209 0.0000e+00
      21464 311.435709  -62.19762  -58.05178     -0.901    1449.99    468.000    462.984    -0.4761    -0.4757     0.0004    -0.4925    -0.4921     0.0004   2.843403   2.843357  -0.000046    34.4521    34.4511     6.3382    27.6881    27.6872    34.4522    27.6881    1453.83    1453.83    -0.4922  1029.9207    34.6209 0.0000e+00
      21491 311.435722  -62.19762  -58.05178     -0.889    1449.99    467.000    461.996    -0.4755    -0.4751     0.0004    -0.4919    -0.4915     0.0004   2.843417   2.843364  -0.000049    34.4522    34.4512     6.3426    27.6881    27.6872    34.4523    27.6881    1453.82    1453.82    -0.4916  1029.9160    34.6210 0.0000e+00
      21517 311.435735  -62.19764  -58.05176     -0.917    1449.99    466.000    461.008    -0.4754    -0.4748     0.0006    -0.4917    -0.4911     0.0006   2.843378   2.843348  -0.000034    34.4523    34.4511     6.3384    27.6881    27.6872    34.4522    27.6881    1453.80    1453.80    -0.4914  1029.9112    34.6210 0.0000e+00
      21541 311.435746  -62.19764  -58.05176     -0.974    1449.99    465.000    460.020    -0.4766    -0.4752     0.0014    -0.4929    -0.4915     0.0014   2.843220   2.843266   0.000039    34.4523    34.4512     6.3366    27.6882    27.6873    34.4521    27.6880    1453.78    1453.78    -0.4926  1029.9065    34.6208 0.0000e+00
      21566 311.435758  -62.19764  -58.05176     -0.982    1449.99    464.000    459.031    -0.4777    -0.4765     0.0012    -0.4939    -0.4927     0.0012   2.843098   2.843124   0.000033    34.4524    34.4514     6.3355    27.6883    27.6875    34.4523    27.6883    1453.76    1453.76    -0.4937  1029.9020    34.6211 0.0000e+00
      21591 311.435771  -62.19765  -58.05176     -0.948    1449.99    463.000    458.043    -0.4772    -0.4765     0.0007    -0.4934    -0.4927     0.0007   2.843077   2.843067  -0.000017    34.4522    34.4512     6.3329    27.6882    27.6873    34.4521    27.6880    1453.74    1453.75    -0.4931  1029.8970    34.6208 0.0000e+00
      21617 311.435783  -62.19766  -58.05176     -0.925    1449.99    462.000    457.055    -0.4760    -0.4757     0.0003    -0.4921    -0.4918     0.0003   2.843173   2.843099  -0.000064    34.4523    34.4511     6.3346    27.6882    27.6872    34.4526    27.6884    1453.73    1453.73    -0.4919  1029.8926    34.6213 0.0000e+00
      21643 311.435796  -62.19766  -58.05176     -0.924    1449.99    461.000    456.067    -0.4717    -0.4719    -0.0002    -0.4878    -0.4880    -0.0002   2.843493   2.843415  -0.000086    34.4522    34.4513     6.3344    27.6879    27.6872    34.4526    27.6882    1453.74    1453.74    -0.4876  1029.8876    34.6213 0.0000e+00
      21667 311.435807  -62.19767  -58.05175     -0.955    1449.99    460.000    455.079    -0.4694    -0.4700    -0.0006    -0.4855    -0.4861    -0.0006   2.843661   2.843506  -0.000131    34.4525    34.4514     6.3369    27.6880    27.6872    34.4529    27.6883    1453.73    1453.73    -0.4852  1029.8830    34.6216 0.0000e+00
      21690 311.435818  -62.19768  -58.05174     -1.033    1449.99    459.000    454.091    -0.4675    -0.4673     0.0002    -0.4836    -0.4833     0.0002   2.843831   2.843716  -0.000109    34.4530    34.4513     6.3327    27.6884    27.6870    34.4536    27.6888    1453.73    1453.73    -0.4833  1029.8787    34.6223 0.0000e+00
      21711 311.435829  -62.19768  -58.05174     -1.094    1449.99    458.000    453.102    -0.4642    -0.4620     0.0022    -0.4803    -0.4781     0.0022   2.844057   2.844162   0.000063    34.4530    34.4513     6.3359    27.6882    27.6868    34.4535    27.6886    1453.72    1453.73    -0.4800  1029.8737    34.6222 0.0000e+00
      21735 311.435840  -62.19768  -58.05174     -1.060    1449.99    457.000    452.114    -0.4595    -0.4580     0.0015    -0.4755    -0.4741     0.0015   2.844427   2.844455   0.000055    34.4529    34.4520     6.3307    27.6879    27.6871    34.4537    27.6886    1453.73    1453.74    -0.4753  1029.8688    34.6224 0.0000e+00
      21764 311.435854  -62.19768  -58.05173     -0.905    1449.99    456.000    451.126    -0.4553    -0.4577    -0.0024    -0.4713    -0.4737    -0.0024   2.844792   2.844483  -0.000284    34.4533    34.4523     6.3298    27.6881    27.6873    34.4544    27.6889    1453.73    1453.72    -0.4710  1029.8644    34.6232 0.0000e+00
      21794 311.435868  -62.19769  -58.05172     -0.802    1449.99    455.000    450.137    -0.4481    -0.4487    -0.0006    -0.4641    -0.4647    -0.0006   2.845355   2.845204  -0.000174    34.4537    34.4521     6.3209    27.6881    27.6867    34.4545    27.6887    1453.75    1453.75    -0.4638  1029.8593    34.6232 0.0000e+00
      21823 311.435882  -62.19770  -58.05172     -0.810    1449.99    454.000    449.149    -0.4462    -0.4461     0.0001    -0.4621    -0.4620     0.0001   2.845496   2.845388  -0.000113    34.4542    34.4526     6.3073    27.6884    27.6871    34.4548    27.6888    1453.75    1453.74    -0.4619  1029.8557    34.6248 0.0000e+00
      21850 311.435896  -62.19770 -9.990e-29     -0.856    1449.99    453.000    448.161    -0.4476    -0.4464     0.0012    -0.4636    -0.4623     0.0012   2.845301   2.845327   0.000022    34.4541    34.4529     6.3137    27.6883    27.6873    34.4544    27.6886    1453.72    1453.73    -0.4633  1029.8517    34.6256 0.0000e+00
      21875 311.435908  -62.19770 -9.990e-29     -0.926    1449.99    452.000    447.173    -0.4485    -0.4470     0.0015    -0.4643    -0.4629     0.0015   2.845204   2.845225   0.000047    34.4540    34.4530     6.3017    27.6883    27.6874    34.4546    27.6888    1453.70    1453.71    -0.4641  1029.8472    34.6258 0.0000e+00
      21898 311.435919  -62.19772 -9.990e-29     -1.002    1449.99    451.000    446.184    -0.4415    -0.4337     0.0079    -0.4574    -0.4495     0.0079   2.845800   2.846391   0.000520    34.4540    34.4521     6.3015    27.6880    27.6860    34.4554    27.6891    1453.72    1453.75    -0.4571  1029.8427    34.6266 0.0000e+00
      21921 311.435930  -62.19772  -58.05170     -1.053    1449.99    450.000    445.196    -0.4228    -0.4279    -0.0051    -0.4387    -0.4437    -0.0050   2.847482   2.846853  -0.000573    34.4550    34.4530     6.3045    27.6878    27.6865    34.4573    27.6898    1453.79    1453.77    -0.4384  1029.8374    34.6274 0.0000e+00
      21944 311.435941  -62.19772  -58.05170     -1.058    1449.99    449.000    444.208    -0.4018    -0.4065    -0.0047    -0.4177    -0.4224    -0.0047   2.849352   2.848710  -0.000543    34.4548    34.4529     6.3013    27.6868    27.6855    34.4592    27.6903    1453.88    1453.85    -0.4174  1029.8319    34.6279 0.0000e+00
      21970 311.435953  -62.19774  -58.05170     -0.982    1449.99    448.000    443.220    -0.3882    -0.3934    -0.0052    -0.4041    -0.4093    -0.0052   2.850211   2.849790  -0.000472    34.4542    34.4537     6.2993    27.6856    27.6855    34.4559    27.6870    1453.92    1453.89    -0.4039  1029.8236    34.6246 0.0000e+00
      21998 311.435967  -62.19774  -58.05170     -0.864    1449.99    447.000    442.231    -0.3699    -0.3803    -0.0104    -0.3859    -0.3963    -0.0104   2.852167   2.850917  -0.001107    34.4562    34.4532     6.2841    27.6864    27.6845    34.4620    27.6911    1454.00    1453.94    -0.3856  1029.8227    34.6307 0.0000e+00
      22026 311.435981  -62.19774  -58.05170     -0.837    1449.99    446.000    441.243    -0.3316    -0.3567    -0.0251    -0.3477    -0.3727    -0.0250   2.855224   2.852999  -0.002222    34.4560    34.4547     6.2636    27.6844    27.6845    34.4601    27.6878    1454.15    1454.04    -0.3474  1029.8141    34.6288 0.0000e+00
      22053 311.435993  -62.19775  -58.05170     -0.887    1449.99    445.000    440.255    -0.3232    -0.3359    -0.0127    -0.3392    -0.3519    -0.0127   2.855946   2.854753  -0.001227    34.4574    34.4554     6.2563    27.6852    27.6842    34.4608    27.6879    1454.18    1454.12    -0.3390  1029.8094    34.6296 0.0000e+00
      22078 311.436005  -62.19776  -58.05169     -0.936    1449.99    444.000    439.267    -0.3157    -0.3242    -0.0085    -0.3318    -0.3403    -0.0085   2.856581   2.855695  -0.000885    34.4584    34.4562     6.2306    27.6856    27.6843    34.4615    27.6882    1454.20    1454.15    -0.3315  1029.8048    34.6303 0.0000e+00
      22099 311.436016  -62.19776  -58.05168     -1.023    1449.99    443.000    438.278    -0.3112    -0.3179    -0.0066    -0.3273    -0.3339    -0.0066   2.856933   2.856265  -0.000709    34.4589    34.4569     6.2139    27.6858    27.6845    34.4618    27.6881    1454.20    1454.17    -0.3270  1029.8000    34.6305 0.0000e+00
      22122 311.436027  -62.19776  -58.05168     -1.104    1449.99    442.000    437.290    -0.3068    -0.3031     0.0037    -0.3228    -0.3191     0.0037   2.857250   2.857464   0.000123    34.4588    34.4563     6.2003    27.6856    27.6833    34.4615    27.6877    1454.20    1454.22    -0.3226  1029.7948    34.6303 0.0000e+00
      22145 311.436038  -62.19777  -58.05168     -1.045    1449.99    441.000    436.302    -0.2891    -0.2913    -0.0022    -0.3051    -0.3074    -0.0022   2.858950   2.858439  -0.000373    34.4595    34.4570     6.1873    27.6852    27.6834    34.4649    27.6896    1454.28    1454.26    -0.3049  1029.7917    34.6336 0.0000e+00
      22172 311.436051  -62.19778  -58.05168     -0.956    1449.99    440.000    435.314    -0.2696    -0.2739    -0.0043    -0.2856    -0.2899    -0.0043   2.860294   2.859898  -0.000477    34.4585    34.4569     6.1685    27.6835    27.6824    34.4614    27.6858    1454.35    1454.32    -0.2854  1029.7829    34.6301 0.0000e+00
      22202 311.436065  -62.19778  -58.05168     -0.817    1449.99    439.000    434.325    -0.2629    -0.2643    -0.0014    -0.2790    -0.2803    -0.0014   2.860973   2.860675  -0.000280    34.4598    34.4577     6.1553    27.6842    27.6825    34.4635    27.6872    1454.36    1454.35    -0.2787  1029.7795    34.6322 0.0000e+00
      22233 311.436080  -62.19780  -58.05166     -0.786    1449.99    438.000    433.337    -0.2589    -0.2579     0.0010    -0.2750    -0.2739     0.0010   2.861324   2.861187  -0.000175    34.4620    34.4586     6.1529    27.6858    27.6830    34.4643    27.6876    1454.37    1454.37    -0.2747  1029.7751    34.6330 0.0000e+00
      22271 311.436098  -62.19780  -58.05166     -0.661    1449.99    437.000    432.349    -0.2372    -0.2489    -0.0117    -0.2533    -0.2649    -0.0116   2.863245   2.861970  -0.001244    34.4621    34.4586     6.1421    27.6848    27.6826    34.4660    27.6879    1454.45    1454.39    -0.2531  1029.7704    34.6347 0.0000e+00
      22308 311.436116  -62.19780  -58.05166     -0.634    1449.99    436.000    431.360    -0.2326    -0.2311     0.0015    -0.2486    -0.2471     0.0015   2.863164   2.863263   0.000048    34.4590    34.4579     6.1445    27.6821    27.6811    34.4603    27.6831    1454.45    1454.46    -0.2484  1029.7603    34.6284 0.0000e+00
      22340 311.436132 -9.990e-29  -58.05166     -0.723    1449.99    435.000    430.372    -0.2472    -0.2438     0.0035    -0.2632    -0.2597     0.0035   2.861808   2.862027   0.000218    34.4588    34.4577     6.1310    27.6826    27.6816    34.4593    27.6831    1454.36    1454.38    -0.2630  1029.7512    34.6218 0.0000e+00
      22372 311.436147 -9.990e-29  -58.05166     -0.756    1449.99    434.000    429.383    -0.2504    -0.2489     0.0015    -0.2663    -0.2648     0.0015   2.861493   2.861529   0.000022    34.4584    34.4569     6.1260    27.6824    27.6812    34.4592    27.6832    1454.33    1454.34    -0.2660  1029.7466    34.6217 0.0000e+00
      22401 311.436161 -9.990e-29  -58.05164     -0.804    1449.99    433.000    428.395    -0.2516    -0.2493     0.0023    -0.2675    -0.2652     0.0023   2.861272   2.861405   0.000091    34.4581    34.4568     6.1336    27.6823    27.6811    34.4583    27.6825    1454.31    1454.32    -0.2672  1029.7412    34.6208 0.0000e+00
      22427 311.436174  -62.19784  -58.05164     -0.884    1449.99    432.000    427.407    -0.2593    -0.2549     0.0044    -0.2751    -0.2708     0.0043   2.860519   2.860821   0.000318    34.4574    34.4567     6.1499    27.6821    27.6813    34.4576    27.6822    1454.26    1454.28    -0.2749  1029.7414    34.6263 0.0000e+00
      22454 311.436187  -62.19784 -9.990e-29     -0.905    1449.99    431.000    426.419    -0.2553    -0.2556    -0.0003    -0.2711    -0.2714    -0.0003   2.860838   2.860734  -0.000084    34.4569    34.4561     6.1604    27.6815    27.6809    34.4580    27.6823    1454.26    1454.26    -0.2709  1029.7386    34.6290 0.0000e+00
      22484 311.436201  -62.19784 -9.990e-29     -0.834    1449.99    430.000    425.430    -0.2386    -0.2441    -0.0056    -0.2544    -0.2599    -0.0055   2.862328   2.861710  -0.000607    34.4569    34.4551     6.1569    27.6807    27.6794    34.4595    27.6828    1454.32    1454.29    -0.2541  1029.7341    34.6306 0.0000e+00
      22517 311.436217  -62.19785  -58.05162     -0.735    1449.99    429.000    424.442    -0.2184    -0.2177     0.0007    -0.2342    -0.2335     0.0006   2.864093   2.863953  -0.000131    34.4580    34.4555     6.1571    27.6806    27.6785    34.4608    27.6828    1454.40    1454.40    -0.2340  1029.7267    34.6288 0.0000e+00
