Pos-Processados/process_op42/Processamento_split/up/uoperantar42_032.cnv
* Sea-Bird SBE 9 Data File:
* FileName = C:\Users\Hidrografia\Desktop\OPXLII\Brutos\OP42032.hdr
* Software Version Seasave V 7.26.7.107
* Temperature SN = 6502
* Conductivity SN = 4998
* Number of Bytes Per Scan = 37
* Number of Voltage Words = 4
* Number of Scans Averaged by the Deck Unit = 1
* NMEA Latitude = 62 08.42 S
* NMEA Longitude = 058 26.62 W
* NMEA UTC (Time) = Nov 09 2023 07:09:23
* NMEA baud rate = 4800
** H41
** NPOALTEMAXIMIANO
** NUMERO DA ESTACAO (XXX) 032
** LAT (XX XX.XX S/N) 62 08.4 S
** LONG (XXX XX.XX W/E) 058 26.6 W
** DATAHORA (dd/mm/aaaa hh:mm Z) 09/11/2023 0708Z
** PROFUNDIDADE (m) 425
** OPERADOR CT FABIREZA
# nquan = 30
# nvalues = 387                         
# units = specified
# name 0 = scan: Scan Count
# name 1 = timeJ: Julian Days
# name 2 = latitude: Latitude [deg]
# name 3 = longitude: Longitude [deg]
# name 4 = dz/dtM: Descent Rate [m/s]
# name 5 = avgsvCM: Average Sound Velocity [Chen-Millero, m/s]
# name 6 = prDM: Pressure, Digiquartz [db]
# name 7 = depSM: Depth [salt water, m]
# name 8 = t090C: Temperature [ITS-90, deg C]
# name 9 = t190C: Temperature, 2 [ITS-90, deg C]
# name 10 = T2-T190C: Temperature Difference, 2 - 1 [ITS-90, deg C]
# name 11 = potemp090C: Potential Temperature [ITS-90, deg C]
# name 12 = potemp190C: Potential Temperature, 2 [ITS-90, deg C]
# name 13 = potemp90Cdiff: Potential Temperature, Diff, 2 - 1 [ITS-90, deg C]
# name 14 = c0S/m: Conductivity [S/m]
# name 15 = c1S/m: Conductivity, 2 [S/m]
# name 16 = C2-C1S/m: Conductivity Difference, 2 - 1 [S/m]
# name 17 = sal00: Salinity, Practical [PSU]
# name 18 = sal11: Salinity, Practical, 2 [PSU]
# name 19 = sbeox0ML/L: Oxygen, SBE 43 [ml/l]
# name 20 = sigma-é00: Density [sigma-theta, kg/m^3]
# name 21 = sigma-é11: Density, 2 [sigma-theta, kg/m^3]
# name 22 = sal00: Salinity, Practical [PSU]
# name 23 = sigma-é00: Density [sigma-theta, kg/m^3]
# name 24 = svCM: Sound Velocity [Chen-Millero, m/s]
# name 25 = svCM1: Sound Velocity, 2 [Chen-Millero, m/s]
# name 26 = gsw_ptA0: potential temperature [ITS-90, deg C]
# name 27 = gsw_densityA0: density, TEOS-10 [density, kg/m^3]
# name 28 = gsw_saA0: Absolute Salinity [g/kg]
# name 29 = flag:
# span 0 =      15955,      26939       
# span 1 = 313.305877, 313.311174       
# span 2 =  -62.14520,  -62.14329       
# span 3 =  -58.44201,  -58.44076       
# span 4 =     -1.137,     -0.257       
# span 5 =    1448.31,    1448.31       
# span 6 =      1.000,    387.000       
# span 7 =      0.999,    382.921       
# span 8 =    -0.8345,    -0.5538       
# span 9 =    -0.8336,    -0.5538       
# span 10 =    -0.0105,     0.0221      
# span 11 =    -0.8423,    -0.5576      
# span 12 =    -0.8414,    -0.5568      
# span 13 =    -0.0105,     0.0220      
# span 14 =   2.792831,   2.827139      
# span 15 =   2.792806,   2.827136      
# span 16 =  -0.001011,   0.002255      
# span 17 =    34.2846,    34.4127      
# span 18 =    34.2832,    34.4118      
# span 19 =     6.6532,     7.6365      
# span 20 =    27.5555,    27.6612      
# span 21 =    27.5548,    27.6604      
# span 22 =    34.2846,    34.4127      
# span 23 =    27.5555,    27.6612      
# span 24 =    1445.61,    1451.91      
# span 25 =    1445.61,    1451.91      
# span 26 =    -0.8421,    -0.5576      
# span 27 =  1027.5653,  1029.5118      
# span 28 =    34.4468,    34.5813      
# span 29 = 0.0000e+00, 0.0000e+00      
# interval = decibars: 1                
# start_time = Nov 09 2023 07:09:23 [NMEA time, header]
# bad_flag = -9.990e-29
*END*
[from data line 146]
      20247 313.307947 -9.990e-29  -58.44146     -0.849    1448.31    241.000    238.548    -0.8180    -0.8181    -0.0001    -0.8251    -0.8252    -0.0001   2.793627   2.793540  -0.000086    34.3069    34.3058     7.4476    27.5848    27.5839    34.3071    27.5849    1448.33    1448.33    -0.8250  1028.7387    34.4688 0.0000e+00
      20276 313.307961 -9.990e-29  -58.44146     -0.836    1448.31    240.000    237.559    -0.8174    -0.8167     0.0007    -0.8245    -0.8238     0.0007   2.793628   2.793610  -0.000024    34.3069    34.3057     7.4511    27.5848    27.5838    34.3070    27.5849    1448.31    1448.32    -0.8243  1028.7339    34.4688 0.0000e+00
      20303 313.307974  -62.14406  -58.44146     -0.862    1448.31    239.000    236.570    -0.8164    -0.8164    -0.0000    -0.8235    -0.8235    -0.0000   2.793659   2.793575  -0.000075    34.3067    34.3057     7.4628    27.5846    27.5838    34.3069    27.5847    1448.30    1448.30    -0.8233  1028.7310    34.4712 0.0000e+00
      20329 313.307986  -62.14406  -58.44145     -0.913    1448.31    238.000    235.581    -0.8144    -0.8152    -0.0009    -0.8215    -0.8223    -0.0009   2.793774   2.793629  -0.000146    34.3066    34.3056     7.4691    27.5844    27.5836    34.3068    27.5846    1448.30    1448.29    -0.8213  1028.7286    34.4742 0.0000e+00
      20353 313.307998  -62.14406  -58.44144     -0.966    1448.31    237.000    234.592    -0.8137    -0.8136     0.0000    -0.8207    -0.8207     0.0000   2.793798   2.793711  -0.000088    34.3067    34.3055     7.4615    27.5844    27.5835    34.3069    27.5847    1448.28    1448.28    -0.8206  1028.7238    34.4743 0.0000e+00
      20378 313.308010  -62.14406  -58.44144     -0.971    1448.31    236.000    233.602    -0.8128    -0.8126     0.0002    -0.8198    -0.8196     0.0002   2.793807   2.793744  -0.000064    34.3065    34.3054     7.4574    27.5842    27.5833    34.3067    27.5845    1448.27    1448.27    -0.8196  1028.7188    34.4741 0.0000e+00
      20405 313.308023  -62.14406  -58.44144     -0.919    1448.31    235.000    232.613    -0.8107    -0.8115    -0.0008    -0.8177    -0.8185    -0.0007   2.793933   2.793799  -0.000132    34.3064    34.3055     7.4625    27.5841    27.5834    34.3067    27.5843    1448.27    1448.26    -0.8175  1028.7139    34.4740 0.0000e+00
      20433 313.308036  -62.14406  -58.44144     -0.867    1448.31    234.000    231.624    -0.8103    -0.8097     0.0006    -0.8172    -0.8166     0.0006   2.793928   2.793894  -0.000036    34.3064    34.3052     7.4716    27.5840    27.5831    34.3067    27.5843    1448.25    1448.25    -0.8171  1028.7091    34.4740 0.0000e+00
      20461 313.308050  -62.14408  -58.44143     -0.868    1448.31    233.000    230.634    -0.8097    -0.8085     0.0012    -0.8166    -0.8154     0.0012   2.793922   2.793936   0.000010    34.3064    34.3052     7.4518    27.5840    27.5830    34.3065    27.5842    1448.24    1448.24    -0.8164  1028.7042    34.4739 0.0000e+00
      20486 313.308062  -62.14408  -58.44142     -0.908    1448.31    232.000    229.645    -0.8089    -0.8087     0.0003    -0.8158    -0.8156     0.0003   2.793947   2.793879  -0.000058    34.3064    34.3053     7.4512    27.5840    27.5831    34.3067    27.5842    1448.22    1448.22    -0.8156  1028.6995    34.4740 0.0000e+00
      20512 313.308075  -62.14408  -58.44142     -0.929    1448.31    231.000    228.656    -0.8065    -0.8075    -0.0011    -0.8133    -0.8144    -0.0011   2.794090   2.793925  -0.000167    34.3061    34.3051     7.4732    27.5837    27.5829    34.3064    27.5839    1448.22    1448.21    -0.8132  1028.6944    34.4737 0.0000e+00
      20541 313.308088  -62.14408  -58.44142     -0.884    1448.31    230.000    227.666    -0.8049    -0.8067    -0.0018    -0.8118    -0.8136    -0.0018   2.794163   2.793925  -0.000227    34.3059    34.3049     7.4642    27.5835    27.5827    34.3063    27.5837    1448.21    1448.20    -0.8116  1028.6894    34.4736 0.0000e+00
      20571 313.308103  -62.14410  -58.44142     -0.806    1448.31    229.000    226.677    -0.8039    -0.8043    -0.0004    -0.8107    -0.8111    -0.0004   2.794195   2.794078  -0.000121    34.3059    34.3047     7.4545    27.5834    27.5825    34.3062    27.5836    1448.20    1448.20    -0.8105  1028.6846    34.4735 0.0000e+00
      20598 313.308116  -62.14410  -58.44142     -0.827    1448.31    228.000    225.688    -0.8033    -0.8030     0.0003    -0.8101    -0.8098     0.0003   2.794188   2.794136  -0.000057    34.3059    34.3047     7.4532    27.5833    27.5824    34.3060    27.5835    1448.18    1448.18    -0.8099  1028.6796    34.4733 0.0000e+00
      20623 313.308128  -62.14410  -58.44142     -0.937    1448.31    227.000    224.699    -0.8033    -0.8029     0.0004    -0.8101    -0.8096     0.0004   2.794152   2.794102  -0.000053    34.3060    34.3048     7.4650    27.5834    27.5825    34.3061    27.5836    1448.17    1448.17    -0.8099  1028.6749    34.4734 0.0000e+00
      20645 313.308139  -62.14410  -58.44140     -1.032    1448.31    226.000    223.709    -0.8038    -0.8030     0.0008    -0.8105    -0.8097     0.0008   2.794051   2.794040  -0.000013    34.3058    34.3048     7.4588    27.5833    27.5824    34.3059    27.5834    1448.15    1448.15    -0.8103  1028.6700    34.4732 0.0000e+00
      20669 313.308150  -62.14412  -58.44140     -1.038    1448.31    225.000    222.720    -0.8042    -0.8033     0.0009    -0.8109    -0.8100     0.0009   2.793988   2.793968  -0.000019    34.3061    34.3048     7.4589    27.5835    27.5825    34.3061    27.5836    1448.13    1448.13    -0.8107  1028.6654    34.4734 0.0000e+00
      20697 313.308164  -62.14412  -58.44140     -0.907    1448.31    224.000    221.731    -0.8043    -0.8034     0.0009    -0.8110    -0.8101     0.0009   2.793924   2.793926  -0.000003    34.3060    34.3049     7.4726    27.5835    27.5826    34.3061    27.5835    1448.11    1448.12    -0.8108  1028.6606    34.4733 0.0000e+00
      20727 313.308178  -62.14412  -58.44140     -0.807    1448.31    223.000    220.741    -0.8046    -0.8037     0.0009    -0.8112    -0.8103     0.0009   2.793858   2.793844  -0.000014    34.3061    34.3048     7.4655    27.5835    27.5825    34.3061    27.5836    1448.10    1448.10    -0.8111  1028.6559    34.4734 0.0000e+00
      20753 313.308190  -62.14413  -58.44140     -0.875    1448.31    222.000    219.752    -0.8049    -0.8039     0.0010    -0.8115    -0.8105     0.0010   2.793769   2.793781   0.000006    34.3059    34.3048     7.4544    27.5834    27.5825    34.3058    27.5834    1448.08    1448.08    -0.8113  1028.6509    34.4731 0.0000e+00
      20775 313.308201  -62.14414  -58.44140     -0.996    1448.31    221.000    218.762    -0.8053    -0.8042     0.0011    -0.8119    -0.8107     0.0011   2.793691   2.793690   0.000002    34.3059    34.3046     7.4492    27.5834    27.5824    34.3059    27.5834    1448.06    1448.06    -0.8117  1028.6461    34.4731 0.0000e+00
      20797 313.308212  -62.14414  -58.44140     -1.081    1448.31    220.000    217.773    -0.8053    -0.8046     0.0007    -0.8118    -0.8111     0.0007   2.793642   2.793627  -0.000016    34.3059    34.3048     7.4473    27.5834    27.5825    34.3058    27.5833    1448.04    1448.05    -0.8116  1028.6405    34.4721 0.0000e+00
      20821 313.308223 -9.990e-29  -58.44138     -1.066    1448.31    219.000    216.784    -0.8053    -0.8045     0.0008    -0.8117    -0.8110     0.0008   2.793599   2.793578  -0.000025    34.3058    34.3046     7.4683    27.5834    27.5824    34.3058    27.5834    1448.03    1448.03    -0.8116  1028.6322    34.4676 0.0000e+00
      20848 313.308236 -9.990e-29  -58.44138     -0.939    1448.31    218.000    215.795    -0.8050    -0.8043     0.0006    -0.8114    -0.8107     0.0006   2.793574   2.793554  -0.000021    34.3057    34.3046     7.4662    27.5833    27.5824    34.3058    27.5833    1448.01    1448.01    -0.8113  1028.6273    34.4675 0.0000e+00
      20878 313.308251 -9.990e-29  -58.44138     -0.819    1448.31    217.000    214.805    -0.8049    -0.8040     0.0008    -0.8113    -0.8105     0.0008   2.793529   2.793521  -0.000011    34.3057    34.3046     7.4562    27.5833    27.5823    34.3056    27.5832    1448.00    1448.00    -0.8112  1028.6225    34.4674 0.0000e+00
      20904 313.308264  -62.14416  -58.44138     -0.851    1448.31    216.000    213.816    -0.8043    -0.8036     0.0007    -0.8107    -0.8099     0.0007   2.793554   2.793506  -0.000040    34.3057    34.3044     7.4630    27.5833    27.5821    34.3059    27.5834    1447.98    1447.99    -0.8105  1028.6200    34.4704 0.0000e+00
      20929 313.308275  -62.14416  -58.44138     -0.954    1448.31    215.000    212.826    -0.8028    -0.8025     0.0003    -0.8092    -0.8089     0.0003   2.793609   2.793545  -0.000066    34.3055    34.3043     7.4724    27.5830    27.5820    34.3056    27.5831    1447.97    1447.97    -0.8090  1028.6172    34.4728 0.0000e+00
      20953 313.308287  -62.14416  -58.44137     -1.003    1448.31    214.000    211.837    -0.8023    -0.8022     0.0002    -0.8086    -0.8085     0.0002   2.793611   2.793527  -0.000073    34.3055    34.3044     7.4662    27.5830    27.5821    34.3057    27.5832    1447.96    1447.96    -0.8085  1028.6125    34.4729 0.0000e+00
      20978 313.308299  -62.14416  -58.44136     -0.970    1448.31    213.000    210.847    -0.8017    -0.8015     0.0002    -0.8080    -0.8078     0.0002   2.793605   2.793545  -0.000069    34.3055    34.3044     7.4638    27.5830    27.5820    34.3055    27.5830    1447.95    1447.95    -0.8078  1028.6075    34.4727 0.0000e+00
      21006 313.308313  -62.14416  -58.44136     -0.880    1448.31    212.000    209.858    -0.8020    -0.8014     0.0006    -0.8083    -0.8077     0.0006   2.793537   2.793505  -0.000033    34.3056    34.3044     7.4697    27.5830    27.5821    34.3056    27.5831    1447.93    1447.93    -0.8081  1028.6028    34.4728 0.0000e+00
      21034 313.308326  -62.14418  -58.44136     -0.853    1448.31    211.000    208.869    -0.8019    -0.8013     0.0006    -0.8081    -0.8075     0.0006   2.793506   2.793470  -0.000036    34.3056    34.3044     7.4728    27.5830    27.5821    34.3057    27.5831    1447.91    1447.91    -0.8080  1028.5981    34.4729 0.0000e+00
      21059 313.308338  -62.14418  -58.44136     -0.919    1448.31    210.000    207.880    -0.8013    -0.8008     0.0005    -0.8075    -0.8071     0.0005   2.793494   2.793451  -0.000042    34.3054    34.3042     7.4669    27.5828    27.5819    34.3054    27.5829    1447.90    1447.90    -0.8074  1028.5931    34.4726 0.0000e+00
      21083 313.308350  -62.14418  -58.44136     -0.991    1448.31    209.000    206.890    -0.8008    -0.8005     0.0002    -0.8070    -0.8067     0.0002   2.793492   2.793435  -0.000056    34.3053    34.3043     7.4587    27.5828    27.5819    34.3054    27.5829    1447.89    1447.88    -0.8068  1028.5883    34.4726 0.0000e+00
      21108 313.308362  -62.14418  -58.44136     -0.974    1448.31    208.000    205.900    -0.8003    -0.8000     0.0003    -0.8064    -0.8062     0.0003   2.793492   2.793428  -0.000061    34.3054    34.3043     7.4564    27.5828    27.5819    34.3055    27.5829    1447.87    1447.87    -0.8063  1028.5807    34.4692 0.0000e+00
      21137 313.308376 -9.990e-29  -58.44135     -0.872    1448.31    207.000    204.911    -0.8001    -0.8006    -0.0005    -0.8063    -0.8067    -0.0005   2.793441   2.793352  -0.000090    34.3052    34.3045     7.4626    27.5826    27.5821    34.3052    27.5826    1447.86    1447.85    -0.8061  1028.5742    34.4670 0.0000e+00
      21167 313.308390 -9.990e-29  -58.44134     -0.803    1448.31    206.000    203.922    -0.7999    -0.7993     0.0006    -0.8060    -0.8054     0.0006   2.793417   2.793384  -0.000037    34.3052    34.3040     7.4555    27.5827    27.5817    34.3053    27.5827    1447.84    1447.84    -0.8058  1028.5694    34.4670 0.0000e+00
      21194 313.308403 -9.990e-29  -58.44134     -0.839    1448.31    205.000    202.932    -0.7995    -0.7989     0.0006    -0.8056    -0.8049     0.0006   2.793393   2.793373  -0.000017    34.3051    34.3041     7.4570    27.5825    27.5817    34.3051    27.5826    1447.83    1447.83    -0.8054  1028.5645    34.4669 0.0000e+00
      21220 313.308416 -9.990e-29  -58.44134     -0.924    1448.31    204.000    201.943    -0.7993    -0.7986     0.0006    -0.8053    -0.8047     0.0006   2.793373   2.793337  -0.000037    34.3051    34.3039     7.4619    27.5825    27.5815    34.3052    27.5826    1447.81    1447.81    -0.8052  1028.5598    34.4669 0.0000e+00
      21245 313.308428 -9.990e-29  -58.44134     -0.948    1448.31    203.000    200.954    -0.7990    -0.7982     0.0008    -0.8049    -0.8042     0.0008   2.793343   2.793324  -0.000020    34.3050    34.3038     7.4762    27.5824    27.5814    34.3050    27.5824    1447.80    1447.80    -0.8048  1028.5549    34.4668 0.0000e+00
      21271 313.308441 -9.990e-29  -58.44134     -0.926    1448.31    202.000    199.964    -0.7982    -0.7976     0.0006    -0.8041    -0.8035     0.0006   2.793362   2.793327  -0.000037    34.3049    34.3037     7.4674    27.5823    27.5814    34.3050    27.5824    1447.78    1447.79    -0.8040  1028.5500    34.4668 0.0000e+00
      21296 313.308453  -62.14423  -58.44132     -0.940    1448.31    201.000    198.975    -0.7970    -0.7966     0.0004    -0.8029    -0.8025     0.0004   2.793377   2.793334  -0.000042    34.3044    34.3034     7.4610    27.5819    27.5811    34.3045    27.5819    1447.77    1447.77    -0.8028  1028.5456    34.4673 0.0000e+00
      21321 313.308465  -62.14424  -58.44132     -0.964    1448.31    200.000    197.985    -0.7968    -0.7965     0.0002    -0.8027    -0.8024     0.0002   2.793330   2.793289  -0.000039    34.3042    34.3033     7.4589    27.5817    27.5810    34.3042    27.5817    1447.76    1447.76    -0.8025  1028.5441    34.4713 0.0000e+00
      21346 313.308477  -62.14424  -58.44132     -0.963    1448.31    199.000    196.996    -0.7967    -0.7962     0.0005    -0.8025    -0.8021     0.0005   2.793298   2.793258  -0.000040    34.3042    34.3031     7.4622    27.5817    27.5808    34.3043    27.5818    1447.74    1447.74    -0.8024  1028.5394    34.4714 0.0000e+00
      21373 313.308490  -62.14424  -58.44132     -0.921    1448.31    198.000    196.007    -0.7967    -0.7961     0.0007    -0.8026    -0.8019     0.0007   2.793235   2.793216  -0.000022    34.3041    34.3030     7.4694    27.5816    27.5807    34.3041    27.5816    1447.72    1447.73    -0.8024  1028.5345    34.4713 0.0000e+00
      21401 313.308503  -62.14424  -58.44132     -0.863    1448.31    197.000    195.017    -0.7965    -0.7959     0.0006    -0.8023    -0.8017     0.0006   2.793206   2.793175  -0.000033    34.3041    34.3029     7.4578    27.5816    27.5806    34.3041    27.5816    1447.71    1447.71    -0.8022  1028.5297    34.4712 0.0000e+00
      21429 313.308516  -62.14424  -58.44132     -0.858    1448.31    196.000    194.027    -0.7973    -0.7960     0.0013    -0.8031    -0.8017     0.0013   2.793061   2.793116   0.000053    34.3037    34.3029     7.4582    27.5813    27.5806    34.3036    27.5813    1447.69    1447.69    -0.8029  1028.5246    34.4708 0.0000e+00
      21453 313.308528  -62.14425  -58.44132     -0.932    1448.31    195.000    193.038    -0.7980    -0.7967     0.0013    -0.8037    -0.8024     0.0013   2.792930   2.792984   0.000052    34.3034    34.3027     7.4640    27.5811    27.5804    34.3032    27.5810    1447.67    1447.67    -0.8036  1028.5195    34.4704 0.0000e+00
