Pos-Processados/process_op42/Processamento_split/up/uoperantar42_039.cnv
* Sea-Bird SBE 9 Data File:
* FileName = C:\Users\Hidrografia\Desktop\OPXLII\Brutos\OP42039.hdr
* Software Version Seasave V 7.26.7.107
* Temperature SN = 6502
* Conductivity SN = 4998
* Number of Bytes Per Scan = 37
* Number of Voltage Words = 4
* Number of Scans Averaged by the Deck Unit = 1
* NMEA Latitude = 62 08.51 S
* NMEA Longitude = 058 26.65 W
* NMEA UTC (Time) = Nov 09 2023 14:12:29
* NMEA baud rate = 4800
** H41
** NPOALTEMAXIMIANO
** NUMERO DA ESTACAO (XXX) 039
** LAT (XX XX.XX S/N) 62 08.14 S
** LONG (XXX XX.XX W/E) 058 26.57 W
** DATAHORA (dd/mm/aaaa hh:mm Z) 09/11/2023 1405Z
** PROFUNDIDADE (m) 410
** OPERADOR 1T ZAMITH
# nquan = 30
# nvalues = 359                         
# units = specified
# name 0 = scan: Scan Count
# name 1 = timeJ: Julian Days
# name 2 = latitude: Latitude [deg]
# name 3 = longitude: Longitude [deg]
# name 4 = dz/dtM: Descent Rate [m/s]
# name 5 = avgsvCM: Average Sound Velocity [Chen-Millero, m/s]
# name 6 = prDM: Pressure, Digiquartz [db]
# name 7 = depSM: Depth [salt water, m]
# name 8 = t090C: Temperature [ITS-90, deg C]
# name 9 = t190C: Temperature, 2 [ITS-90, deg C]
# name 10 = T2-T190C: Temperature Difference, 2 - 1 [ITS-90, deg C]
# name 11 = potemp090C: Potential Temperature [ITS-90, deg C]
# name 12 = potemp190C: Potential Temperature, 2 [ITS-90, deg C]
# name 13 = potemp90Cdiff: Potential Temperature, Diff, 2 - 1 [ITS-90, deg C]
# name 14 = c0S/m: Conductivity [S/m]
# name 15 = c1S/m: Conductivity, 2 [S/m]
# name 16 = C2-C1S/m: Conductivity Difference, 2 - 1 [S/m]
# name 17 = sal00: Salinity, Practical [PSU]
# name 18 = sal11: Salinity, Practical, 2 [PSU]
# name 19 = sbeox0ML/L: Oxygen, SBE 43 [ml/l]
# name 20 = sigma-é00: Density [sigma-theta, kg/m^3]
# name 21 = sigma-é11: Density, 2 [sigma-theta, kg/m^3]
# name 22 = sal00: Salinity, Practical [PSU]
# name 23 = sigma-é00: Density [sigma-theta, kg/m^3]
# name 24 = svCM: Sound Velocity [Chen-Millero, m/s]
# name 25 = svCM1: Sound Velocity, 2 [Chen-Millero, m/s]
# name 26 = gsw_ptA0: potential temperature [ITS-90, deg C]
# name 27 = gsw_densityA0: density, TEOS-10 [density, kg/m^3]
# name 28 = gsw_saA0: Absolute Salinity [g/kg]
# name 29 = flag:
# span 0 =      13399,      21703       
# span 1 = 313.598464, 313.602468       
# span 2 =  -62.14486,  -62.14376       
# span 3 =  -58.44254,  -58.44086       
# span 4 =     -1.238,     -0.526       
# span 5 =    1448.33,    1448.34       
# span 6 =      4.000,    362.000       
# span 7 =      4.023,    358.213       
# span 8 =    -0.8195,    -0.4022       
# span 9 =    -0.8189,    -0.4008       
# span 10 =    -0.0233,     0.0123      
# span 11 =    -0.8237,    -0.4146      
# span 12 =    -0.8231,    -0.4132      
# span 13 =    -0.0233,     0.0122      
# span 14 =   2.789281,   2.841631      
# span 15 =   2.789258,   2.841662      
# span 16 =  -0.002063,   0.001122      
# span 17 =    34.2771,    34.4113      
# span 18 =    34.2765,    34.4100      
# span 19 =     6.5537,     7.6435      
# span 20 =    27.5490,    27.6514      
# span 21 =    27.5486,    27.6504      
# span 22 =    34.2776,    34.4114      
# span 23 =    27.5494,    27.6515      
# span 24 =    1445.69,    1452.35      
# span 25 =    1445.68,    1452.35      
# span 26 =    -0.8236,    -0.4144      
# span 27 =  1027.5731,  1029.3801      
# span 28 =    34.4402,    34.5795      
# span 29 = 0.0000e+00, 0.0000e+00      
# interval = decibars: 1                
# start_time = Nov 09 2023 14:12:29 [NMEA time, header]
# bad_flag = -9.990e-29
*END*
[from data line 194]
      17895 313.600632  -62.14441  -58.44191     -1.151    1448.33    168.000    166.321    -0.7670    -0.7669     0.0001    -0.7720    -0.7719     0.0001   2.795018   2.794960  -0.000068    34.3138    34.3127     7.3798    27.5882    27.5873    34.3131    27.5876    1447.39    1447.39    -0.7718  1028.3970    34.4801 0.0000e+00
      17918 313.600643  -62.14442  -58.44190     -1.089    1448.33    167.000    165.331    -0.7714    -0.7663     0.0051    -0.7763    -0.7712     0.0051   2.794554   2.794916   0.000362    34.3134    34.3125     7.3879    27.5881    27.5871    34.3123    27.5872    1447.35    1447.37    -0.7762  1028.3918    34.4794 0.0000e+00
      17941 313.600654  -62.14442  -58.44190     -1.056    1448.33    166.000    164.341    -0.7729    -0.7704     0.0025    -0.7778    -0.7753     0.0025   2.794385   2.794539   0.000147    34.3131    34.3122     7.4047    27.5878    27.5871    34.3124    27.5873    1447.33    1447.34    -0.7777  1028.3872    34.4794 0.0000e+00
      17963 313.600664  -62.14442  -58.44190     -1.076    1448.33    165.000    163.352    -0.7734    -0.7711     0.0023    -0.7783    -0.7759     0.0023   2.794288   2.794408   0.000135    34.3129    34.3121     7.4077    27.5877    27.5870    34.3123    27.5872    1447.31    1447.32    -0.7781  1028.3823    34.4793 0.0000e+00
      17984 313.600674  -62.14442  -58.44188     -1.119    1448.33    164.000    162.362    -0.7739    -0.7729     0.0010    -0.7787    -0.7777     0.0010   2.794194   2.794205   0.000011    34.3128    34.3117     7.4039    27.5877    27.5868    34.3122    27.5872    1447.29    1447.29    -0.7786  1028.3775    34.4792 0.0000e+00
      18005 313.600685  -62.14442  -58.44188     -1.142    1448.33    163.000    161.372    -0.7749    -0.7731     0.0017    -0.7797    -0.7779     0.0017   2.794022   2.794143   0.000093    34.3124    34.3117     7.4031    27.5874    27.5868    34.3116    27.5867    1447.27    1447.27    -0.7796  1028.3723    34.4786 0.0000e+00
      18026 313.600695  -62.14444  -58.44188     -1.126    1448.33    162.000    160.383    -0.7780    -0.7744     0.0036    -0.7828    -0.7792     0.0036   2.793732   2.793969   0.000247    34.3125    34.3118     7.4016    27.5876    27.5869    34.3118    27.5870    1447.24    1447.25    -0.7826  1028.3678    34.4788 0.0000e+00
      18049 313.600706  -62.14444  -58.44186     -1.086    1448.33    161.000    159.393    -0.7779    -0.7764     0.0016    -0.7827    -0.7811     0.0016   2.793699   2.793756   0.000059    34.3124    34.3115     7.4047    27.5875    27.5867    34.3119    27.5871    1447.22    1447.23    -0.7825  1028.3631    34.4789 0.0000e+00
      18072 313.600717  -62.14444  -58.44186     -1.050    1448.33    160.000    158.403    -0.7817    -0.7771     0.0047    -0.7864    -0.7818     0.0047   2.793279   2.793640   0.000325    34.3123    34.3114     7.4064    27.5876    27.5867    34.3112    27.5867    1447.19    1447.21    -0.7863  1028.3579    34.4782 0.0000e+00
      18095 313.600728  -62.14444  -58.44186     -1.037    1448.33    159.000    157.414    -0.7911    -0.7843     0.0068    -0.7958    -0.7890     0.0068   2.792390   2.792913   0.000514    34.3122    34.3115     7.4106    27.5879    27.5870    34.3104    27.5865    1447.12    1447.16    -0.7956  1028.3530    34.4774 0.0000e+00
      18118 313.600739  -62.14444  -58.44186     -1.035    1448.33    158.000    156.424    -0.7935    -0.7910     0.0025    -0.7981    -0.7956     0.0025   2.792220   2.792337   0.000142    34.3117    34.3108     7.4142    27.5876    27.5868    34.3114    27.5873    1447.10    1447.11    -0.7980  1028.3490    34.4784 0.0000e+00
      18141 313.600750  -62.14444  -58.44185     -1.053    1448.33    157.000    155.435    -0.7904    -0.7882     0.0023    -0.7950    -0.7928     0.0023   2.792403   2.792520   0.000136    34.3115    34.3107     7.4121    27.5873    27.5866    34.3110    27.5869    1447.10    1447.10    -0.7949  1028.3439    34.4780 0.0000e+00
      18163 313.600761  -62.14444  -58.44184     -1.083    1448.33    156.000    154.445    -0.7906    -0.7899     0.0007    -0.7951    -0.7945     0.0007   2.792329   2.792328  -0.000003    34.3115    34.3107     7.4190    27.5873    27.5866    34.3108    27.5868    1447.08    1447.08    -0.7950  1028.3389    34.4778 0.0000e+00
      18184 313.600771  -62.14445  -58.44184     -1.104    1448.33    155.000    153.455    -0.7920    -0.7908     0.0012    -0.7966    -0.7953     0.0012   2.792131   2.792182   0.000040    34.3114    34.3106     7.4336    27.5873    27.5865    34.3104    27.5865    1447.05    1447.06    -0.7964  1028.3338    34.4774 0.0000e+00
      18206 313.600782  -62.14446  -58.44183     -1.108    1448.33    154.000    152.465    -0.8008    -0.7937     0.0071    -0.8053    -0.7982     0.0071   2.791300   2.791881   0.000544    34.3111    34.3104     7.4300    27.5874    27.5865    34.3097    27.5863    1447.00    1447.03    -0.8051  1028.3289    34.4766 0.0000e+00
      18228 313.600792  -62.14446  -58.44182     -1.094    1448.33    153.000    151.476    -0.8100    -0.7998     0.0102    -0.8145    -0.8043     0.0102   2.790390   2.791282   0.000845    34.3104    34.3103     7.4223    27.5872    27.5867    34.3085    27.5857    1446.94    1446.98    -0.8143  1028.3236    34.4754 0.0000e+00
      18251 313.600803  -62.14446  -58.44182     -1.068    1448.33    152.000    150.486    -0.8102    -0.8063     0.0040    -0.8147    -0.8107     0.0040   2.790336   2.790638   0.000346    34.3096    34.3098     7.4169    27.5866    27.5866    34.3086    27.5858    1446.92    1446.94    -0.8145  1028.3189    34.4756 0.0000e+00
      18274 313.600814  -62.14446  -58.44182     -1.051    1448.33    151.000    149.497    -0.8159    -0.8121     0.0038    -0.8202    -0.8164     0.0038   2.789775   2.790084   0.000324    34.3094    34.3094     7.4259    27.5866    27.5865    34.3081    27.5856    1446.87    1446.89    -0.8201  1028.3139    34.4750 0.0000e+00
      18296 313.600825  -62.14446  -58.44180     -1.071    1448.33    150.000    148.507    -0.8173    -0.8152     0.0021    -0.8216    -0.8196     0.0021   2.789618   2.789748   0.000134    34.3092    34.3086     7.4385    27.5865    27.5859    34.3082    27.5857    1446.85    1446.86    -0.8215  1028.3093    34.4751 0.0000e+00
      18317 313.600835  -62.14446  -58.44180     -1.110    1448.33    149.000    147.517    -0.8181    -0.8157     0.0024    -0.8224    -0.8200     0.0024   2.789520   2.789655   0.000143    34.3091    34.3084     7.4476    27.5865    27.5858    34.3083    27.5858    1446.83    1446.84    -0.8223  1028.3047    34.4752 0.0000e+00
      18338 313.600845  -62.14448  -58.44180     -1.127    1448.33    148.000    146.527    -0.8192    -0.8172     0.0020    -0.8234    -0.8215     0.0020   2.789337   2.789452   0.000126    34.3087    34.3081     7.4481    27.5861    27.5856    34.3077    27.5854    1446.81    1446.82    -0.8233  1028.2994    34.4746 0.0000e+00
      18360 313.600856  -62.14448  -58.44179     -1.117    1448.33    147.000    145.538    -0.8195    -0.8189     0.0006    -0.8237    -0.8231     0.0006   2.789281   2.789258  -0.000017    34.3087    34.3077     7.4550    27.5862    27.5854    34.3080    27.5856    1446.79    1446.79    -0.8236  1028.2949    34.4748 0.0000e+00
      18383 313.600867  -62.14448  -58.44178     -1.083    1448.33    146.000    144.548    -0.8169    -0.8176    -0.0007    -0.8211    -0.8218    -0.0007   2.789414   2.789318  -0.000067    34.3075    34.3073     7.4528    27.5851    27.5850    34.3074    27.5850    1446.79    1446.78    -0.8210  1028.2895    34.4743 0.0000e+00
      18407 313.600879  -62.14448  -58.44178     -1.029    1448.33    145.000    143.558    -0.8100    -0.8136    -0.0036    -0.8142    -0.8178    -0.0036   2.789855   2.789527  -0.000311    34.3060    34.3059     7.4571    27.5836    27.5837    34.3061    27.5837    1446.80    1446.78    -0.8141  1028.2834    34.4730 0.0000e+00
      18430 313.600890  -62.14448  -58.44177     -1.001    1448.33    144.000    142.569    -0.8080    -0.8090    -0.0010    -0.8121    -0.8131    -0.0010   2.789917   2.789793  -0.000133    34.3055    34.3049     7.4601    27.5832    27.5827    34.3053    27.5830    1446.79    1446.79    -0.8120  1028.2778    34.4722 0.0000e+00
      18453 313.600901  -62.14448  -58.44176     -1.034    1448.33    143.000    141.579    -0.8073    -0.8084    -0.0011    -0.8114    -0.8126    -0.0011   2.789958   2.789786  -0.000154    34.3056    34.3048     7.4712    27.5832    27.5826    34.3057    27.5833    1446.78    1446.78    -0.8113  1028.2734    34.4726 0.0000e+00
      18474 313.600911  -62.14448  -58.44176     -1.094    1448.33    142.000    140.589    -0.8050    -0.8050    -0.0000    -0.8091    -0.8091    -0.0000   2.790064   2.789982  -0.000093    34.3051    34.3039     7.4730    27.5827    27.5817    34.3052    27.5827    1446.78    1446.77    -0.8090  1028.2680    34.4720 0.0000e+00
      18495 313.600921  -62.14448  -58.44175     -1.128    1448.33    141.000    139.600    -0.8038    -0.8036     0.0002    -0.8079    -0.8076     0.0002   2.790092   2.790032  -0.000056    34.3047    34.3037     7.4748    27.5823    27.5815    34.3048    27.5824    1446.76    1446.76    -0.8078  1028.2629    34.4716 0.0000e+00
      18517 313.600932  -62.14448  -58.44174     -1.120    1448.33    140.000    138.610    -0.8032    -0.8033    -0.0001    -0.8072    -0.8073    -0.0001   2.790087   2.790020  -0.000060    34.3046    34.3039     7.4750    27.5822    27.5816    34.3047    27.5822    1446.75    1446.75    -0.8071  1028.2579    34.4715 0.0000e+00
      18540 313.600943  -62.14449  -58.44174     -1.078    1448.33    139.000    137.620    -0.8019    -0.8023    -0.0004    -0.8059    -0.8063    -0.0004   2.790142   2.790044  -0.000099    34.3044    34.3036     7.4746    27.5820    27.5814    34.3046    27.5821    1446.74    1446.74    -0.8058  1028.2492    34.4666 0.0000e+00
      18564 313.600954 -9.990e-29  -58.44174     -1.032    1448.33    138.000    136.630    -0.8014    -0.8016    -0.0001    -0.8054    -0.8056    -0.0001   2.790128   2.790052  -0.000076    34.3044    34.3035     7.4747    27.5820    27.5812    34.3045    27.5820    1446.73    1446.72    -0.8053  1028.2441    34.4663 0.0000e+00
      18586 313.600965 -9.990e-29  -58.44172     -1.036    1448.33    137.000    135.641    -0.8013    -0.8009     0.0005    -0.8053    -0.8048     0.0005   2.790082   2.790047  -0.000034    34.3043    34.3033     7.4868    27.5819    27.5811    34.3044    27.5819    1446.71    1446.71    -0.8052  1028.2392    34.4661 0.0000e+00
      18607 313.600975 -9.990e-29  -58.44172     -1.090    1448.33    136.000    134.651    -0.8006    -0.8001     0.0005    -0.8045    -0.8040     0.0005   2.790111   2.790061  -0.000044    34.3043    34.3031     7.4745    27.5819    27.5809    34.3045    27.5820    1446.70    1446.70    -0.8044  1028.2345    34.4663 0.0000e+00
      18629 313.600986 -9.990e-29  -58.44172     -1.130    1448.33    135.000    133.661    -0.8000    -0.7996     0.0004    -0.8039    -0.8035     0.0004   2.790116   2.790053  -0.000063    34.3044    34.3031     7.4657    27.5819    27.5808    34.3045    27.5820    1446.68    1446.68    -0.8038  1028.2297    34.4663 0.0000e+00
      18651 313.600996 -9.990e-29  -58.44170     -1.116    1448.33    134.000    132.671    -0.7988    -0.7992    -0.0004    -0.8027    -0.8030    -0.0004   2.790141   2.790035  -0.000101    34.3039    34.3030     7.4668    27.5815    27.5807    34.3041    27.5816    1446.67    1446.67    -0.8026  1028.2246    34.4659 0.0000e+00
      18675 313.601008 -9.990e-29  -58.44170     -1.040    1448.33    133.000    131.681    -0.7977    -0.7985    -0.0008    -0.8016    -0.8023    -0.0008   2.790170   2.790037  -0.000133    34.3038    34.3029     7.4730    27.5813    27.5806    34.3039    27.5814    1446.66    1446.66    -0.8014  1028.2196    34.4656 0.0000e+00
      18700 313.601020 -9.990e-29  -58.44170     -0.973    1448.33    132.000    130.692    -0.7966    -0.7970    -0.0004    -0.8004    -0.8008    -0.0004   2.790184   2.790085  -0.000100    34.3032    34.3024     7.4778    27.5808    27.5801    34.3034    27.5810    1446.65    1446.65    -0.8003  1028.2143    34.4652 0.0000e+00
      18723 313.601031  -62.14452  -58.44168     -0.989    1448.33    131.000    129.702    -0.7961    -0.7960     0.0001    -0.7999    -0.7998     0.0001   2.790177   2.790112  -0.000070    34.3033    34.3022     7.4899    27.5809    27.5800    34.3034    27.5810    1446.64    1446.64    -0.7998  1028.2104    34.4663 0.0000e+00
      18745 313.601042  -62.14452  -58.44168     -1.063    1448.33    130.000    128.712    -0.7961    -0.7950     0.0010    -0.7998    -0.7988     0.0010   2.790126   2.790110  -0.000019    34.3032    34.3018     7.4872    27.5807    27.5796    34.3033    27.5808    1446.62    1446.62    -0.7997  1028.2087    34.4700 0.0000e+00
      18765 313.601051  -62.14452  -58.44168     -1.136    1448.33    129.000    127.722    -0.7956    -0.7950     0.0006    -0.7993    -0.7987     0.0006   2.790106   2.790071  -0.000034    34.3029    34.3018     7.4696    27.5806    27.5797    34.3031    27.5807    1446.61    1446.61    -0.7992  1028.2036    34.4698 0.0000e+00
      18786 313.601062  -62.14452  -58.44167     -1.160    1448.33    128.000    126.733    -0.7954    -0.7946     0.0008    -0.7991    -0.7983     0.0008   2.790074   2.790050  -0.000025    34.3030    34.3018     7.4728    27.5806    27.5796    34.3031    27.5807    1446.59    1446.59    -0.7990  1028.1989    34.4698 0.0000e+00
      18809 313.601073  -62.14452  -58.44166     -1.096    1448.33    127.000    125.743    -0.7951    -0.7947     0.0004    -0.7987    -0.7983     0.0004   2.790045   2.790006  -0.000037    34.3028    34.3019     7.4816    27.5804    27.5796    34.3030    27.5805    1446.58    1446.58    -0.7987  1028.1940    34.4696 0.0000e+00
      18835 313.601085  -62.14452  -58.44166     -0.983    1448.33    126.000    124.753    -0.7944    -0.7943     0.0002    -0.7981    -0.7979     0.0002   2.790048   2.789989  -0.000059    34.3028    34.3017     7.4827    27.5803    27.5795    34.3029    27.5805    1446.56    1446.56    -0.7980  1028.1891    34.4696 0.0000e+00
      18859 313.601097  -62.14452  -58.44165     -0.957    1448.33    125.000    123.763    -0.7933    -0.7933     0.0000    -0.7969    -0.7969     0.0000   2.790075   2.790006  -0.000065    34.3024    34.3015     7.4830    27.5800    27.5793    34.3025    27.5801    1446.55    1446.55    -0.7968  1028.1840    34.4692 0.0000e+00
      18881 313.601107  -62.14453  -58.44164     -1.037    1448.33    124.000    122.773    -0.7925    -0.7923     0.0003    -0.7961    -0.7959     0.0003   2.790080   2.790023  -0.000062    34.3023    34.3012     7.4943    27.5799    27.5790    34.3024    27.5800    1446.54    1446.54    -0.7960  1028.1790    34.4690 0.0000e+00
      18901 313.601117  -62.14454  -58.44164     -1.129    1448.33    123.000    121.783    -0.7923    -0.7907     0.0016    -0.7959    -0.7943     0.0016   2.790064   2.790089   0.000018    34.3024    34.3008     7.4981    27.5799    27.5786    34.3026    27.5801    1446.52    1446.53    -0.7958  1028.1743    34.4692 0.0000e+00
      18922 313.601127  -62.14454  -58.44162     -1.174    1448.33    122.000    120.794    -0.7911    -0.7909     0.0002    -0.7946    -0.7944     0.0002   2.790113   2.790040  -0.000056    34.3021    34.3012     7.4841    27.5797    27.5789    34.3024    27.5799    1446.51    1446.51    -0.7945  1028.1694    34.4690 0.0000e+00
