Pos-Processados/process_op42/Processamento_split/up/uoperantar42_054.cnv
* Sea-Bird SBE 9 Data File:
* FileName = C:\Users\Hidrografia\Desktop\OPXLII\Brutos\OP42054.hdr
* Software Version Seasave V 7.26.7.107
* Temperature SN = 6502
* Conductivity SN = 4998
* Number of Bytes Per Scan = 37
* Number of Voltage Words = 4
* Number of Scans Averaged by the Deck Unit = 1
* NMEA Latitude = 62 18.63 S
* NMEA Longitude = 058 16.10 W
* NMEA UTC (Time) = Nov 17 2023 03:29:41
* NMEA baud rate = 4800
** H41
** NPOALTEMAXIMIANO
** NUMERO DA ESTACAO (XXX) 054
** LAT (XX XX.XX S/N) 62 18.649 S
** LONG (XXX XX.XX W/E) 058 16.1 W
** DATAHORA (dd/mm/aaaa hh:mm Z) 17/11/2023 0328Z
** PROFUNDIDADE (m) 1520 m
** OPERADOR CT FILIPE LOPES
# nquan = 30
# nvalues = 1433                        
# units = specified
# name 0 = scan: Scan Count
# name 1 = timeJ: Julian Days
# name 2 = latitude: Latitude [deg]
# name 3 = longitude: Longitude [deg]
# name 4 = dz/dtM: Descent Rate [m/s]
# name 5 = avgsvCM: Average Sound Velocity [Chen-Millero, m/s]
# name 6 = prDM: Pressure, Digiquartz [db]
# name 7 = depSM: Depth [salt water, m]
# name 8 = t090C: Temperature [ITS-90, deg C]
# name 9 = t190C: Temperature, 2 [ITS-90, deg C]
# name 10 = T2-T190C: Temperature Difference, 2 - 1 [ITS-90, deg C]
# name 11 = potemp090C: Potential Temperature [ITS-90, deg C]
# name 12 = potemp190C: Potential Temperature, 2 [ITS-90, deg C]
# name 13 = potemp90Cdiff: Potential Temperature, Diff, 2 - 1 [ITS-90, deg C]
# name 14 = c0S/m: Conductivity [S/m]
# name 15 = c1S/m: Conductivity, 2 [S/m]
# name 16 = C2-C1S/m: Conductivity Difference, 2 - 1 [S/m]
# name 17 = sal00: Salinity, Practical [PSU]
# name 18 = sal11: Salinity, Practical, 2 [PSU]
# name 19 = sbeox0ML/L: Oxygen, SBE 43 [ml/l]
# name 20 = sigma-é00: Density [sigma-theta, kg/m^3]
# name 21 = sigma-é11: Density, 2 [sigma-theta, kg/m^3]
# name 22 = sal00: Salinity, Practical [PSU]
# name 23 = sigma-é00: Density [sigma-theta, kg/m^3]
# name 24 = svCM: Sound Velocity [Chen-Millero, m/s]
# name 25 = svCM1: Sound Velocity, 2 [Chen-Millero, m/s]
# name 26 = gsw_ptA0: potential temperature [ITS-90, deg C]
# name 27 = gsw_densityA0: density, TEOS-10 [density, kg/m^3]
# name 28 = gsw_saA0: Absolute Salinity [g/kg]
# name 29 = flag:
# span 0 =      36678,      70863       
# span 1 = 321.163301, 321.179787       
# span 2 =  -62.30992,  -62.30930       
# span 3 =  -58.26481,  -58.25813       
# span 4 =     -1.346,     -0.519       
# span 5 =    1457.48,    1457.48       
# span 6 =      2.000,   1434.000       
# span 7 =      1.986,   1415.352       
# span 8 =    -1.3430,     0.6377       
# span 9 =    -1.3424,     0.6391       
# span 10 =    -0.0466,     0.0466      
# span 11 =    -1.3958,     0.6126      
# span 12 =    -1.3951,     0.6139      
# span 13 =    -0.0464,     0.0464      
# span 14 =   2.800594,   2.950958      
# span 15 =   2.800635,   2.951016      
# span 16 =  -0.004361,   0.003425      
# span 17 =    34.2577,    34.5703      
# span 18 =    34.2555,    34.5681      
# span 19 =     5.1277,     7.8598      
# span 20 =    27.5249,    27.7863      
# span 21 =    27.5227,    27.7853      
# span 22 =    34.2604,    34.5724      
# span 23 =    27.5264,    27.7862      
# span 24 =    1446.23,    1465.84      
# span 25 =    1446.22,    1465.84      
# span 26 =    -1.3947,     0.6128      
# span 27 =  1027.5406,  1034.5816      
# span 28 =    34.4258,    34.7424      
# span 29 = 0.0000e+00, 0.0000e+00      
# interval = decibars: 1                
# start_time = Nov 17 2023 03:29:41 [NMEA time, header]
# bad_flag = -9.990e-29
*END*
[from data line 532]
      48778 321.169136  -62.30966  -58.26244     -1.120    1457.48    902.000    891.397    -1.0981    -1.0974     0.0008    -1.1288    -1.1280     0.0008   2.814805   2.814771  -0.000028    34.5140    34.5127     6.4556    27.7644    27.7633    34.5141    27.7644    1458.13    1458.14    -1.1281  1032.0588    34.6838 0.0000e+00
      48800 321.169147  -62.30966  -58.26244     -1.117    1457.48    901.000    890.411    -1.0975    -1.0968     0.0008    -1.1281    -1.1274     0.0007   2.814824   2.814792  -0.000038    34.5143    34.5129     6.4589    27.7646    27.7634    34.5142    27.7645    1458.12    1458.12    -1.1274  1032.0542    34.6839 0.0000e+00
      48821 321.169157  -62.30966  -58.26244     -1.114    1457.48    900.000    889.425    -1.0975    -1.0968     0.0007    -1.1280    -1.1273     0.0007   2.814770   2.814748  -0.000019    34.5140    34.5130     6.4495    27.7644    27.7635    34.5140    27.7644    1458.10    1458.11    -1.1273  1032.0492    34.6837 0.0000e+00
      48842 321.169167  -62.30964  -58.26242     -1.136    1457.48    899.000    888.439    -1.0978    -1.0970     0.0008    -1.1283    -1.1275     0.0008   2.814706   2.814684  -0.000020    34.5142    34.5129     6.4524    27.7645    27.7635    34.5141    27.7645    1458.09    1458.09    -1.1276  1032.0446    34.6838 0.0000e+00
      48862 321.169177  -62.30964  -58.26242     -1.164    1457.48    898.000    887.453    -1.0977    -1.0969     0.0008    -1.1281    -1.1273     0.0008   2.814674   2.814643  -0.000030    34.5141    34.5128     6.4624    27.7645    27.7634    34.5141    27.7645    1458.07    1458.07    -1.1275  1032.0399    34.6838 0.0000e+00
      48882 321.169187  -62.30964  -58.26242     -1.180    1457.48    897.000    886.466    -1.0975    -1.0967     0.0008    -1.1280    -1.1271     0.0008   2.814631   2.814609  -0.000023    34.5141    34.5128     6.4509    27.7644    27.7634    34.5140    27.7643    1458.05    1458.06    -1.1273  1032.0351    34.6837 0.0000e+00
      48902 321.169196  -62.30964  -58.26242     -1.199    1457.48    896.000    885.480    -1.0970    -1.0967     0.0004    -1.1274    -1.1271     0.0004   2.814646   2.814581  -0.000062    34.5140    34.5128     6.4481    27.7644    27.7633    34.5142    27.7645    1458.04    1458.04    -1.1267  1032.0306    34.6839 0.0000e+00
      48923 321.169206  -62.30964  -58.26242     -1.200    1457.48    895.000    884.494    -1.0959    -1.0949     0.0009    -1.1262    -1.1253     0.0009   2.814694   2.814674  -0.000023    34.5141    34.5127     6.4634    27.7644    27.7632    34.5141    27.7644    1458.03    1458.03    -1.1256  1032.0257    34.6839 0.0000e+00
      48943 321.169216  -62.30964  -58.26240     -1.178    1457.48    894.000    883.508    -1.0965    -1.0963     0.0002    -1.1269    -1.1266     0.0002   2.814615   2.814511  -0.000093    34.5143    34.5128     6.4518    27.7646    27.7633    34.5144    27.7647    1458.01    1458.01    -1.1261  1032.0213    34.6841 0.0000e+00
      48964 321.169226  -62.30964  -58.26240     -1.152    1457.48    893.000    882.522    -1.0954    -1.0956    -0.0002    -1.1257    -1.1259    -0.0002   2.814632   2.814532  -0.000104    34.5140    34.5128     6.4546    27.7643    27.7633    34.5139    27.7642    1458.00    1458.00    -1.1250  1032.0161    34.6836 0.0000e+00
      48986 321.169236  -62.30964  -58.26240     -1.138    1457.48    892.000    881.536    -1.0975    -1.0972     0.0003    -1.1277    -1.1274     0.0003   2.814401   2.814338  -0.000069    34.5141    34.5128     6.4602    27.7644    27.7634    34.5138    27.7642    1457.97    1457.97    -1.1270  1032.0114    34.6835 0.0000e+00
      49007 321.169247  -62.30964  -58.26240     -1.128    1457.48    891.000    880.549    -1.0985    -1.0978     0.0007    -1.1286    -1.1280     0.0007   2.814314   2.814262  -0.000047    34.5143    34.5129     6.4506    27.7646    27.7634    34.5143    27.7646    1457.95    1457.95    -1.1280  1032.0078    34.6848 0.0000e+00
      49029 321.169257  -62.30964 -9.990e-29     -1.105    1457.48    890.000    879.563    -1.0988    -1.0988    -0.0000    -1.1289    -1.1289    -0.0000   2.814235   2.814163  -0.000075    34.5143    34.5133     6.4585    27.7646    27.7638    34.5141    27.7645    1457.93    1457.93    -1.1282  1032.0040    34.6859 0.0000e+00
      49053 321.169269  -62.30964 -9.990e-29     -1.054    1457.48    889.000    878.577    -1.1002    -1.0989     0.0013    -1.1302    -1.1289     0.0013   2.814086   2.814098   0.000015    34.5145    34.5132     6.4542    27.7648    27.7638    34.5143    27.7647    1457.91    1457.91    -1.1296  1031.9996    34.6861 0.0000e+00
      49077 321.169280  -62.30964 -9.990e-29     -1.010    1457.48    888.000    877.591    -1.1007    -1.0999     0.0008    -1.1308    -1.1299     0.0008   2.814005   2.813983  -0.000023    34.5146    34.5133     6.4380    27.7650    27.7639    34.5144    27.7648    1457.89    1457.89    -1.1301  1031.9950    34.6863 0.0000e+00
      49100 321.169292  -62.30964  -58.26238     -1.007    1457.48    887.000    876.605    -1.1011    -1.0999     0.0013    -1.1311    -1.1298     0.0012   2.813933   2.813943   0.000008    34.5145    34.5132     6.4594    27.7649    27.7638    34.5145    27.7649    1457.87    1457.88    -1.1304  1031.9902    34.6861 0.0000e+00
      49122 321.169302  -62.30964  -58.26237     -1.052    1457.48    886.000    875.618    -1.0993    -1.0982     0.0011    -1.1292    -1.1281     0.0011   2.814051   2.814048  -0.000003    34.5144    34.5131     6.4605    27.7648    27.7637    34.5146    27.7649    1457.86    1457.87    -1.1286  1031.9839    34.6843 0.0000e+00
      49143 321.169312  -62.30964  -58.26236     -1.114    1457.48    885.000    874.633    -1.0975    -1.0963     0.0013    -1.1275    -1.1262     0.0013   2.814143   2.814154   0.000009    34.5143    34.5130     6.4522    27.7646    27.7635    34.5144    27.7647    1457.86    1457.86    -1.1267  1031.9790    34.6841 0.0000e+00
      49163 321.169322  -62.30964  -58.26236     -1.153    1457.48    884.000    873.646    -1.0964    -1.0956     0.0008    -1.1263    -1.1255     0.0008   2.814193   2.814168  -0.000021    34.5143    34.5131     6.4592    27.7645    27.7635    34.5144    27.7646    1457.84    1457.85    -1.1256  1031.9741    34.6841 0.0000e+00
      49184 321.169332  -62.30964  -58.26236     -1.176    1457.48    883.000    872.660    -1.0954    -1.0945     0.0009    -1.1253    -1.1244     0.0009   2.814226   2.814221  -0.000012    34.5143    34.5130     6.4564    27.7645    27.7635    34.5144    27.7646    1457.83    1457.84    -1.1246  1031.9694    34.6840 0.0000e+00
      49204 321.169342  -62.30964  -58.26234     -1.181    1457.48    882.000    871.673    -1.0950    -1.0939     0.0011    -1.1248    -1.1237     0.0011   2.814230   2.814221  -0.000011    34.5144    34.5131     6.4471    27.7646    27.7635    34.5145    27.7646    1457.82    1457.82    -1.1241  1031.9647    34.6842 0.0000e+00
      49225 321.169352  -62.30964  -58.26234     -1.176    1457.48    881.000    870.688    -1.0945    -1.0936     0.0010    -1.1243    -1.1233     0.0009   2.814229   2.814207  -0.000019    34.5144    34.5131     6.4627    27.7646    27.7635    34.5145    27.7647    1457.81    1457.81    -1.1236  1031.9600    34.6842 0.0000e+00
      49246 321.169362  -62.30964  -58.26234     -1.157    1457.48    880.000    869.701    -1.0947    -1.0940     0.0006    -1.1244    -1.1238     0.0006   2.814170   2.814135  -0.000034    34.5144    34.5132     6.4614    27.7646    27.7636    34.5145    27.7646    1457.79    1457.79    -1.1237  1031.9553    34.6842 0.0000e+00
      49267 321.169372  -62.30964  -58.26234     -1.144    1457.48    879.000    868.715    -1.0949    -1.0943     0.0006    -1.1246    -1.1240     0.0006   2.814106   2.814068  -0.000039    34.5146    34.5133     6.4499    27.7648    27.7637    34.5145    27.7647    1457.77    1457.77    -1.1239  1031.9506    34.6842 0.0000e+00
      49288 321.169382  -62.30964  -58.26234     -1.139    1457.48    878.000    867.729    -1.0955    -1.0947     0.0008    -1.1252    -1.1243     0.0008   2.814010   2.813994  -0.000015    34.5145    34.5133     6.4568    27.7647    27.7637    34.5145    27.7647    1457.75    1457.75    -1.1245  1031.9459    34.6842 0.0000e+00
      49310 321.169393  -62.30964  -58.26233     -1.124    1457.48    877.000    866.743    -1.0955    -1.0947     0.0007    -1.1250    -1.1243     0.0007   2.813966   2.813943  -0.000020    34.5144    34.5133     6.4522    27.7646    27.7637    34.5144    27.7646    1457.73    1457.74    -1.1244  1031.9411    34.6841 0.0000e+00
      49332 321.169403  -62.30964  -58.26232     -1.103    1457.48    876.000    865.756    -1.0952    -1.0946     0.0006    -1.1248    -1.1242     0.0006   2.813956   2.813901  -0.000055    34.5145    34.5131     6.4421    27.7647    27.7635    34.5146    27.7647    1457.72    1457.72    -1.1241  1031.9366    34.6843 0.0000e+00
      49354 321.169414  -62.30964  -58.26232     -1.081    1457.48    875.000    864.770    -1.0947    -1.0942     0.0005    -1.1242    -1.1237     0.0005   2.813946   2.813902  -0.000043    34.5144    34.5132     6.4556    27.7646    27.7636    34.5145    27.7646    1457.70    1457.70    -1.1236  1031.9317    34.6841 0.0000e+00
      49377 321.169425  -62.30964  -58.26232     -1.051    1457.48    874.000    863.784    -1.0943    -1.0935     0.0007    -1.1237    -1.1230     0.0007   2.813930   2.813906  -0.000021    34.5143    34.5131     6.4487    27.7644    27.7635    34.5143    27.7645    1457.69    1457.69    -1.1231  1031.9268    34.6840 0.0000e+00
      49401 321.169437  -62.30964  -58.26232     -1.013    1457.48    873.000    862.798    -1.0944    -1.0937     0.0007    -1.1238    -1.1231     0.0007   2.813886   2.813848  -0.000039    34.5145    34.5131     6.4538    27.7646    27.7635    34.5145    27.7646    1457.67    1457.67    -1.1232  1031.9223    34.6841 0.0000e+00
      49425 321.169448  -62.30964  -58.26230     -0.998    1457.48    872.000    861.811    -1.0943    -1.0933     0.0011    -1.1237    -1.1227     0.0010   2.813843   2.813828  -0.000015    34.5144    34.5130     6.4519    27.7645    27.7633    34.5144    27.7646    1457.66    1457.66    -1.1230  1031.9175    34.6841 0.0000e+00
      49448 321.169460  -62.30964  -58.26230     -1.021    1457.48    871.000    860.825    -1.0937    -1.0928     0.0009    -1.1230    -1.1221     0.0009   2.813853   2.813833  -0.000021    34.5143    34.5130     6.4437    27.7644    27.7633    34.5144    27.7645    1457.64    1457.64    -1.1224  1031.9127    34.6841 0.0000e+00
      49471 321.169470  -62.30964  -58.26230     -1.055    1457.48    870.000    859.839    -1.0931    -1.0920     0.0011    -1.1224    -1.1213     0.0011   2.813852   2.813847  -0.000002    34.5143    34.5130     6.4572    27.7644    27.7633    34.5143    27.7644    1457.63    1457.63    -1.1218  1031.9079    34.6840 0.0000e+00
      49493 321.169481  -62.30964  -58.26228     -1.065    1457.48    869.000    858.853    -1.0944    -1.0932     0.0012    -1.1236    -1.1224     0.0012   2.813680   2.813708   0.000023    34.5142    34.5132     6.4547    27.7644    27.7635    34.5140    27.7642    1457.61    1457.61    -1.1230  1031.9030    34.6837 0.0000e+00
      49516 321.169492  -62.30964  -58.26228     -1.060    1457.48    868.000    857.867    -1.0953    -1.0947     0.0006    -1.1245    -1.1239     0.0006   2.813582   2.813541  -0.000037    34.5145    34.5132     6.4466    27.7646    27.7636    34.5144    27.7646    1457.58    1457.59    -1.1239  1031.8987    34.6841 0.0000e+00
      49538 321.169503  -62.30964  -58.26228     -1.075    1457.48    867.000    856.880    -1.0955    -1.0946     0.0009    -1.1247    -1.1238     0.0009   2.813523   2.813499  -0.000027    34.5145    34.5131     6.4476    27.7646    27.7635    34.5144    27.7646    1457.57    1457.57    -1.1240  1031.8940    34.6841 0.0000e+00
      49558 321.169513  -62.30964  -58.26228     -1.120    1457.48    866.000    855.894    -1.0955    -1.0947     0.0008    -1.1247    -1.1239     0.0008   2.813480   2.813454  -0.000025    34.5145    34.5133     6.4449    27.7646    27.7636    34.5144    27.7646    1457.55    1457.55    -1.1240  1031.8893    34.6841 0.0000e+00
      49578 321.169522  -62.30964  -58.26227     -1.182    1457.48    865.000    854.908    -1.0954    -1.0945     0.0008    -1.1245    -1.1236     0.0008   2.813455   2.813434  -0.000022    34.5145    34.5133     6.4456    27.7647    27.7636    34.5145    27.7647    1457.54    1457.54    -1.1238  1031.8847    34.6842 0.0000e+00
      49598 321.169532  -62.30964  -58.26226     -1.228    1457.48    864.000    853.922    -1.0950    -1.0940     0.0009    -1.1240    -1.1231     0.0009   2.813440   2.813432  -0.000008    34.5145    34.5133     6.4540    27.7646    27.7636    34.5145    27.7646    1457.52    1457.52    -1.1234  1031.8799    34.6841 0.0000e+00
      49618 321.169541  -62.30964  -58.26226     -1.223    1457.48    863.000    852.935    -1.0947    -1.0939     0.0008    -1.1237    -1.1229     0.0008   2.813429   2.813397  -0.000027    34.5145    34.5132     6.4453    27.7646    27.7636    34.5145    27.7647    1457.51    1457.51    -1.1231  1031.8752    34.6842 0.0000e+00
      49640 321.169552  -62.30964  -58.26226     -1.156    1457.48    862.000    851.949    -1.0934    -1.0920     0.0014    -1.1224    -1.1210     0.0014   2.813502   2.813520   0.000002    34.5146    34.5130     6.4415    27.7646    27.7633    34.5147    27.7647    1457.49    1457.50    -1.1217  1031.8705    34.6843 0.0000e+00
      49665 321.169564  -62.30964  -58.26224     -1.023    1457.48    861.000    850.962    -1.0915    -1.0909     0.0005    -1.1204    -1.1199     0.0005   2.813636   2.813553  -0.000070    34.5146    34.5131     6.4536    27.7646    27.7633    34.5148    27.7648    1457.49    1457.49    -1.1198  1031.8658    34.6845 0.0000e+00
      49691 321.169576  -62.30964  -58.26224     -0.923    1457.48    860.000    849.976    -1.0914    -1.0916    -0.0002    -1.1203    -1.1205    -0.0002   2.813550   2.813453  -0.000097    34.5143    34.5132     6.4480    27.7643    27.7635    34.5142    27.7643    1457.47    1457.47    -1.1197  1031.8606    34.6839 0.0000e+00
      49714 321.169588  -62.30964  -58.26224     -0.961    1457.48    859.000    848.990    -1.0932    -1.0927     0.0005    -1.1220    -1.1215     0.0005   2.813375   2.813329  -0.000046    34.5145    34.5133     6.4528    27.7646    27.7636    34.5144    27.7645    1457.45    1457.45    -1.1214  1031.8562    34.6841 0.0000e+00
      49736 321.169598  -62.30964  -58.26224     -1.047    1457.48    858.000    848.003    -1.0933    -1.0926     0.0008    -1.1221    -1.1214     0.0008   2.813316   2.813297  -0.000022    34.5144    34.5133     6.4497    27.7645    27.7636    34.5144    27.7644    1457.43    1457.43    -1.1215  1031.8514    34.6840 0.0000e+00
      49757 321.169609  -62.30964  -58.26224     -1.117    1457.48    857.000    847.017    -1.0931    -1.0921     0.0009    -1.1219    -1.1209     0.0009   2.813304   2.813281  -0.000024    34.5145    34.5131     6.4443    27.7646    27.7634    34.5145    27.7646    1457.41    1457.42    -1.1212  1031.8468    34.6842 0.0000e+00
      49778 321.169619  -62.30964  -58.26222     -1.149    1457.48    856.000    846.031    -1.0920    -1.0910     0.0010    -1.1207    -1.1198     0.0010   2.813353   2.813333  -0.000017    34.5143    34.5130     6.4516    27.7643    27.7632    34.5146    27.7646    1457.40    1457.41    -1.1201  1031.8421    34.6843 0.0000e+00
      49800 321.169629  -62.30964  -58.26222     -1.133    1457.48    855.000    845.045    -1.0893    -1.0882     0.0011    -1.1180    -1.1169     0.0011   2.813534   2.813519  -0.000014    34.5143    34.5129     6.4446    27.7642    27.7631    34.5145    27.7644    1457.40    1457.40    -1.1174  1031.8372    34.6842 0.0000e+00
