Pos-Processados/process_op42/Processamento_split/up/uoperantar42_018.cnv
* Sea-Bird SBE 9 Data File:
* FileName = C:\Users\Hidrografia\Desktop\OPXLII\Brutos\OP42018.hdr
* Software Version Seasave V 7.26.7.107
* Temperature SN = 6502
* Conductivity SN = 4998
* Number of Bytes Per Scan = 37
* Number of Voltage Words = 4
* Number of Scans Averaged by the Deck Unit = 1
* NMEA Latitude = 62 13.46 S
* NMEA Longitude = 058 12.64 W
* NMEA UTC (Time) = Nov 07 2023 12:56:51
* NMEA baud rate = 4800
** H41
** NPOALTEMAXIMIANO
** NUMERO DA ESTACAO (XXX) 018
** LAT (XX XX.XX S/N) 62 13.46 S
** LONG (XXX XX.XX W/E) 058 12.12 W
** DATAHORA (dd/mm/aaaa hh:mm Z) 07/11/2023 1245Z
** PROFUNDIDADE (m) 523
** OPERADOR 1T ZAMITH
# nquan = 30
# nvalues = 359                         
# units = specified
# name 0 = scan: Scan Count
# name 1 = timeJ: Julian Days
# name 2 = latitude: Latitude [deg]
# name 3 = longitude: Longitude [deg]
# name 4 = dz/dtM: Descent Rate [m/s]
# name 5 = avgsvCM: Average Sound Velocity [Chen-Millero, m/s]
# name 6 = prDM: Pressure, Digiquartz [db]
# name 7 = depSM: Depth [salt water, m]
# name 8 = t090C: Temperature [ITS-90, deg C]
# name 9 = t190C: Temperature, 2 [ITS-90, deg C]
# name 10 = T2-T190C: Temperature Difference, 2 - 1 [ITS-90, deg C]
# name 11 = potemp090C: Potential Temperature [ITS-90, deg C]
# name 12 = potemp190C: Potential Temperature, 2 [ITS-90, deg C]
# name 13 = potemp90Cdiff: Potential Temperature, Diff, 2 - 1 [ITS-90, deg C]
# name 14 = c0S/m: Conductivity [S/m]
# name 15 = c1S/m: Conductivity, 2 [S/m]
# name 16 = C2-C1S/m: Conductivity Difference, 2 - 1 [S/m]
# name 17 = sal00: Salinity, Practical [PSU]
# name 18 = sal11: Salinity, Practical, 2 [PSU]
# name 19 = sbeox0ML/L: Oxygen, SBE 43 [ml/l]
# name 20 = sigma-é00: Density [sigma-theta, kg/m^3]
# name 21 = sigma-é11: Density, 2 [sigma-theta, kg/m^3]
# name 22 = sal00: Salinity, Practical [PSU]
# name 23 = sigma-é00: Density [sigma-theta, kg/m^3]
# name 24 = svCM: Sound Velocity [Chen-Millero, m/s]
# name 25 = svCM1: Sound Velocity, 2 [Chen-Millero, m/s]
# name 26 = gsw_ptA0: potential temperature [ITS-90, deg C]
# name 27 = gsw_densityA0: density, TEOS-10 [density, kg/m^3]
# name 28 = gsw_saA0: Absolute Salinity [g/kg]
# name 29 = flag:
# span 0 =      14289,      34318       
# span 1 = 311.546369, 311.556029       
# span 2 =  -62.22870,  -62.22643       
# span 3 =  -58.20867,  -58.20496       
# span 4 =     -1.069,     -0.146       
# span 5 =    1448.15,    1448.15       
# span 6 =      2.000,    360.000       
# span 7 =      2.030,    356.233       
# span 8 =    -0.7448,    -0.5463       
# span 9 =    -0.7440,    -0.5455       
# span 10 =    -0.0163,     0.0109      
# span 11 =    -0.7494,    -0.5465      
# span 12 =    -0.7486,    -0.5456      
# span 13 =    -0.0162,     0.0109      
# span 14 =   2.796872,   2.811593      
# span 15 =   2.796859,   2.811572      
# span 16 =  -0.001567,   0.001008      
# span 17 =    34.2994,    34.3589      
# span 18 =    34.2983,    34.3579      
# span 19 =     7.0328,     7.5340      
# span 20 =    27.5672,    27.6228      
# span 21 =    27.5663,    27.6219      
# span 22 =    34.2998,    34.3589      
# span 23 =    27.5676,    27.6228      
# span 24 =    1445.68,    1450.83      
# span 25 =    1445.68,    1450.83      
# span 26 =    -0.7492,    -0.5465      
# span 27 =  1027.5821,  1029.3466      
# span 28 =    34.4625,    34.5269      
# span 29 = 0.0000e+00, 0.0000e+00      
# interval = decibars: 1                
# start_time = Nov 07 2023 12:56:51 [NMEA time, header]
# bad_flag = -9.990e-29
*END*
[from data line 146]
      18748 311.548520  -62.22696  -58.20770     -0.862    1448.15    214.000    211.836    -0.7089    -0.7075     0.0014    -0.7154    -0.7140     0.0014   2.803168   2.803201   0.000042    34.3293    34.3283     7.2399    27.5984    27.5975    34.3289    27.5981    1448.43    1448.44    -0.7153  1028.6267    34.4963 0.0000e+00
      18778 311.548534  -62.22696  -58.20768     -0.818    1448.15    213.000    210.846    -0.7079    -0.7074     0.0005    -0.7144    -0.7139     0.0005   2.803218   2.803156  -0.000056    34.3293    34.3280     7.2574    27.5984    27.5973    34.3291    27.5982    1448.42    1448.42    -0.7142  1028.6220    34.4965 0.0000e+00
      18807 311.548548  -62.22698  -58.20768     -0.825    1448.15    212.000    209.857    -0.7071    -0.7064     0.0007    -0.7135    -0.7128     0.0007   2.803245   2.803199  -0.000047    34.3293    34.3279     7.2575    27.5984    27.5972    34.3292    27.5982    1448.41    1448.41    -0.7134  1028.6173    34.4965 0.0000e+00
      18833 311.548561  -62.22698  -58.20767     -0.872    1448.15    211.000    208.867    -0.7058    -0.7059    -0.0001    -0.7122    -0.7123    -0.0001   2.803288   2.803199  -0.000081    34.3289    34.3280     7.2499    27.5980    27.5972    34.3289    27.5979    1448.40    1448.39    -0.7121  1028.6122    34.4963 0.0000e+00
      18859 311.548573  -62.22698  -58.20766     -0.926    1448.15    210.000    207.878    -0.7051    -0.7054    -0.0003    -0.7115    -0.7118    -0.0003   2.803336   2.803197  -0.000122    34.3292    34.3279     7.2521    27.5982    27.5971    34.3293    27.5983    1448.38    1448.38    -0.7113  1028.6078    34.4967 0.0000e+00
      18886 311.548586  -62.22698  -58.20766     -0.909    1448.15    209.000    206.889    -0.6979    -0.7020    -0.0041    -0.7043    -0.7084    -0.0041   2.803916   2.803457  -0.000442    34.3290    34.3276     7.2546    27.5977    27.5968    34.3297    27.5983    1448.40    1448.38    -0.7041  1028.6029    34.4971 0.0000e+00
      18914 311.548600  -62.22698  -58.20766     -0.880    1448.15    208.000    205.899    -0.6939    -0.6965    -0.0026    -0.7003    -0.7029    -0.0026   2.804189   2.803850  -0.000335    34.3291    34.3275     7.2468    27.5976    27.5964    34.3294    27.5979    1448.40    1448.39    -0.7001  1028.5977    34.4968 0.0000e+00
      18942 311.548614  -62.22698  -58.20766     -0.825    1448.15    207.000    204.910    -0.6924    -0.6947    -0.0024    -0.6987    -0.7010    -0.0024   2.804291   2.804010  -0.000290    34.3293    34.3281     7.2369    27.5977    27.5968    34.3297    27.5980    1448.39    1448.38    -0.6986  1028.5931    34.4971 0.0000e+00
      18969 311.548627  -62.22700  -58.20764     -0.888    1448.15    206.000    203.920    -0.6924    -0.6917     0.0006    -0.6987    -0.6980     0.0006   2.804244   2.804209  -0.000046    34.3295    34.3282     7.2246    27.5979    27.5968    34.3296    27.5980    1448.38    1448.38    -0.6985  1028.5883    34.4970 0.0000e+00
      18994 311.548639  -62.22700  -58.20764     -0.920    1448.15    205.000    202.931    -0.6919    -0.6918     0.0000    -0.6981    -0.6981     0.0000   2.804204   2.804143  -0.000056    34.3289    34.3281     7.2334    27.5973    27.5967    34.3292    27.5976    1448.36    1448.36    -0.6980  1028.5831    34.4965 0.0000e+00
      19020 311.548651  -62.22700  -58.20764     -0.946    1448.15    204.000    201.942    -0.6912    -0.6918    -0.0006    -0.6974    -0.6980    -0.0006   2.804219   2.804092  -0.000125    34.3290    34.3280     7.2413    27.5974    27.5966    34.3292    27.5976    1448.35    1448.34    -0.6973  1028.5784    34.4966 0.0000e+00
      19047 311.548664  -62.22700  -58.20764     -0.905    1448.15    203.000    200.952    -0.6917    -0.6911     0.0007    -0.6979    -0.6972     0.0007   2.804125   2.804108  -0.000026    34.3291    34.3280     7.2402    27.5975    27.5966    34.3292    27.5976    1448.33    1448.33    -0.6978  1028.5742    34.4973 0.0000e+00
      19076 311.548678  -62.22700 -9.990e-29     -0.848    1448.15    202.000    199.963    -0.6944    -0.6924     0.0019    -0.7005    -0.6986     0.0019   2.803829   2.803931   0.000091    34.3291    34.3282     7.2403    27.5976    27.5968    34.3288    27.5974    1448.30    1448.31    -0.7004  1028.5704    34.4984 0.0000e+00
      19104 311.548691  -62.22701 -9.990e-29     -0.853    1448.15    201.000    198.973    -0.6983    -0.6965     0.0018    -0.7044    -0.7027     0.0018   2.803494   2.803554   0.000061    34.3295    34.3283     7.2409    27.5981    27.5971    34.3293    27.5980    1448.27    1448.28    -0.7043  1028.5663    34.4989 0.0000e+00
      19130 311.548704  -62.22702 -9.990e-29     -0.896    1448.15    200.000    197.984    -0.6963    -0.6967    -0.0005    -0.7024    -0.7028    -0.0005   2.803639   2.803496  -0.000125    34.3294    34.3283     7.2411    27.5980    27.5971    34.3296    27.5981    1448.26    1448.26    -0.7022  1028.5616    34.4992 0.0000e+00
      19156 311.548717  -62.22702  -58.20760     -0.912    1448.15    199.000    196.995    -0.6935    -0.6947    -0.0012    -0.6995    -0.7008    -0.0012   2.803823   2.803613  -0.000208    34.3293    34.3279     7.2424    27.5977    27.5966    34.3295    27.5979    1448.26    1448.25    -0.6994  1028.5525    34.4939 0.0000e+00
      19184 311.548730 -9.990e-29  -58.20760     -0.876    1448.15    198.000    196.005    -0.6913    -0.6912     0.0001    -0.6973    -0.6973     0.0001   2.803937   2.803842  -0.000101    34.3290    34.3276     7.2476    27.5974    27.5963    34.3292    27.5976    1448.25    1448.25    -0.6972  1028.5453    34.4911 0.0000e+00
      19212 311.548744 -9.990e-29  -58.20760     -0.857    1448.15    197.000    195.016    -0.6902    -0.6899     0.0003    -0.6962    -0.6959     0.0003   2.803971   2.803907  -0.000070    34.3289    34.3276     7.2394    27.5973    27.5962    34.3290    27.5974    1448.24    1448.24    -0.6960  1028.5403    34.4909 0.0000e+00
      19238 311.548756 -9.990e-29  -58.20758     -0.900    1448.15    196.000    194.026    -0.6900    -0.6892     0.0008    -0.6960    -0.6951     0.0008   2.803911   2.803904  -0.000011    34.3286    34.3275     7.2449    27.5970    27.5961    34.3286    27.5970    1448.22    1448.23    -0.6958  1028.5353    34.4905 0.0000e+00
      19264 311.548769  -62.22704  -58.20758     -0.938    1448.15    195.000    193.037    -0.6920    -0.6901     0.0019    -0.6979    -0.6961     0.0019   2.803640   2.803759   0.000109    34.3282    34.3275     7.2554    27.5967    27.5961    34.3279    27.5965    1448.20    1448.21    -0.6978  1028.5341    34.4949 0.0000e+00
      19292 311.548782  -62.22704  -58.20758     -0.884    1448.15    194.000    192.047    -0.6941    -0.6922     0.0018    -0.6999    -0.6981     0.0018   2.803358   2.803493   0.000129    34.3272    34.3268     7.2549    27.5960    27.5957    34.3270    27.5959    1448.17    1448.18    -0.6998  1028.5290    34.4943 0.0000e+00
      19323 311.548797  -62.22704  -58.20756     -0.778    1448.15    193.000    191.058    -0.6962    -0.6940     0.0022    -0.7020    -0.6999     0.0021   2.803080   2.803218   0.000147    34.3265    34.3260     7.2517    27.5956    27.5951    34.3262    27.5954    1448.14    1448.15    -0.7019  1028.5237    34.4935 0.0000e+00
      19351 311.548811  -62.22704  -58.20756     -0.828    1448.15    192.000    190.068    -0.6961    -0.6952     0.0009    -0.7020    -0.7010     0.0009   2.803002   2.803012   0.000002    34.3259    34.3249     7.2511    27.5951    27.5943    34.3258    27.5950    1448.13    1448.13    -0.7018  1028.5165    34.4905 0.0000e+00
      19377 311.548823 -9.990e-29  -58.20756     -0.899    1448.15    191.000    189.079    -0.6963    -0.6954     0.0010    -0.7021    -0.7012     0.0010   2.802929   2.802926 5.7919e-08    34.3257    34.3246     7.2632    27.5949    27.5940    34.3256    27.5948    1448.11    1448.11    -0.7020  1028.5093    34.4875 0.0000e+00
      19407 311.548838 -9.990e-29  -58.20756     -0.841    1448.15    190.000    188.089    -0.6968    -0.6957     0.0012    -0.7026    -0.7014     0.0012   2.802828   2.802850   0.000021    34.3256    34.3246     7.2629    27.5949    27.5940    34.3255    27.5948    1448.09    1448.09    -0.7024  1028.5044    34.4873 0.0000e+00
      19443 311.548855  -62.22706  -58.20755     -0.690    1448.15    189.000    187.100    -0.6970    -0.6959     0.0012    -0.7028    -0.7016     0.0012   2.802766   2.802795   0.000028    34.3255    34.3246     7.2695    27.5948    27.5940    34.3254    27.5947    1448.07    1448.08    -0.7026  1028.5007    34.4886 0.0000e+00
      19475 311.548870  -62.22706  -58.20754     -0.708    1448.15    188.000    186.110    -0.6962    -0.6956     0.0006    -0.7019    -0.7013     0.0006   2.802807   2.802763  -0.000042    34.3257    34.3244     7.2693    27.5949    27.5939    34.3257    27.5949    1448.06    1448.06    -0.7018  1028.4995    34.4931 0.0000e+00
      19498 311.548882  -62.22706  -58.20754     -0.902    1448.15    187.000    185.121    -0.6964    -0.6955     0.0009    -0.7021    -0.7011     0.0009   2.802752   2.802733  -0.000020    34.3259    34.3245     7.2594    27.5951    27.5940    34.3258    27.5950    1448.04    1448.05    -0.7019  1028.4947    34.4931 0.0000e+00
      19520 311.548892  -62.22706  -58.20754     -1.069    1448.15    186.000    184.131    -0.6967    -0.6961     0.0007    -0.7023    -0.7017     0.0007   2.802699   2.802665  -0.000034    34.3261    34.3249     7.2591    27.5953    27.5943    34.3261    27.5952    1448.03    1448.03    -0.7022  1028.4902    34.4933 0.0000e+00
      19546 311.548905  -62.22706  -58.20752     -1.019    1448.15    185.000    183.142    -0.6966    -0.6959     0.0008    -0.7022    -0.7015     0.0008   2.802678   2.802654  -0.000023    34.3263    34.3251     7.2683    27.5954    27.5944    34.3262    27.5954    1448.01    1448.01    -0.7021  1028.4861    34.4942 0.0000e+00
      19587 311.548924  -62.22706 -9.990e-29     -0.617    1448.15    184.000    182.152    -0.6949    -0.6957    -0.0008    -0.7005    -0.7013    -0.0008   2.802811   2.802631  -0.000169    34.3266    34.3251     7.2812    27.5956    27.5944    34.3268    27.5957    1448.00    1448.00    -0.7003  1028.4828    34.4961 0.0000e+00
      19630 311.548945  -62.22708 -9.990e-29     -0.536    1448.15    183.000    181.163    -0.6932    -0.6928     0.0005    -0.6988    -0.6983     0.0005   2.802899   2.802861  -0.000053    34.3267    34.3254     7.2698    27.5956    27.5946    34.3266    27.5955    1448.00    1448.00    -0.6986  1028.4778    34.4960 0.0000e+00
      19660 311.548960  -62.22708  -58.20750     -0.741    1448.15    182.000    180.173    -0.6930    -0.6924     0.0005    -0.6985    -0.6979     0.0005   2.802895   2.802828  -0.000052    34.3266    34.3253     7.2609    27.5955    27.5945    34.3269    27.5958    1447.98    1447.98    -0.6984  1028.4719    34.4946 0.0000e+00
      19686 311.548972  -62.22708  -58.20750     -0.879    1448.15    181.000    179.184    -0.6908    -0.6908     0.0000    -0.6963    -0.6963     0.0000   2.803015   2.802943  -0.000080    34.3266    34.3254     7.2598    27.5954    27.5945    34.3267    27.5955    1447.98    1447.97    -0.6962  1028.4665    34.4939 0.0000e+00
      19714 311.548986  -62.22708  -58.20748     -0.888    1448.15    180.000    178.194    -0.6963    -0.6905     0.0058    -0.7017    -0.6959     0.0058   2.802395   2.802897   0.000433    34.3262    34.3255     7.2621    27.5954    27.5945    34.3252    27.5945    1447.93    1447.96    -0.7016  1028.4608    34.4924 0.0000e+00
      19744 311.549000  -62.22709  -58.20748     -0.824    1448.15    179.000    177.204    -0.7105    -0.6996     0.0109    -0.7159    -0.7050     0.0109   2.800954   2.801960   0.001008    34.3240    34.3253     7.2626    27.5942    27.5947    34.3224    27.5929    1447.84    1447.90    -0.7158  1028.4545    34.4897 0.0000e+00
      19775 311.549015  -62.22710  -58.20748     -0.779    1448.15    178.000    176.215    -0.7259    -0.7211     0.0048    -0.7312    -0.7264     0.0048   2.799567   2.800015   0.000430    34.3235    34.3239     7.2556    27.5944    27.5945    34.3217    27.5930    1447.75    1447.78    -0.7311  1028.4499    34.4890 0.0000e+00
      19808 311.549031  -62.22710  -58.20748     -0.743    1448.15    177.000    175.226    -0.7267    -0.7264     0.0002    -0.7320    -0.7317     0.0002   2.799598   2.799519  -0.000039    34.3239    34.3231     7.2653    27.5947    27.5941    34.3236    27.5945    1447.74    1447.74    -0.7319  1028.4467    34.4909 0.0000e+00
      19845 311.549049  -62.22710  -58.20747     -0.653    1448.15    176.000    174.236    -0.7202    -0.7200     0.0002    -0.7255    -0.7253     0.0002   2.800128   2.800044  -0.000078    34.3244    34.3231     7.2939    27.5948    27.5938    34.3241    27.5946    1447.75    1447.75    -0.7253  1028.4420    34.4913 0.0000e+00
      19883 311.549067  -62.22710  -58.20745     -0.624    1448.15    175.000    173.246    -0.7199    -0.7172     0.0027    -0.7251    -0.7224     0.0027   2.800084   2.800244   0.000147    34.3243    34.3233     7.3018    27.5948    27.5938    34.3238    27.5943    1447.74    1447.75    -0.7250  1028.4369    34.4910 0.0000e+00
      19914 311.549083  -62.22711  -58.20744     -0.725    1448.15    174.000    172.257    -0.7117    -0.7179    -0.0062    -0.7169    -0.7231    -0.0062   2.800900   2.800211  -0.000618    34.3249    34.3235     7.3063    27.5949    27.5941    34.3261    27.5959    1447.76    1447.73    -0.7168  1028.4336    34.4934 0.0000e+00
      19941 311.549095  -62.22712  -58.20744     -0.853    1448.15    173.000    171.267    -0.7030    -0.7046    -0.0017    -0.7082    -0.7099    -0.0017   2.801553   2.801288  -0.000283    34.3252    34.3233     7.3062    27.5948    27.5933    34.3257    27.5952    1447.79    1447.77    -0.7081  1028.4281    34.4929 0.0000e+00
      19968 311.549108  -62.22712  -58.20744     -0.904    1448.15    172.000    170.278    -0.7004    -0.7014    -0.0009    -0.7056    -0.7065    -0.0009   2.801702   2.801532  -0.000179    34.3251    34.3237     7.2993    27.5945    27.5935    34.3254    27.5948    1447.78    1447.77    -0.7055  1028.4229    34.4926 0.0000e+00
      20000 311.549124  -62.22712  -58.20742     -0.799    1448.15    171.000    169.288    -0.7008    -0.7004     0.0004    -0.7060    -0.7056     0.0004   2.801596   2.801551  -0.000046    34.3249    34.3238     7.2892    27.5945    27.5936    34.3251    27.5946    1447.76    1447.76    -0.7059  1028.4179    34.4923 0.0000e+00
      20037 311.549142  -62.22713  -58.20742     -0.649    1448.15    170.000    168.299    -0.7018    -0.7014     0.0004    -0.7070    -0.7065     0.0004   2.801478   2.801422  -0.000057    34.3251    34.3239     7.2774    27.5947    27.5936    34.3252    27.5948    1447.74    1447.74    -0.7068  1028.4135    34.4927 0.0000e+00
      20073 311.549159  -62.22714 -9.990e-29     -0.649    1448.15    169.000    167.309    -0.7047    -0.7031     0.0016    -0.7098    -0.7082     0.0016   2.801154   2.801215   0.000051    34.3248    34.3237     7.2696    27.5946    27.5936    34.3247    27.5944    1447.71    1447.72    -0.7097  1028.4098    34.4939 0.0000e+00
      20104 311.549174  -62.22714 -9.990e-29     -0.762    1448.15    168.000    166.319    -0.7052    -0.7040     0.0012    -0.7103    -0.7090     0.0012   2.801071   2.801082   0.000019    34.3247    34.3236     7.2745    27.5945    27.5935    34.3248    27.5946    1447.69    1447.70    -0.7101  1028.4052    34.4939 0.0000e+00
