Pos-Processados/process_op42/Processamento_split/up/uoperantar42_048.cnv
* Sea-Bird SBE 9 Data File:
* FileName = C:\Users\Hidrografia\Desktop\OPXLII\Brutos\OP42048.hdr
* Software Version Seasave V 7.26.7.107
* Temperature SN = 6502
* Conductivity SN = 4998
* Number of Bytes Per Scan = 37
* Number of Voltage Words = 4
* Number of Scans Averaged by the Deck Unit = 1
* NMEA Latitude = 62 08.23 S
* NMEA Longitude = 058 26.45 W
* NMEA UTC (Time) = Nov 09 2023 23:05:39
* NMEA baud rate = 4800
** H41
** NPOALTEMAXIMIANO
** NUMERO DA ESTACAO (XXX) 048
** LAT (XX XX.XX S/N) 62 08. S
** LONG (XXX XX.XX W/E) 058 26. W
** DATAHORA (dd/mm/aaaa hh:mm Z) 09/11/2023 2305Z
** PROFUNDIDADE (m) 424
** OPERADOR 1T ZAMITH
# nquan = 30
# nvalues = 366                         
# units = specified
# name 0 = scan: Scan Count
# name 1 = timeJ: Julian Days
# name 2 = latitude: Latitude [deg]
# name 3 = longitude: Longitude [deg]
# name 4 = dz/dtM: Descent Rate [m/s]
# name 5 = avgsvCM: Average Sound Velocity [Chen-Millero, m/s]
# name 6 = prDM: Pressure, Digiquartz [db]
# name 7 = depSM: Depth [salt water, m]
# name 8 = t090C: Temperature [ITS-90, deg C]
# name 9 = t190C: Temperature, 2 [ITS-90, deg C]
# name 10 = T2-T190C: Temperature Difference, 2 - 1 [ITS-90, deg C]
# name 11 = potemp090C: Potential Temperature [ITS-90, deg C]
# name 12 = potemp190C: Potential Temperature, 2 [ITS-90, deg C]
# name 13 = potemp90Cdiff: Potential Temperature, Diff, 2 - 1 [ITS-90, deg C]
# name 14 = c0S/m: Conductivity [S/m]
# name 15 = c1S/m: Conductivity, 2 [S/m]
# name 16 = C2-C1S/m: Conductivity Difference, 2 - 1 [S/m]
# name 17 = sal00: Salinity, Practical [PSU]
# name 18 = sal11: Salinity, Practical, 2 [PSU]
# name 19 = sbeox0ML/L: Oxygen, SBE 43 [ml/l]
# name 20 = sigma-é00: Density [sigma-theta, kg/m^3]
# name 21 = sigma-é11: Density, 2 [sigma-theta, kg/m^3]
# name 22 = sal00: Salinity, Practical [PSU]
# name 23 = sigma-é00: Density [sigma-theta, kg/m^3]
# name 24 = svCM: Sound Velocity [Chen-Millero, m/s]
# name 25 = svCM1: Sound Velocity, 2 [Chen-Millero, m/s]
# name 26 = gsw_ptA0: potential temperature [ITS-90, deg C]
# name 27 = gsw_densityA0: density, TEOS-10 [density, kg/m^3]
# name 28 = gsw_saA0: Absolute Salinity [g/kg]
# name 29 = flag:
# span 0 =      12423,      22019       
# span 1 = 313.968247, 313.972875       
# span 2 =  -62.14162,  -62.13968       
# span 3 =  -58.43758,  -58.43594       
# span 4 =     -1.113,     -0.227       
# span 5 =    1448.19,    1448.19       
# span 6 =      5.000,    370.000       
# span 7 =      4.960,    366.122       
# span 8 =    -0.7851,    -0.5272       
# span 9 =    -0.7840,    -0.5293       
# span 10 =    -0.0118,     0.0114      
# span 11 =    -0.7908,    -0.5394      
# span 12 =    -0.7896,    -0.5414      
# span 13 =    -0.0118,     0.0114      
# span 14 =   2.793461,   2.830375      
# span 15 =   2.793413,   2.830037      
# span 16 =  -0.001098,   0.000990      
# span 17 =    34.2755,    34.3979      
# span 18 =    34.2747,    34.3969      
# span 19 =     6.7382,     7.6708      
# span 20 =    27.5490,    27.6473      
# span 21 =    27.5478,    27.6463      
# span 22 =    34.2761,    34.3980      
# span 23 =    27.5490,    27.6472      
# span 24 =    1445.62,    1451.82      
# span 25 =    1445.63,    1451.82      
# span 26 =    -0.7906,    -0.5392      
# span 27 =  1027.5769,  1029.4159      
# span 28 =    34.4377,    34.5662      
# span 29 = 0.0000e+00, 0.0000e+00      
# interval = decibars: 1                
# start_time = Nov 09 2023 23:05:39 [NMEA time, header]
# bad_flag = -9.990e-29
*END*
[from data line 146]
      16217 313.970077 -9.990e-29  -58.43688     -0.924    1448.19    224.000    221.731    -0.7580    -0.7573     0.0007    -0.7647    -0.7640     0.0007   2.798730   2.798736   0.000007    34.3186    34.3178     7.3595    27.5918    27.5912    34.3185    27.5917    1448.35    1448.35    -0.7646  1028.6642    34.4806 0.0000e+00
      16244 313.970090 -9.990e-29  -58.43687     -0.889    1448.19    223.000    220.742    -0.7579    -0.7572     0.0008    -0.7646    -0.7639     0.0008   2.798661   2.798659  -0.000004    34.3182    34.3173     7.3801    27.5915    27.5907    34.3181    27.5914    1448.33    1448.33    -0.7645  1028.6589    34.4799 0.0000e+00
      16272 313.970104 -9.990e-29  -58.43686     -0.856    1448.19    222.000    219.752    -0.7578    -0.7570     0.0009    -0.7645    -0.7637     0.0009   2.798606   2.798594  -0.000012    34.3180    34.3168     7.3767    27.5913    27.5903    34.3179    27.5912    1448.32    1448.32    -0.7643  1028.6539    34.4797 0.0000e+00
      16298 313.970116 -9.990e-29  -58.43686     -0.899    1448.19    221.000    218.763    -0.7576    -0.7572     0.0005    -0.7643    -0.7638     0.0005   2.798544   2.798542  -0.000003    34.3175    34.3169     7.3871    27.5909    27.5904    34.3174    27.5909    1448.30    1448.30    -0.7641  1028.6488    34.4793 0.0000e+00
      16323 313.970128 -9.990e-29  -58.43686     -0.944    1448.19    220.000    217.773    -0.7569    -0.7567     0.0002    -0.7635    -0.7633     0.0002   2.798517   2.798492  -0.000019    34.3168    34.3163     7.3775    27.5903    27.5899    34.3169    27.5903    1448.29    1448.29    -0.7634  1028.6435    34.4787 0.0000e+00
      16349 313.970141 -9.990e-29  -58.43686     -0.951    1448.19    219.000    216.784    -0.7556    -0.7556    -0.0000    -0.7622    -0.7622    -0.0000   2.798551   2.798482  -0.000064    34.3163    34.3155     7.3893    27.5899    27.5892    34.3165    27.5900    1448.27    1448.27    -0.7620  1028.6384    34.4783 0.0000e+00
      16376 313.970154 -9.990e-29  -58.43684     -0.913    1448.19    218.000    215.795    -0.7540    -0.7539     0.0002    -0.7606    -0.7604     0.0002   2.798573   2.798525  -0.000049    34.3155    34.3146     7.3821    27.5891    27.5884    34.3156    27.5892    1448.27    1448.26    -0.7604  1028.6328    34.4774 0.0000e+00
      16404 313.970167  -62.14044  -58.43684     -0.861    1448.19    217.000    214.805    -0.7535    -0.7530     0.0005    -0.7600    -0.7595     0.0005   2.798569   2.798528  -0.000040    34.3154    34.3143     7.3793    27.5890    27.5881    34.3155    27.5891    1448.25    1448.25    -0.7599  1028.6295    34.4792 0.0000e+00
      16433 313.970181  -62.14045  -58.43684     -0.842    1448.19    216.000    213.816    -0.7518    -0.7521    -0.0003    -0.7583    -0.7586    -0.0003   2.798645   2.798535  -0.000106    34.3151    34.3140     7.3849    27.5887    27.5878    34.3153    27.5888    1448.24    1448.24    -0.7581  1028.6273    34.4826 0.0000e+00
      16460 313.970194  -62.14046  -58.43683     -0.859    1448.19    215.000    212.826    -0.7510    -0.7511    -0.0002    -0.7574    -0.7576    -0.0002   2.798654   2.798568  -0.000089    34.3149    34.3139     7.3872    27.5885    27.5877    34.3150    27.5886    1448.23    1448.23    -0.7573  1028.6223    34.4823 0.0000e+00
      16485 313.970206  -62.14046  -58.43682     -0.923    1448.19    214.000    211.837    -0.7509    -0.7503     0.0006    -0.7573    -0.7567     0.0006   2.798583   2.798571  -0.000025    34.3146    34.3136     7.3986    27.5883    27.5875    34.3146    27.5882    1448.21    1448.22    -0.7572  1028.6171    34.4818 0.0000e+00
      16511 313.970219  -62.14046  -58.43682     -0.939    1448.19    213.000    210.847    -0.7551    -0.7508     0.0044    -0.7615    -0.7572     0.0044   2.798164   2.798470   0.000282    34.3147    34.3136     7.4012    27.5885    27.5874    34.3144    27.5883    1448.18    1448.20    -0.7614  1028.6124    34.4816 0.0000e+00
      16540 313.970233  -62.14048  -58.43682     -0.870    1448.19    212.000    209.858    -0.7586    -0.7552     0.0035    -0.7650    -0.7615     0.0035   2.797781   2.798012   0.000233    34.3144    34.3137     7.4096    27.5885    27.5877    34.3138    27.5879    1448.14    1448.16    -0.7648  1028.6073    34.4811 0.0000e+00
      16568 313.970246  -62.14048  -58.43682     -0.843    1448.19    211.000    208.869    -0.7644    -0.7617     0.0027    -0.7707    -0.7680     0.0027   2.797204   2.797371   0.000176    34.3136    34.3129     7.4097    27.5880    27.5873    34.3131    27.5876    1448.10    1448.11    -0.7706  1028.6023    34.4804 0.0000e+00
      16594 313.970259  -62.14048  -58.43680     -0.890    1448.19    210.000    207.879    -0.7657    -0.7635     0.0022    -0.7720    -0.7698     0.0022   2.797024   2.797148   0.000115    34.3134    34.3124     7.4207    27.5878    27.5870    34.3128    27.5874    1448.08    1448.09    -0.7718  1028.5973    34.4800 0.0000e+00
      16622 313.970272  -62.14049  -58.43679     -0.884    1448.19    209.000    206.890    -0.7674    -0.7651     0.0023    -0.7737    -0.7714     0.0023   2.796843   2.796951   0.000109    34.3134    34.3122     7.4163    27.5879    27.5869    34.3129    27.5876    1448.05    1448.06    -0.7735  1028.5945    34.4824 0.0000e+00
      16649 313.970285  -62.14050 -9.990e-29     -0.874    1448.19    208.000    205.901    -0.7685    -0.7668     0.0017    -0.7747    -0.7730     0.0017   2.796672   2.796740   0.000070    34.3129    34.3120     7.4237    27.5876    27.5868    34.3125    27.5873    1448.03    1448.04    -0.7746  1028.5895    34.4820 0.0000e+00
      16676 313.970298  -62.14050 -9.990e-29     -0.892    1448.19    207.000    204.911    -0.7683    -0.7673     0.0010    -0.7744    -0.7735     0.0010   2.796598   2.796620   0.000029    34.3121    34.3114     7.4232    27.5869    27.5863    34.3118    27.5867    1448.01    1448.02    -0.7743  1028.5842    34.4814 0.0000e+00
      16704 313.970312  -62.14051  -58.43678     -0.865    1448.19    206.000    203.922    -0.7678    -0.7673     0.0005    -0.7740    -0.7735     0.0005   2.796584   2.796544  -0.000030    34.3118    34.3109     7.4288    27.5867    27.5859    34.3117    27.5866    1448.00    1448.00    -0.7738  1028.5787    34.4804 0.0000e+00
      16735 313.970327  -62.14052  -58.43678     -0.802    1448.19    205.000    202.932    -0.7650    -0.7660    -0.0010    -0.7711    -0.7721    -0.0010   2.796711   2.796594  -0.000113    34.3109    34.3105     7.4229    27.5858    27.5855    34.3109    27.5858    1448.00    1447.99    -0.7710  1028.5718    34.4780 0.0000e+00
      16767 313.970342  -62.14052  -58.43678     -0.767    1448.19    204.000    201.943    -0.7638    -0.7639    -0.0001    -0.7699    -0.7700    -0.0001   2.796763   2.796687  -0.000070    34.3108    34.3099     7.4311    27.5857    27.5850    34.3108    27.5857    1447.98    1447.98    -0.7697  1028.5670    34.4780 0.0000e+00
      16803 313.970360  -62.14052  -58.43678     -0.667    1448.19    203.000    200.954    -0.7630    -0.7628     0.0002    -0.7690    -0.7688     0.0002   2.796797   2.796728  -0.000071    34.3109    34.3098     7.4308    27.5858    27.5848    34.3109    27.5858    1447.97    1447.97    -0.7689  1028.5608    34.4764 0.0000e+00
      16835 313.970375 -9.990e-29  -58.43676     -0.725    1448.19    202.000    199.964    -0.7629    -0.7624     0.0006    -0.7689    -0.7684     0.0006   2.796759   2.796716  -0.000042    34.3110    34.3098     7.4365    27.5858    27.5848    34.3109    27.5858    1447.96    1447.96    -0.7688  1028.5532    34.4727 0.0000e+00
      16866 313.970390 -9.990e-29  -58.43676     -0.763    1448.19    201.000    198.975    -0.7629    -0.7621     0.0009    -0.7689    -0.7680     0.0009   2.796700   2.796693  -0.000013    34.3109    34.3097     7.4359    27.5858    27.5848    34.3108    27.5857    1447.94    1447.94    -0.7688  1028.5483    34.4726 0.0000e+00
      16896 313.970405  -62.14054  -58.43676     -0.792    1448.19    200.000    197.985    -0.7633    -0.7624     0.0009    -0.7692    -0.7683     0.0009   2.796616   2.796623   0.000011    34.3107    34.3099     7.4425    27.5856    27.5849    34.3107    27.5856    1447.92    1447.93    -0.7691  1028.5436    34.4728 0.0000e+00
      16924 313.970418  -62.14056 -9.990e-29     -0.849    1448.19    199.000    197.002    -0.7635    -0.7623     0.0012    -0.7694    -0.7682     0.0012   2.796432   2.796488   0.000048    34.3093    34.3086     7.4311    27.5845    27.5839    34.3090    27.5842    1447.90    1447.91    -0.7693  1028.5435    34.4785 0.0000e+00
      16952 313.970431  -62.14056 -9.990e-29     -0.863    1448.19    198.000    196.000    -0.7651    -0.7636     0.0015    -0.7710    -0.7695     0.0015   2.796222   2.796291   0.000064    34.3090    34.3082     7.4367    27.5843    27.5835    34.3087    27.5840    1447.88    1447.88    -0.7709  1028.5385    34.4781 0.0000e+00
      16980 313.970445  -62.14056 -9.990e-29     -0.856    1448.19    197.000    195.017    -0.7700    -0.7674     0.0026    -0.7758    -0.7733     0.0026   2.795653   2.795822   0.000162    34.3078    34.3070     7.4378    27.5835    27.5828    34.3072    27.5830    1447.84    1447.85    -0.7757  1028.5327    34.4766 0.0000e+00
      17008 313.970458  -62.14057  -58.43674     -0.858    1448.19    196.000    194.027    -0.7754    -0.7723     0.0031    -0.7812    -0.7781     0.0031   2.795089   2.795300   0.000210    34.3070    34.3064     7.4495    27.5831    27.5825    34.3062    27.5825    1447.79    1447.81    -0.7811  1028.5266    34.4746 0.0000e+00
      17036 313.970472  -62.14058  -58.43673     -0.857    1448.19    195.000    193.038    -0.7783    -0.7757     0.0026    -0.7841    -0.7815     0.0026   2.794799   2.794952   0.000139    34.3068    34.3057     7.4498    27.5830    27.5821    34.3062    27.5826    1447.76    1447.77    -0.7839  1028.5210    34.4733 0.0000e+00
      17065 313.970486  -62.14058  -58.43672     -0.835    1448.19    194.000    192.048    -0.7790    -0.7772     0.0019    -0.7848    -0.7829     0.0019   2.794679   2.794755   0.000093    34.3066    34.3057     7.4594    27.5829    27.5821    34.3060    27.5824    1447.74    1447.75    -0.7846  1028.5161    34.4732 0.0000e+00
      17091 313.970499  -62.14058  -58.43672     -0.864    1448.19    193.000    191.059    -0.7817    -0.7804     0.0013    -0.7874    -0.7861     0.0013   2.794341   2.794390   0.000039    34.3060    34.3050     7.4696    27.5825    27.5817    34.3051    27.5818    1447.72    1447.72    -0.7873  1028.5107    34.4722 0.0000e+00
      17117 313.970511  -62.14060  -58.43672     -0.923    1448.19    192.000    190.069    -0.7851    -0.7822     0.0029    -0.7908    -0.7879     0.0029   2.793985   2.794180   0.000191    34.3054    34.3046     7.4589    27.5821    27.5814    34.3048    27.5817    1447.68    1447.70    -0.7906  1028.5059    34.4720 0.0000e+00
      17144 313.970524  -62.14060  -58.43672     -0.912    1448.19    191.000    189.080    -0.7851    -0.7838     0.0013    -0.7908    -0.7894     0.0013   2.793908   2.793964   0.000066    34.3048    34.3042     7.4763    27.5817    27.5812    34.3044    27.5813    1447.67    1447.67    -0.7906  1028.5007    34.4715 0.0000e+00
      17171 313.970537  -62.14060  -58.43670     -0.886    1448.19    190.000    188.090    -0.7848    -0.7840     0.0008    -0.7904    -0.7896     0.0008   2.793821   2.793874   0.000053    34.3038    34.3036     7.4685    27.5809    27.5807    34.3034    27.5805    1447.65    1447.65    -0.7903  1028.4951    34.4705 0.0000e+00
      17200 313.970551  -62.14061  -58.43670     -0.854    1448.19    189.000    187.101    -0.7844    -0.7838     0.0006    -0.7900    -0.7894     0.0006   2.793716   2.793724   0.000014    34.3025    34.3020     7.4659    27.5798    27.5794    34.3022    27.5796    1447.63    1447.63    -0.7898  1028.4886    34.4683 0.0000e+00
      17226 313.970564 -9.990e-29  -58.43670     -0.880    1448.19    188.000    186.112    -0.7842    -0.7836     0.0007    -0.7898    -0.7891     0.0007   2.793640   2.793651   0.000010    34.3018    34.3013     7.4767    27.5793    27.5788    34.3016    27.5790    1447.62    1447.62    -0.7896  1028.4797    34.4632 0.0000e+00
      17250 313.970575 -9.990e-29  -58.43670     -0.957    1448.19    187.000    185.122    -0.7842    -0.7836     0.0006    -0.7897    -0.7891     0.0006   2.793568   2.793578   0.000014    34.3014    34.3009     7.4844    27.5789    27.5784    34.3011    27.5787    1447.60    1447.60    -0.7896  1028.4747    34.4629 0.0000e+00
      17275 313.970587 -9.990e-29  -58.43669     -0.980    1448.19    186.000    184.132    -0.7843    -0.7834     0.0008    -0.7898    -0.7889     0.0008   2.793505   2.793505   0.000002    34.3012    34.3003     7.4948    27.5787    27.5780    34.3010    27.5786    1447.58    1447.59    -0.7896  1028.4698    34.4628 0.0000e+00
      17299 313.970599  -62.14064  -58.43668     -0.979    1448.19    185.000    183.143    -0.7839    -0.7832     0.0007    -0.7894    -0.7887     0.0007   2.793489   2.793464  -0.000023    34.3012    34.3001     7.4913    27.5787    27.5778    34.3010    27.5786    1447.57    1447.57    -0.7892  1028.4657    34.4636 0.0000e+00
      17326 313.970612  -62.14064  -58.43668     -0.943    1448.19    184.000    182.153    -0.7837    -0.7831     0.0006    -0.7891    -0.7885     0.0006   2.793461   2.793435  -0.000027    34.3011    34.3001     7.5053    27.5787    27.5778    34.3010    27.5786    1447.55    1447.55    -0.7890  1028.4644    34.4680 0.0000e+00
      17358 313.970627  -62.14064  -58.43668     -0.803    1448.19    183.000    181.164    -0.7822    -0.7830    -0.0008    -0.7876    -0.7884    -0.0008   2.793521   2.793413  -0.000092    34.3006    34.3003     7.5059    27.5782    27.5780    34.3007    27.5783    1447.54    1447.54    -0.7874  1028.4594    34.4678 0.0000e+00
      17395 313.970645  -62.14065  -58.43667     -0.612    1448.19    182.000    180.174    -0.7794    -0.7815    -0.0021    -0.7848    -0.7869    -0.0021   2.793684   2.793472  -0.000211    34.3002    34.2997     7.5087    27.5777    27.5774    34.3004    27.5779    1447.54    1447.53    -0.7846  1028.4543    34.4675 0.0000e+00
      17420 313.970657 -9.990e-29  -58.43666     -0.831    1448.19    181.000    179.185    -0.7747    -0.7742     0.0005    -0.7801    -0.7795     0.0005   2.794046   2.793966  -0.000088    34.2998    34.2980     7.5039    27.5772    27.5757    34.3006    27.5778    1447.55    1447.55    -0.7799  1028.4452    34.4624 0.0000e+00
      17445 313.970669 -9.990e-29  -58.43666     -0.978    1448.19    180.000    178.195    -0.7625    -0.7622     0.0003    -0.7678    -0.7675     0.0003   2.794976   2.794887  -0.000102    34.2990    34.2972     7.5013    27.5760    27.5746    34.2999    27.5768    1447.58    1447.59    -0.7677  1028.4392    34.4616 0.0000e+00
      17471 313.970682 -9.990e-29  -58.43666     -0.951    1448.19    179.000    177.206    -0.7633    -0.7609     0.0024    -0.7687    -0.7662     0.0024   2.794804   2.794937   0.000124    34.2990    34.2979     7.5133    27.5761    27.5751    34.2992    27.5762    1447.56    1447.57    -0.7685  1028.4339    34.4609 0.0000e+00
      17497 313.970695  -62.14068  -58.43666     -0.910    1448.19    178.000    176.216    -0.7616    -0.7604     0.0012    -0.7669    -0.7657     0.0012   2.794942   2.794961   0.000022    34.2990    34.2979     7.5043    27.5760    27.5750    34.2997    27.5766    1447.56    1447.56    -0.7667  1028.4298    34.4618 0.0000e+00
