Pos-Processados/process_op42/Processamento_split/up/uoperantar42_038.cnv
* Sea-Bird SBE 9 Data File:
* FileName = C:\Users\Hidrografia\Desktop\OPXLII\Brutos\OP42038.hdr
* Software Version Seasave V 7.26.7.107
* Temperature SN = 6502
* Conductivity SN = 4998
* Number of Bytes Per Scan = 37
* Number of Voltage Words = 4
* Number of Scans Averaged by the Deck Unit = 1
* NMEA Latitude = 62 08.57 S
* NMEA Longitude = 058 26.33 W
* NMEA UTC (Time) = Nov 09 2023 13:11:55
* NMEA baud rate = 4800
** H41
** NPOALTEMAXIMIANO
** NUMERO DA ESTACAO (XXX) 038
** LAT (XX XX.XX S/N) 62 08.14 S
** LONG (XXX XX.XX W/E) 058 26.57 W
** DATAHORA (dd/mm/aaaa hh:mm Z) 09/11/2023 1305Z
** PROFUNDIDADE (m) 400
** OPERADOR 1T ZAMITH
# nquan = 30
# nvalues = 345                         
# units = specified
# name 0 = scan: Scan Count
# name 1 = timeJ: Julian Days
# name 2 = latitude: Latitude [deg]
# name 3 = longitude: Longitude [deg]
# name 4 = dz/dtM: Descent Rate [m/s]
# name 5 = avgsvCM: Average Sound Velocity [Chen-Millero, m/s]
# name 6 = prDM: Pressure, Digiquartz [db]
# name 7 = depSM: Depth [salt water, m]
# name 8 = t090C: Temperature [ITS-90, deg C]
# name 9 = t190C: Temperature, 2 [ITS-90, deg C]
# name 10 = T2-T190C: Temperature Difference, 2 - 1 [ITS-90, deg C]
# name 11 = potemp090C: Potential Temperature [ITS-90, deg C]
# name 12 = potemp190C: Potential Temperature, 2 [ITS-90, deg C]
# name 13 = potemp90Cdiff: Potential Temperature, Diff, 2 - 1 [ITS-90, deg C]
# name 14 = c0S/m: Conductivity [S/m]
# name 15 = c1S/m: Conductivity, 2 [S/m]
# name 16 = C2-C1S/m: Conductivity Difference, 2 - 1 [S/m]
# name 17 = sal00: Salinity, Practical [PSU]
# name 18 = sal11: Salinity, Practical, 2 [PSU]
# name 19 = sbeox0ML/L: Oxygen, SBE 43 [ml/l]
# name 20 = sigma-é00: Density [sigma-theta, kg/m^3]
# name 21 = sigma-é11: Density, 2 [sigma-theta, kg/m^3]
# name 22 = sal00: Salinity, Practical [PSU]
# name 23 = sigma-é00: Density [sigma-theta, kg/m^3]
# name 24 = svCM: Sound Velocity [Chen-Millero, m/s]
# name 25 = svCM1: Sound Velocity, 2 [Chen-Millero, m/s]
# name 26 = gsw_ptA0: potential temperature [ITS-90, deg C]
# name 27 = gsw_densityA0: density, TEOS-10 [density, kg/m^3]
# name 28 = gsw_saA0: Absolute Salinity [g/kg]
# name 29 = flag:
# span 0 =      13262,      22359       
# span 1 = 313.556337, 313.560724       
# span 2 =  -62.14691,  -62.14527       
# span 3 =  -58.43562,  -58.43374       
# span 4 =     -1.323,     -0.304       
# span 5 =    1448.17,    1448.17       
# span 6 =      4.000,    348.000       
# span 7 =      3.970,    344.359       
# span 8 =    -0.8266,    -0.5173       
# span 9 =    -0.8258,    -0.5183       
# span 10 =    -0.0095,     0.0072      
# span 11 =    -0.8317,    -0.5289      
# span 12 =    -0.8308,    -0.5298      
# span 13 =    -0.0095,     0.0071      
# span 14 =   2.789942,   2.830524      
# span 15 =   2.789907,   2.830322      
# span 16 =  -0.000880,   0.000633      
# span 17 =    34.2804,    34.4003      
# span 18 =    34.2786,    34.3991      
# span 19 =     6.6977,     7.6501      
# span 20 =    27.5523,    27.6478      
# span 21 =    27.5513,    27.6469      
# span 22 =    34.2809,    34.4005      
# span 23 =    27.5524,    27.6481      
# span 24 =    1445.68,    1451.57      
# span 25 =    1445.68,    1451.58      
# span 26 =    -0.8315,    -0.5286      
# span 27 =  1027.5749,  1029.3121      
# span 28 =    34.4433,    34.5686      
# span 29 = 0.0000e+00, 0.0000e+00      
# interval = decibars: 1                
# start_time = Nov 09 2023 13:11:55 [NMEA time, header]
# bad_flag = -9.990e-29
*END*
[from data line 194]
      18381 313.558806 -9.990e-29  -58.43451     -1.078    1448.17    154.000    152.466    -0.7733    -0.7733    -0.0000    -0.7778    -0.7778    -0.0000   2.793173   2.793093  -0.000095    34.3035    34.3021     7.4632    27.5801    27.5790    34.3039    27.5804    1447.12    1447.12    -0.7777  1028.3188    34.4656 0.0000e+00
      18402 313.558816 -9.990e-29  -58.43450     -1.145    1448.17    153.000    151.476    -0.7733    -0.7727     0.0005    -0.7778    -0.7772     0.0005   2.793139   2.793089  -0.000054    34.3035    34.3022     7.4560    27.5802    27.5790    34.3040    27.5805    1447.10    1447.10    -0.7777  1028.3141    34.4657 0.0000e+00
      18425 313.558827 -9.990e-29  -58.43450     -1.112    1448.17    152.000    150.486    -0.7727    -0.7723     0.0003    -0.7771    -0.7768     0.0003   2.793153   2.793082  -0.000075    34.3037    34.3023     7.4535    27.5803    27.5792    34.3041    27.5806    1447.09    1447.09    -0.7770  1028.3094    34.4659 0.0000e+00
      18450 313.558839  -62.14620  -58.43450     -1.007    1448.17    151.000    149.497    -0.7726    -0.7721     0.0005    -0.7770    -0.7765     0.0005   2.793104   2.793062  -0.000047    34.3037    34.3025     7.4585    27.5803    27.5793    34.3040    27.5805    1447.07    1447.07    -0.7769  1028.3083    34.4705 0.0000e+00
      18478 313.558853  -62.14620  -58.43450     -0.897    1448.17    150.000    148.507    -0.7726    -0.7720     0.0006    -0.7770    -0.7764     0.0006   2.793065   2.793015  -0.000052    34.3038    34.3024     7.4583    27.5803    27.5792    34.3040    27.5805    1447.06    1447.06    -0.7769  1028.3039    34.4709 0.0000e+00
      18503 313.558865  -62.14620  -58.43449     -0.896    1448.17    149.000    147.517    -0.7727    -0.7718     0.0009    -0.7770    -0.7761     0.0009   2.792991   2.792988  -0.000012    34.3037    34.3025     7.4545    27.5802    27.5792    34.3038    27.5803    1447.04    1447.04    -0.7769  1028.2989    34.4707 0.0000e+00
      18526 313.558876  -62.14620  -58.43448     -0.995    1448.17    148.000    146.527    -0.7739    -0.7724     0.0015    -0.7782    -0.7767     0.0015   2.792823   2.792854   0.000027    34.3035    34.3022     7.4566    27.5801    27.5790    34.3036    27.5802    1447.02    1447.02    -0.7781  1028.2940    34.4704 0.0000e+00
      18547 313.558886  -62.14621  -58.43448     -1.096    1448.17    147.000    145.538    -0.7742    -0.7732     0.0010    -0.7785    -0.7775     0.0010   2.792742   2.792732  -0.000009    34.3033    34.3020     7.4656    27.5800    27.5789    34.3034    27.5801    1447.00    1447.00    -0.7784  1028.2891    34.4703 0.0000e+00
      18568 313.558896  -62.14622  -58.43448     -1.133    1448.17    146.000    144.548    -0.7732    -0.7732     0.0000    -0.7775    -0.7775     0.0000   2.792765   2.792700  -0.000063    34.3030    34.3021     7.4674    27.5797    27.5790    34.3032    27.5799    1446.99    1446.99    -0.7774  1028.2841    34.4701 0.0000e+00
      18591 313.558907  -62.14622  -58.43447     -1.097    1448.17    145.000    143.558    -0.7716    -0.7720    -0.0005    -0.7758    -0.7763    -0.0005   2.792779   2.792703  -0.000078    34.3020    34.3014     7.4587    27.5788    27.5784    34.3022    27.5789    1446.98    1446.97    -0.7757  1028.2784    34.4690 0.0000e+00
      18615 313.558919  -62.14622  -58.43446     -1.030    1448.17    144.000    142.569    -0.7709    -0.7709    -0.0000    -0.7751    -0.7751    -0.0000   2.792773   2.792705  -0.000066    34.3017    34.3008     7.4534    27.5785    27.5778    34.3019    27.5787    1446.96    1446.96    -0.7750  1028.2734    34.4687 0.0000e+00
      18639 313.558930  -62.14622  -58.43446     -0.993    1448.17    143.000    141.579    -0.7701    -0.7701    -0.0000    -0.7742    -0.7742    -0.0000   2.792765   2.792700  -0.000064    34.3013    34.3004     7.4579    27.5782    27.5775    34.3015    27.5783    1446.95    1446.95    -0.7742  1028.2682    34.4683 0.0000e+00
      18664 313.558942  -62.14623  -58.43446     -0.981    1448.17    142.000    140.589    -0.7696    -0.7693     0.0003    -0.7737    -0.7734     0.0003   2.792727   2.792696  -0.000037    34.3010    34.3001     7.4694    27.5779    27.5772    34.3011    27.5780    1446.94    1446.94    -0.7736  1028.2631    34.4679 0.0000e+00
      18689 313.558955  -62.14624  -58.43445     -0.964    1448.17    141.000    139.599    -0.7696    -0.7692     0.0004    -0.7737    -0.7733     0.0004   2.792693   2.792647  -0.000045    34.3010    34.2999     7.4711    27.5779    27.5770    34.3012    27.5781    1446.92    1446.92    -0.7736  1028.2584    34.4680 0.0000e+00
      18715 313.558967  -62.14624  -58.43444     -0.933    1448.17    140.000    138.610    -0.7695    -0.7689     0.0007    -0.7736    -0.7730     0.0007   2.792647   2.792622  -0.000028    34.3010    34.2999     7.4714    27.5779    27.5770    34.3011    27.5780    1446.90    1446.91    -0.7735  1028.2535    34.4679 0.0000e+00
      18740 313.558979  -62.14624  -58.43444     -0.944    1448.17    139.000    137.620    -0.7694    -0.7687     0.0006    -0.7734    -0.7728     0.0006   2.792621   2.792584  -0.000038    34.3011    34.2998     7.4694    27.5780    27.5769    34.3012    27.5781    1446.89    1446.89    -0.7733  1028.2468    34.4654 0.0000e+00
      18764 313.558991 -9.990e-29  -58.43444     -0.985    1448.17    138.000    136.630    -0.7679    -0.7679     0.0000    -0.7719    -0.7719     0.0000   2.792688   2.792595  -0.000087    34.3008    34.2996     7.4892    27.5777    27.5767    34.3010    27.5779    1446.88    1446.88    -0.7718  1028.2397    34.4627 0.0000e+00
      18788 313.559002 -9.990e-29  -58.43443     -0.995    1448.17    137.000    135.641    -0.7664    -0.7669    -0.0005    -0.7704    -0.7709    -0.0005   2.792732   2.792612  -0.000120    34.3004    34.2993     7.4802    27.5773    27.5764    34.3006    27.5775    1446.87    1446.87    -0.7703  1028.2346    34.4624 0.0000e+00
      18814 313.559015 -9.990e-29  -58.43442     -0.956    1448.17    136.000    134.651    -0.7652    -0.7663    -0.0010    -0.7692    -0.7702    -0.0010   2.792739   2.792601  -0.000136    34.2998    34.2991     7.4707    27.5768    27.5762    34.3000    27.5769    1446.86    1446.85    -0.7691  1028.2292    34.4617 0.0000e+00
      18841 313.559028  -62.14626  -58.43442     -0.913    1448.17    135.000    133.661    -0.7651    -0.7643     0.0008    -0.7690    -0.7682     0.0008   2.792676   2.792658  -0.000025    34.2995    34.2982     7.4792    27.5765    27.5755    34.2995    27.5765    1446.84    1446.84    -0.7689  1028.2263    34.4640 0.0000e+00
      18867 313.559040  -62.14626  -58.43442     -0.894    1448.17    134.000    132.671    -0.7655    -0.7645     0.0010    -0.7694    -0.7684     0.0010   2.792537   2.792563   0.000019    34.2988    34.2979     7.4907    27.5760    27.5752    34.2988    27.5760    1446.82    1446.83    -0.7693  1028.2228    34.4655 0.0000e+00
      18892 313.559052  -62.14628  -58.43442     -0.938    1448.17    133.000    131.681    -0.7654    -0.7649     0.0006    -0.7693    -0.7688     0.0006   2.792469   2.792460  -0.000001    34.2983    34.2976     7.4757    27.5755    27.5750    34.2984    27.5756    1446.80    1446.81    -0.7692  1028.2177    34.4651 0.0000e+00
      18916 313.559064  -62.14628  -58.43440     -0.989    1448.17    132.000    130.692    -0.7640    -0.7645    -0.0005    -0.7678    -0.7683    -0.0005   2.792523   2.792417  -0.000095    34.2978    34.2971     7.4661    27.5751    27.5745    34.2981    27.5753    1446.80    1446.79    -0.7677  1028.2125    34.4648 0.0000e+00
      18941 313.559076  -62.14628  -58.43440     -0.986    1448.17    131.000    129.702    -0.7611    -0.7624    -0.0014    -0.7649    -0.7663    -0.0014   2.792676   2.792513  -0.000164    34.2972    34.2965     7.4653    27.5744    27.5739    34.2975    27.5747    1446.79    1446.78    -0.7648  1028.2072    34.4642 0.0000e+00
      18967 313.559088  -62.14628  -58.43440     -0.942    1448.17    130.000    128.712    -0.7597    -0.7600    -0.0004    -0.7634    -0.7638    -0.0004   2.792748   2.792638  -0.000107    34.2971    34.2961     7.4820    27.5744    27.5736    34.2975    27.5747    1446.78    1446.78    -0.7634  1028.2023    34.4642 0.0000e+00
      18994 313.559102  -62.14628  -58.43440     -0.891    1448.17    129.000    127.722    -0.7584    -0.7585     0.0000    -0.7622    -0.7622     0.0000   2.792812   2.792714  -0.000094    34.2972    34.2959     7.4914    27.5743    27.5733    34.2976    27.5747    1446.77    1446.77    -0.7621  1028.1975    34.4642 0.0000e+00
      19021 313.559115  -62.14630  -58.43438     -0.887    1448.17    128.000    126.732    -0.7534    -0.7569    -0.0035    -0.7572    -0.7606    -0.0035   2.793185   2.792792  -0.000372    34.2970    34.2959     7.4904    27.5740    27.5733    34.2976    27.5745    1446.78    1446.76    -0.7570  1028.1925    34.4642 0.0000e+00
      19048 313.559127  -62.14630  -58.43438     -0.898    1448.17    127.000    125.743    -0.7512    -0.7525    -0.0013    -0.7550    -0.7562    -0.0013   2.793299   2.793102  -0.000213    34.2968    34.2953     7.4878    27.5737    27.5726    34.2972    27.5741    1446.77    1446.77    -0.7548  1028.1842    34.4599 0.0000e+00
      19075 313.559140 -9.990e-29  -58.43438     -0.896    1448.17    126.000    124.753    -0.7503    -0.7509    -0.0006    -0.7540    -0.7546    -0.0006   2.793317   2.793176  -0.000139    34.2966    34.2954     7.4995    27.5736    27.5726    34.2971    27.5739    1446.76    1446.76    -0.7539  1028.1784    34.4588 0.0000e+00
      19101 313.559153 -9.990e-29  -58.43437     -0.897    1448.17    125.000    123.763    -0.7487    -0.7485     0.0002    -0.7523    -0.7521     0.0002   2.793394   2.793314  -0.000086    34.2964    34.2950     7.4977    27.5733    27.5722    34.2969    27.5737    1446.75    1446.75    -0.7523  1028.1734    34.4586 0.0000e+00
      19126 313.559165 -9.990e-29  -58.43436     -0.932    1448.17    124.000    122.773    -0.7460    -0.7470    -0.0010    -0.7497    -0.7507    -0.0010   2.793530   2.793374  -0.000153    34.2959    34.2949     7.4760    27.5727    27.5720    34.2963    27.5731    1446.75    1446.74    -0.7495  1028.1680    34.4580 0.0000e+00
      19150 313.559177  -62.14632  -58.43436     -0.980    1448.17    123.000    121.784    -0.7455    -0.7454     0.0001    -0.7491    -0.7490     0.0001   2.793505   2.793443  -0.000066    34.2956    34.2946     7.4765    27.5725    27.5717    34.2959    27.5728    1446.73    1446.73    -0.7490  1028.1667    34.4623 0.0000e+00
      19174 313.559188  -62.14632  -58.43436     -1.008    1448.17    122.000    120.794    -0.7454    -0.7448     0.0005    -0.7490    -0.7484     0.0005   2.793405   2.793390  -0.000022    34.2950    34.2940     7.4903    27.5720    27.5712    34.2952    27.5722    1446.72    1446.72    -0.7489  1028.1614    34.4617 0.0000e+00
      19199 313.559201  -62.14632  -58.43435     -0.974    1448.17    121.000    119.804    -0.7458    -0.7450     0.0008    -0.7493    -0.7485     0.0008   2.793276   2.793288   0.000008    34.2943    34.2935     7.5034    27.5715    27.5708    34.2944    27.5716    1446.70    1446.70    -0.7492  1028.1561    34.4610 0.0000e+00
      19227 313.559214  -62.14634  -58.43434     -0.898    1448.17    120.000    118.814    -0.7469    -0.7462     0.0006    -0.7504    -0.7497     0.0006   2.793114   2.793138   0.000019    34.2940    34.2936     7.4997    27.5713    27.5709    34.2941    27.5714    1446.68    1446.68    -0.7503  1028.1511    34.4607 0.0000e+00
      19255 313.559228  -62.14634  -58.43434     -0.854    1448.17    119.000    117.824    -0.7475    -0.7463     0.0012    -0.7509    -0.7498     0.0012   2.792992   2.793012   0.000016    34.2938    34.2926     7.4998    27.5711    27.5702    34.2938    27.5711    1446.66    1446.66    -0.7509  1028.1461    34.4603 0.0000e+00
      19282 313.559241  -62.14634  -58.43434     -0.870    1448.17    118.000    116.834    -0.7483    -0.7469     0.0013    -0.7517    -0.7504     0.0013   2.792834   2.792870   0.000035    34.2932    34.2921     7.5087    27.5707    27.5698    34.2932    27.5707    1446.63    1446.64    -0.7516  1028.1408    34.4597 0.0000e+00
      19308 313.559253  -62.14634  -58.43434     -0.917    1448.17    117.000    115.844    -0.7486    -0.7475     0.0011    -0.7520    -0.7509     0.0011   2.792750   2.792779   0.000026    34.2930    34.2921     7.5282    27.5705    27.5697    34.2930    27.5706    1446.62    1446.62    -0.7519  1028.1359    34.4595 0.0000e+00
      19334 313.559265  -62.14634  -58.43432     -0.931    1448.17    116.000    114.855    -0.7489    -0.7479     0.0010    -0.7522    -0.7512     0.0010   2.792674   2.792680   0.000009    34.2929    34.2919     7.5195    27.5705    27.5696    34.2929    27.5705    1446.60    1446.60    -0.7522  1028.1300    34.4581 0.0000e+00
      19360 313.559278 -9.990e-29  -58.43432     -0.925    1448.17    115.000    113.865    -0.7490    -0.7481     0.0009    -0.7523    -0.7515     0.0009   2.792622   2.792607  -0.000016    34.2930    34.2918     7.5120    27.5705    27.5695    34.2929    27.5705    1446.58    1446.59    -0.7523  1028.1224    34.4546 0.0000e+00
      19385 313.559290 -9.990e-29  -58.43432     -0.945    1448.17    114.000    112.875    -0.7490    -0.7482     0.0008    -0.7523    -0.7515     0.0008   2.792562   2.792539  -0.000021    34.2927    34.2915     7.5158    27.5703    27.5694    34.2927    27.5703    1446.57    1446.57    -0.7522  1028.1175    34.4544 0.0000e+00
      19409 313.559302 -9.990e-29  -58.43431     -0.980    1448.17    113.000    111.885    -0.7481    -0.7476     0.0005    -0.7514    -0.7509     0.0005   2.792565   2.792513  -0.000051    34.2923    34.2911     7.5227    27.5699    27.5690    34.2924    27.5700    1446.55    1446.55    -0.7513  1028.1124    34.4541 0.0000e+00
      19432 313.559313  -62.14638  -58.43430     -1.009    1448.17    112.000    110.895    -0.7474    -0.7471     0.0003    -0.7507    -0.7504     0.0003   2.792557   2.792499  -0.000052    34.2921    34.2911     7.5259    27.5697    27.5689    34.2922    27.5698    1446.54    1446.54    -0.7506  1028.1082    34.4549 0.0000e+00
      19456 313.559325  -62.14638  -58.43430     -1.010    1448.17    111.000    109.906    -0.7460    -0.7459     0.0000    -0.7492    -0.7491     0.0000   2.792634   2.792537  -0.000098    34.2920    34.2907     7.5167    27.5696    27.5685    34.2922    27.5698    1446.53    1446.53    -0.7491  1028.1063    34.4585 0.0000e+00
      19483 313.559337  -62.14638  -58.43430     -0.939    1448.17    110.000    108.915    -0.7454    -0.7454    -0.0001    -0.7486    -0.7486    -0.0001   2.792631   2.792537  -0.000091    34.2920    34.2908     7.5209    27.5696    27.5686    34.2921    27.5697    1446.52    1446.52    -0.7485  1028.1015    34.4585 0.0000e+00
      19512 313.559351  -62.14638  -58.43429     -0.845    1448.17    109.000    107.926    -0.7453    -0.7453     0.0001    -0.7485    -0.7485     0.0001   2.792573   2.792505  -0.000073    34.2919    34.2908     7.5195    27.5695    27.5686    34.2919    27.5695    1446.50    1446.50    -0.7484  1028.0965    34.4583 0.0000e+00
      19539 313.559364  -62.14638  -58.43428     -0.856    1448.17    108.000    106.936    -0.7448    -0.7444     0.0003    -0.7479    -0.7476     0.0003   2.792578   2.792513  -0.000062    34.2918    34.2906     7.5333    27.5694    27.5684    34.2919    27.5695    1446.49    1446.49    -0.7479  1028.0917    34.4583 0.0000e+00
