Pos-Processados/process_op42/Processamento_split/up/uoperantar42_022.cnv
* Sea-Bird SBE 9 Data File:
* FileName = C:\Users\Hidrografia\Desktop\OPXLII\Brutos\OP42022.hdr
* Software Version Seasave V 7.26.7.107
* Temperature SN = 6502
* Conductivity SN = 4998
* Number of Bytes Per Scan = 37
* Number of Voltage Words = 4
* Number of Scans Averaged by the Deck Unit = 1
* NMEA Latitude = 62 18.70 S
* NMEA Longitude = 058 31.66 W
* NMEA UTC (Time) = Nov 07 2023 22:53:42
* NMEA baud rate = 4800
** H41
** NPOALTEMAXIMIANO
** NUMERO DA ESTACAO (XXX) 022
** LAT (XX XX.XX S/N) 62 18.60 S
** LONG (XXX XX.XX W/E) 058 32.03 W
** DATAHORA (dd/mm/aaaa hh:mm Z) 07/11/2023 2251Z
** PROFUNDIDADE (m) 434
** OPERADOR 1T ZAMITH
# nquan = 30
# nvalues = 424                         
# units = specified
# name 0 = scan: Scan Count
# name 1 = timeJ: Julian Days
# name 2 = latitude: Latitude [deg]
# name 3 = longitude: Longitude [deg]
# name 4 = dz/dtM: Descent Rate [m/s]
# name 5 = avgsvCM: Average Sound Velocity [Chen-Millero, m/s]
# name 6 = prDM: Pressure, Digiquartz [db]
# name 7 = depSM: Depth [salt water, m]
# name 8 = t090C: Temperature [ITS-90, deg C]
# name 9 = t190C: Temperature, 2 [ITS-90, deg C]
# name 10 = T2-T190C: Temperature Difference, 2 - 1 [ITS-90, deg C]
# name 11 = potemp090C: Potential Temperature [ITS-90, deg C]
# name 12 = potemp190C: Potential Temperature, 2 [ITS-90, deg C]
# name 13 = potemp90Cdiff: Potential Temperature, Diff, 2 - 1 [ITS-90, deg C]
# name 14 = c0S/m: Conductivity [S/m]
# name 15 = c1S/m: Conductivity, 2 [S/m]
# name 16 = C2-C1S/m: Conductivity Difference, 2 - 1 [S/m]
# name 17 = sal00: Salinity, Practical [PSU]
# name 18 = sal11: Salinity, Practical, 2 [PSU]
# name 19 = sbeox0ML/L: Oxygen, SBE 43 [ml/l]
# name 20 = sigma-é00: Density [sigma-theta, kg/m^3]
# name 21 = sigma-é11: Density, 2 [sigma-theta, kg/m^3]
# name 22 = sal00: Salinity, Practical [PSU]
# name 23 = sigma-é00: Density [sigma-theta, kg/m^3]
# name 24 = svCM: Sound Velocity [Chen-Millero, m/s]
# name 25 = svCM1: Sound Velocity, 2 [Chen-Millero, m/s]
# name 26 = gsw_ptA0: potential temperature [ITS-90, deg C]
# name 27 = gsw_densityA0: density, TEOS-10 [density, kg/m^3]
# name 28 = gsw_saA0: Absolute Salinity [g/kg]
# name 29 = flag:
# span 0 =      19367,      35162       
# span 1 = 311.963298, 311.970915       
# span 2 =  -62.31458,  -62.31353       
# span 3 =  -58.51448,  -58.50270       
# span 4 =     -1.249,     -0.106       
# span 5 =    1450.34,    1450.34       
# span 6 =      5.000,    428.000       
# span 7 =      4.989,    423.449       
# span 8 =    -0.8557,     0.1717       
# span 9 =    -0.8555,     0.1718       
# span 10 =    -0.1579,     0.0373      
# span 11 =    -0.8593,     0.1563      
# span 12 =    -0.8591,     0.1564      
# span 13 =    -0.1573,     0.0373      
# span 14 =   2.785416,   2.898706      
# span 15 =   2.785382,   2.898503      
# span 16 =  -0.013119,   0.003322      
# span 17 =    34.2849,    34.5038      
# span 18 =    34.2837,    34.5009      
# span 19 =     5.6385,     7.6719      
# span 20 =    27.5602,    27.7256      
# span 21 =    27.5592,    27.7246      
# span 22 =    34.2848,    34.5086      
# span 23 =    27.5596,    27.7260      
# span 24 =    1445.11,    1455.60      
# span 25 =    1445.11,    1455.59      
# span 26 =    -0.8592,     0.1564      
# span 27 =  1027.5898,  1029.7708      
# span 28 =    34.4469,    34.6774      
# span 29 = 0.0000e+00, 0.0000e+00      
# interval = decibars: 1                
# start_time = Nov 07 2023 22:53:42 [NMEA time, header]
# bad_flag = -9.990e-29
*END*
      19367 311.963298  -62.31353  -58.51448     -0.106    1450.34    428.000    423.449    -0.6231    -0.6235    -0.0004    -0.6374    -0.6378    -0.0004   2.832081   2.831955  -0.000125    34.4905    34.4893     6.1955    27.7256    27.7246    34.4908    27.7258    1452.54    1452.54    -0.6371  1029.7708    34.6596 0.0000e+00
      19676 311.963447  -62.31354  -58.51427     -0.172    1450.34    427.000    422.460    -0.6160    -0.6167    -0.0007    -0.6303    -0.6310    -0.0007   2.832384   2.832404   0.000026    34.4875    34.4886     6.1878    27.7228    27.7238    34.4874    27.7228    1452.55    1452.55    -0.6300  1029.7629    34.6562 0.0000e+00
      19758 311.963486  -62.31356  -58.51420     -0.303    1450.34    426.000    421.472    -0.6199    -0.6204    -0.0004    -0.6342    -0.6346    -0.0004   2.831969   2.831898  -0.000075    34.4870    34.4865     6.1928    27.7226    27.7222    34.4870    27.7226    1452.52    1452.52    -0.6339  1029.7580    34.6558 0.0000e+00
      19811 311.963512  -62.31356  -58.51416     -0.448    1450.34    425.000    420.483    -0.6193    -0.6186     0.0007    -0.6335    -0.6329     0.0007   2.831965   2.831939  -0.000029    34.4868    34.4857     6.2128    27.7224    27.7215    34.4868    27.7224    1452.51    1452.51    -0.6332  1029.7531    34.6555 0.0000e+00
      19869 311.963540  -62.31356  -58.51413     -0.404    1450.34    424.000    419.497    -0.6189    -0.6179     0.0010    -0.6331    -0.6321     0.0010   2.831883   2.831899   0.000011    34.4858    34.4849     6.2063    27.7216    27.7208    34.4858    27.7216    1452.49    1452.49    -0.6328  1029.7475    34.6546 0.0000e+00
      19925 311.963567  -62.31356  -58.51410     -0.423    1450.34    423.000    418.508    -0.6175    -0.6172     0.0004    -0.6317    -0.6313     0.0004   2.831833   2.831811  -0.000019    34.4842    34.4835     6.2155    27.7202    27.7197    34.4842    27.7202    1452.48    1452.48    -0.6314  1029.7415    34.6530 0.0000e+00
      19955 311.963581  -62.31356  -58.51408     -0.703    1450.34    422.000    417.520    -0.6103    -0.6139    -0.0036    -0.6244    -0.6280    -0.0036   2.832631   2.832229  -0.000484    34.4842    34.4818     6.2025    27.7199    27.7181    34.4873    27.7224    1452.50    1452.48    -0.6242  1029.7388    34.6561 0.0000e+00
      19978 311.963592  -62.31358  -58.51406     -0.947    1450.34    421.000    416.531    -0.5475    -0.5247     0.0228    -0.5618    -0.5391     0.0227   2.838469   2.839855   0.001361    34.4863    34.4788     6.1992    27.7189    27.7117    34.4951    27.7260    1452.79    1452.88    -0.5615  1029.7367    34.6639 0.0000e+00
      20000 311.963603  -62.31358  -58.51404     -1.071    1450.34    420.000    415.543    -0.4466    -0.4651    -0.0186    -0.4612    -0.4797    -0.0185   2.847324   2.844976  -0.002203    34.4860    34.4775     6.2019    27.7140    27.7080    34.5001    27.7254    1453.25    1453.15    -0.4610  1029.7301    34.6690 0.0000e+00
      20025 311.963615  -62.31358  -58.51402     -1.030    1450.34    419.000    414.555    -0.3884    -0.4444    -0.0560    -0.4032    -0.4591    -0.0558   2.851165   2.845587  -0.004777    34.4800    34.4794     6.2142    27.7064    27.7086    34.4863    27.7115    1453.48    1453.21    -0.4030  1029.7107    34.6550 0.0000e+00
      20054 311.963629  -62.31358  -58.51399     -0.868    1450.34    418.000    413.566    -0.3795    -0.5374    -0.1579    -0.3944    -0.5517    -0.1573   2.852439   2.839272  -0.013119    34.4835    34.4865     6.1884    27.7089    27.7185    34.4939    27.7173    1453.52    1452.79    -0.3941  1029.7116    34.6627 0.0000e+00
      20078 311.963641  -62.31358  -58.51397     -0.886    1450.34    417.000    412.578    -0.3395    -0.3653    -0.0258    -0.3544    -0.3801    -0.0257   2.856119   2.853409  -0.003180    34.4877    34.4743     6.1318    27.7104    27.7008    34.4984    27.7190    1453.69    1453.56    -0.3542  1029.7080    34.6672 0.0000e+00
      20099 311.963651  -62.31358  -58.51396     -1.059    1450.34    416.000    411.589    -0.2873    -0.2591     0.0281    -0.3024    -0.2743     0.0280   2.860465   2.862504   0.001681    34.4866    34.4773     6.0809    27.7071    27.6981    34.4980    27.7162    1453.92    1454.04    -0.3021  1029.6998    34.6668 0.0000e+00
      20119 311.963660  -62.31358  -58.51394     -1.171    1450.34    415.000    410.601    -0.2430    -0.2261     0.0170    -0.2582    -0.2413     0.0169   2.864337   2.865280   0.000957    34.4891    34.4827     6.0649    27.7069    27.7009    34.5002    27.7158    1454.11    1454.18    -0.2580  1029.6941    34.6690 0.0000e+00
      20145 311.963673  -62.31358  -58.51392     -1.044    1450.34    414.000    409.613    -0.2217    -0.2223    -0.0007    -0.2369    -0.2376    -0.0007   2.865912   2.865539  -0.000165    34.4887    34.4873     6.0375    27.7056    27.7044    34.4977    27.7128    1454.19    1454.18    -0.2367  1029.6860    34.6665 0.0000e+00
      20174 311.963687  -62.31358  -58.51391     -0.831    1450.34    413.000    408.624    -0.2066    -0.2519    -0.0453    -0.2218    -0.2670    -0.0451   2.867109   2.863235  -0.003939    34.4891    34.4878     5.9927    27.7051    27.7063    34.4972    27.7116    1454.24    1454.03    -0.2216  1029.6799    34.6660 0.0000e+00
      20200 311.963699  -62.31358  -58.51389     -0.885    1450.34    412.000    407.636    -0.1842    -0.1980    -0.0138    -0.1995    -0.2133    -0.0138   2.869111   2.867733  -0.001463    34.4918    34.4879     5.9476    27.7061    27.7037    34.4992    27.7122    1454.33    1454.27    -0.1993  1029.6755    34.6680 0.0000e+00
      20227 311.963712  -62.31358  -58.51388     -0.923    1450.34    411.000    406.647    -0.1847    -0.1845     0.0002    -0.2000    -0.1997     0.0003   2.868889   2.868730  -0.000241    34.4928    34.4893     5.9314    27.7070    27.7042    34.4974    27.7107    1454.31    1454.31    -0.1997  1029.6656    34.6616 0.0000e+00
      20261 311.963729 -9.990e-29  -58.51386     -0.745    1450.34    410.000    405.659    -0.1817    -0.2017    -0.0200    -0.1969    -0.2168    -0.0200   2.868978   2.867189  -0.001655    34.4903    34.4908     5.9122    27.7048    27.7062    34.4958    27.7093    1454.31    1454.21    -0.1967  1029.6582    34.6584 0.0000e+00
      20291 311.963743 -9.990e-29  -58.51384     -0.732    1450.34    409.000    404.671    -0.1570    -0.1669    -0.0098    -0.1723    -0.1820    -0.0098   2.871692   2.870441  -0.001432    34.4958    34.4878     5.8776    27.7080    27.7021    34.5046    27.7152    1454.42    1454.36    -0.1721  1029.6590    34.6673 0.0000e+00
      20313 311.963754  -62.31360  -58.51382     -0.938    1450.34    408.000    403.682    -0.1142    -0.1094     0.0048    -0.1296    -0.1247     0.0048   2.875074   2.875205   0.000017    34.4936    34.4884     5.8740    27.7041    27.6997    34.5019    27.7108    1454.59    1454.61    -0.1294  1029.6503    34.6657 0.0000e+00
      20333 311.963764  -62.31360  -58.51380     -1.124    1450.34    407.000    402.693    -0.0903    -0.0872     0.0031    -0.1057    -0.1026     0.0031   2.877021   2.876918  -0.000030    34.4941    34.4902     5.8883    27.7033    27.7000    34.5014    27.7092    1454.69    1454.70    -0.1055  1029.6475    34.6701 0.0000e+00
      20352 311.963773  -62.31360  -58.51378     -1.213    1450.34    406.000    401.705    -0.0794    -0.0717     0.0077    -0.0948    -0.0871     0.0076   2.877894   2.878331   0.000370    34.4942    34.4905     5.8955    27.7028    27.6994    34.5013    27.7085    1454.72    1454.75    -0.0946  1029.6421    34.6701 0.0000e+00
      20372 311.963782  -62.31360  -58.51377     -1.237    1450.34    405.000    400.716    -0.0623    -0.0592     0.0031    -0.0777    -0.0746     0.0030   2.879321   2.879421  -0.000016    34.4952    34.4916     5.8755    27.7028    27.6997    34.5015    27.7079    1454.78    1454.80    -0.0775  1029.6365    34.6703 0.0000e+00
      20392 311.963792  -62.31360  -58.51375     -1.220    1450.34    404.000    399.728    -0.0397    -0.0391     0.0007    -0.0552    -0.0545     0.0007   2.881371   2.881107  -0.000168    34.4954    34.4924     5.8504    27.7018    27.6993    34.5039    27.7086    1454.87    1454.87    -0.0550  1029.6322    34.6727 0.0000e+00
      20413 311.963802  -62.31360  -58.51374     -1.180    1450.34    403.000    398.740    -0.0150    -0.0179    -0.0028    -0.0305    -0.0334    -0.0028   2.883394   2.882908  -0.000488    34.4959    34.4926     5.8268    27.7009    27.6984    34.5035    27.7070    1454.97    1454.95    -0.0303  1029.6256    34.6723 0.0000e+00
      20437 311.963813  -62.31361  -58.51372     -1.089    1450.34    402.000    397.751     0.0055    -0.0091    -0.0146    -0.0100    -0.0245    -0.0145   2.884967   2.883635  -0.001240    34.4949    34.4949     5.8107    27.6990    27.6997    34.5018    27.7046    1455.05    1454.98    -0.0098  1029.6182    34.6706 0.0000e+00
      20463 311.963826  -62.31361  -58.51371     -0.946    1450.34    401.000    396.763     0.0261     0.0044    -0.0217     0.0105    -0.0111    -0.0216   2.886739   2.884723  -0.001987    34.4958    34.4938     5.8088    27.6986    27.6982    34.5027    27.7043    1455.13    1455.02     0.0107  1029.6129    34.6715 0.0000e+00
      20491 311.963840  -62.31360  -58.51369     -0.870    1450.34    400.000    395.774     0.0510     0.0278    -0.0232     0.0354     0.0122    -0.0231   2.888918   2.886658  -0.002254    34.4970    34.4933     5.7744    27.6983    27.6966    34.5041    27.7040    1455.23    1455.12     0.0356  1029.6076    34.6729 0.0000e+00
      20518 311.963853  -62.31361  -58.51368     -0.883    1450.34    399.000    394.786     0.0674     0.0623    -0.0051     0.0518     0.0468    -0.0051   2.890363   2.889672  -0.000743    34.4986    34.4944     5.7532    27.6987    27.6956    34.5053    27.7042    1455.29    1455.26     0.0520  1029.6028    34.6741 0.0000e+00
      20546 311.963866  -62.31362  -58.51367     -0.869    1450.34    398.000    393.797     0.0815     0.0795    -0.0020     0.0659     0.0639    -0.0020   2.891542   2.891077  -0.000490    34.5006    34.4964     5.7405    27.6996    27.6963    34.5057    27.7037    1455.34    1455.32     0.0661  1029.5974    34.6745 0.0000e+00
      20576 311.963881  -62.31362  -58.51364     -0.815    1450.34    397.000    392.809     0.0946     0.0841    -0.0105     0.0790     0.0686    -0.0105   2.892586   2.891474  -0.001107    34.5000    34.4972     5.7360    27.6984    27.6967    34.5053    27.7027    1455.38    1455.33     0.0792  1029.5915    34.6741 0.0000e+00
      20602 311.963893  -62.31362  -58.51362     -0.862    1450.34    396.000    391.820     0.1024     0.0969    -0.0055     0.0868     0.0813    -0.0054   2.893183   2.892583  -0.000605    34.5003    34.4985     5.7110    27.6983    27.6971    34.5051    27.7021    1455.40    1455.37     0.0870  1029.5861    34.6739 0.0000e+00
      20625 311.963904  -62.31362  -58.51360     -0.982    1450.34    395.000    390.832     0.1200     0.1102    -0.0098     0.1044     0.0946    -0.0098   2.894906   2.893741  -0.001142    34.5027    34.4986     5.6967    27.6992    27.6965    34.5086    27.7040    1455.47    1455.42     0.1046  1029.5831    34.6774 0.0000e+00
      20646 311.963915  -62.31362  -58.51356     -1.081    1450.34    394.000    389.843     0.1288     0.1213    -0.0076     0.1132     0.1057    -0.0076   2.895563   2.894608  -0.000909    34.5029    34.4994     5.6879    27.6989    27.6965    34.5080    27.7030    1455.49    1455.45     0.1134  1029.5772    34.6768 0.0000e+00
      20668 311.963925  -62.31362  -58.51356     -1.121    1450.34    393.000    388.855     0.1426     0.1328    -0.0098     0.1270     0.1172    -0.0097   2.896597   2.895585  -0.001091    34.5025    34.4991     5.6787    27.6979    27.6956    34.5068    27.7013    1455.54    1455.49     0.1272  1029.5707    34.6756 0.0000e+00
      20693 311.963937  -62.31362  -58.51354     -1.038    1450.34    392.000    387.866     0.1479     0.1315    -0.0164     0.1323     0.1160    -0.0163   2.896856   2.895271  -0.001468    34.5014    34.5004     5.6837    27.6967    27.6968    34.5048    27.6994    1455.54    1455.46     0.1325  1029.5640    34.6736 0.0000e+00
      20726 311.963953  -62.31362  -58.51352     -0.772    1450.34    391.000    386.878     0.1535     0.1198    -0.0336     0.1379     0.1044    -0.0335   2.897435   2.894372  -0.003004    34.5027    34.5009     5.6697    27.6974    27.6978    34.5068    27.7007    1455.55    1455.40     0.1381  1029.5605    34.6755 0.0000e+00
      20757 311.963968  -62.31362  -58.51351     -0.733    1450.34    390.000    385.889     0.1657     0.1592    -0.0065     0.1502     0.1437    -0.0065   2.898469   2.897775  -0.000829    34.5038    34.5002     5.6473    27.6976    27.6951    34.5073    27.7005    1455.59    1455.56     0.1503  1029.5553    34.6761 0.0000e+00
      20781 311.963980  -62.31362  -58.51349     -0.911    1450.34    389.000    384.901     0.1712     0.1687    -0.0025     0.1557     0.1532    -0.0025   2.898706   2.898453  -0.000322    34.5022    34.5007     5.6385    27.6961    27.6950    34.5049    27.6982    1455.60    1455.59     0.1558  1029.5483    34.6736 0.0000e+00
      20806 311.963992  -62.31363  -58.51347     -0.982    1450.34    388.000    383.912     0.1717     0.1718     0.0001     0.1563     0.1564     0.0001   2.898475   2.898503  -0.000014    34.4998    34.4995     5.6440    27.6941    27.6938    34.5018    27.6957    1455.58    1455.58     0.1564  1029.5411    34.6706 0.0000e+00
      20836 311.964006  -62.31364  -58.51346     -0.851    1450.34    387.000    382.924     0.1681     0.1658    -0.0023     0.1527     0.1504    -0.0023   2.898133   2.897931  -0.000203    34.5000    34.4999     5.6484    27.6945    27.6945    34.5019    27.6960    1455.55    1455.54     0.1529  1029.5367    34.6707 0.0000e+00
      20866 311.964021  -62.31364  -58.51344     -0.772    1450.34    386.000    381.935     0.1676     0.1688     0.0012     0.1522     0.1534     0.0012   2.897837   2.897863  -0.000027    34.4982    34.4965     5.6397    27.6930    27.6916    34.4992    27.6938    1455.53    1455.53     0.1524  1029.5298    34.6680 0.0000e+00
      20893 311.964034  -62.31364  -58.51341     -0.859    1450.34    385.000    380.947     0.1624     0.1668     0.0044     0.1472     0.1515     0.0044   2.897034   2.897543   0.000439    34.4948    34.4957     5.6493    27.6906    27.6910    34.4950    27.6907    1455.48    1455.50     0.1473  1029.5221    34.6637 0.0000e+00
      20918 311.964046  -62.31364  -58.51339     -0.936    1450.34    384.000    379.958     0.1542     0.1599     0.0057     0.1390     0.1446     0.0056   2.895956   2.896561   0.000592    34.4907    34.4922     5.6509    27.6877    27.6886    34.4906    27.6876    1455.42    1455.45     0.1391  1029.5144    34.6593 0.0000e+00
      20944 311.964058  -62.31364  -58.51337     -0.931    1450.34    383.000    378.969     0.1513     0.1530     0.0018     0.1361     0.1379     0.0018   2.895618   2.895673   0.000080    34.4894    34.4885     5.6763    27.6868    27.6860    34.4900    27.6873    1455.39    1455.40     0.1363  1029.5093    34.6587 0.0000e+00
      20968 311.964070  -62.31364  -58.51335     -0.960    1450.34    382.000    377.981     0.1503     0.1527     0.0024     0.1352     0.1376     0.0024   2.895348   2.895552   0.000151    34.4885    34.4878     5.6864    27.6861    27.6854    34.4882    27.6859    1455.37    1455.38     0.1353  1029.5032    34.6569 0.0000e+00
      20991 311.964081  -62.31364  -58.51333     -1.035    1450.34    381.000    376.992     0.1426     0.1469     0.0044     0.1275     0.1319     0.0044   2.894444   2.894835   0.000373    34.4866    34.4866     5.6926    27.6850    27.6848    34.4856    27.6841    1455.31    1455.33     0.1277  1029.4969    34.6542 0.0000e+00
