Pos-Processados/process_op42/Processamento_split/up/uoperantar42_024.cnv
* Sea-Bird SBE 9 Data File:
* FileName = C:\Users\Hidrografia\Desktop\OPXLII\Brutos\OP42024.hdr
* Software Version Seasave V 7.26.7.107
* Temperature SN = 6502
* Conductivity SN = 4998
* Number of Bytes Per Scan = 37
* Number of Voltage Words = 4
* Number of Scans Averaged by the Deck Unit = 1
* NMEA Latitude = 62 12.92 S
* NMEA Longitude = 058 19.80 W
* NMEA UTC (Time) = Nov 08 2023 11:02:46
* NMEA baud rate = 4800
** H41
** NPOALTEMAXIMIANO
** NUMERO DA ESTACAO (XXX) 024
** LAT (XX XX.XX S/N) 62 12.60 S
** LONG (XXX XX.XX W/E) 058 20.03 W
** DATAHORA (dd/mm/aaaa hh:mm Z) 08/11/2023 1056Z
** PROFUNDIDADE (m) 482
** OPERADOR CT FILIPE LOPES
# nquan = 30
# nvalues = 414                         
# units = specified
# name 0 = scan: Scan Count
# name 1 = timeJ: Julian Days
# name 2 = latitude: Latitude [deg]
# name 3 = longitude: Longitude [deg]
# name 4 = dz/dtM: Descent Rate [m/s]
# name 5 = avgsvCM: Average Sound Velocity [Chen-Millero, m/s]
# name 6 = prDM: Pressure, Digiquartz [db]
# name 7 = depSM: Depth [salt water, m]
# name 8 = t090C: Temperature [ITS-90, deg C]
# name 9 = t190C: Temperature, 2 [ITS-90, deg C]
# name 10 = T2-T190C: Temperature Difference, 2 - 1 [ITS-90, deg C]
# name 11 = potemp090C: Potential Temperature [ITS-90, deg C]
# name 12 = potemp190C: Potential Temperature, 2 [ITS-90, deg C]
# name 13 = potemp90Cdiff: Potential Temperature, Diff, 2 - 1 [ITS-90, deg C]
# name 14 = c0S/m: Conductivity [S/m]
# name 15 = c1S/m: Conductivity, 2 [S/m]
# name 16 = C2-C1S/m: Conductivity Difference, 2 - 1 [S/m]
# name 17 = sal00: Salinity, Practical [PSU]
# name 18 = sal11: Salinity, Practical, 2 [PSU]
# name 19 = sbeox0ML/L: Oxygen, SBE 43 [ml/l]
# name 20 = sigma-é00: Density [sigma-theta, kg/m^3]
# name 21 = sigma-é11: Density, 2 [sigma-theta, kg/m^3]
# name 22 = sal00: Salinity, Practical [PSU]
# name 23 = sigma-é00: Density [sigma-theta, kg/m^3]
# name 24 = svCM: Sound Velocity [Chen-Millero, m/s]
# name 25 = svCM1: Sound Velocity, 2 [Chen-Millero, m/s]
# name 26 = gsw_ptA0: potential temperature [ITS-90, deg C]
# name 27 = gsw_densityA0: density, TEOS-10 [density, kg/m^3]
# name 28 = gsw_saA0: Absolute Salinity [g/kg]
# name 29 = flag:
# span 0 =      16875,      32356       
# span 1 = 312.468392, 312.475858       
# span 2 =  -62.21294,  -62.21082       
# span 3 =  -58.32361,  -58.31820       
# span 4 =     -1.476,     -0.139       
# span 5 =    1448.57,    1448.57       
# span 6 =      3.000,    416.000       
# span 7 =      2.972,    411.581       
# span 8 =    -0.8436,    -0.4352       
# span 9 =    -0.8428,    -0.4371       
# span 10 =    -0.0097,     0.0142      
# span 11 =    -0.8528,    -0.4497      
# span 12 =    -0.8519,    -0.4516      
# span 13 =    -0.0097,     0.0141      
# span 14 =   2.793522,   2.843785      
# span 15 =   2.793642,   2.843607      
# span 16 =  -0.000962,   0.001392      
# span 17 =    34.2955,    34.4437      
# span 18 =    34.2940,    34.4429      
# span 19 =     6.3353,     7.5371      
# span 20 =    27.5664,    27.6793      
# span 21 =    27.5653,    27.6787      
# span 22 =    34.2955,    34.4423      
# span 23 =    27.5663,    27.6782      
# span 24 =    1445.47,    1453.16      
# span 25 =    1445.47,    1453.15      
# span 26 =    -0.8525,    -0.4495      
# span 27 =  1027.5845,  1029.6632      
# span 28 =    34.4574,    34.6099      
# span 29 = 0.0000e+00, 0.0000e+00      
# interval = decibars: 1                
# start_time = Nov 08 2023 11:02:46 [NMEA time, header]
# bad_flag = -9.990e-29
*END*
[from data line 387]
      30586 312.475004  -62.21106  -58.31884     -0.665    1448.57     29.000     28.719    -0.6050    -0.6042     0.0008    -0.6058    -0.6050     0.0008   2.800991   2.800957  -0.000041    34.2962    34.2947     7.5190    27.5669    27.5657    34.2961    27.5668    1445.86    1445.87    -0.6058  1027.7101    34.4615 0.0000e+00
      30616 312.475019  -62.21106  -58.31884     -0.781    1448.57     28.000     27.729    -0.6050    -0.6042     0.0008    -0.6058    -0.6051     0.0008   2.800931   2.800908  -0.000023    34.2959    34.2947     7.5239    27.5667    27.5657    34.2959    27.5667    1445.85    1445.85    -0.6058  1027.7052    34.4613 0.0000e+00
      30650 312.475035  -62.21106  -58.31883     -0.725    1448.57     27.000     26.739    -0.6051    -0.6043     0.0008    -0.6059    -0.6051     0.0008   2.800891   2.800866  -0.000024    34.2961    34.2949     7.5238    27.5668    27.5658    34.2961    27.5668    1445.83    1445.83    -0.6059  1027.7005    34.4615 0.0000e+00
      30682 312.475051  -62.21104  -58.31882     -0.718    1448.57     26.000     25.749    -0.6050    -0.6042     0.0008    -0.6058    -0.6050     0.0008   2.800841   2.800814  -0.000025    34.2960    34.2947     7.5231    27.5667    27.5657    34.2959    27.5667    1445.82    1445.82    -0.6058  1027.6956    34.4613 0.0000e+00
      30710 312.475064  -62.21104  -58.31881     -0.832    1448.57     25.000     24.758    -0.6050    -0.6042     0.0008    -0.6057    -0.6050     0.0008   2.800798   2.800767  -0.000034    34.2961    34.2948     7.5170    27.5669    27.5657    34.2960    27.5668    1445.80    1445.80    -0.6057  1027.6909    34.4614 0.0000e+00
      30738 312.475077  -62.21104  -58.31880     -0.876    1448.57     24.000     23.768    -0.6050    -0.6042     0.0008    -0.6058    -0.6049     0.0008   2.800747   2.800719  -0.000025    34.2960    34.2947     7.5174    27.5667    27.5657    34.2960    27.5667    1445.78    1445.79    -0.6057  1027.6861    34.4613 0.0000e+00
      30778 312.475097  -62.21104  -58.31878     -0.650    1448.57     23.000     22.779    -0.6051    -0.6043     0.0008    -0.6057    -0.6050     0.0008   2.800700   2.800675  -0.000023    34.2960    34.2948     7.5122    27.5667    27.5658    34.2960    27.5667    1445.77    1445.77    -0.6057  1027.6813    34.4613 0.0000e+00
      30833 312.475123  -62.21103  -58.31876     -0.397    1448.57     22.000     21.786    -0.6046    -0.6041     0.0005    -0.6053    -0.6047     0.0005   2.800704   2.800645  -0.000058    34.2961    34.2947     7.5207    27.5668    27.5657    34.2961    27.5669    1445.75    1445.75    -0.6052  1027.6766    34.4615 0.0000e+00
      30864 312.475138  -62.21102  -58.31876     -0.665    1448.57     21.000     20.797    -0.6034    -0.6034     0.0000    -0.6040    -0.6040     0.0000   2.800759   2.800653  -0.000107    34.2961    34.2946     7.5170    27.5668    27.5656    34.2961    27.5668    1445.74    1445.74    -0.6040  1027.6717    34.4615 0.0000e+00
      30886 312.475149  -62.21102  -58.31876     -0.949    1448.57     20.000     19.807    -0.6030    -0.6023     0.0007    -0.6036    -0.6029     0.0007   2.800730   2.800692  -0.000043    34.2959    34.2945     7.5294    27.5666    27.5654    34.2959    27.5666    1445.73    1445.73    -0.6036  1027.6667    34.4612 0.0000e+00
      30908 312.475160  -62.21102  -58.31875     -1.100    1448.57     19.000     18.817    -0.6031    -0.6022     0.0009    -0.6036    -0.6028     0.0009   2.800679   2.800656  -0.000027    34.2960    34.2946     7.5297    27.5667    27.5655    34.2959    27.5666    1445.71    1445.71    -0.6036  1027.6620    34.4613 0.0000e+00
      30938 312.475174  -62.21102  -58.31872     -0.924    1448.57     18.000     17.829    -0.6030    -0.6024     0.0006    -0.6035    -0.6029     0.0006   2.800650   2.800605  -0.000042    34.2960    34.2948     7.5213    27.5667    27.5657    34.2961    27.5667    1445.70    1445.70    -0.6035  1027.6574    34.4614 0.0000e+00
      30989 312.475199  -62.21102  -58.31870     -0.450    1448.57     17.000     16.834    -0.6028    -0.6021     0.0008    -0.6033    -0.6026     0.0008   2.800625   2.800594  -0.000035    34.2962    34.2948     7.5253    27.5668    27.5657    34.2962    27.5668    1445.68    1445.68    -0.6033  1027.6526    34.4615 0.0000e+00
      31039 312.475223  -62.21100  -58.31870     -0.489    1448.57     16.000     15.846    -0.6028    -0.6019     0.0008    -0.6033    -0.6024     0.0008   2.800577   2.800547  -0.000029    34.2961    34.2947     7.5259    27.5667    27.5656    34.2961    27.5667    1445.66    1445.67    -0.6033  1027.6478    34.4615 0.0000e+00
      31074 312.475240  -62.21100  -58.31869     -0.627    1448.57     15.000     14.855    -0.6022    -0.6017     0.0006    -0.6026    -0.6021     0.0006   2.800577   2.800527  -0.000051    34.2960    34.2947     7.5287    27.5667    27.5656    34.2961    27.5667    1445.65    1445.65    -0.6026  1027.6422    34.4605 0.0000e+00
      31098 312.475251 -9.990e-29  -58.31868     -0.873    1448.57     14.000     13.865    -0.6022    -0.6016     0.0007    -0.6026    -0.6020     0.0007   2.800508   2.800490  -0.000016    34.2958    34.2948     7.5298    27.5664    27.5656    34.2958    27.5664    1445.63    1445.64    -0.6026  1027.6349    34.4574 0.0000e+00
      31120 312.475262 -9.990e-29  -58.31867     -1.056    1448.57     13.000     12.875    -0.6022    -0.6015     0.0007    -0.6026    -0.6019     0.0007   2.800471   2.800446  -0.000025    34.2959    34.2947     7.5371    27.5666    27.5656    34.2959    27.5665    1445.62    1445.62    -0.6026  1027.6303    34.4576 0.0000e+00
      31162 312.475282  -62.21098  -58.31865     -0.730    1448.57     12.000     11.885    -0.6020    -0.6014     0.0007    -0.6024    -0.6017     0.0007   2.800460   2.800420  -0.000035    34.2960    34.2948     7.5271    27.5666    27.5656    34.2961    27.5667    1445.60    1445.60    -0.6023  1027.6264    34.4587 0.0000e+00
      31252 312.475326  -62.21098  -58.31864     -0.217    1448.57     11.000     10.892    -0.6006    -0.5998     0.0007    -0.6009    -0.6002     0.0007   2.800526   2.800481  -0.000046    34.2960    34.2946     7.5251    27.5666    27.5654    34.2960    27.5665    1445.59    1445.59    -0.6009  1027.6240    34.4618 0.0000e+00
      31271 312.475335  -62.21098  -58.31863     -0.792    1448.57     10.000      9.904    -0.6005    -0.5998     0.0007    -0.6008    -0.6001     0.0007   2.800476   2.800444  -0.000037    34.2959    34.2946     7.5255    27.5664    27.5654    34.2959    27.5664    1445.58    1445.58    -0.6008  1027.6189    34.4614 0.0000e+00
      31291 312.475344  -62.21098  -58.31861     -1.108    1448.57      9.000      8.913    -0.6005    -0.5995     0.0009    -0.6008    -0.5998     0.0009   2.800429   2.800412  -0.000017    34.2958    34.2945     7.5154    27.5664    27.5653    34.2958    27.5664    1445.56    1445.56    -0.6008  1027.6141    34.4613 0.0000e+00
      31341 312.475368  -62.21097  -58.31858     -0.683    1448.57      8.000      7.921    -0.6009    -0.5998     0.0011    -0.6011    -0.6001     0.0011   2.800375   2.800362  -0.000016    34.2962    34.2948     7.5242    27.5668    27.5656    34.2962    27.5667    1445.54    1445.55    -0.6011  1027.6096    34.4617 0.0000e+00
      31421 312.475407  -62.21096  -58.31856     -0.395    1448.57      7.000      6.928    -0.6005    -0.5997     0.0008    -0.6007    -0.5999     0.0008   2.800336   2.800323  -0.000012    34.2959    34.2948     7.5288    27.5664    27.5655    34.2958    27.5664    1445.53    1445.53    -0.6007  1027.6045    34.4613 0.0000e+00
      31458 312.475425  -62.21096  -58.31855     -0.596    1448.57      6.000      5.944    -0.6009    -0.6000     0.0009    -0.6010    -0.6002     0.0009   2.800276   2.800258  -0.000015    34.2960    34.2948     7.5265    27.5666    27.5656    34.2961    27.5666    1445.51    1445.51    -0.6011  1027.5999    34.4616 0.0000e+00
      31539 312.475464  -62.21095  -58.31853     -0.183    1448.57      5.000      4.946    -0.6008    -0.5998     0.0009    -0.6010    -0.6000     0.0009   2.800238   2.800207  -0.000035    34.2962    34.2947     7.5068    27.5667    27.5655    34.2961    27.5667    1445.49    1445.50    -0.6010  1027.5952    34.4616 0.0000e+00
      31566 312.475477  -62.21094  -58.31852     -0.702    1448.57      4.000      3.961    -0.6011    -0.6002     0.0008    -0.6012    -0.6003     0.0008   2.800159   2.800137  -0.000026    34.2961    34.2947     7.5073    27.5666    27.5655    34.2960    27.5665    1445.48    1445.48    -0.6012  1027.5903    34.4615 0.0000e+00
      32356 312.475858  -62.21082  -58.31820     -0.507    1448.57      3.000      2.972    -0.5991    -0.5986     0.0005    -0.5992    -0.5987     0.0005   2.800291   2.800250  -0.000035    34.2960    34.2949     7.5143    27.5665    27.5656    34.2962    27.5666    1445.47    1445.47    -0.5992  1027.5845    34.4603 0.0000e+00
