Pos-Processados/process_op42/Processamento_split/up/uoperantar42_015.cnv
* Sea-Bird SBE 9 Data File:
* FileName = C:\Users\Hidrografia\Desktop\OPXLII\Brutos\OP42015.hdr
* Software Version Seasave V 7.26.7.107
* Temperature SN = 6502
* Conductivity SN = 4998
* Number of Bytes Per Scan = 31
* Number of Voltage Words = 2
* Number of Scans Averaged by the Deck Unit = 1
* NMEA Latitude = 46 45.52 S
* NMEA Longitude = 057 57.77 W
* NMEA UTC (Time) = Oct 20 2023 19:17:13
* NMEA baud rate = 4800
** H41
** NPOALTEMAXIMIANO
** NUMERO DA ESTACAO (XXX) 015
** LAT (XX XX.XX S/N) 46 45.93 S
** LONG (XXX XX.XX W/E) 057 54.24 W
** DATAHORA (dd/mm/aaaa hh:mm Z) 20/10/2023 1916Z
** PROFUNDIDADE (m) 3525
** OPERADOR CT FABIREZA
# nquan = 30
# nvalues = 1006                        
# units = specified
# name 0 = scan: Scan Count
# name 1 = timeJ: Julian Days
# name 2 = latitude: Latitude [deg]
# name 3 = longitude: Longitude [deg]
# name 4 = dz/dtM: Descent Rate [m/s]
# name 5 = avgsvCM: Average Sound Velocity [Chen-Millero, m/s]
# name 6 = prDM: Pressure, Digiquartz [db]
# name 7 = depSM: Depth [salt water, m]
# name 8 = t090C: Temperature [ITS-90, deg C]
# name 9 = t190C: Temperature, 2 [ITS-90, deg C]
# name 10 = T2-T190C: Temperature Difference, 2 - 1 [ITS-90, deg C]
# name 11 = potemp090C: Potential Temperature [ITS-90, deg C]
# name 12 = potemp190C: Potential Temperature, 2 [ITS-90, deg C]
# name 13 = potemp90Cdiff: Potential Temperature, Diff, 2 - 1 [ITS-90, deg C]
# name 14 = c0S/m: Conductivity [S/m]
# name 15 = c1S/m: Conductivity, 2 [S/m]
# name 16 = C2-C1S/m: Conductivity Difference, 2 - 1 [S/m]
# name 17 = sal00: Salinity, Practical [PSU]
# name 18 = sal11: Salinity, Practical, 2 [PSU]
# name 19 = sbeox0ML/L: Oxygen, SBE 43 [ml/l]
# name 20 = sigma-é00: Density [sigma-theta, kg/m^3]
# name 21 = sigma-é11: Density, 2 [sigma-theta, kg/m^3]
# name 22 = sal00: Salinity, Practical [PSU]
# name 23 = sigma-é00: Density [sigma-theta, kg/m^3]
# name 24 = svCM: Sound Velocity [Chen-Millero, m/s]
# name 25 = svCM1: Sound Velocity, 2 [Chen-Millero, m/s]
# name 26 = gsw_ptA0: potential temperature [ITS-90, deg C]
# name 27 = gsw_densityA0: density, TEOS-10 [density, kg/m^3]
# name 28 = gsw_saA0: Absolute Salinity [g/kg]
# name 29 = flag:
# span 0 =      30612,      64876       
# span 1 = 293.818385, 293.834909       
# span 2 =  -46.77136,  -46.76440       
# span 3 =  -57.96606,  -57.96417       
# span 4 =     -1.604,     -0.033       
# span 5 =    1470.12,    1470.12       
# span 6 =      6.000,   1011.000       
# span 7 =      5.969,   1000.194       
# span 8 =     1.7352,     7.2192       
# span 9 =     1.7360,     7.2153       
# span 10 =    -0.0329,     0.0902      
# span 11 =     1.7208,     7.2181      
# span 12 =     1.7215,     7.2142      
# span 13 =    -0.0329,     0.0901      
# span 14 =   2.987740,   3.467015      
# span 15 =   2.987724,   3.466612      
# span 16 =  -0.003358,   0.007335      
# span 17 =    33.9561,    34.5747      
# span 18 =    33.9543,    34.5742      
# span 19 =     3.8329,     7.2810      
# span 20 =    26.6781,    27.5914      
# span 21 =    26.6786,    27.5909      
# span 22 =    33.9614,    34.5747      
# span 23 =    26.6792,    27.5914      
# span 24 =    1460.00,    1478.57      
# span 25 =    1460.00,    1478.56      
# span 26 =     1.7209,     7.2181      
# span 27 =  1026.7094,  1032.2874      
# span 28 =    34.1224,    34.7425      
# span 29 = 0.0000e+00, 0.0000e+00      
# interval = decibars: 1                
# start_time = Oct 20 2023 19:17:13 [NMEA time, header]
# bad_flag = -9.990e-29
*END*
[from data line 242]
      37603 293.821757  -46.76579  -57.96458     -0.854    1470.12    769.000    761.222     2.6303     2.6313     0.0010     2.5818     2.5828     0.0010   3.124860   3.124861   0.000025    34.4700    34.4692     3.9808    27.4991    27.4984    34.4702    27.4993    1472.75    1472.75     2.5817  1031.0795    34.6363 0.0000e+00
      37620 293.821765  -46.76580  -57.96458     -1.198    1470.12    768.000    760.233     2.6299     2.6308     0.0009     2.5815     2.5823     0.0008   3.124703   3.124727   0.000008    34.4696    34.4687     3.9862    27.4988    27.4981    34.4693    27.4986    1472.73    1472.73     2.5814  1031.0742    34.6353 0.0000e+00
      37637 293.821773  -46.76580  -57.96458     -1.393    1470.12    767.000    759.245     2.6294     2.6304     0.0009     2.5811     2.5820     0.0009   3.124545   3.124577   0.000030    34.4685    34.4678     3.9927    27.4979    27.4974    34.4684    27.4979    1472.71    1472.71     2.5810  1031.0689    34.6344 0.0000e+00
      37657 293.821782  -46.76580  -57.96458     -1.352    1470.12    766.000    758.257     2.6285     2.6296     0.0011     2.5802     2.5813     0.0010   3.124371   3.124431   0.000059    34.4678    34.4674     3.9925    27.4975    27.4971    34.4678    27.4974    1472.69    1472.69     2.5801  1031.0639    34.6337 0.0000e+00
      37686 293.821796  -46.76582  -57.96458     -0.964    1470.12    765.000    757.269     2.6284     2.6294     0.0010     2.5802     2.5812     0.0010   3.124217   3.124249   0.000036    34.4666    34.4660     3.9955    27.4965    27.4960    34.4665    27.4965    1472.67    1472.67     2.5801  1031.0583    34.6325 0.0000e+00
      37716 293.821811  -46.76582  -57.96458     -0.774    1470.12    764.000    756.281     2.6283     2.6294     0.0011     2.5802     2.5813     0.0011   3.124050   3.124077   0.000016    34.4651    34.4642     3.9996    27.4953    27.4945    34.4651    27.4953    1472.65    1472.65     2.5801  1031.0525    34.6311 0.0000e+00
      37744 293.821824  -46.76582  -57.96458     -0.849    1470.12    763.000    755.293     2.6282     2.6292     0.0010     2.5801     2.5811     0.0010   3.123954   3.123953   0.000006    34.4647    34.4637     4.0002    27.4950    27.4941    34.4646    27.4949    1472.63    1472.64     2.5800  1031.0475    34.6305 0.0000e+00
      37774 293.821839  -46.76582  -57.96458     -0.821    1470.12    762.000    754.305     2.6278     2.6289     0.0011     2.5798     2.5809     0.0011   3.123771   3.123791   0.000019    34.4634    34.4625     4.0072    27.4940    27.4932    34.4633    27.4939    1472.61    1472.62     2.5797  1031.0419    34.6293 0.0000e+00
      37804 293.821853  -46.76584  -57.96458     -0.784    1470.12    761.000    753.317     2.6282     2.6294     0.0011     2.5803     2.5814     0.0011   3.123670   3.123712   0.000044    34.4621    34.4615     4.0090    27.4929    27.4923    34.4621    27.4930    1472.60    1472.60     2.5802  1031.0364    34.6281 0.0000e+00
      37827 293.821865  -46.76584  -57.96458     -0.912    1470.12    760.000    752.329     2.6294     2.6297     0.0002     2.5815     2.5818     0.0002   3.123684   3.123681  -0.000004    34.4616    34.4613     4.0151    27.4924    27.4921    34.4616    27.4924    1472.59    1472.58     2.5815  1031.0311    34.6275 0.0000e+00
      37847 293.821874  -46.76584  -57.96458     -1.096    1470.12    759.000    751.341     2.6316     2.6314    -0.0002     2.5838     2.5836    -0.0002   3.123756   3.123718  -0.000028    34.4604    34.4602     4.0177    27.4912    27.4912    34.4606    27.4914    1472.58    1472.58     2.5837  1031.0255    34.6266 0.0000e+00
      37866 293.821883  -46.76585  -57.96458     -1.221    1470.12    758.000    750.353     2.6333     2.6341     0.0008     2.5855     2.5863     0.0008   3.123779   3.123795   0.000015    34.4595    34.4589     4.0172    27.4904    27.4898    34.4597    27.4905    1472.57    1472.57     2.5855  1031.0200    34.6256 0.0000e+00
      37887 293.821893  -46.76586  -57.96459     -1.223    1470.12    757.000    749.364     2.6355     2.6355     0.0000     2.5878     2.5878     0.0000   3.123881   3.123837  -0.000045    34.4589    34.4583     4.0179    27.4897    27.4892    34.4591    27.4899    1472.56    1472.56     2.5877  1031.0147    34.6250 0.0000e+00
      37917 293.821908  -46.76586  -57.96460     -0.923    1470.12    756.000    748.376     2.6371     2.6386     0.0015     2.5894     2.5909     0.0015   3.123988   3.124032   0.000040    34.4589    34.4578     4.0214    27.4895    27.4885    34.4592    27.4898    1472.55    1472.55     2.5894  1031.0100    34.6251 0.0000e+00
      37957 293.821927  -46.76588  -57.96460     -0.592    1470.12    755.000    747.388     2.6394     2.6409     0.0015     2.5919     2.5933     0.0014   3.124098   3.124161   0.000063    34.4584    34.4576     4.0248    27.4889    27.4882    34.4586    27.4891    1472.54    1472.55     2.5918  1031.0046    34.6245 0.0000e+00
      37985 293.821941  -46.76588  -57.96459     -0.745    1470.12    754.000    746.400     2.6399     2.6406     0.0007     2.5923     2.5931     0.0007   3.124113   3.124093  -0.000008    34.4586    34.4577     4.0249    27.4891    27.4883    34.4589    27.4893    1472.53    1472.53     2.5923  1031.0001    34.6248 0.0000e+00
      38005 293.821950  -46.76588  -57.96458     -0.993    1470.12    753.000    745.412     2.6416     2.6417     0.0001     2.5941     2.5942     0.0001   3.124203   3.124150  -0.000056    34.4584    34.4576     4.0304    27.4887    27.4881    34.4587    27.4890    1472.52    1472.52     2.5941  1030.9952    34.6245 0.0000e+00
      38023 293.821959  -46.76588  -57.96460     -1.219    1470.12    752.000    744.424     2.6436     2.6433    -0.0002     2.5961     2.5959    -0.0002   3.124278   3.124229  -0.000051    34.4577    34.4574     4.0321    27.4881    27.4878    34.4580    27.4883    1472.51    1472.51     2.5961  1030.9898    34.6239 0.0000e+00
      38041 293.821967  -46.76588  -57.96460     -1.347    1470.12    751.000    743.435     2.6444     2.6449     0.0004     2.5971     2.5975     0.0004   3.124262   3.124264 8.3041e-07    34.4571    34.4567     4.0290    27.4875    27.4871    34.4574    27.4877    1472.50    1472.50     2.5970  1030.9846    34.6233 0.0000e+00
      38065 293.821979  -46.76589  -57.96460     -1.171    1470.12    750.000    742.448     2.6448     2.6454     0.0006     2.5975     2.5981     0.0006   3.124243   3.124247   0.000003    34.4571    34.4565     4.0231    27.4875    27.4869    34.4574    27.4876    1472.48    1472.48     2.5974  1030.9799    34.6232 0.0000e+00
      38114 293.822003  -46.76590  -57.96460     -0.473    1470.12    749.000    741.460     2.6473     2.6488     0.0015     2.6001     2.6016     0.0015   3.124275   3.124327   0.000052    34.4553    34.4544     4.0314    27.4858    27.4849    34.4555    27.4860    1472.47    1472.48     2.6001  1030.9736    34.6214 0.0000e+00
      38151 293.822021  -46.76591  -57.96460     -0.600    1470.12    748.000    740.471     2.6460     2.6472     0.0012     2.5988     2.6001     0.0012   3.124072   3.124128   0.000048    34.4549    34.4542     4.0316    27.4855    27.4849    34.4551    27.4857    1472.45    1472.46     2.5988  1030.9687    34.6209 0.0000e+00
      38172 293.822031  -46.76592  -57.96460     -0.901    1470.12    747.000    739.483     2.6464     2.6470     0.0006     2.5993     2.5999     0.0006   3.124068   3.124077   0.000017    34.4550    34.4545     4.0319    27.4856    27.4851    34.4551    27.4857    1472.44    1472.44     2.5992  1030.9641    34.6210 0.0000e+00
      38190 293.822039  -46.76592 -9.990e-29     -1.164    1470.12    746.000    738.495     2.6468     2.6475     0.0006     2.5998     2.6005     0.0006   3.124050   3.124061   0.000004    34.4549    34.4542     4.0346    27.4855    27.4849    34.4550    27.4855    1472.42    1472.42     2.5997  1030.9596    34.6211 0.0000e+00
      38206 293.822047  -46.76592 -9.990e-29     -1.361    1470.12    745.000    737.507     2.6439     2.6467     0.0028     2.5970     2.5998     0.0028   3.123482   3.123905   0.000293    34.4536    34.4541     4.0369    27.4846    27.4849    34.4516    27.4831    1472.39    1472.40     2.5969  1030.9526    34.6178 0.0000e+00
      38222 293.822055  -46.76592 -9.990e-29     -1.459    1470.12    744.000    736.519     2.6316     2.6387     0.0071     2.5849     2.5919     0.0070   3.122151   3.122878   0.000787    34.4502    34.4523     4.0423    27.4830    27.4840    34.4490    27.4820    1472.31    1472.35     2.5848  1030.9472    34.6151 0.0000e+00
      38241 293.822064  -46.76594 -9.990e-29     -1.434    1470.12    743.000    735.530     2.6273     2.6287     0.0015     2.5806     2.5820     0.0015   3.121638   3.121757   0.000154    34.4487    34.4490     4.0404    27.4822    27.4823    34.4479    27.4815    1472.28    1472.29     2.5805  1030.9422    34.6141 0.0000e+00
      38272 293.822079  -46.76594  -57.96462     -0.969    1470.12    742.000    734.542     2.6245     2.6245     0.0001     2.5779     2.5780     0.0001   3.121303   3.121245  -0.000054    34.4480    34.4473     4.0424    27.4819    27.4813    34.4473    27.4813    1472.25    1472.25     2.5778  1030.9362    34.6120 0.0000e+00
      38327 293.822105 -9.990e-29  -57.96460     -0.360    1470.12    741.000    733.554     2.6224     2.6237     0.0013     2.5759     2.5771     0.0013   3.121025   3.121080   0.000057    34.4470    34.4464     4.0676    27.4812    27.4806    34.4467    27.4810    1472.22    1472.23     2.5758  1030.9294    34.6089 0.0000e+00
      38359 293.822121 -9.990e-29  -57.96460     -0.657    1470.12    740.000    732.566     2.6220     2.6229     0.0009     2.5756     2.5765     0.0009   3.120967   3.120970   0.000007    34.4472    34.4463     4.0742    27.4814    27.4806    34.4469    27.4812    1472.20    1472.21     2.5755  1030.9252    34.6093 0.0000e+00
      38379 293.822131  -46.76596  -57.96462     -0.951    1470.12    739.000    731.578     2.6226     2.6236     0.0009     2.5763     2.5772     0.0009   3.120999   3.121012   0.000011    34.4475    34.4466     4.0825    27.4816    27.4808    34.4472    27.4813    1472.19    1472.20     2.5762  1030.9221    34.6114 0.0000e+00
      38396 293.822139  -46.76596  -57.96462     -1.203    1470.12    738.000    730.589     2.6232     2.6236     0.0003     2.5769     2.5773     0.0003   3.121013   3.120989  -0.000020    34.4474    34.4468     4.0812    27.4815    27.4809    34.4472    27.4813    1472.18    1472.18     2.5769  1030.9186    34.6129 0.0000e+00
      38414 293.822147  -46.76596  -57.96462     -1.360    1470.12    737.000    729.601     2.6220     2.6237     0.0016     2.5758     2.5774     0.0016   3.120787   3.120943   0.000128    34.4470    34.4469     4.0825    27.4812    27.4809    34.4463    27.4806    1472.15    1472.16     2.5757  1030.9134    34.6120 0.0000e+00
      38433 293.822157  -46.76596  -57.96462     -1.351    1470.12    736.000    728.613     2.6204     2.6222     0.0017     2.5743     2.5760     0.0017   3.120591   3.120712   0.000129    34.4465    34.4462     4.0824    27.4809    27.4806    34.4461    27.4807    1472.13    1472.14     2.5742  1030.9088    34.6118 0.0000e+00
      38457 293.822168  -46.76598  -57.96462     -1.131    1470.12    735.000    727.625     2.6202     2.6210     0.0009     2.5741     2.5749     0.0009   3.120515   3.120538   0.000033    34.4463    34.4458     4.0796    27.4809    27.4803    34.4460    27.4806    1472.11    1472.12     2.5740  1030.9042    34.6117 0.0000e+00
      38487 293.822183  -46.76598  -57.96462     -0.860    1470.12    734.000    726.636     2.6196     2.6205     0.0009     2.5736     2.5745     0.0009   3.120415   3.120420   0.000005    34.4462    34.4453     4.0842    27.4808    27.4799    34.4460    27.4806    1472.09    1472.10     2.5735  1030.8975    34.6091 0.0000e+00
      38514 293.822196 -9.990e-29  -57.96462     -0.815    1470.12    733.000    725.648     2.6197     2.6211     0.0014     2.5738     2.5752     0.0014   3.120375   3.120428   0.000053    34.4460    34.4452     4.0816    27.4806    27.4798    34.4459    27.4805    1472.08    1472.08     2.5737  1030.8922    34.6083 0.0000e+00
      38538 293.822207 -9.990e-29  -57.96462     -0.959    1470.12    732.000    724.660     2.6225     2.6231     0.0005     2.5766     2.5772     0.0006   3.120643   3.120600  -0.000046    34.4463    34.4452     4.0801    27.4806    27.4796    34.4467    27.4809    1472.08    1472.07     2.5766  1030.8880    34.6091 0.0000e+00
      38561 293.822218 -9.990e-29  -57.96462     -1.044    1470.12    731.000    723.672     2.6273     2.6275     0.0001     2.5814     2.5816     0.0001   3.121004   3.120940  -0.000070    34.4463    34.4453     4.0866    27.4802    27.4793    34.4466    27.4804    1472.08    1472.08     2.5814  1030.8827    34.6090 0.0000e+00
      38586 293.822231  -46.76600  -57.96462     -0.999    1470.12    730.000    722.684     2.6299     2.6318     0.0018     2.5841     2.5859     0.0018   3.121166   3.121262   0.000097    34.4460    34.4452     4.0900    27.4797    27.4789    34.4463    27.4799    1472.07    1472.08     2.5841  1030.8796    34.6112 0.0000e+00
      38622 293.822248  -46.76602  -57.96462     -0.728    1470.12    729.000    721.695     2.6330     2.6343     0.0013     2.5872     2.5885     0.0013   3.121381   3.121435   0.000057    34.4459    34.4452     4.0841    27.4793    27.4787    34.4462    27.4796    1472.07    1472.07     2.5872  1030.8751    34.6118 0.0000e+00
      38663 293.822268  -46.76602  -57.96462     -0.548    1470.12    728.000    720.707     2.6352     2.6370     0.0017     2.5895     2.5913     0.0017   3.121556   3.121644   0.000085    34.4460    34.4453     4.0810    27.4793    27.4785    34.4464    27.4796    1472.06    1472.07     2.5895  1030.8705    34.6121 0.0000e+00
      38689 293.822280  -46.76602  -57.96462     -0.791    1470.12    727.000    719.718     2.6380     2.6391     0.0010     2.5924     2.5934     0.0010   3.121756   3.121788   0.000017    34.4461    34.4452     4.0808    27.4791    27.4782    34.4464    27.4793    1472.06    1472.06     2.5923  1030.8655    34.6121 0.0000e+00
      38708 293.822289  -46.76602  -57.96462     -1.068    1470.12    726.000    718.731     2.6412     2.6436     0.0023     2.5957     2.5980     0.0023   3.122033   3.122111   0.000088    34.4461    34.4446     4.0814    27.4787    27.4774    34.4469    27.4795    1472.05    1472.06     2.5956  1030.8610    34.6126 0.0000e+00
      38726 293.822298  -46.76602  -57.96462     -1.257    1470.12    725.000    717.742     2.6471     2.6457    -0.0015     2.6016     2.6001    -0.0015   3.122390   3.122205  -0.000171    34.4450    34.4444     4.0806    27.4774    27.4771    34.4455    27.4778    1472.06    1472.06     2.6015  1030.8546    34.6112 0.0000e+00
      38750 293.822310  -46.76604  -57.96463     -1.164    1470.12    724.000    716.754     2.6457     2.6473     0.0016     2.6002     2.6018     0.0016   3.122244   3.122292   0.000028    34.4455    34.4440     4.0800    27.4779    27.4766    34.4458    27.4782    1472.04    1472.05     2.6001  1030.8504    34.6115 0.0000e+00
      38790 293.822329  -46.76604  -57.96464     -0.594    1470.12    723.000    715.766     2.6506     2.6533     0.0027     2.6052     2.6078     0.0027   3.122517   3.122669   0.000164    34.4438    34.4429     4.0795    27.4761    27.4752    34.4444    27.4766    1472.04    1472.06     2.6051  1030.8441    34.6100 0.0000e+00
      38818 293.822342  -46.76604  -57.96464     -0.733    1470.12    722.000    714.777     2.6516     2.6530     0.0014     2.6062     2.6076     0.0014   3.122557   3.122598   0.000037    34.4441    34.4430     4.0759    27.4762    27.4753    34.4444    27.4765    1472.03    1472.04     2.6062  1030.8394    34.6100 0.0000e+00
