Pos-Processados/process_op42/Processamento_split/up/uoperantar42_007.cnv
* Sea-Bird SBE 9 Data File:
* FileName = C:\Users\Hidrografia\Desktop\OPXLII\Brutos\OP42006.hdr
* Software Version Seasave V 7.26.7.107
* Temperature SN = 6502
* Conductivity SN = 4998
* Number of Bytes Per Scan = 31
* Number of Voltage Words = 2
* Number of Scans Averaged by the Deck Unit = 1
* NMEA Latitude = 41 49.29 S
* NMEA Longitude = 054 31.41 W
* NMEA UTC (Time) = Oct 18 2023 00:54:10
* NMEA baud rate = 4800
** H41
** NPOALTEMAXIMIANO
** NUMERO DA ESTACAO (XXX) 006
** LAT (XX XX.XX S/N) 41 49.31 S
** LONG (XXX XX.XX W/E) 054 31.42 W
** DATAHORA (dd/mm/aaaa hh:mm Z) 17/10/2023 0025Z
** PROFUNDIDADE (m) 5071
** OPERADOR CT FILIPE LOPES
# nquan = 30
# nvalues = 1012                        
# units = specified
# name 0 = scan: Scan Count
# name 1 = timeJ: Julian Days
# name 2 = latitude: Latitude [deg]
# name 3 = longitude: Longitude [deg]
# name 4 = dz/dtM: Descent Rate [m/s]
# name 5 = avgsvCM: Average Sound Velocity [Chen-Millero, m/s]
# name 6 = prDM: Pressure, Digiquartz [db]
# name 7 = depSM: Depth [salt water, m]
# name 8 = t090C: Temperature [ITS-90, deg C]
# name 9 = t190C: Temperature, 2 [ITS-90, deg C]
# name 10 = T2-T190C: Temperature Difference, 2 - 1 [ITS-90, deg C]
# name 11 = potemp090C: Potential Temperature [ITS-90, deg C]
# name 12 = potemp190C: Potential Temperature, 2 [ITS-90, deg C]
# name 13 = potemp90Cdiff: Potential Temperature, Diff, 2 - 1 [ITS-90, deg C]
# name 14 = c0S/m: Conductivity [S/m]
# name 15 = c1S/m: Conductivity, 2 [S/m]
# name 16 = C2-C1S/m: Conductivity Difference, 2 - 1 [S/m]
# name 17 = sal00: Salinity, Practical [PSU]
# name 18 = sal11: Salinity, Practical, 2 [PSU]
# name 19 = sbeox0ML/L: Oxygen, SBE 43 [ml/l]
# name 20 = sigma-é00: Density [sigma-theta, kg/m^3]
# name 21 = sigma-é11: Density, 2 [sigma-theta, kg/m^3]
# name 22 = sal00: Salinity, Practical [PSU]
# name 23 = sigma-é00: Density [sigma-theta, kg/m^3]
# name 24 = svCM: Sound Velocity [Chen-Millero, m/s]
# name 25 = svCM1: Sound Velocity, 2 [Chen-Millero, m/s]
# name 26 = gsw_ptA0: potential temperature [ITS-90, deg C]
# name 27 = gsw_densityA0: density, TEOS-10 [density, kg/m^3]
# name 28 = gsw_saA0: Absolute Salinity [g/kg]
# name 29 = flag:
# span 0 =      33792,      65275       
# span 1 = 291.053912, 291.069095       
# span 2 =  -41.81611,  -41.81190       
# span 3 =  -54.52037,  -54.51750       
# span 4 =     -1.512,     -0.218       
# span 5 =    1482.44,    1482.44       
# span 6 =      4.000,   1015.000       
# span 7 =      3.978,   1004.575       
# span 8 =     3.0782,    13.7247       
# span 9 =     3.0800,    13.7272       
# span 10 =    -0.5423,     0.5292      
# span 11 =     3.0123,    13.7226      
# span 12 =     3.0141,    13.7240      
# span 13 =    -0.5412,     0.5282      
# span 14 =   3.155786,   4.206754      
# span 15 =   3.155946,   4.207083      
# span 16 =  -0.052698,   0.056733      
# span 17 =    34.1332,    35.3569      
# span 18 =    34.1337,    35.3575      
# span 19 =     4.6802,     6.4447      
# span 20 =    26.5102,    27.3261      
# span 21 =    26.5122,    27.3257      
# span 22 =    34.1332,    35.3598      
# span 23 =    26.5205,    27.3261      
# span 24 =    1475.74,    1503.67      
# span 25 =    1475.75,    1503.66      
# span 26 =     3.0121,    13.7226      
# span 27 =  1026.5459,  1032.0254      
# span 28 =    34.2955,    35.5268      
# span 29 = 0.0000e+00, 0.0000e+00      
# interval = decibars: 1                
# start_time = Oct 18 2023 00:54:10 [NMEA time, header]
# bad_flag = -9.990e-29
*END*
[from data line 774]
      53893 291.063605 -9.990e-29  -54.51866     -0.821    1482.44    241.000    238.974    10.9153    10.7530    -0.1623    10.8857    10.7237    -0.1620   3.909463   3.890342  -0.017479    34.9630    34.9426     5.4752    26.7673    26.7805    35.0265    26.8168    1497.08    1496.47    10.8856  1027.8982    35.1920 0.0000e+00
      53919 291.063618 -9.990e-29  -54.51866     -0.848    1482.44    240.000    237.984    11.1827    10.9797    -0.2030    11.1527    10.9501    -0.2026   3.938304   3.916248  -0.023931    35.0243    34.9789     5.4742    26.7666    26.7681    35.0598    26.7943    1498.04    1497.30    11.1527  1027.8700    35.2255 0.0000e+00
      53941 291.063628 -9.990e-29  -54.51866     -1.005    1482.44    239.000    236.993    11.3015    11.3874     0.0859    11.2714    11.3572     0.0858   3.956054   3.962790   0.007674    35.0646    35.0591     5.5171    26.7762    26.7561    35.1235    26.8220    1498.51    1498.80    11.2714  1027.8925    35.2894 0.0000e+00
      53962 291.063638 -9.990e-29  -54.51866     -1.133    1482.44    238.000    236.001    11.4218    11.4295     0.0078    11.3916    11.3994     0.0078   3.967881   3.968413   0.000112    35.0925    35.0862     5.5346    26.7757    26.7693    35.1267    26.8023    1498.92    1498.94    11.3916  1027.8679    35.2927 0.0000e+00
      53985 291.063650 -9.990e-29  -54.51866     -1.105    1482.44    237.000    235.011    11.4440    11.4747     0.0307    11.4139    11.4446     0.0306   3.971212   3.973524   0.002483    35.1067    35.1021     5.5605    26.7826    26.7734    35.1390    26.8078    1498.99    1499.09    11.4139  1027.8687    35.3050 0.0000e+00
      54015 291.063664 -9.990e-29  -54.51866     -0.879    1482.44    236.000    234.019    11.5163    11.4717    -0.0446    11.4863    11.4417    -0.0446   3.978758   3.973257  -0.004663    35.1101    35.1064     5.5535    26.7717    26.7772    35.1452    26.7991    1499.24    1499.07    11.4863  1027.8553    35.3113 0.0000e+00
      54047 291.063680  -41.81330  -54.51865     -0.716    1482.44    235.000    233.028    11.6383    11.5757    -0.0625    11.6081    11.5457    -0.0624   3.993635   3.985700  -0.007936    35.1500    35.1310     5.5584    26.7800    26.7770    35.1767    26.8008    1499.68    1499.44    11.6081  1027.8522    35.3433 0.0000e+00
      54072 291.063692  -41.81330  -54.51864     -0.862    1482.44    234.000    232.037    11.6475    11.6546     0.0071    11.6175    11.6246     0.0071   3.995193   3.995698  -0.000313    35.1568    35.1470     5.5815    26.7835    26.7746    35.1837    26.8045    1499.70    1499.72    11.6174  1027.8514    35.3503 0.0000e+00
      54094 291.063702  -41.81330  -54.51864     -1.045    1482.44    233.000    231.046    11.7335    11.7316    -0.0019    11.7034    11.7015    -0.0019   4.005023   4.004432  -0.000851    35.1760    35.1694     5.5747    26.7823    26.7775    35.1993    26.8004    1500.00    1499.99    11.7034  1027.8424    35.3660 0.0000e+00
      54116 291.063713  -41.81330  -54.51864     -1.103    1482.44    232.000    230.055    11.7302    11.7446     0.0145    11.7003    11.7147     0.0145   4.004414   4.005660   0.001329    35.1777    35.1771     5.5907    26.7842    26.7810    35.1969    26.7991    1499.97    1500.02    11.7003  1027.8368    35.3636 0.0000e+00
      54143 291.063726  -41.81329  -54.51864     -0.971    1482.44    231.000    229.064    11.7368    11.7391     0.0023    11.7070    11.7093     0.0023   4.005585   4.005004  -0.000328    35.1845    35.1791     5.5922    26.7883    26.7836    35.2026    26.8023    1499.98    1499.98    11.7070  1027.8354    35.3693 0.0000e+00
      54176 291.063742  -41.81328  -54.51864     -0.755    1482.44    230.000    228.072    11.7786    11.7491    -0.0295    11.7488    11.7194    -0.0294   4.009752   4.006251  -0.003634    35.1900    35.1822     5.5888    26.7846    26.7842    35.2044    26.7958    1500.11    1500.00    11.7488  1027.8243    35.3711 0.0000e+00
      54208 291.063757  -41.81328  -54.51864     -0.723    1482.44    229.000    227.081    11.7688    11.7590    -0.0098    11.7392    11.7294    -0.0098   4.008629   4.007083  -0.001571    35.1927    35.1866     5.5964    26.7885    26.7856    35.2030    26.7965    1500.06    1500.02    11.7392  1027.8206    35.3697 0.0000e+00
      54235 291.063770  -41.81328  -54.51864     -0.838    1482.44    228.000    226.090    11.7598    11.7636     0.0038    11.7303    11.7342     0.0038   4.007653   4.007638   0.000025    35.1925    35.1891     5.6000    26.7901    26.7867    35.2024    26.7978    1500.01    1500.02    11.7303  1027.8175    35.3692 0.0000e+00
      54260 291.063782  -41.81328  -54.51864     -0.940    1482.44    227.000    225.100    11.7624    11.7664     0.0040    11.7331    11.7370     0.0040   4.007815   4.008040   0.000007    35.1939    35.1902     5.5940    26.7906    26.7870    35.2020    26.7969    1500.00    1500.01    11.7330  1027.8122    35.3687 0.0000e+00
      54284 291.063794  -41.81327  -54.51863     -0.980    1482.44    226.000    224.109    11.7658    11.7856     0.0198    11.7366    11.7563     0.0197   4.008079   4.010155   0.001966    35.1940    35.1945     5.5942    26.7900    26.7867    35.2018    26.7961    1500.00    1500.07    11.7366  1027.8068    35.3685 0.0000e+00
      54313 291.063808  -41.81326  -54.51862     -0.895    1482.44    225.000    223.123    11.7707    11.7835     0.0128    11.7416    11.7544     0.0128   4.008512   4.009841   0.001335    35.1956    35.1966     5.6048    26.7903    26.7887    35.2018    26.7952    1500.00    1500.04    11.7416  1027.8015    35.3686 0.0000e+00
      54346 291.063824  -41.81326  -54.51862     -0.739    1482.44    224.000    222.119    11.7984    11.7843    -0.0141    11.7694    11.7553    -0.0141   4.012145   4.010039  -0.001855    35.2021    35.1972     5.5986    26.7901    26.7890    35.2117    26.7976    1500.09    1500.03    11.7694  1027.7993    35.3785 0.0000e+00
      54373 291.063837  -41.81326  -54.51862     -0.808    1482.44    223.000    221.135    11.8304    11.8121    -0.0183    11.8015    11.7832    -0.0183   4.015342   4.013694  -0.002231    35.2069    35.2024     5.5990    26.7878    26.7877    35.2132    26.7926    1500.18    1500.12    11.8015  1027.7898    35.3800 0.0000e+00
      54392 291.063846  -41.81326  -54.51862     -1.040    1482.44    222.000    220.144    11.8815    11.9287     0.0472    11.8527    11.8998     0.0471   4.023187   4.027331   0.004301    35.2254    35.2228     5.5955    26.7924    26.7814    35.2420    26.8053    1500.38    1500.53    11.8526  1027.7978    35.4090 0.0000e+00
      54408 291.063854  -41.81326  -54.51862     -1.268    1482.44    221.000    219.153    11.9379    11.9703     0.0324    11.9090    11.9414     0.0324   4.029119   4.032274   0.002921    35.2358    35.2337     5.5881    26.7898    26.7819    35.2472    26.7986    1500.56    1500.67    11.9090  1027.7864    35.4142 0.0000e+00
      54426 291.063862  -41.81326  -54.51862     -1.392    1482.44    220.000    218.162    11.9564    11.9924     0.0360    11.9276    11.9636     0.0359   4.031341   4.034908   0.003597    35.2425    35.2436     5.5999    26.7914    26.7854    35.2519    26.7987    1500.61    1500.74    11.9276  1027.7820    35.4189 0.0000e+00
      54447 291.063872  -41.81326  -54.51860     -1.312    1482.44    219.000    217.171    11.9670    11.9993     0.0324    11.9384    11.9707     0.0323   4.032166   4.035618   0.003320    35.2449    35.2468     5.6059    26.7912    26.7865    35.2504    26.7955    1500.63    1500.74    11.9384  1027.7741    35.4171 0.0000e+00
      54478 291.063887  -41.81326  -54.51860     -0.900    1482.44    218.000    216.180    11.9818    11.9705    -0.0113    11.9533    11.9420    -0.0112   4.033586   4.032063  -0.001116    35.2426    35.2423     5.6040    26.7866    26.7885    35.2507    26.7928    1500.66    1500.62    11.9533  1027.7671    35.4176 0.0000e+00
      54512 291.063904  -41.81324  -54.51860     -0.669    1482.44    217.000    215.189    12.0558    12.0251    -0.0308    12.0273    11.9966    -0.0307   4.042813   4.039224  -0.003669    35.2609    35.2542     5.6016    26.7866    26.7873    35.2712    26.7946    1500.92    1500.81    12.0273  1027.7641    35.4383 0.0000e+00
      54537 291.063916  -41.81324  -54.51860     -0.858    1482.44    216.000    214.198    12.0573    12.0492    -0.0081    12.0289    12.0209    -0.0081   4.043258   4.041979  -0.001422    35.2662    35.2600     5.6088    26.7904    26.7871    35.2746    26.7970    1500.91    1500.88    12.0289  1027.7620    35.4417 0.0000e+00
      54562 291.063928  -41.81324  -54.51860     -0.976    1482.44    215.000    213.206    12.0782    12.0845     0.0063    12.0499    12.0562     0.0062   4.045380   4.045826   0.000347    35.2710    35.2684     5.6087    26.7901    26.7869    35.2760    26.7939    1500.97    1500.99    12.0500  1027.7544    35.4430 0.0000e+00
      54596 291.063944  -41.81324  -54.51860     -0.762    1482.44    214.000    212.215    12.0746    12.0867     0.0122    12.0464    12.0586     0.0122   4.045027   4.046071   0.001175    35.2710    35.2710     5.6199    26.7908    26.7884    35.2764    26.7949    1500.94    1500.98    12.0465  1027.7510    35.4435 0.0000e+00
      54628 291.063960  -41.81324  -54.51860     -0.682    1482.44    213.000    211.224    12.1009    12.0891    -0.0118    12.0729    12.0611    -0.0118   4.047953   4.046396  -0.001635    35.2764    35.2716     5.6126    26.7899    26.7884    35.2805    26.7930    1501.02    1500.98    12.0729  1027.7447    35.4477 0.0000e+00
      54650 291.063970  -41.81322 -9.990e-29     -0.922    1482.44    212.000    210.233    12.0898    12.0962     0.0064    12.0619    12.0683     0.0064   4.046869   4.047371   0.000319    35.2764    35.2735     5.6114    26.7920    26.7885    35.2809    26.7954    1500.97    1500.99    12.0619  1027.7425    35.4478 0.0000e+00
      54669 291.063980  -41.81322 -9.990e-29     -1.153    1482.44    211.000    209.242    12.1076    12.1228     0.0153    12.0798    12.0950     0.0152   4.048937   4.050347   0.001304    35.2802    35.2785     5.6078    26.7915    26.7872    35.2847    26.7950    1501.02    1501.07    12.0798  1027.7373    35.4514 0.0000e+00
      54689 291.063989  -41.81322 -9.990e-29     -1.235    1482.44    210.000    208.251    12.1152    12.1312     0.0160    12.0876    12.1035     0.0160   4.049735   4.051225   0.001515    35.2813    35.2810     5.6169    26.7909    26.7875    35.2857    26.7942    1501.03    1501.08    12.0875  1027.7321    35.4524 0.0000e+00
      54711 291.064000  -41.81322 -9.990e-29     -1.162    1482.44    209.000    207.259    12.1227    12.1354     0.0127    12.0952    12.1079     0.0127   4.050299   4.051715   0.001359    35.2816    35.2828     5.6254    26.7896    26.7881    35.2845    26.7919    1501.03    1501.08    12.0951  1027.7253    35.4512 0.0000e+00
      54735 291.064012  -41.81322  -54.51858     -1.023    1482.44    208.000    206.268    12.1360    12.1430     0.0070    12.1085    12.1155     0.0070   4.052099   4.052423   0.000687    35.2836    35.2837     5.6236    26.7886    26.7873    35.2899    26.7935    1501.07    1501.09    12.1086  1027.7225    35.4569 0.0000e+00
      54759 291.064023  -41.81322  -54.51858     -0.982    1482.44    207.000    205.277    12.1619    12.1493    -0.0126    12.1346    12.1220    -0.0126   4.054720   4.053772  -0.001444    35.2886    35.2864     5.6121    26.7874    26.7882    35.2914    26.7896    1501.14    1501.10    12.1346  1027.7142    35.4585 0.0000e+00
      54783 291.064034  -41.81322  -54.51858     -1.023    1482.44    206.000    204.285    12.1710    12.1959     0.0248    12.1438    12.1686     0.0248   4.056259   4.058635   0.002540    35.2922    35.2935     5.6086    26.7885    26.7847    35.2982    26.7931    1501.17    1501.25    12.1438  1027.7132    35.4654 0.0000e+00
      54810 291.064047  -41.81321  -54.51858     -0.951    1482.44    205.000    203.295    12.1885    12.1944     0.0059    12.1614    12.1673     0.0059   4.058020   4.058428   0.000455    35.2958    35.2947     5.6154    26.7878    26.7858    35.2993    26.7906    1501.21    1501.23    12.1614  1027.7062    35.4665 0.0000e+00
      54843 291.064064  -41.81320  -54.51858     -0.754    1482.44    204.000    202.304    12.1872    12.1890     0.0019    12.1602    12.1620     0.0019   4.057661   4.057741   0.000122    35.2950    35.2944     5.6348    26.7874    26.7866    35.2975    26.7894    1501.19    1501.19    12.1602  1027.7004    35.4644 0.0000e+00
      54876 291.064080 -9.990e-29  -54.51858     -0.697    1482.44    203.000    201.313    12.1889    12.1897     0.0008    12.1621    12.1629     0.0008   4.057734   4.057736  -0.000019    35.2953    35.2943     5.6346    26.7873    26.7864    35.2970    26.7886    1501.18    1501.18    12.1621  1027.6951    35.4638 0.0000e+00
      54901 291.064092 -9.990e-29  -54.51858     -0.852    1482.44    202.000    200.321    12.1817    12.1793    -0.0024    12.1550    12.1526    -0.0024   4.056735   4.056137  -0.000349    35.2941    35.2930     5.6191    26.7878    26.7874    35.2945    26.7881    1501.13    1501.12    12.1550  1027.6901    35.4613 0.0000e+00
      54922 291.064102 -9.990e-29  -54.51858     -1.050    1482.44    201.000    199.330    12.1705    12.1381    -0.0324    12.1439    12.1116    -0.0324   4.055314   4.051064  -0.003932    35.2915    35.2838     5.6243    26.7878    26.7881    35.2917    26.7880    1501.07    1500.95    12.1439  1027.6857    35.4585 0.0000e+00
      54943 291.064112  -41.81318  -54.51858     -1.149    1482.44    200.000    198.339    12.1481    12.1263    -0.0218    12.1217    12.1000    -0.0218   4.052288   4.049720  -0.002779    35.2856    35.2791     5.6273    26.7876    26.7867    35.2838    26.7862    1500.97    1500.89    12.1217  1027.6798    35.4509 0.0000e+00
      54969 291.064124  -41.81318  -54.51858     -1.045    1482.44    199.000    197.347    12.1383    12.1284    -0.0098    12.1121    12.1022    -0.0098   4.051346   4.049896  -0.001478    35.2844    35.2793     5.6374    26.7885    26.7865    35.2843    26.7885    1500.92    1500.88    12.1120  1027.6777    35.4514 0.0000e+00
      54999 291.064139  -41.81318  -54.51858     -0.833    1482.44    198.000    196.356    12.1462    12.1376    -0.0086    12.1201    12.1115    -0.0086   4.052288   4.051091  -0.001067    35.2838    35.2815     5.6363    26.7865    26.7864    35.2865    26.7886    1500.94    1500.90    12.1201  1027.6733    35.4536 0.0000e+00
      55026 291.064152  -41.81318  -54.51858     -0.824    1482.44    197.000    195.365    12.1693    12.1565    -0.0128    12.1433    12.1305    -0.0128   4.054478   4.053204  -0.001555    35.2867    35.2836     5.6314    26.7842    26.7844    35.2864    26.7841    1501.00    1500.95    12.1433  1027.6642    35.4535 0.0000e+00
      55049 291.064163 -9.990e-29  -54.51858     -0.956    1482.44    196.000    194.374    12.1774    12.2035     0.0261    12.1515    12.1776     0.0261   4.055946   4.058715   0.002679    35.2895    35.2909     5.6467    26.7848    26.7809    35.2935    26.7880    1501.02    1501.11    12.1515  1027.6634    35.4603 0.0000e+00
      55072 291.064174 -9.990e-29  -54.51857     -1.056    1482.44    195.000    193.382    12.2034    12.2204     0.0169    12.1776    12.1945     0.0169   4.058729   4.060600   0.001860    35.2937    35.2958     5.6581    26.7830    26.7814    35.2964    26.7852    1501.09    1501.15    12.1776  1027.6561    35.4632 0.0000e+00
