Pos-Processados/process_op42/Processamento_split/up/uoperantar42_019.cnv
* Sea-Bird SBE 9 Data File:
* FileName = C:\Users\Hidrografia\Desktop\OPXLII\Brutos\OP42019.hdr
* Software Version Seasave V 7.26.7.107
* Temperature SN = 6502
* Conductivity SN = 4998
* Number of Bytes Per Scan = 37
* Number of Voltage Words = 4
* Number of Scans Averaged by the Deck Unit = 1
* NMEA Latitude = 62 12.74 S
* NMEA Longitude = 058 20.49 W
* NMEA UTC (Time) = Nov 07 2023 15:27:40
* NMEA baud rate = 4800
** H41
** NPOALTEMAXIMIANO
** NUMERO DA ESTACAO (XXX) 019
** LAT (XX XX.XX S/N) 62 12.46 S
** LONG (XXX XX.XX W/E) 058 20.12 W
** DATAHORA (dd/mm/aaaa hh:mm Z) 07/11/2023 1518Z
** PROFUNDIDADE (m) 490
** OPERADOR CT FILIPE LOPES
# nquan = 30
# nvalues = 456                         
# units = specified
# name 0 = scan: Scan Count
# name 1 = timeJ: Julian Days
# name 2 = latitude: Latitude [deg]
# name 3 = longitude: Longitude [deg]
# name 4 = dz/dtM: Descent Rate [m/s]
# name 5 = avgsvCM: Average Sound Velocity [Chen-Millero, m/s]
# name 6 = prDM: Pressure, Digiquartz [db]
# name 7 = depSM: Depth [salt water, m]
# name 8 = t090C: Temperature [ITS-90, deg C]
# name 9 = t190C: Temperature, 2 [ITS-90, deg C]
# name 10 = T2-T190C: Temperature Difference, 2 - 1 [ITS-90, deg C]
# name 11 = potemp090C: Potential Temperature [ITS-90, deg C]
# name 12 = potemp190C: Potential Temperature, 2 [ITS-90, deg C]
# name 13 = potemp90Cdiff: Potential Temperature, Diff, 2 - 1 [ITS-90, deg C]
# name 14 = c0S/m: Conductivity [S/m]
# name 15 = c1S/m: Conductivity, 2 [S/m]
# name 16 = C2-C1S/m: Conductivity Difference, 2 - 1 [S/m]
# name 17 = sal00: Salinity, Practical [PSU]
# name 18 = sal11: Salinity, Practical, 2 [PSU]
# name 19 = sbeox0ML/L: Oxygen, SBE 43 [ml/l]
# name 20 = sigma-é00: Density [sigma-theta, kg/m^3]
# name 21 = sigma-é11: Density, 2 [sigma-theta, kg/m^3]
# name 22 = sal00: Salinity, Practical [PSU]
# name 23 = sigma-é00: Density [sigma-theta, kg/m^3]
# name 24 = svCM: Sound Velocity [Chen-Millero, m/s]
# name 25 = svCM1: Sound Velocity, 2 [Chen-Millero, m/s]
# name 26 = gsw_ptA0: potential temperature [ITS-90, deg C]
# name 27 = gsw_densityA0: density, TEOS-10 [density, kg/m^3]
# name 28 = gsw_saA0: Absolute Salinity [g/kg]
# name 29 = flag:
# span 0 =      21380,      37952       
# span 1 = 311.654523, 311.662515       
# span 2 =  -62.21821,  -62.21560       
# span 3 =  -58.33778,  -58.33464       
# span 4 =     -1.107,     -0.120       
# span 5 =    1448.92,    1448.92       
# span 6 =      2.000,    457.000       
# span 7 =      1.985,    452.113       
# span 8 =    -0.8828,    -0.2579       
# span 9 =    -0.8805,    -0.2603       
# span 10 =    -0.0267,     0.0342      
# span 11 =    -0.8906,    -0.2734      
# span 12 =    -0.8882,    -0.2757      
# span 13 =    -0.0266,     0.0341      
# span 14 =   2.790066,   2.860404      
# span 15 =   2.790065,   2.860049      
# span 16 =  -0.002371,   0.002889      
# span 17 =    34.2956,    34.4644      
# span 18 =    34.2948,    34.4633      
# span 19 =     6.1705,     7.5568      
# span 20 =    27.5640,    27.6924      
# span 21 =    27.5631,    27.6914      
# span 22 =    34.2968,    34.4639      
# span 23 =    27.5643,    27.6920      
# span 24 =    1445.71,    1454.33      
# span 25 =    1445.71,    1454.33      
# span 26 =    -0.8904,    -0.2731      
# span 27 =  1027.5781,  1029.8669      
# span 28 =    34.4595,    34.6328      
# span 29 = 0.0000e+00, 0.0000e+00      
# interval = decibars: 1                
# start_time = Nov 07 2023 15:27:40 [NMEA time, header]
# bad_flag = -9.990e-29
*END*
[from data line 194]
      27441 311.657446  -62.21656  -58.33676     -0.681    1448.92    263.000    260.310    -0.8815    -0.8800     0.0014    -0.8892    -0.8878     0.0014   2.790244   2.790336   0.000113    34.3203    34.3202     7.4063    27.5982    27.5981    34.3198    27.5978    1448.41    1448.41    -0.8890  1028.8616    34.4873 0.0000e+00
      27473 311.657461  -62.21656  -58.33676     -0.700    1448.92    262.000    259.320    -0.8808    -0.8805     0.0004    -0.8885    -0.8882     0.0004   2.790235   2.790177  -0.000047    34.3200    34.3189     7.4018    27.5979    27.5971    34.3196    27.5976    1448.39    1448.39    -0.8883  1028.8566    34.4871 0.0000e+00
      27498 311.657474  -62.21657  -58.33676     -0.883    1448.92    261.000    258.331    -0.8804    -0.8798     0.0006    -0.8881    -0.8875     0.0006   2.790216   2.790193  -0.000024    34.3197    34.3187     7.4229    27.5977    27.5969    34.3194    27.5975    1448.38    1448.38    -0.8879  1028.8517    34.4870 0.0000e+00
      27525 311.657487  -62.21658  -58.33676     -0.921    1448.92    260.000    257.342    -0.8786    -0.8787    -0.0001    -0.8862    -0.8864    -0.0001   2.790313   2.790228  -0.000076    34.3195    34.3186     7.4289    27.5974    27.5967    34.3193    27.5973    1448.37    1448.37    -0.8860  1028.8467    34.4868 0.0000e+00
      27564 311.657505  -62.21658  -58.33675     -0.669    1448.92    259.000    256.353    -0.8784    -0.8786    -0.0002    -0.8860    -0.8862    -0.0002   2.790273   2.790204  -0.000066    34.3193    34.3186     7.4162    27.5973    27.5967    34.3191    27.5971    1448.35    1448.35    -0.8858  1028.8418    34.4867 0.0000e+00
      27602 311.657524  -62.21658  -58.33674     -0.584    1448.92    258.000    255.364    -0.8782    -0.8778     0.0005    -0.8858    -0.8854     0.0005   2.790240   2.790213  -0.000026    34.3193    34.3184     7.4187    27.5973    27.5965    34.3191    27.5971    1448.34    1448.34    -0.8856  1028.8352    34.4844 0.0000e+00
      27627 311.657536 -9.990e-29  -58.33674     -0.827    1448.92    257.000    254.374    -0.8764    -0.8751     0.0014    -0.8840    -0.8826     0.0014   2.790385   2.790378  -0.000010    34.3195    34.3178     7.4255    27.5973    27.5959    34.3197    27.5975    1448.33    1448.34    -0.8838  1028.8280    34.4815 0.0000e+00
      27649 311.657546 -9.990e-29  -58.33672     -1.039    1448.92    256.000    253.385    -0.8722    -0.8712     0.0009    -0.8797    -0.8787     0.0009   2.790672   2.790654  -0.000017    34.3190    34.3177     7.4306    27.5967    27.5956    34.3193    27.5971    1448.33    1448.34    -0.8795  1028.8228    34.4812 0.0000e+00
      27671 311.657557 -9.990e-29  -58.33672     -1.107    1448.92    255.000    252.396    -0.8704    -0.8700     0.0004    -0.8779    -0.8775     0.0004   2.790732   2.790675  -0.000048    34.3186    34.3175     7.4169    27.5964    27.5955    34.3188    27.5965    1448.33    1448.33    -0.8777  1028.8175    34.4806 0.0000e+00
      27702 311.657572  -62.21660  -58.33672     -0.883    1448.92    254.000    251.407    -0.8707    -0.8714    -0.0007    -0.8782    -0.8789    -0.0007   2.790675   2.790545  -0.000127    34.3190    34.3181     7.4143    27.5967    27.5960    34.3190    27.5967    1448.31    1448.30    -0.8780  1028.8149    34.4833 0.0000e+00
      27738 311.657589  -62.21661  -58.33672     -0.641    1448.92    253.000    250.418    -0.8698    -0.8707    -0.0010    -0.8772    -0.8782    -0.0010   2.790704   2.790555  -0.000149    34.3187    34.3178     7.4213    27.5965    27.5957    34.3189    27.5966    1448.30    1448.29    -0.8770  1028.8126    34.4865 0.0000e+00
      27768 311.657604  -62.21662  -58.33671     -0.761    1448.92    252.000    249.429    -0.8686    -0.8676     0.0010    -0.8760    -0.8750     0.0010   2.790733   2.790730  -0.000012    34.3184    34.3171     7.4131    27.5962    27.5950    34.3186    27.5963    1448.28    1448.29    -0.8758  1028.8075    34.4861 0.0000e+00
      27793 311.657616  -62.21662  -58.33670     -0.908    1448.92    251.000    248.439    -0.8671    -0.8654     0.0017    -0.8745    -0.8728     0.0017   2.790829   2.790858   0.000038    34.3185    34.3170     7.3982    27.5962    27.5949    34.3188    27.5964    1448.28    1448.28    -0.8743  1028.8028    34.4863 0.0000e+00
      27823 311.657630  -62.21662  -58.33670     -0.866    1448.92    250.000    247.450    -0.8654    -0.8653     0.0002    -0.8728    -0.8726     0.0002   2.790879   2.790838  -0.000036    34.3180    34.3173     7.4117    27.5957    27.5952    34.3182    27.5959    1448.27    1448.27    -0.8726  1028.7975    34.4857 0.0000e+00
      27858 311.657647  -62.21662  -58.33670     -0.698    1448.92    249.000    246.461    -0.8644    -0.8661    -0.0017    -0.8717    -0.8734    -0.0017   2.790937   2.790732  -0.000196    34.3181    34.3174     7.4224    27.5958    27.5953    34.3184    27.5960    1448.25    1448.25    -0.8715  1028.7929    34.4859 0.0000e+00
      27892 311.657663  -62.21662  -58.33670     -0.694    1448.92    248.000    245.472    -0.8606    -0.8611    -0.0004    -0.8679    -0.8684    -0.0004   2.791190   2.791072  -0.000124    34.3178    34.3166     7.4092    27.5953    27.5944    34.3182    27.5956    1448.26    1448.25    -0.8677  1028.7879    34.4859 0.0000e+00
      27922 311.657678  -62.21664 -9.990e-29     -0.778    1448.92    247.000    244.483    -0.8597    -0.8612    -0.0015    -0.8670    -0.8684    -0.0015   2.791203   2.791016  -0.000187    34.3177    34.3168     7.4201    27.5952    27.5945    34.3179    27.5954    1448.25    1448.24    -0.8668  1028.7845    34.4877 0.0000e+00
      27953 311.657693  -62.21664 -9.990e-29     -0.785    1448.92    246.000    243.493    -0.8592    -0.8589     0.0003    -0.8664    -0.8661     0.0003   2.791178   2.791119  -0.000061    34.3174    34.3162     7.4237    27.5950    27.5940    34.3176    27.5951    1448.23    1448.23    -0.8663  1028.7796    34.4875 0.0000e+00
      27986 311.657709  -62.21664 -9.990e-29     -0.726    1448.92    245.000    242.504    -0.8586    -0.8574     0.0013    -0.8659    -0.8646     0.0013   2.791184   2.791200   0.000010    34.3174    34.3160     7.4157    27.5949    27.5938    34.3177    27.5952    1448.22    1448.22    -0.8656  1028.7748    34.4875 0.0000e+00
      28015 311.657723  -62.21664  -58.33666     -0.778    1448.92    244.000    241.515    -0.8548    -0.8535     0.0013    -0.8620    -0.8607     0.0013   2.791432   2.791467   0.000020    34.3171    34.3158     7.4099    27.5945    27.5935    34.3173    27.5947    1448.22    1448.22    -0.8618  1028.7678    34.4850 0.0000e+00
      28040 311.657735  -62.21666  -58.33666     -0.912    1448.92    243.000    240.526    -0.8578    -0.8566     0.0012    -0.8650    -0.8638     0.0012   2.791061   2.791129   0.000063    34.3167    34.3162     7.4233    27.5943    27.5939    34.3163    27.5940    1448.19    1448.19    -0.8648  1028.7622    34.4838 0.0000e+00
      28063 311.657746  -62.21666  -58.33666     -1.026    1448.92    242.000    239.537    -0.8633    -0.8608     0.0025    -0.8704    -0.8679     0.0025   2.790577   2.790719   0.000142    34.3169    34.3160     7.4312    27.5947    27.5939    34.3166    27.5944    1448.14    1448.15    -0.8702  1028.7579    34.4840 0.0000e+00
      28086 311.657757  -62.21666  -58.33666     -1.036    1448.92    241.000    238.547    -0.8636    -0.8628     0.0008    -0.8707    -0.8699     0.0008   2.790513   2.790498  -0.000013    34.3168    34.3157     7.4254    27.5947    27.5937    34.3167    27.5946    1448.13    1448.13    -0.8705  1028.7532    34.4842 0.0000e+00
      28115 311.657771  -62.21666  -58.33666     -0.912    1448.92    240.000    237.558    -0.8650    -0.8632     0.0017    -0.8720    -0.8703     0.0017   2.790339   2.790408   0.000066    34.3166    34.3156     7.4188    27.5946    27.5936    34.3165    27.5944    1448.10    1448.11    -0.8718  1028.7483    34.4839 0.0000e+00
      28150 311.657788  -62.21666  -58.33665     -0.716    1448.92    239.000    236.569    -0.8625    -0.8617     0.0009    -0.8695    -0.8687     0.0009   2.790511   2.790500   0.000009    34.3163    34.3154     7.4217    27.5942    27.5935    34.3167    27.5945    1448.10    1448.10    -0.8693  1028.7436    34.4841 0.0000e+00
      28187 311.657806  -62.21668  -58.33664     -0.639    1448.92    238.000    235.579    -0.8565    -0.8579    -0.0014    -0.8635    -0.8648    -0.0014   2.790972   2.790779  -0.000191    34.3164    34.3154     7.4243    27.5940    27.5933    34.3167    27.5943    1448.11    1448.10    -0.8633  1028.7387    34.4843 0.0000e+00
      28222 311.657823  -62.21668 -9.990e-29     -0.662    1448.92    237.000    234.590    -0.8560    -0.8574    -0.0014    -0.8629    -0.8644    -0.0014   2.790970   2.790759  -0.000222    34.3167    34.3154     7.4181    27.5943    27.5932    34.3167    27.5942    1448.10    1448.09    -0.8628  1028.7356    34.4865 0.0000e+00
      28248 311.657835  -62.21668 -9.990e-29     -0.839    1448.92    236.000    233.601    -0.8572    -0.8571     0.0001    -0.8642    -0.8640     0.0001   2.790841   2.790749  -0.000095    34.3168    34.3153     7.4222    27.5944    27.5932    34.3170    27.5945    1448.08    1448.07    -0.8640  1028.7312    34.4868 0.0000e+00
      28275 311.657848  -62.21670 -9.990e-29     -0.932    1448.92    235.000    232.612    -0.8578    -0.8560     0.0019    -0.8647    -0.8628     0.0019   2.790682   2.790770   0.000079    34.3163    34.3153     7.4287    27.5940    27.5931    34.3161    27.5939    1448.05    1448.06    -0.8645  1028.7257    34.4859 0.0000e+00
      28309 311.657864  -62.21670  -58.33662     -0.758    1448.92    234.000    231.622    -0.8611    -0.8567     0.0044    -0.8680    -0.8636     0.0044   2.790384   2.790684   0.000274    34.3167    34.3154     7.4158    27.5944    27.5932    34.3165    27.5943    1448.02    1448.04    -0.8678  1028.7202    34.4848 0.0000e+00
      28352 311.657885  -62.21670  -58.33660     -0.547    1448.92    233.000    230.633    -0.8633    -0.8592     0.0041    -0.8702    -0.8661     0.0041   2.790085   2.790392   0.000318    34.3157    34.3154     7.4286    27.5938    27.5933    34.3155    27.5936    1448.00    1448.01    -0.8700  1028.7141    34.4829 0.0000e+00
      28390 311.657904  -62.21670  -58.33660     -0.614    1448.92    232.000    229.644    -0.8629    -0.8619     0.0011    -0.8697    -0.8687     0.0011   2.790066   2.790065   0.000006    34.3154    34.3143     7.4308    27.5935    27.5926    34.3154    27.5935    1447.98    1447.99    -0.8695  1028.7092    34.4828 0.0000e+00
      28427 311.657922  -62.21671  -58.33660     -0.664    1448.92    231.000    228.655    -0.8596    -0.8608    -0.0013    -0.8663    -0.8676    -0.0013   2.790254   2.790094  -0.000144    34.3145    34.3140     7.4284    27.5926    27.5923    34.3147    27.5928    1447.98    1447.97    -0.8662  1028.7037    34.4821 0.0000e+00
      28471 311.657943  -62.21672  -58.33658     -0.524    1448.92    230.000    227.665    -0.8536    -0.8572    -0.0036    -0.8603    -0.8640    -0.0036   2.790668   2.790315  -0.000353    34.3139    34.3132     7.4374    27.5919    27.5915    34.3142    27.5921    1447.99    1447.97    -0.8602  1028.6982    34.4816 0.0000e+00
      28504 311.657959  -62.21672  -58.33658     -0.683    1448.92    229.000    226.676    -0.8486    -0.8504    -0.0018    -0.8553    -0.8571    -0.0018   2.791216   2.790887  -0.000307    34.3148    34.3127     7.4205    27.5925    27.5908    34.3166    27.5938    1448.00    1447.99    -0.8551  1028.6951    34.4839 0.0000e+00
      28530 311.657971  -62.21672  -58.33657     -0.853    1448.92    228.000    225.686    -0.8099    -0.8115    -0.0016    -0.8166    -0.8182    -0.0016   2.794669   2.794175  -0.000481    34.3151    34.3104     7.4171    27.5911    27.5874    34.3200    27.5951    1448.17    1448.16    -0.8165  1028.6912    34.4874 0.0000e+00
      28553 311.657982  -62.21673  -58.33656     -0.992    1448.92    227.000    224.697    -0.7932    -0.7940    -0.0008    -0.8000    -0.8007    -0.0008   2.795687   2.795513  -0.000221    34.3136    34.3115     7.4376    27.5892    27.5875    34.3155    27.5907    1448.23    1448.22    -0.7998  1028.6820    34.4829 0.0000e+00
      28577 311.657994  -62.21674  -58.33656     -1.028    1448.92    226.000    223.708    -0.7935    -0.7931     0.0004    -0.8002    -0.7998     0.0004   2.795635   2.795519  -0.000095    34.3141    34.3124     7.4460    27.5896    27.5882    34.3156    27.5909    1448.21    1448.21    -0.8001  1028.6774    34.4830 0.0000e+00
      28604 311.658007  -62.21674  -58.33656     -0.936    1448.92    225.000    222.719    -0.7941    -0.7984    -0.0042    -0.8008    -0.8051    -0.0042   2.795522   2.795100  -0.000409    34.3142    34.3134     7.4171    27.5897    27.5893    34.3155    27.5908    1448.19    1448.17    -0.8006  1028.6725    34.4829 0.0000e+00
      28636 311.658022  -62.21674  -58.33656     -0.786    1448.92    224.000    221.729    -0.7924    -0.7949    -0.0024    -0.7991    -0.8015    -0.0024   2.795631   2.795318  -0.000325    34.3141    34.3125     7.4053    27.5896    27.5884    34.3156    27.5908    1448.18    1448.17    -0.7989  1028.6678    34.4830 0.0000e+00
      28667 311.658037  -62.21675  -58.33655     -0.771    1448.92    223.000    220.740    -0.7892    -0.7895    -0.0003    -0.7959    -0.7961    -0.0003   2.795851   2.795714  -0.000129    34.3144    34.3130     7.4013    27.5897    27.5886    34.3156    27.5907    1448.18    1448.18    -0.7957  1028.6628    34.4830 0.0000e+00
      28701 311.658054  -62.21676  -58.33654     -0.718    1448.92    222.000    219.751    -0.7886    -0.7881     0.0005    -0.7952    -0.7947     0.0005   2.795894   2.795811  -0.000091    34.3149    34.3131     7.3997    27.5901    27.5886    34.3161    27.5910    1448.17    1448.17    -0.7951  1028.6584    34.4835 0.0000e+00
      28738 311.658072  -62.21676  -58.33654     -0.647    1448.92    221.000    218.761    -0.7798    -0.7793     0.0005    -0.7865    -0.7859     0.0005   2.796538   2.796477  -0.000064    34.3143    34.3129     7.4000    27.5892    27.5880    34.3155    27.5902    1448.19    1448.19    -0.7862  1028.6527    34.4829 0.0000e+00
      28768 311.658086  -62.21676  -58.33653     -0.749    1448.92    220.000    217.772    -0.7815    -0.7811     0.0003    -0.7880    -0.7877     0.0003   2.796361   2.796289  -0.000067    34.3149    34.3136     7.4061    27.5898    27.5887    34.3156    27.5903    1448.17    1448.17    -0.7879  1028.6481    34.4829 0.0000e+00
      28795 311.658099  -62.21677  -58.33652     -0.866    1448.92    219.000    216.783    -0.7784    -0.7791    -0.0007    -0.7850    -0.7857    -0.0007   2.796609   2.796455  -0.000167    34.3149    34.3135     7.4016    27.5897    27.5885    34.3161    27.5906    1448.17    1448.16    -0.7848  1028.6436    34.4834 0.0000e+00
      28827 311.658114  -62.21678  -58.33652     -0.808    1448.92    218.000    215.793    -0.7758    -0.7762    -0.0005    -0.7823    -0.7828    -0.0005   2.796763   2.796622  -0.000114    34.3149    34.3139     7.3926    27.5895    27.5887    34.3158    27.5902    1448.16    1448.16    -0.7821  1028.6384    34.4831 0.0000e+00
      28863 311.658132  -62.21678  -58.33651     -0.669    1448.92    217.000    214.804    -0.7677    -0.7742    -0.0065    -0.7742    -0.7807    -0.0065   2.797363   2.796778  -0.000593    34.3140    34.3133     7.3959    27.5884    27.5882    34.3154    27.5896    1448.18    1448.15    -0.7741  1028.6330    34.4827 0.0000e+00
