Pos-Processados/process_op42/Processamento_split/up/uoperantar42_016.cnv
* Sea-Bird SBE 9 Data File:
* FileName = C:\Users\Hidrografia\Desktop\OPXLII\Brutos\OP42016.hdr
* Software Version Seasave V 7.26.7.107
* Temperature SN = 6502
* Conductivity SN = 4998
* Number of Bytes Per Scan = 31
* Number of Voltage Words = 2
* Number of Scans Averaged by the Deck Unit = 1
* NMEA Latitude = 47 17.16 S
* NMEA Longitude = 059 17.59 W
* NMEA UTC (Time) = Oct 21 2023 04:54:38
* NMEA baud rate = 4800
** H41
** NPOALTEMAXIMIANO
** NUMERO DA ESTACAO (XXX) 016
** LAT (XX XX.XX S/N) 47 17.23 S
** LONG (XXX XX.XX W/E) 059 17.82 W
** DATAHORA (dd/mm/aaaa hh:mm Z) 21/10/2023 0454Z
** PROFUNDIDADE (m) 1301
** OPERADOR CT FABIREZA
# nquan = 30
# nvalues = 1010                        
# units = specified
# name 0 = scan: Scan Count
# name 1 = timeJ: Julian Days
# name 2 = latitude: Latitude [deg]
# name 3 = longitude: Longitude [deg]
# name 4 = dz/dtM: Descent Rate [m/s]
# name 5 = avgsvCM: Average Sound Velocity [Chen-Millero, m/s]
# name 6 = prDM: Pressure, Digiquartz [db]
# name 7 = depSM: Depth [salt water, m]
# name 8 = t090C: Temperature [ITS-90, deg C]
# name 9 = t190C: Temperature, 2 [ITS-90, deg C]
# name 10 = T2-T190C: Temperature Difference, 2 - 1 [ITS-90, deg C]
# name 11 = potemp090C: Potential Temperature [ITS-90, deg C]
# name 12 = potemp190C: Potential Temperature, 2 [ITS-90, deg C]
# name 13 = potemp90Cdiff: Potential Temperature, Diff, 2 - 1 [ITS-90, deg C]
# name 14 = c0S/m: Conductivity [S/m]
# name 15 = c1S/m: Conductivity, 2 [S/m]
# name 16 = C2-C1S/m: Conductivity Difference, 2 - 1 [S/m]
# name 17 = sal00: Salinity, Practical [PSU]
# name 18 = sal11: Salinity, Practical, 2 [PSU]
# name 19 = sbeox0ML/L: Oxygen, SBE 43 [ml/l]
# name 20 = sigma-é00: Density [sigma-theta, kg/m^3]
# name 21 = sigma-é11: Density, 2 [sigma-theta, kg/m^3]
# name 22 = sal00: Salinity, Practical [PSU]
# name 23 = sigma-é00: Density [sigma-theta, kg/m^3]
# name 24 = svCM: Sound Velocity [Chen-Millero, m/s]
# name 25 = svCM1: Sound Velocity, 2 [Chen-Millero, m/s]
# name 26 = gsw_ptA0: potential temperature [ITS-90, deg C]
# name 27 = gsw_densityA0: density, TEOS-10 [density, kg/m^3]
# name 28 = gsw_saA0: Absolute Salinity [g/kg]
# name 29 = flag:
# span 0 =      31521,      65192       
# span 1 = 294.219807, 294.236045       
# span 2 =  -47.28607,  -47.28420       
# span 3 =  -59.30431,  -59.29656       
# span 4 =     -1.522,     -0.152       
# span 5 =    1472.95,    1472.95       
# span 6 =      2.000,   1011.000       
# span 7 =      2.000,   1000.141       
# span 8 =     2.6961,     6.2271       
# span 9 =     2.6972,     6.2263       
# span 10 =    -0.0345,     0.0544      
# span 11 =     2.6299,     6.2268      
# span 12 =     2.6311,     6.2258      
# span 13 =    -0.0345,     0.0544      
# span 14 =   3.134724,   3.370521      
# span 15 =   3.134736,   3.370743      
# span 16 =  -0.003096,   0.004906      
# span 17 =    34.0117,    34.3929      
# span 18 =    34.0200,    34.3924      
# span 19 =     4.3024,     7.2307      
# span 20 =    26.7497,    27.4333      
# span 21 =    26.7497,    27.4328      
# span 22 =    34.0228,    34.3929      
# span 23 =    26.7517,    27.4333      
# span 24 =    1469.45,    1476.94      
# span 25 =    1469.47,    1476.94      
# span 26 =     2.6298,     6.2268      
# span 27 =  1026.7629,  1032.1269      
# span 28 =    34.1835,    34.5599      
# span 29 = 0.0000e+00, 0.0000e+00      
# interval = decibars: 1                
# start_time = Oct 21 2023 04:54:38 [NMEA time, header]
# bad_flag = -9.990e-29
*END*
[from data line 726]
      51145 294.229271  -47.28492  -59.30124     -0.745    1472.95    285.000    282.432     4.2851     4.2866     0.0016     4.2646     4.2662     0.0016   3.219265   3.219328   0.000067    34.1188    34.1180     6.7414    27.0576    27.0568    34.1194    27.0581    1471.34    1471.34     4.2645  1028.3803    34.2813 0.0000e+00
      51171 294.229283  -47.28490  -59.30124     -0.877    1472.95    284.000    281.442     4.2866     4.2859    -0.0008     4.2662     4.2655    -0.0008   3.219395   3.219233  -0.000153    34.1192    34.1182     6.7403    27.0577    27.0570    34.1198    27.0582    1471.33    1471.32     4.2662  1028.3758    34.2817 0.0000e+00
      51199 294.229297  -47.28490  -59.30126     -0.900    1472.95    283.000    280.452     4.2882     4.2886     0.0005     4.2679     4.2683     0.0004   3.219456   3.219439  -0.000022    34.1190    34.1182     6.7443    27.0574    27.0568    34.1194    27.0578    1471.32    1471.32     4.2678  1028.3707    34.2813 0.0000e+00
      51231 294.229312  -47.28490  -59.30126     -0.759    1472.95    282.000    279.461     4.2876     4.2887     0.0011     4.2673     4.2685     0.0011   3.219319   3.219336   0.000016    34.1187    34.1178     6.7503    27.0572    27.0563    34.1190    27.0574    1471.30    1471.30     4.2673  1028.3658    34.2808 0.0000e+00
      51260 294.229326  -47.28490  -59.30126     -0.781    1472.95    281.000    278.471     4.2872     4.2881     0.0009     4.2671     4.2680     0.0009   3.219213   3.219234   0.000018    34.1184    34.1176     6.7468    27.0570    27.0563    34.1186    27.0572    1471.28    1471.28     4.2670  1028.3609    34.2805 0.0000e+00
      51282 294.229337  -47.28490  -59.30126     -0.956    1472.95    280.000    277.481     4.2875     4.2883     0.0008     4.2674     4.2682     0.0008   3.219201   3.219205   0.000012    34.1184    34.1177     6.7444    27.0570    27.0563    34.1187    27.0573    1471.27    1471.27     4.2673  1028.3563    34.2806 0.0000e+00
      51303 294.229347  -47.28490  -59.30126     -1.107    1472.95    279.000    276.490     4.2892     4.2897     0.0004     4.2692     4.2697     0.0004   3.219321   3.219291  -0.000034    34.1185    34.1177     6.7419    27.0569    27.0562    34.1188    27.0572    1471.26    1471.26     4.2691  1028.3516    34.2807 0.0000e+00
      51324 294.229357  -47.28490  -59.30126     -1.158    1472.95    278.000    275.500     4.2900     4.2913     0.0013     4.2700     4.2713     0.0013   3.219345   3.219378   0.000032    34.1186    34.1176     6.7407    27.0569    27.0560    34.1189    27.0571    1471.24    1471.25     4.2700  1028.3469    34.2807 0.0000e+00
      51349 294.229369  -47.28490  -59.30128     -1.045    1472.95    277.000    274.509     4.2908     4.2930     0.0022     4.2709     4.2731     0.0022   3.219378   3.219499   0.000105    34.1187    34.1176     6.7465    27.0568    27.0557    34.1190    27.0571    1471.23    1471.24     4.2708  1028.3423    34.2809 0.0000e+00
      51378 294.229383  -47.28490  -59.30128     -0.868    1472.95    276.000    273.519     4.2951     4.2970     0.0020     4.2752     4.2772     0.0020   3.219690   3.219799   0.000111    34.1182    34.1175     6.7525    27.0560    27.0552    34.1187    27.0564    1471.23    1471.24     4.2752  1028.3370    34.2806 0.0000e+00
      51406 294.229397  -47.28490  -59.30128     -0.835    1472.95    275.000    272.529     4.2995     4.3003     0.0009     4.2797     4.2806     0.0009   3.220151   3.220096  -0.000037    34.1191    34.1178     6.7460    27.0563    27.0551    34.1201    27.0571    1471.24    1471.24     4.2797  1028.3329    34.2820 0.0000e+00
      51433 294.229410  -47.28490  -59.30129     -0.880    1472.95    274.000    271.539     4.3062     4.3040    -0.0022     4.2865     4.2843    -0.0022   3.220683   3.220373  -0.000279    34.1192    34.1183     6.7351    27.0557    27.0551    34.1199    27.0562    1471.25    1471.24     4.2864  1028.3274    34.2818 0.0000e+00
      51459 294.229422  -47.28490  -59.30130     -0.908    1472.95    273.000    270.548     4.3091     4.3087    -0.0004     4.2894     4.2891    -0.0004   3.220928   3.220813  -0.000135    34.1195    34.1184     6.7348    27.0556    27.0547    34.1204    27.0562    1471.24    1471.24     4.2894  1028.3228    34.2822 0.0000e+00
      51487 294.229436  -47.28490  -59.30132     -0.884    1472.95    272.000    269.558     4.3120     4.3134     0.0013     4.2925     4.2938     0.0013   3.221151   3.221170   0.000012    34.1198    34.1185     6.7321    27.0554    27.0543    34.1205    27.0560    1471.24    1471.24     4.2924  1028.3177    34.2821 0.0000e+00
      51518 294.229451 -9.990e-29  -59.30132     -0.801    1472.95    271.000    268.567     4.3146     4.3166     0.0021     4.2951     4.2971     0.0021   3.221332   3.221410   0.000075    34.1198    34.1186     6.7298    27.0552    27.0540    34.1205    27.0557    1471.23    1471.24     4.2950  1028.3122    34.2814 0.0000e+00
      51549 294.229466 -9.990e-29  -59.30132     -0.769    1472.95    270.000    267.577     4.3175     4.3190     0.0015     4.2981     4.2996     0.0015   3.221492   3.221535   0.000040    34.1193    34.1182     6.7273    27.0545    27.0534    34.1199    27.0549    1471.23    1471.23     4.2980  1028.3068    34.2808 0.0000e+00
      51578 294.229480 -9.990e-29  -59.30132     -0.808    1472.95    269.000    266.587     4.3186     4.3202     0.0016     4.2993     4.3009     0.0016   3.221528   3.221584   0.000060    34.1191    34.1181     6.7311    27.0542    27.0532    34.1196    27.0546    1471.22    1471.22     4.2992  1028.3019    34.2805 0.0000e+00
      51603 294.229492  -47.28488  -59.30132     -0.892    1472.95    268.000    265.596     4.3213     4.3212    -0.0001     4.3020     4.3019    -0.0001   3.221721   3.221642  -0.000073    34.1189    34.1182     6.7223    27.0537    27.0532    34.1196    27.0543    1471.21    1471.21     4.3020  1028.2975    34.2813 0.0000e+00
      51626 294.229503  -47.28488  -59.30134     -0.992    1472.95    267.000    264.606     4.3253     4.3248    -0.0006     4.3061     4.3056    -0.0006   3.222010   3.221883  -0.000123    34.1186    34.1178     6.7267    27.0531    27.0524    34.1194    27.0537    1471.21    1471.21     4.3061  1028.2924    34.2812 0.0000e+00
      51648 294.229513  -47.28488  -59.30134     -1.082    1472.95    266.000    263.615     4.3283     4.3282    -0.0000     4.3091     4.3091    -0.0000   3.222201   3.222130  -0.000078    34.1184    34.1175     6.7199    27.0525    27.0519    34.1191    27.0532    1471.21    1471.20     4.3091  1028.2872    34.2810 0.0000e+00
      51669 294.229523  -47.28488  -59.30134     -1.133    1472.95    265.000    262.625     4.3327     4.3329     0.0002     4.3136     4.3138     0.0002   3.222553   3.222498  -0.000059    34.1184    34.1175     6.7181    27.0521    27.0513    34.1192    27.0527    1471.21    1471.21     4.3136  1028.2822    34.2810 0.0000e+00
      51692 294.229534  -47.28488  -59.30134     -1.099    1472.95    264.000    261.635     4.3353     4.3371     0.0017     4.3163     4.3180     0.0017   3.222739   3.222821   0.000075    34.1184    34.1175     6.7186    27.0518    27.0509    34.1192    27.0524    1471.20    1471.21     4.3163  1028.2772    34.2810 0.0000e+00
      51723 294.229550  -47.28488  -59.30135     -0.858    1472.95    263.000    260.644     4.3377     4.3398     0.0021     4.3187     4.3208     0.0021   3.222899   3.223013   0.000116    34.1184    34.1176     6.7170    27.0515    27.0507    34.1192    27.0522    1471.19    1471.20     4.3187  1028.2723    34.2810 0.0000e+00
      51769 294.229572  -47.28488  -59.30136     -0.507    1472.95    262.000    259.654     4.3435     4.3447     0.0013     4.3246     4.3258     0.0013   3.223342   3.223393   0.000049    34.1183    34.1176     6.7289    27.0508    27.0501    34.1189    27.0513    1471.20    1471.21     4.3245  1028.2668    34.2807 0.0000e+00
      51802 294.229588  -47.28488  -59.30138     -0.656    1472.95    261.000    258.664     4.3430     4.3450     0.0020     4.3242     4.3262     0.0020   3.223276   3.223368   0.000104    34.1187    34.1178     6.7312    27.0512    27.0503    34.1192    27.0516    1471.18    1471.19     4.3241  1028.2624    34.2810 0.0000e+00
      51826 294.229599  -47.28488  -59.30138     -0.888    1472.95    260.000    257.673     4.3474     4.3488     0.0014     4.3287     4.3300     0.0013   3.223642   3.223688   0.000031    34.1184    34.1174     6.7304    27.0505    27.0495    34.1194    27.0513    1471.19    1471.19     4.3286  1028.2575    34.2812 0.0000e+00
      51848 294.229610  -47.28488  -59.30138     -1.042    1472.95    259.000    256.682     4.3532     4.3542     0.0010     4.3345     4.3355     0.0010   3.224100   3.224107   0.000008    34.1185    34.1175     6.7343    27.0499    27.0490    34.1194    27.0507    1471.19    1471.20     4.3345  1028.2522    34.2812 0.0000e+00
      51873 294.229622  -47.28486  -59.30138     -1.042    1472.95    258.000    255.692     4.3553     4.3573     0.0020     4.3366     4.3387     0.0020   3.224227   3.224343   0.000107    34.1185    34.1177     6.7315    27.0497    27.0488    34.1193    27.0503    1471.19    1471.19     4.3366  1028.2472    34.2811 0.0000e+00
      51901 294.229636  -47.28486  -59.30139     -0.893    1472.95    257.000    254.702     4.3579     4.3608     0.0029     4.3394     4.3422     0.0028   3.224436   3.224623   0.000177    34.1187    34.1178     6.7368    27.0495    27.0486    34.1195    27.0502    1471.18    1471.19     4.3393  1028.2424    34.2813 0.0000e+00
      51932 294.229651  -47.28486  -59.30140     -0.780    1472.95    256.000    253.711     4.3615     4.3638     0.0023     4.3430     4.3453     0.0023   3.224709   3.224836   0.000137    34.1187    34.1179     6.7409    27.0492    27.0483    34.1195    27.0498    1471.18    1471.19     4.3430  1028.2375    34.2813 0.0000e+00
      51963 294.229665  -47.28486  -59.30140     -0.772    1472.95    255.000    252.721     4.3636     4.3649     0.0012     4.3452     4.3464     0.0012   3.224861   3.224890   0.000035    34.1190    34.1181     6.7365    27.0492    27.0483    34.1196    27.0497    1471.17    1471.18     4.3451  1028.2327    34.2814 0.0000e+00
      51991 294.229679  -47.28486  -59.30142     -0.821    1472.95    254.000    251.730     4.3658     4.3670     0.0012     4.3475     4.3487     0.0012   3.225070   3.225068   0.000008    34.1195    34.1183     6.7352    27.0494    27.0483    34.1203    27.0500    1471.17    1471.17     4.3474  1028.2283    34.2821 0.0000e+00
      52016 294.229691  -47.28486  -59.30142     -0.920    1472.95    253.000    250.740     4.3710     4.3712     0.0002     4.3527     4.3529     0.0002   3.225475   3.225427  -0.000059    34.1194    34.1185     6.7356    27.0487    27.0480    34.1202    27.0494    1471.17    1471.17     4.3527  1028.2230    34.2820 0.0000e+00
      52039 294.229702  -47.28486  -59.30142     -1.004    1472.95    252.000    249.749     4.3740     4.3747     0.0007     4.3558     4.3565     0.0006   3.225729   3.225687  -0.000031    34.1197    34.1186     6.7415    27.0486    27.0477    34.1206    27.0493    1471.17    1471.17     4.3558  1028.2184    34.2824 0.0000e+00
      52063 294.229714  -47.28486  -59.30142     -1.031    1472.95    251.000    248.759     4.3772     4.3778     0.0006     4.3590     4.3596     0.0006   3.225936   3.225919  -0.000031    34.1197    34.1187     6.7478    27.0483    27.0474    34.1203    27.0488    1471.16    1471.16     4.3590  1028.2132    34.2821 0.0000e+00
      52090 294.229726  -47.28486  -59.30144     -0.950    1472.95    250.000    247.768     4.3777     4.3799     0.0022     4.3596     4.3618     0.0022   3.225927   3.226036   0.000109    34.1196    34.1186     6.7438    27.0482    27.0471    34.1202    27.0486    1471.15    1471.16     4.3595  1028.2084    34.2820 0.0000e+00
      52120 294.229741  -47.28486  -59.30144     -0.814    1472.95    249.000    246.778     4.3793     4.3807     0.0014     4.3613     4.3627     0.0014   3.226004   3.226062   0.000057    34.1195    34.1186     6.7375    27.0479    27.0470    34.1200    27.0483    1471.14    1471.14     4.3612  1028.2034    34.2818 0.0000e+00
      52153 294.229757  -47.28486  -59.30144     -0.739    1472.95    248.000    245.788     4.3802     4.3815     0.0013     4.3622     4.3635     0.0013   3.226029   3.226069   0.000040    34.1194    34.1185     6.7437    27.0477    27.0469    34.1199    27.0481    1471.13    1471.13     4.3622  1028.1986    34.2817 0.0000e+00
      52183 294.229771  -47.28486  -59.30146     -0.775    1472.95    247.000    244.797     4.3810     4.3816     0.0005     4.3631     4.3637     0.0005   3.226052   3.226024  -0.000021    34.1194    34.1186     6.7404    27.0476    27.0469    34.1198    27.0479    1471.11    1471.12     4.3631  1028.1938    34.2816 0.0000e+00
      52207 294.229783  -47.28486  -59.30146     -0.899    1472.95    246.000    243.806     4.3815     4.3820     0.0005     4.3637     4.3643     0.0005   3.226069   3.226035  -0.000034    34.1197    34.1187     6.7412    27.0478    27.0469    34.1201    27.0481    1471.10    1471.10     4.3637  1028.1893    34.2818 0.0000e+00
      52228 294.229793  -47.28484  -59.30146     -1.050    1472.95    245.000    242.816     4.3824     4.3832     0.0007     4.3648     4.3655     0.0007   3.226080   3.226089   0.000007    34.1193    34.1187     6.7403    27.0474    27.0468    34.1197    27.0477    1471.09    1471.09     4.3647  1028.1843    34.2815 0.0000e+00
      52247 294.229802  -47.28484  -59.30146     -1.186    1472.95    244.000    241.826     4.3833     4.3845     0.0012     4.3657     4.3668     0.0012   3.226111   3.226136   0.000020    34.1193    34.1184     6.7362    27.0473    27.0464    34.1197    27.0476    1471.07    1471.08     4.3656  1028.1796    34.2815 0.0000e+00
      52266 294.229811  -47.28484  -59.30147     -1.263    1472.95    243.000    240.835     4.3835     4.3850     0.0015     4.3660     4.3674     0.0015   3.226065   3.226136   0.000065    34.1193    34.1185     6.7388    27.0472    27.0464    34.1195    27.0474    1471.06    1471.06     4.3659  1028.1747    34.2812 0.0000e+00
      52287 294.229821  -47.28484  -59.30148     -1.228    1472.95    242.000    239.844     4.3839     4.3853     0.0013     4.3664     4.3678     0.0013   3.226081   3.226119   0.000041    34.1195    34.1186     6.7443    27.0473    27.0464    34.1197    27.0475    1471.05    1471.05     4.3664  1028.1703    34.2815 0.0000e+00
      52315 294.229835  -47.28484  -59.30148     -0.986    1472.95    241.000    238.854     4.3846     4.3856     0.0010     4.3672     4.3681     0.0010   3.226079   3.226104   0.000032    34.1193    34.1186     6.7455    27.0471    27.0465    34.1196    27.0473    1471.03    1471.03     4.3671  1028.1655    34.2814 0.0000e+00
      52353 294.229853  -47.28484  -59.30150     -0.644    1472.95    240.000    237.863     4.3863     4.3871     0.0008     4.3690     4.3698     0.0008   3.226163   3.226184   0.000015    34.1190    34.1184     6.7384    27.0467    27.0461    34.1193    27.0469    1471.02    1471.02     4.3689  1028.1604    34.2810 0.0000e+00
      52386 294.229869  -47.28484  -59.30150     -0.679    1472.95    239.000    236.873     4.3871     4.3894     0.0023     4.3698     4.3721     0.0023   3.226197   3.226328   0.000134    34.1191    34.1183     6.7353    27.0467    27.0457    34.1195    27.0469    1471.01    1471.02     4.3698  1028.1558    34.2812 0.0000e+00
