Pos-Processados/process_op42/Processamento_split/up/uoperantar42_045.cnv
* Sea-Bird SBE 9 Data File:
* FileName = C:\Users\Hidrografia\Desktop\OPXLII\Brutos\OP42045.hdr
* Software Version Seasave V 7.26.7.107
* Temperature SN = 6502
* Conductivity SN = 4998
* Number of Bytes Per Scan = 37
* Number of Voltage Words = 4
* Number of Scans Averaged by the Deck Unit = 1
* NMEA Latitude = 62 08.59 S
* NMEA Longitude = 058 26.59 W
* NMEA UTC (Time) = Nov 09 2023 20:07:12
* NMEA baud rate = 4800
** H41
** NPOALTEMAXIMIANO
** NUMERO DA ESTACAO (XXX) 045
** LAT (XX XX.XX S/N) 62 08.569 S
** LONG (XXX XX.XX W/E) 058 26.605 W
** DATAHORA (dd/mm/aaaa hh:mm Z) 09/11/2023 2006Z
** PROFUNDIDADE (m) 402
** OPERADOR CT FABIREZA
# nquan = 30
# nvalues = 371                         
# units = specified
# name 0 = scan: Scan Count
# name 1 = timeJ: Julian Days
# name 2 = latitude: Latitude [deg]
# name 3 = longitude: Longitude [deg]
# name 4 = dz/dtM: Descent Rate [m/s]
# name 5 = avgsvCM: Average Sound Velocity [Chen-Millero, m/s]
# name 6 = prDM: Pressure, Digiquartz [db]
# name 7 = depSM: Depth [salt water, m]
# name 8 = t090C: Temperature [ITS-90, deg C]
# name 9 = t190C: Temperature, 2 [ITS-90, deg C]
# name 10 = T2-T190C: Temperature Difference, 2 - 1 [ITS-90, deg C]
# name 11 = potemp090C: Potential Temperature [ITS-90, deg C]
# name 12 = potemp190C: Potential Temperature, 2 [ITS-90, deg C]
# name 13 = potemp90Cdiff: Potential Temperature, Diff, 2 - 1 [ITS-90, deg C]
# name 14 = c0S/m: Conductivity [S/m]
# name 15 = c1S/m: Conductivity, 2 [S/m]
# name 16 = C2-C1S/m: Conductivity Difference, 2 - 1 [S/m]
# name 17 = sal00: Salinity, Practical [PSU]
# name 18 = sal11: Salinity, Practical, 2 [PSU]
# name 19 = sbeox0ML/L: Oxygen, SBE 43 [ml/l]
# name 20 = sigma-é00: Density [sigma-theta, kg/m^3]
# name 21 = sigma-é11: Density, 2 [sigma-theta, kg/m^3]
# name 22 = sal00: Salinity, Practical [PSU]
# name 23 = sigma-é00: Density [sigma-theta, kg/m^3]
# name 24 = svCM: Sound Velocity [Chen-Millero, m/s]
# name 25 = svCM1: Sound Velocity, 2 [Chen-Millero, m/s]
# name 26 = gsw_ptA0: potential temperature [ITS-90, deg C]
# name 27 = gsw_densityA0: density, TEOS-10 [density, kg/m^3]
# name 28 = gsw_saA0: Absolute Salinity [g/kg]
# name 29 = flag:
# span 0 =      14549,      25744       
# span 1 = 313.845349, 313.850748       
# span 2 =  -62.14800,  -62.14614       
# span 3 =  -58.44145,  -58.43829       
# span 4 =     -1.154,     -0.247       
# span 5 =    1448.29,    1448.29       
# span 6 =      2.000,    372.000       
# span 7 =      1.991,    368.100       
# span 8 =    -0.7979,    -0.3816       
# span 9 =    -0.7972,    -0.3804       
# span 10 =    -0.0056,     0.0200      
# span 11 =    -0.8041,    -0.3945      
# span 12 =    -0.8034,    -0.3934      
# span 13 =    -0.0056,     0.0199      
# span 14 =   2.793122,   2.844139      
# span 15 =   2.793114,   2.844185      
# span 16 =  -0.000599,   0.001797      
# span 17 =    34.2813,    34.4133      
# span 18 =    34.2798,    34.4125      
# span 19 =     6.5348,     7.6163      
# span 20 =    27.5542,    27.6521      
# span 21 =    27.5529,    27.6516      
# span 22 =    34.2814,    34.4130      
# span 23 =    27.5547,    27.6520      
# span 24 =    1445.65,    1452.65      
# span 25 =    1445.66,    1452.65      
# span 26 =    -0.8039,    -0.3943      
# span 27 =  1027.5673,  1029.4284      
# span 28 =    34.4440,    34.5835      
# span 29 = 0.0000e+00, 0.0000e+00      
# interval = decibars: 1                
# start_time = Nov 09 2023 20:07:12 [NMEA time, header]
# bad_flag = -9.990e-29
*END*
[from data line 339]
      24508 313.850152  -62.14784  -58.43868     -0.928    1448.29     33.000     32.681    -0.5887    -0.5874     0.0014    -0.5897    -0.5883     0.0014   2.801521   2.801541   0.000011    34.2824    34.2810     7.6105    27.5550    27.5539    34.2823    27.5550    1445.99    1445.99    -0.5897  1027.7174    34.4476 0.0000e+00
      24536 313.850165  -62.14784  -58.43868     -0.855    1448.29     32.000     31.690    -0.5901    -0.5888     0.0013    -0.5911    -0.5898     0.0013   2.801376   2.801370   0.000005    34.2825    34.2811     7.6041    27.5552    27.5540    34.2826    27.5553    1445.97    1445.97    -0.5910  1027.7129    34.4479 0.0000e+00
      24562 313.850178  -62.14784  -58.43868     -0.904    1448.29     31.000     30.700    -0.5887    -0.5888    -0.0001    -0.5896    -0.5897    -0.0001   2.801477   2.801337  -0.000124    34.2825    34.2810     7.6085    27.5551    27.5539    34.2829    27.5554    1445.96    1445.95    -0.5896  1027.7083    34.4482 0.0000e+00
      24587 313.850190  -62.14784  -58.43866     -0.938    1448.29     30.000     29.710    -0.5842    -0.5855    -0.0013    -0.5851    -0.5864    -0.0013   2.801776   2.801556  -0.000232    34.2823    34.2807     7.6111    27.5548    27.5536    34.2825    27.5549    1445.96    1445.95    -0.5851  1027.7029    34.4478 0.0000e+00
      24611 313.850202  -62.14786  -58.43866     -0.977    1448.29     29.000     28.720    -0.5878    -0.5861     0.0017    -0.5886    -0.5870     0.0017   2.801426   2.801459   0.000028    34.2825    34.2810     7.6131    27.5551    27.5538    34.2824    27.5550    1445.93    1445.93    -0.5886  1027.6983    34.4477 0.0000e+00
      24636 313.850214  -62.14786  -58.43864     -0.983    1448.29     28.000     27.729    -0.5866    -0.5866    -0.0000    -0.5874    -0.5874    -0.0000   2.801499   2.801384  -0.000103    34.2824    34.2811     7.6104    27.5550    27.5539    34.2827    27.5552    1445.92    1445.91    -0.5874  1027.6936    34.4480 0.0000e+00
      24662 313.850226  -62.14786  -58.43863     -0.948    1448.29     27.000     26.739    -0.5856    -0.5856    -0.0000    -0.5864    -0.5864    -0.0000   2.801520   2.801410  -0.000116    34.2825    34.2809     7.5983    27.5550    27.5537    34.2825    27.5550    1445.90    1445.90    -0.5864  1027.6886    34.4478 0.0000e+00
      24688 313.850239  -62.14786  -58.43862     -0.918    1448.29     26.000     25.749    -0.5872    -0.5862     0.0010    -0.5880    -0.5870     0.0010   2.801353   2.801316  -0.000034    34.2826    34.2810     7.5994    27.5551    27.5538    34.2827    27.5552    1445.88    1445.88    -0.5880  1027.6841    34.4479 0.0000e+00
      24716 313.850252  -62.14786  -58.43862     -0.886    1448.29     25.000     24.758    -0.5851    -0.5853    -0.0002    -0.5859    -0.5860    -0.0002   2.801469   2.801345  -0.000125    34.2823    34.2808     7.6046    27.5548    27.5536    34.2825    27.5550    1445.88    1445.87    -0.5858  1027.6790    34.4478 0.0000e+00
      24747 313.850267  -62.14786  -58.43862     -0.790    1448.29     24.000     23.768    -0.5845    -0.5845     0.0001    -0.5853    -0.5852     0.0001   2.801457   2.801374  -0.000079    34.2822    34.2810     7.5967    27.5547    27.5537    34.2823    27.5548    1445.86    1445.86    -0.5852  1027.6741    34.4476 0.0000e+00
      24782 313.850284  -62.14786  -58.43860     -0.699    1448.29     23.000     22.778    -0.5855    -0.5847     0.0008    -0.5862    -0.5854     0.0008   2.801339   2.801307  -0.000038    34.2825    34.2811     7.6064    27.5550    27.5538    34.2825    27.5550    1445.84    1445.84    -0.5862  1027.6668    34.4444 0.0000e+00
      24815 313.850300 -9.990e-29  -58.43859     -0.710    1448.29     22.000     21.788    -0.5860    -0.5852     0.0008    -0.5866    -0.5858     0.0008   2.801265   2.801232  -0.000031    34.2825    34.2812     7.6091    27.5550    27.5539    34.2826    27.5551    1445.82    1445.82    -0.5866  1027.6619    34.4443 0.0000e+00
      24848 313.850316 -9.990e-29  -58.43858     -0.741    1448.29     21.000     20.798    -0.5855    -0.5845     0.0010    -0.5861    -0.5851     0.0010   2.801274   2.801247  -0.000029    34.2827    34.2812     7.5978    27.5552    27.5539    34.2828    27.5552    1445.81    1445.81    -0.5861  1027.6572    34.4444 0.0000e+00
      24879 313.850331  -62.14788  -58.43857     -0.753    1448.29     20.000     19.807    -0.5831    -0.5829     0.0002    -0.5837    -0.5834     0.0002   2.801427   2.801351  -0.000076    34.2825    34.2813     7.5920    27.5549    27.5539    34.2827    27.5550    1445.80    1445.80    -0.5837  1027.6547    34.4474 0.0000e+00
      24911 313.850346  -62.14789  -58.43856     -0.757    1448.29     19.000     18.817    -0.5823    -0.5818     0.0005    -0.5828    -0.5824     0.0005   2.801442   2.801395  -0.000053    34.2825    34.2813     7.6012    27.5549    27.5538    34.2827    27.5550    1445.79    1445.79    -0.5828  1027.6503    34.4479 0.0000e+00
      24940 313.850360  -62.14790  -58.43854     -0.812    1448.29     18.000     17.826    -0.5808    -0.5798     0.0010    -0.5813    -0.5804     0.0010   2.801542   2.801518  -0.000019    34.2827    34.2813     7.6105    27.5549    27.5538    34.2829    27.5551    1445.78    1445.78    -0.5813  1027.6457    34.4482 0.0000e+00
      24968 313.850374  -62.14790  -58.43854     -0.832    1448.29     17.000     16.836    -0.5783    -0.5787    -0.0004    -0.5788    -0.5792    -0.0004   2.801740   2.801588  -0.000148    34.2830    34.2814     7.6122    27.5550    27.5538    34.2834    27.5554    1445.78    1445.77    -0.5788  1027.6412    34.4487 0.0000e+00
      24995 313.850387  -62.14790  -58.43854     -0.874    1448.29     16.000     15.846    -0.5724    -0.5733    -0.0009    -0.5729    -0.5738    -0.0009   2.802173   2.801997  -0.000152    34.2822    34.2812     7.6140    27.5542    27.5534    34.2832    27.5549    1445.79    1445.78    -0.5729  1027.6360    34.4485 0.0000e+00
      25023 313.850400  -62.14790  -58.43852     -0.888    1448.29     15.000     14.856    -0.5654    -0.5654     0.0001    -0.5659    -0.5658     0.0001   2.802748   2.802636  -0.000127    34.2828    34.2810     7.6098    27.5543    27.5529    34.2836    27.5550    1445.81    1445.81    -0.5658  1027.6312    34.4489 0.0000e+00
      25052 313.850414  -62.14790  -58.43852     -0.838    1448.29     14.000     13.865    -0.5617    -0.5636    -0.0018    -0.5621    -0.5640    -0.0018   2.803011   2.802752  -0.000252    34.2829    34.2816     7.6163    27.5543    27.5533    34.2836    27.5548    1445.81    1445.80    -0.5621  1027.6263    34.4489 0.0000e+00
      25080 313.850428  -62.14790  -58.43851     -0.839    1448.29     13.000     12.875    -0.5600    -0.5604    -0.0004    -0.5604    -0.5608    -0.0004   2.803152   2.802977  -0.000182    34.2836    34.2816     7.6120    27.5547    27.5532    34.2842    27.5552    1445.80    1445.80    -0.5604  1027.6192    34.4461 0.0000e+00
      25115 313.850444 -9.990e-29  -58.43850     -0.740    1448.29     12.000     11.884    -0.5591    -0.5591     0.0000    -0.5595    -0.5594     0.0000   2.803177   2.803043  -0.000137    34.2837    34.2818     7.6033    27.5548    27.5532    34.2842    27.5552    1445.79    1445.79    -0.5595  1027.6141    34.4458 0.0000e+00
      25163 313.850468  -62.14792  -58.43848     -0.495    1448.29     11.000     10.894    -0.5559    -0.5554     0.0006    -0.5563    -0.5557     0.0006   2.803409   2.803332  -0.000076    34.2837    34.2820     7.6096    27.5546    27.5532    34.2843    27.5551    1445.79    1445.79    -0.5562  1027.6106    34.4476 0.0000e+00
      25223 313.850497  -62.14794  -58.43846     -0.402    1448.29     10.000      9.906    -0.5551    -0.5543     0.0009    -0.5554    -0.5546     0.0009   2.803441   2.803405  -0.000040    34.2841    34.2826     7.6074    27.5550    27.5537    34.2844    27.5552    1445.77    1445.78    -0.5554  1027.6076    34.4498 0.0000e+00
      25309 313.850538  -62.14794  -58.43843     -0.247    1448.29      9.000      8.914    -0.5541    -0.5535     0.0006    -0.5544    -0.5538     0.0006   2.803477   2.803415  -0.000067    34.2842    34.2826     7.6025    27.5550    27.5537    34.2844    27.5551    1445.76    1445.76    -0.5544  1027.6027    34.4498 0.0000e+00
      25388 313.850576  -62.14795  -58.43841     -0.348    1448.29      8.000      7.924    -0.5548    -0.5531     0.0017    -0.5550    -0.5533     0.0017   2.803366   2.803395   0.000026    34.2842    34.2827     7.5992    27.5550    27.5537    34.2843    27.5551    1445.74    1445.75    -0.5550  1027.5979    34.4497 0.0000e+00
      25442 313.850603  -62.14796  -58.43839     -0.431    1448.29      7.000      6.930    -0.5541    -0.5532     0.0009    -0.5543    -0.5534     0.0009   2.803373   2.803337  -0.000036    34.2841    34.2826     7.6112    27.5549    27.5536    34.2842    27.5550    1445.73    1445.73    -0.5543  1027.5930    34.4496 0.0000e+00
      25498 313.850629  -62.14796  -58.43837     -0.434    1448.29      6.000      5.945    -0.5530    -0.5526     0.0004    -0.5532    -0.5528     0.0004   2.803437   2.803336  -0.000097    34.2844    34.2826     7.6075    27.5551    27.5536    34.2845    27.5552    1445.72    1445.72    -0.5532  1027.5884    34.4499 0.0000e+00
      25560 313.850659  -62.14798  -58.43836     -0.381    1448.29      5.000      4.949    -0.5533    -0.5526     0.0007    -0.5534    -0.5527     0.0007   2.803359   2.803303  -0.000056    34.2842    34.2827     7.5990    27.5550    27.5537    34.2843    27.5550    1445.70    1445.70    -0.5534  1027.5835    34.4497 0.0000e+00
      25612 313.850684  -62.14798  -58.43834     -0.462    1448.29      4.000      3.962    -0.5528    -0.5520     0.0008    -0.5529    -0.5521     0.0008   2.803350   2.803313  -0.000039    34.2842    34.2828     7.5926    27.5549    27.5537    34.2843    27.5550    1445.69    1445.69    -0.5529  1027.5786    34.4497 0.0000e+00
      25669 313.850712  -62.14798  -58.43831     -0.408    1448.29      3.000      2.970    -0.5531    -0.5520     0.0011    -0.5532    -0.5521     0.0011   2.803272   2.803268  -0.000006    34.2842    34.2829     7.5983    27.5549    27.5538    34.2842    27.5549    1445.67    1445.67    -0.5532  1027.5722    34.4476 0.0000e+00
      25744 313.850748  -62.14800  -58.43829     -0.341    1448.29      2.000      1.991    -0.5531    -0.5520     0.0011    -0.5531    -0.5521     0.0011   2.803228   2.803216  -0.000018    34.2842    34.2828     7.6001    27.5549    27.5537    34.2842    27.5549    1445.65    1445.66    -0.5531  1027.5673    34.4475 0.0000e+00
