Pos-Processados/process_op42/Processamento_split/up/uoperantar42_034.cnv
* Sea-Bird SBE 9 Data File:
* FileName = C:\Users\Hidrografia\Desktop\OPXLII\Brutos\OP42034.hdr
* Software Version Seasave V 7.26.7.107
* Temperature SN = 6502
* Conductivity SN = 4998
* Number of Bytes Per Scan = 37
* Number of Voltage Words = 4
* Number of Scans Averaged by the Deck Unit = 1
* NMEA Latitude = 62 08.19 S
* NMEA Longitude = 058 26.42 W
* NMEA UTC (Time) = Nov 09 2023 09:05:42
* NMEA baud rate = 4800
** H41
** NPOALTEMAXIMIANO
** NUMERO DA ESTACAO (XXX) 034
** LAT (XX XX.XX S/N) 62 08.17 S
** LONG (XXX XX.XX W/E) 058 26.44 W
** DATAHORA (dd/mm/aaaa hh:mm Z) 09/11/2023 0905Z
** PROFUNDIDADE (m) 424
** OPERADOR CT FABIREZA
# nquan = 30
# nvalues = 397                         
# units = specified
# name 0 = scan: Scan Count
# name 1 = timeJ: Julian Days
# name 2 = latitude: Latitude [deg]
# name 3 = longitude: Longitude [deg]
# name 4 = dz/dtM: Descent Rate [m/s]
# name 5 = avgsvCM: Average Sound Velocity [Chen-Millero, m/s]
# name 6 = prDM: Pressure, Digiquartz [db]
# name 7 = depSM: Depth [salt water, m]
# name 8 = t090C: Temperature [ITS-90, deg C]
# name 9 = t190C: Temperature, 2 [ITS-90, deg C]
# name 10 = T2-T190C: Temperature Difference, 2 - 1 [ITS-90, deg C]
# name 11 = potemp090C: Potential Temperature [ITS-90, deg C]
# name 12 = potemp190C: Potential Temperature, 2 [ITS-90, deg C]
# name 13 = potemp90Cdiff: Potential Temperature, Diff, 2 - 1 [ITS-90, deg C]
# name 14 = c0S/m: Conductivity [S/m]
# name 15 = c1S/m: Conductivity, 2 [S/m]
# name 16 = C2-C1S/m: Conductivity Difference, 2 - 1 [S/m]
# name 17 = sal00: Salinity, Practical [PSU]
# name 18 = sal11: Salinity, Practical, 2 [PSU]
# name 19 = sbeox0ML/L: Oxygen, SBE 43 [ml/l]
# name 20 = sigma-é00: Density [sigma-theta, kg/m^3]
# name 21 = sigma-é11: Density, 2 [sigma-theta, kg/m^3]
# name 22 = sal00: Salinity, Practical [PSU]
# name 23 = sigma-é00: Density [sigma-theta, kg/m^3]
# name 24 = svCM: Sound Velocity [Chen-Millero, m/s]
# name 25 = svCM1: Sound Velocity, 2 [Chen-Millero, m/s]
# name 26 = gsw_ptA0: potential temperature [ITS-90, deg C]
# name 27 = gsw_densityA0: density, TEOS-10 [density, kg/m^3]
# name 28 = gsw_saA0: Absolute Salinity [g/kg]
# name 29 = flag:
# span 0 =      13554,      25108       
# span 1 = 313.385494, 313.391066       
# span 2 =  -62.14077,  -62.13857       
# span 3 =  -58.44044,  -58.43977       
# span 4 =     -1.221,     -0.119       
# span 5 =    1448.35,    1448.35       
# span 6 =      1.000,    397.000       
# span 7 =      0.994,    392.822       
# span 8 =    -0.7801,    -0.5476       
# span 9 =    -0.7793,    -0.5471       
# span 10 =    -0.0256,     0.0175      
# span 11 =    -0.7877,    -0.5486      
# span 12 =    -0.7870,    -0.5480      
# span 13 =    -0.0256,     0.0175      
# span 14 =   2.792793,   2.823262      
# span 15 =   2.792685,   2.823096      
# span 16 =  -0.002146,   0.001769      
# span 17 =    34.2760,    34.3910      
# span 18 =    34.2748,    34.3900      
# span 19 =     6.8084,     7.6553      
# span 20 =    27.5525,    27.6452      
# span 21 =    27.5513,    27.6444      
# span 22 =    34.2779,    34.3910      
# span 23 =    27.5536,    27.6452      
# span 24 =    1445.65,    1451.87      
# span 25 =    1445.66,    1451.87      
# span 26 =    -0.7875,    -0.5486      
# span 27 =  1027.5625,  1029.5417      
# span 28 =    34.4409,    34.5585      
# span 29 = 0.0000e+00, 0.0000e+00      
# interval = decibars: 1                
# start_time = Nov 09 2023 09:05:42 [NMEA time, header]
# bad_flag = -9.990e-29
*END*
[from data line 242]
      19899 313.388554  -62.13978  -58.44020     -0.846    1448.35    155.000    153.455    -0.7435    -0.7441    -0.0006    -0.7480    -0.7487    -0.0006   2.794824   2.794674  -0.000151    34.2915    34.2902     7.5242    27.5691    27.5681    34.2917    27.5694    1447.26    1447.25    -0.7480  1028.3165    34.4586 0.0000e+00
      19923 313.388566  -62.13978  -58.44020     -0.941    1448.35    154.000    152.466    -0.7425    -0.7427    -0.0002    -0.7471    -0.7472    -0.0002   2.794832   2.794735  -0.000098    34.2911    34.2900     7.5255    27.5689    27.5679    34.2914    27.5690    1447.25    1447.24    -0.7469  1028.3114    34.4582 0.0000e+00
      19946 313.388577  -62.13980  -58.44020     -1.013    1448.35    153.000    151.476    -0.7418    -0.7416     0.0002    -0.7463    -0.7462     0.0002   2.794849   2.794774  -0.000078    34.2912    34.2900     7.5376    27.5689    27.5679    34.2914    27.5690    1447.23    1447.23    -0.7462  1028.3066    34.4583 0.0000e+00
      19969 313.388588  -62.13980  -58.44018     -1.041    1448.35    152.000    150.486    -0.7410    -0.7411    -0.0001    -0.7455    -0.7456    -0.0001   2.794874   2.794777  -0.000096    34.2913    34.2901     7.5363    27.5689    27.5679    34.2915    27.5690    1447.22    1447.22    -0.7454  1028.3018    34.4583 0.0000e+00
      19994 313.388600  -62.13980  -58.44018     -0.996    1448.35    151.000    149.496    -0.7401    -0.7400     0.0001    -0.7445    -0.7445     0.0001   2.794900   2.794820  -0.000082    34.2912    34.2900     7.5240    27.5688    27.5678    34.2914    27.5689    1447.21    1447.21    -0.7444  1028.2969    34.4582 0.0000e+00
      20023 313.388614  -62.13982  -58.44018     -0.881    1448.35    150.000    148.507    -0.7400    -0.7399     0.0001    -0.7444    -0.7443     0.0001   2.794872   2.794781  -0.000094    34.2914    34.2900     7.5224    27.5689    27.5678    34.2915    27.5690    1447.19    1447.19    -0.7443  1028.2922    34.4583 0.0000e+00
      20055 313.388629  -62.13982  -58.44018     -0.771    1448.35    149.000    147.517    -0.7393    -0.7392     0.0001    -0.7437    -0.7435     0.0001   2.794891   2.794796  -0.000097    34.2914    34.2900     7.5204    27.5689    27.5677    34.2916    27.5691    1447.18    1447.18    -0.7436  1028.2875    34.4584 0.0000e+00
      20083 313.388643  -62.13982  -58.44018     -0.795    1448.35    148.000    146.528    -0.7391    -0.7384     0.0006    -0.7435    -0.7428     0.0006   2.794836   2.794808  -0.000031    34.2912    34.2900     7.5177    27.5687    27.5677    34.2912    27.5688    1447.16    1447.16    -0.7434  1028.2824    34.4581 0.0000e+00
      20107 313.388655  -62.13983  -58.44018     -0.931    1448.35    147.000    145.538    -0.7389    -0.7384     0.0006    -0.7432    -0.7427     0.0006   2.794810   2.794772  -0.000041    34.2912    34.2900     7.5252    27.5687    27.5678    34.2913    27.5688    1447.15    1447.15    -0.7431  1028.2776    34.4581 0.0000e+00
      20129 313.388665  -62.13984  -58.44018     -1.054    1448.35    146.000    144.548    -0.7388    -0.7382     0.0006    -0.7431    -0.7425     0.0006   2.794784   2.794726  -0.000058    34.2913    34.2898     7.5252    27.5689    27.5676    34.2914    27.5689    1447.13    1447.13    -0.7430  1028.2730    34.4582 0.0000e+00
      20158 313.388679  -62.13984  -58.44018     -0.943    1448.35    145.000    143.558    -0.7384    -0.7383     0.0002    -0.7427    -0.7425     0.0002   2.794756   2.794687  -0.000068    34.2911    34.2900     7.5208    27.5687    27.5678    34.2912    27.5687    1447.12    1447.12    -0.7426  1028.2680    34.4580 0.0000e+00
      20207 313.388703  -62.13985  -58.44017     -0.483    1448.35    144.000    142.569    -0.7384    -0.7379     0.0005    -0.7427    -0.7421     0.0005   2.794717   2.794667  -0.000050    34.2913    34.2900     7.5083    27.5688    27.5677    34.2913    27.5688    1447.10    1447.10    -0.7425  1028.2633    34.4581 0.0000e+00
      20257 313.388727  -62.13986  -58.44016     -0.481    1448.35    143.000    141.579    -0.7386    -0.7376     0.0010    -0.7428    -0.7418     0.0010   2.794651   2.794630  -0.000026    34.2912    34.2898     7.5250    27.5688    27.5675    34.2912    27.5687    1447.08    1447.09    -0.7427  1028.2585    34.4580 0.0000e+00
      20293 313.388744  -62.13987  -58.44016     -0.644    1448.35    142.000    140.589    -0.7388    -0.7380     0.0008    -0.7430    -0.7422     0.0008   2.794580   2.794570  -0.000013    34.2913    34.2901     7.5269    27.5688    27.5678    34.2912    27.5687    1447.07    1447.07    -0.7429  1028.2537    34.4579 0.0000e+00
      20324 313.388759  -62.13988  -58.44016     -0.757    1448.35    141.000    139.599    -0.7388    -0.7381     0.0007    -0.7430    -0.7422     0.0007   2.794536   2.794515  -0.000019    34.2912    34.2901     7.5325    27.5687    27.5678    34.2912    27.5687    1447.05    1447.05    -0.7428  1028.2489    34.4579 0.0000e+00
      20357 313.388775  -62.13988  -58.44016     -0.748    1448.35    140.000    138.610    -0.7387    -0.7379     0.0008    -0.7428    -0.7420     0.0008   2.794514   2.794488  -0.000025    34.2913    34.2901     7.5251    27.5688    27.5678    34.2913    27.5688    1447.04    1447.04    -0.7427  1028.2442    34.4581 0.0000e+00
      20400 313.388796  -62.13989  -58.44014     -0.523    1448.35    139.000    137.619    -0.7384    -0.7378     0.0006    -0.7425    -0.7419     0.0006   2.794481   2.794438  -0.000043    34.2912    34.2900     7.5259    27.5687    27.5677    34.2912    27.5687    1447.02    1447.02    -0.7424  1028.2393    34.4579 0.0000e+00
      20428 313.388809  -62.13990  -58.44014     -0.755    1448.35    138.000    136.630    -0.7382    -0.7373     0.0009    -0.7422    -0.7414     0.0009   2.794447   2.794425  -0.000026    34.2911    34.2898     7.5217    27.5687    27.5675    34.2911    27.5686    1447.00    1447.01    -0.7421  1028.2344    34.4578 0.0000e+00
      20453 313.388821  -62.13990  -58.44014     -0.954    1448.35    137.000    135.640    -0.7386    -0.7376     0.0010    -0.7426    -0.7416     0.0010   2.794360   2.794356  -0.000006    34.2911    34.2899     7.5151    27.5686    27.5676    34.2910    27.5686    1446.99    1446.99    -0.7425  1028.2296    34.4578 0.0000e+00
      20478 313.388833  -62.13990  -58.44014     -0.959    1448.35    136.000    134.651    -0.7387    -0.7379     0.0009    -0.7427    -0.7419     0.0009   2.794309   2.794288  -0.000019    34.2911    34.2899     7.5195    27.5686    27.5676    34.2911    27.5686    1446.97    1446.97    -0.7426  1028.2249    34.4578 0.0000e+00
      20505 313.388847  -62.13992  -58.44014     -0.900    1448.35    135.000    133.661    -0.7387    -0.7379     0.0007    -0.7426    -0.7419     0.0007   2.794273   2.794253  -0.000019    34.2912    34.2901     7.5263    27.5687    27.5677    34.2912    27.5687    1446.95    1446.96    -0.7426  1028.2202    34.4579 0.0000e+00
      20535 313.388861  -62.13992  -58.44014     -0.820    1448.35    134.000    132.671    -0.7384    -0.7378     0.0006    -0.7423    -0.7417     0.0006   2.794252   2.794216  -0.000038    34.2912    34.2900     7.5282    27.5687    27.5677    34.2912    27.5687    1446.94    1446.94    -0.7422  1028.2154    34.4579 0.0000e+00
      20562 313.388874  -62.13992  -58.44014     -0.848    1448.35    133.000    131.681    -0.7379    -0.7372     0.0006    -0.7418    -0.7411     0.0006   2.794240   2.794202  -0.000038    34.2911    34.2899     7.5282    27.5686    27.5675    34.2911    27.5686    1446.93    1446.93    -0.7417  1028.2105    34.4578 0.0000e+00
      20586 313.388885  -62.13993  -58.44014     -0.953    1448.35    132.000    130.692    -0.7377    -0.7371     0.0006    -0.7416    -0.7410     0.0006   2.794198   2.794164  -0.000030    34.2910    34.2898     7.5334    27.5685    27.5675    34.2910    27.5685    1446.91    1446.91    -0.7415  1028.2056    34.4576 0.0000e+00
      20610 313.388897  -62.13994  -58.44013     -1.017    1448.35    131.000    129.702    -0.7372    -0.7368     0.0004    -0.7410    -0.7407     0.0004   2.794186   2.794140  -0.000051    34.2909    34.2897     7.5261    27.5684    27.5674    34.2908    27.5683    1446.89    1446.90    -0.7410  1028.2007    34.4575 0.0000e+00
      20634 313.388909  -62.13994  -58.44012     -0.994    1448.35    130.000    128.712    -0.7376    -0.7367     0.0010    -0.7415    -0.7405     0.0010   2.794105   2.794104  -0.000001    34.2909    34.2898     7.5241    27.5684    27.5674    34.2908    27.5684    1446.88    1446.88    -0.7413  1028.1959    34.4575 0.0000e+00
      20660 313.388921  -62.13994  -58.44012     -0.951    1448.35    129.000    127.722    -0.7375    -0.7368     0.0007    -0.7413    -0.7406     0.0007   2.794087   2.794049  -0.000035    34.2910    34.2897     7.5241    27.5684    27.5674    34.2911    27.5685    1446.86    1446.86    -0.7412  1028.1899    34.4559 0.0000e+00
      20686 313.388934 -9.990e-29  -58.44012     -0.925    1448.35    128.000    126.733    -0.7349    -0.7357    -0.0008    -0.7386    -0.7395    -0.0008   2.794273   2.794084  -0.000159    34.2908    34.2896     7.5206    27.5681    27.5672    34.2912    27.5686    1446.86    1446.85    -0.7386  1028.1826    34.4530 0.0000e+00
      20712 313.388946 -9.990e-29  -58.44012     -0.929    1448.35    127.000    125.743    -0.7301    -0.7330    -0.0029    -0.7338    -0.7367    -0.0029   2.794594   2.794262  -0.000327    34.2903    34.2893     7.5196    27.5676    27.5669    34.2907    27.5679    1446.86    1446.85    -0.7337  1028.1771    34.4524 0.0000e+00
      20738 313.388959 -9.990e-29  -58.44012     -0.920    1448.35    126.000    124.753    -0.7275    -0.7278    -0.0003    -0.7312    -0.7315    -0.0003   2.794748   2.794657  -0.000114    34.2901    34.2889     7.5353    27.5673    27.5664    34.2906    27.5677    1446.86    1446.86    -0.7311  1028.1721    34.4522 0.0000e+00
      20766 313.388973  -62.13996  -58.44012     -0.868    1448.35    125.000    123.763    -0.7227    -0.7244    -0.0017    -0.7264    -0.7281    -0.0017   2.795065   2.794876  -0.000171    34.2894    34.2891     7.5313    27.5666    27.5664    34.2900    27.5670    1446.86    1446.86    -0.7263  1028.1690    34.4546 0.0000e+00
      20796 313.388987  -62.13998  -58.44010     -0.829    1448.35    124.000    122.773    -0.7142    -0.7174    -0.0032    -0.7178    -0.7210    -0.0031   2.795842   2.795440  -0.000378    34.2899    34.2884     7.5272    27.5666    27.5655    34.2915    27.5679    1446.89    1446.87    -0.7178  1028.1666    34.4581 0.0000e+00
      20825 313.389001  -62.13998  -58.44010     -0.819    1448.35    123.000    121.783    -0.7075    -0.7094    -0.0019    -0.7112    -0.7130    -0.0019   2.796341   2.796063  -0.000287    34.2903    34.2885     7.5291    27.5666    27.5653    34.2913    27.5675    1446.91    1446.89    -0.7111  1028.1614    34.4579 0.0000e+00
      20851 313.389014  -62.13998  -58.44010     -0.869    1448.35    122.000    120.794    -0.7024    -0.7052    -0.0028    -0.7060    -0.7088    -0.0028   2.796712   2.796378  -0.000336    34.2902    34.2888     7.5275    27.5663    27.5653    34.2911    27.5671    1446.91    1446.90    -0.7059  1028.1562    34.4576 0.0000e+00
      20878 313.389026  -62.13998  -58.44010     -0.915    1448.35    121.000    119.804    -0.6998    -0.7015    -0.0017    -0.7034    -0.7051    -0.0017   2.796883   2.796633  -0.000250    34.2902    34.2887     7.5273    27.5662    27.5651    34.2911    27.5670    1446.91    1446.90    -0.7033  1028.1513    34.4576 0.0000e+00
      20904 313.389039  -62.13999  -58.44010     -0.920    1448.35    120.000    118.814    -0.6992    -0.6989     0.0003    -0.7027    -0.7024     0.0003   2.796894   2.796809  -0.000090    34.2904    34.2889     7.5208    27.5664    27.5651    34.2911    27.5670    1446.89    1446.89    -0.7027  1028.1465    34.4576 0.0000e+00
      20931 313.389052  -62.14000  -58.44010     -0.898    1448.35    119.000    117.824    -0.6979    -0.6982    -0.0003    -0.7014    -0.7017    -0.0003   2.796935   2.796821  -0.000122    34.2902    34.2889     7.5351    27.5662    27.5651    34.2909    27.5667    1446.89    1446.88    -0.7013  1028.1414    34.4574 0.0000e+00
      20958 313.389065  -62.14000  -58.44010     -0.885    1448.35    118.000    116.834    -0.6959    -0.6961    -0.0001    -0.6994    -0.6995    -0.0001   2.797082   2.796957  -0.000127    34.2904    34.2888     7.5267    27.5662    27.5650    34.2912    27.5669    1446.88    1446.88    -0.6993  1028.1368    34.4577 0.0000e+00
      20983 313.389077  -62.14002  -58.44010     -0.916    1448.35    117.000    115.844    -0.6940    -0.6941    -0.0001    -0.6975    -0.6976    -0.0001   2.797177   2.797059  -0.000114    34.2903    34.2889     7.5184    27.5661    27.5649    34.2909    27.5666    1446.87    1446.87    -0.6974  1028.1317    34.4574 0.0000e+00
      21006 313.389088  -62.14002  -58.44010     -0.998    1448.35    116.000    114.855    -0.6935    -0.6935    -0.0001    -0.6969    -0.6969    -0.0001   2.797160   2.797077  -0.000090    34.2902    34.2891     7.5216    27.5660    27.5651    34.2907    27.5664    1446.86    1446.86    -0.6968  1028.1267    34.4572 0.0000e+00
      21028 313.389099  -62.14002  -58.44010     -1.061    1448.35    115.000    113.865    -0.6919    -0.6922    -0.0003    -0.6953    -0.6956    -0.0003   2.797235   2.797121  -0.000111    34.2899    34.2888     7.5218    27.5657    27.5648    34.2906    27.5662    1446.85    1446.85    -0.6952  1028.1217    34.4570 0.0000e+00
      21052 313.389110  -62.14002  -58.44010     -1.061    1448.35    114.000    112.875    -0.6909    -0.6911    -0.0002    -0.6943    -0.6944    -0.0002   2.797244   2.797144  -0.000100    34.2896    34.2886     7.5199    27.5654    27.5645    34.2901    27.5658    1446.84    1446.83    -0.6942  1028.1166    34.4566 0.0000e+00
      21078 313.389123  -62.14004  -58.44010     -0.967    1448.35    113.000    111.885    -0.6894    -0.6909    -0.0015    -0.6927    -0.6942    -0.0015   2.797315   2.797114  -0.000191    34.2895    34.2886     7.5296    27.5652    27.5646    34.2900    27.5657    1446.83    1446.82    -0.6927  1028.1116    34.4565 0.0000e+00
      21110 313.389138  -62.14004  -58.44010     -0.794    1448.35    112.000    110.895    -0.6884    -0.6887    -0.0003    -0.6917    -0.6920    -0.0003   2.797350   2.797233  -0.000129    34.2897    34.2882     7.5398    27.5653    27.5642    34.2900    27.5656    1446.81    1446.81    -0.6916  1028.1068    34.4565 0.0000e+00
      21144 313.389155  -62.14004  -58.44010     -0.695    1448.35    111.000    109.906    -0.6880    -0.6873     0.0006    -0.6913    -0.6906     0.0006   2.797350   2.797299  -0.000055    34.2898    34.2882     7.5405    27.5654    27.5641    34.2901    27.5657    1446.80    1446.80    -0.6912  1028.1021    34.4566 0.0000e+00
      21171 313.389168  -62.14004  -58.44010     -0.811    1448.35    110.000    108.916    -0.6866    -0.6875    -0.0008    -0.6899    -0.6907    -0.0008   2.797415   2.797246  -0.000161    34.2897    34.2884     7.5289    27.5652    27.5642    34.2901    27.5656    1446.79    1446.78    -0.6898  1028.0972    34.4565 0.0000e+00
      21195 313.389179  -62.14004  -58.44010     -0.952    1448.35    109.000    107.926    -0.6854    -0.6853     0.0001    -0.6886    -0.6885     0.0001   2.797451   2.797360  -0.000103    34.2895    34.2880     7.5284    27.5651    27.5638    34.2898    27.5653    1446.78    1446.78    -0.6885  1028.0921    34.4562 0.0000e+00
      21218 313.389190  -62.14006  -58.44010     -1.027    1448.35    108.000    106.936    -0.6846    -0.6845     0.0001    -0.6878    -0.6877     0.0001   2.797455   2.797369  -0.000082    34.2892    34.2880     7.5327    27.5648    27.5638    34.2896    27.5651    1446.77    1446.77    -0.6877  1028.0871    34.4560 0.0000e+00
