Pos-Processados/process_op42/Processamento_split/up/uoperantar42_007.cnv
* Sea-Bird SBE 9 Data File:
* FileName = C:\Users\Hidrografia\Desktop\OPXLII\Brutos\OP42006.hdr
* Software Version Seasave V 7.26.7.107
* Temperature SN = 6502
* Conductivity SN = 4998
* Number of Bytes Per Scan = 31
* Number of Voltage Words = 2
* Number of Scans Averaged by the Deck Unit = 1
* NMEA Latitude = 41 49.29 S
* NMEA Longitude = 054 31.41 W
* NMEA UTC (Time) = Oct 18 2023 00:54:10
* NMEA baud rate = 4800
** H41
** NPOALTEMAXIMIANO
** NUMERO DA ESTACAO (XXX) 006
** LAT (XX XX.XX S/N) 41 49.31 S
** LONG (XXX XX.XX W/E) 054 31.42 W
** DATAHORA (dd/mm/aaaa hh:mm Z) 17/10/2023 0025Z
** PROFUNDIDADE (m) 5071
** OPERADOR CT FILIPE LOPES
# nquan = 30
# nvalues = 1012                        
# units = specified
# name 0 = scan: Scan Count
# name 1 = timeJ: Julian Days
# name 2 = latitude: Latitude [deg]
# name 3 = longitude: Longitude [deg]
# name 4 = dz/dtM: Descent Rate [m/s]
# name 5 = avgsvCM: Average Sound Velocity [Chen-Millero, m/s]
# name 6 = prDM: Pressure, Digiquartz [db]
# name 7 = depSM: Depth [salt water, m]
# name 8 = t090C: Temperature [ITS-90, deg C]
# name 9 = t190C: Temperature, 2 [ITS-90, deg C]
# name 10 = T2-T190C: Temperature Difference, 2 - 1 [ITS-90, deg C]
# name 11 = potemp090C: Potential Temperature [ITS-90, deg C]
# name 12 = potemp190C: Potential Temperature, 2 [ITS-90, deg C]
# name 13 = potemp90Cdiff: Potential Temperature, Diff, 2 - 1 [ITS-90, deg C]
# name 14 = c0S/m: Conductivity [S/m]
# name 15 = c1S/m: Conductivity, 2 [S/m]
# name 16 = C2-C1S/m: Conductivity Difference, 2 - 1 [S/m]
# name 17 = sal00: Salinity, Practical [PSU]
# name 18 = sal11: Salinity, Practical, 2 [PSU]
# name 19 = sbeox0ML/L: Oxygen, SBE 43 [ml/l]
# name 20 = sigma-é00: Density [sigma-theta, kg/m^3]
# name 21 = sigma-é11: Density, 2 [sigma-theta, kg/m^3]
# name 22 = sal00: Salinity, Practical [PSU]
# name 23 = sigma-é00: Density [sigma-theta, kg/m^3]
# name 24 = svCM: Sound Velocity [Chen-Millero, m/s]
# name 25 = svCM1: Sound Velocity, 2 [Chen-Millero, m/s]
# name 26 = gsw_ptA0: potential temperature [ITS-90, deg C]
# name 27 = gsw_densityA0: density, TEOS-10 [density, kg/m^3]
# name 28 = gsw_saA0: Absolute Salinity [g/kg]
# name 29 = flag:
# span 0 =      33792,      65275       
# span 1 = 291.053912, 291.069095       
# span 2 =  -41.81611,  -41.81190       
# span 3 =  -54.52037,  -54.51750       
# span 4 =     -1.512,     -0.218       
# span 5 =    1482.44,    1482.44       
# span 6 =      4.000,   1015.000       
# span 7 =      3.978,   1004.575       
# span 8 =     3.0782,    13.7247       
# span 9 =     3.0800,    13.7272       
# span 10 =    -0.5423,     0.5292      
# span 11 =     3.0123,    13.7226      
# span 12 =     3.0141,    13.7240      
# span 13 =    -0.5412,     0.5282      
# span 14 =   3.155786,   4.206754      
# span 15 =   3.155946,   4.207083      
# span 16 =  -0.052698,   0.056733      
# span 17 =    34.1332,    35.3569      
# span 18 =    34.1337,    35.3575      
# span 19 =     4.6802,     6.4447      
# span 20 =    26.5102,    27.3261      
# span 21 =    26.5122,    27.3257      
# span 22 =    34.1332,    35.3598      
# span 23 =    26.5205,    27.3261      
# span 24 =    1475.74,    1503.67      
# span 25 =    1475.75,    1503.66      
# span 26 =     3.0121,    13.7226      
# span 27 =  1026.5459,  1032.0254      
# span 28 =    34.2955,    35.5268      
# span 29 = 0.0000e+00, 0.0000e+00      
# interval = decibars: 1                
# start_time = Oct 18 2023 00:54:10 [NMEA time, header]
# bad_flag = -9.990e-29
*END*
[from data line 677]
      51437 291.062421  -41.81362  -54.51884     -0.876    1482.44    338.000    335.081     5.6830     5.6818    -0.0013     5.6549     5.6537    -0.0012   3.351149   3.350852  -0.000234    34.1834    34.1820     6.0566    26.9502    26.9493    34.1841    26.9508    1477.99    1477.99     5.6548  1028.5058    34.3463 0.0000e+00
      51462 291.062433  -41.81362  -54.51884     -0.940    1482.44    337.000    334.090     5.6785     5.6869     0.0084     5.6504     5.6588     0.0083   3.350516   3.351264   0.000673    34.1809    34.1800     6.0723    26.9488    26.9471    34.1820    26.9497    1477.96    1477.99     5.6504  1028.5001    34.3442 0.0000e+00
      51487 291.062445  -41.81362  -54.51884     -0.955    1482.44    336.000    333.100     5.6814     5.6924     0.0110     5.6535     5.6644     0.0109   3.350831   3.351697   0.000856    34.1818    34.1804     6.0761    26.9492    26.9467    34.1831    26.9502    1477.95    1478.00     5.6534  1028.4960    34.3453 0.0000e+00
      51511 291.062457  -41.81362  -54.51882     -0.976    1482.44    335.000    332.109     5.6875     5.7038     0.0163     5.6596     5.6759     0.0163   3.351357   3.352913   0.001389    34.1818    34.1810     6.0821    26.9484    26.9457    34.1835    26.9497    1477.96    1478.03     5.6595  1028.4909    34.3456 0.0000e+00
      51534 291.062468  -41.81362  -54.51882     -1.018    1482.44    334.000    331.118     5.6962     5.7335     0.0373     5.6684     5.7056     0.0372   3.352267   3.355551   0.003265    34.1820    34.1813     6.0956    26.9475    26.9424    34.1855    26.9502    1477.98    1478.13     5.6683  1028.4868    34.3476 0.0000e+00
      51558 291.062479  -41.81362  -54.51882     -1.031    1482.44    333.000    330.128     5.7258     5.7541     0.0283     5.6980     5.7262     0.0282   3.354946   3.357350   0.002355    34.1837    34.1818     6.0965    26.9452    26.9402    34.1863    26.9473    1478.09    1478.20     5.6979  1028.4790    34.3485 0.0000e+00
      51585 291.062492  -41.81360  -54.51884     -0.956    1482.44    332.000    329.137     5.7433     5.7649     0.0216     5.7155     5.7370     0.0215   3.356489   3.358258   0.001892    34.1826    34.1822     6.0974    26.9422    26.9392    34.1867    26.9454    1478.14    1478.22     5.7154  1028.4724    34.3488 0.0000e+00
      51622 291.062510  -41.81360  -54.51882     -0.678    1482.44    331.000    328.147     5.7919     5.7744    -0.0175     5.7641     5.7466    -0.0174   3.361104   3.359531  -0.001450    34.1837    34.1850     6.0893    26.9371    26.9402    34.1902    26.9422    1478.32    1478.25     5.7640  1028.4643    34.3524 0.0000e+00
      51659 291.062528  -41.81360  -54.51882     -0.610    1482.44    330.000    327.156     5.8388     5.8283    -0.0106     5.8110     5.8005    -0.0106   3.365188   3.364174  -0.001024    34.1873    34.1864     6.0768    26.9341    26.9347    34.1894    26.9358    1478.49    1478.45     5.8109  1028.4528    34.3516 0.0000e+00
      51682 291.062539  -41.81360  -54.51882     -0.871    1482.44    329.000    326.166     5.8243     5.8385     0.0141     5.7966     5.8107     0.0141   3.364329   3.365541   0.001074    34.1887    34.1866     6.0738    26.9370    26.9335    34.1949    26.9419    1478.42    1478.48     5.7965  1028.4545    34.3571 0.0000e+00
      51701 291.062548  -41.81360  -54.51882     -1.114    1482.44    328.000    325.175     5.8661     5.9000     0.0339     5.8383     5.8722     0.0339   3.368359   3.371507   0.002700    34.1929    34.1891     6.0606    26.9351    26.9279    34.1987    26.9397    1478.58    1478.72     5.8383  1028.4474    34.3609 0.0000e+00
      51722 291.062558  -41.81358  -54.51882     -1.204    1482.44    327.000    324.184     5.8893     5.9431     0.0538     5.8616     5.9152     0.0536   3.370741   3.375698   0.004805    34.1964    34.1963     6.0528    26.9350    26.9282    34.2026    26.9399    1478.66    1478.88     5.8615  1028.4428    34.3649 0.0000e+00
      51747 291.062570  -41.81358  -54.51882     -1.078    1482.44    326.000    323.194     5.8961     5.9406     0.0444     5.8685     5.9128     0.0443   3.371338   3.375185   0.004278    34.1963    34.1997     6.0540    26.9341    26.9312    34.2030    26.9393    1478.67    1478.85     5.8684  1028.4376    34.3652 0.0000e+00
      51777 291.062585  -41.81358  -54.51882     -0.834    1482.44    325.000    322.203     5.9901     5.9425    -0.0475     5.9623     5.9148    -0.0474   3.380525   3.375803  -0.004592    34.2016    34.1978     6.0230    26.9265    26.9295    34.2122    26.9348    1479.04    1478.84     5.9622  1028.4278    34.3744 0.0000e+00
      51804 291.062598  -41.81358  -54.51882     -0.830    1482.44    324.000    321.212     6.0295     6.0115    -0.0179     6.0016     5.9837    -0.0179   3.384488   3.382758  -0.001931    34.2104    34.2068     6.0115    26.9285    26.9279    34.2175    26.9341    1479.19    1479.11     6.0016  1028.4222    34.3798 0.0000e+00
      51827 291.062609  -41.81358  -54.51880     -0.964    1482.44    323.000    320.222     6.0630     6.0862     0.0231     6.0352     6.0583     0.0231   3.388127   3.390244   0.001938    34.2165    34.2150     6.0043    26.9291    26.9250    34.2251    26.9358    1479.31    1479.41     6.0351  1028.4191    34.3874 0.0000e+00
      51852 291.062621  -41.81358  -54.51880     -0.998    1482.44    322.000    319.231     6.1040     6.1308     0.0268     6.0762     6.1029     0.0267   3.392202   3.394791   0.002400    34.2216    34.2215     5.9726    26.9279    26.9244    34.2301    26.9346    1479.47    1479.58     6.0761  1028.4129    34.3924 0.0000e+00
      51881 291.062635  -41.81358  -54.51880     -0.867    1482.44    321.000    318.241     6.1171     6.1378     0.0207     6.0893     6.1100     0.0207   3.393625   3.395085   0.001947    34.2234    34.2243     5.9494    26.9276    26.9257    34.2333    26.9355    1479.51    1479.58     6.0892  1028.4091    34.3957 0.0000e+00
      51909 291.062649  -41.81358  -54.51880     -0.824    1482.44    320.000    317.250     6.1899     6.1411    -0.0488     6.1620     6.1133    -0.0487   3.400895   3.395898  -0.004917    34.2319    34.2259     5.9164    26.9251    26.9265    34.2421    26.9331    1479.79    1479.59     6.1619  1028.4016    34.4045 0.0000e+00
      51930 291.062659  -41.81358  -54.51880     -0.985    1482.44    319.000    316.259     6.2200     6.2581     0.0381     6.1922     6.2301     0.0380   3.404694   3.408150   0.002999    34.2390    34.2344     5.9070    26.9269    26.9182    34.2547    26.9392    1479.91    1480.06     6.1921  1028.4029    34.4172 0.0000e+00
      51949 291.062668  -41.81358  -54.51880     -1.181    1482.44    318.000    315.269     6.2914     6.3005     0.0091     6.2635     6.2725     0.0091   3.411667   3.412122   0.000481    34.2493    34.2455     5.8959    26.9257    26.9216    34.2614    26.9353    1480.18    1480.21     6.2634  1028.3939    34.4239 0.0000e+00
      51969 291.062678  -41.81356  -54.51880     -1.236    1482.44    317.000    314.278     6.3209     6.3555     0.0346     6.2930     6.3275     0.0345   3.414116   3.417561   0.003081    34.2509    34.2505     5.8784    26.9232    26.9184    34.2596    26.9301    1480.28    1480.42     6.2929  1028.3838    34.4221 0.0000e+00
      51995 291.062690  -41.81356  -54.51880     -1.064    1482.44    316.000    313.287     6.3278     6.3549     0.0271     6.3000     6.3270     0.0271   3.414784   3.417245   0.002864    34.2506    34.2553     5.8574    26.9221    26.9223    34.2606    26.9299    1480.29    1480.40     6.2999  1028.3791    34.4231 0.0000e+00
      52026 291.062705  -41.81356  -54.51880     -0.794    1482.44    315.000    312.297     6.4044     6.2952    -0.1092     6.3764     6.2675    -0.1089   3.422756   3.411547  -0.010585    34.2593    34.2508     5.8186    26.9189    26.9264    34.2731    26.9298    1480.59    1480.14     6.3764  1028.3738    34.4355 0.0000e+00
      52050 291.062717 -9.990e-29  -54.51880     -0.863    1482.44    314.000    311.306     6.4615     6.4177    -0.0438     6.4335     6.3898    -0.0437   3.428555   3.424348  -0.004694    34.2690    34.2607     5.8093    26.9191    26.9183    34.2808    26.9285    1480.81    1480.64     6.4334  1028.3670    34.4428 0.0000e+00
      52070 291.062726 -9.990e-29  -54.51880     -1.069    1482.44    313.000    310.315     6.5217     6.5365     0.0147     6.4937     6.5084     0.0147   3.435891   3.436324   0.000337    34.2851    34.2740     5.7932    26.9239    26.9132    34.3025    26.9376    1481.06    1481.10     6.4936  1028.3711    34.4645 0.0000e+00
      52090 291.062736 -9.990e-29  -54.51878     -1.208    1482.44    312.000    309.324     6.5522     6.5524     0.0002     6.5241     6.5243     0.0002   3.437896   3.437692  -0.000465    34.2845    34.2792     5.7697    26.9194    26.9151    34.2947    26.9274    1481.15    1481.15     6.5241  1028.3562    34.4567 0.0000e+00
      52112 291.062747 -9.990e-29  -54.51878     -1.162    1482.44    311.000    308.334     6.5591     6.5875     0.0284     6.5311     6.5594     0.0283   3.438285   3.441097   0.002639    34.2842    34.2850     5.7418    26.9183    26.9151    34.2926    26.9249    1481.16    1481.27     6.5310  1028.3490    34.4547 0.0000e+00
      52142 291.062761  -41.81354  -54.51878     -0.898    1482.44    310.000    307.343     6.5828     6.5532    -0.0297     6.5549     6.5253    -0.0296   3.440532   3.437199  -0.002485    34.2822    34.2843     5.6904    26.9135    26.9191    34.2943    26.9230    1481.24    1481.11     6.5548  1028.3427    34.4567 0.0000e+00
      52171 291.062775  -41.81354  -54.51878     -0.785    1482.44    309.000    306.353     6.6335     6.5547    -0.0788     6.6055     6.5269    -0.0786   3.445623   3.438248  -0.007911    34.2929    34.2840     5.6692    26.9152    26.9187    34.3005    26.9212    1481.43    1481.12     6.6054  1028.3361    34.4631 0.0000e+00
      52194 291.062786  -41.81354  -54.51878     -0.936    1482.44    308.000    305.362     6.6308     6.6283    -0.0025     6.6029     6.6005    -0.0025   3.445686   3.445103  -0.000722    34.2967    34.2912     5.6735    26.9186    26.9145    34.3043    26.9246    1481.41    1481.39     6.6029  1028.3349    34.4669 0.0000e+00
      52214 291.062796  -41.81354  -54.51878     -1.100    1482.44    307.000    304.371     6.6399     6.6526     0.0127     6.6121     6.6247     0.0126   3.446376   3.447558   0.000876    34.2966    34.2936     5.6723    26.9172    26.9132    34.3033    26.9226    1481.42    1481.47     6.6120  1028.3283    34.4660 0.0000e+00
      52236 291.062806  -41.81354  -54.51878     -1.132    1482.44    306.000    303.380     6.6504     6.6837     0.0332     6.6227     6.6558     0.0331   3.447430   3.450393   0.002934    34.2982    34.2974     5.6659    26.9171    26.9121    34.3050    26.9224    1481.45    1481.58     6.6226  1028.3235    34.4676 0.0000e+00
      52264 291.062820  -41.81353  -54.51878     -0.965    1482.44    305.000    302.390     6.6650     6.6735     0.0085     6.6373     6.6458     0.0085   3.448799   3.449479   0.000780    34.2990    34.2992     5.6654    26.9158    26.9148    34.3061    26.9214    1481.49    1481.52     6.6372  1028.3178    34.4687 0.0000e+00
      52296 291.062835  -41.81352  -54.51878     -0.761    1482.44    304.000    301.399     6.7059     6.6703    -0.0356     6.6782     6.6427    -0.0355   3.452610   3.449065  -0.003491    34.3006    34.2976     5.6554    26.9116    26.9140    34.3078    26.9173    1481.64    1481.50     6.6781  1028.3088    34.4705 0.0000e+00
      52320 291.062847  -41.81352  -54.51878     -0.856    1482.44    303.000    300.408     6.7125     6.7074    -0.0050     6.6849     6.6798    -0.0050   3.453359   3.452692  -0.000748    34.3049    34.3016     5.6619    26.9140    26.9122    34.3100    26.9181    1481.65    1481.63     6.6848  1028.3050    34.4726 0.0000e+00
      52339 291.062856  -41.81352  -54.51878     -1.079    1482.44    302.000    299.418     6.7153     6.7138    -0.0016     6.6878     6.6863    -0.0016   3.453524   3.453080  -0.000398    34.3049    34.3021     5.6610    26.9137    26.9117    34.3094    26.9172    1481.64    1481.63     6.6877  1028.2996    34.4721 0.0000e+00
      52358 291.062865  -41.81352  -54.51878     -1.245    1482.44    301.000    298.427     6.7130     6.7089    -0.0041     6.6856     6.6815    -0.0041   3.453101   3.452458  -0.000621    34.3039    34.3011     5.6503    26.9132    26.9116    34.3076    26.9161    1481.61    1481.60     6.6855  1028.2939    34.4703 0.0000e+00
      52378 291.062875  -41.81352  -54.51876     -1.260    1482.44    300.000    297.436     6.7087     6.7038    -0.0049     6.6814     6.6765    -0.0049   3.452480   3.451847  -0.000691    34.3027    34.3000     5.6441    26.9128    26.9113    34.3055    26.9150    1481.58    1481.56     6.6813  1028.2883    34.4681 0.0000e+00
      52405 291.062888  -41.81350  -54.51876     -1.042    1482.44    299.000    296.445     6.6981     6.7021     0.0040     6.6709     6.6748     0.0040   3.451264   3.451598   0.000208    34.3019    34.3003     5.6429    26.9136    26.9118    34.3032    26.9146    1481.52    1481.53     6.6708  1028.2834    34.4658 0.0000e+00
      52439 291.062904  -41.81350  -54.51876     -0.720    1482.44    298.000    295.455     6.6734     6.6940     0.0206     6.6463     6.6669     0.0205   3.448356   3.450564   0.002241    34.2960    34.3002     5.6585    26.9122    26.9128    34.2962    26.9124    1481.40    1481.48     6.6463  1028.2768    34.4588 0.0000e+00
      52466 291.062917  -41.81350  -54.51876     -0.791    1482.44    297.000    294.464     6.6695     6.6681    -0.0014     6.6426     6.6411    -0.0014   3.447600   3.447296  -0.000045    34.2911    34.2920     5.6783    26.9088    26.9097    34.2922    26.9097    1481.36    1481.35     6.6425  1028.2696    34.4547 0.0000e+00
      52488 291.062928  -41.81350  -54.51876     -0.984    1482.44    296.000    293.473     6.6334     6.5910    -0.0424     6.6067     6.5643    -0.0423   3.442401   3.438260  -0.004115    34.2793    34.2762     5.6978    26.9044    26.9075    34.2712    26.8980    1481.18    1481.01     6.6066  1028.2536    34.4337 0.0000e+00
      52510 291.062939  -41.81350  -54.51876     -1.086    1482.44    295.000    292.482     6.5726     6.5269    -0.0457     6.5460     6.5005    -0.0456   3.436577   3.431358  -0.004742    34.2705    34.2636     5.7218    26.9055    26.9061    34.2681    26.9035    1480.92    1480.72     6.5460  1028.2551    34.4305 0.0000e+00
      52535 291.062950  -41.81350  -54.51876     -1.039    1482.44    294.000    291.492     6.5775     6.5275    -0.0500     6.5511     6.5011    -0.0499   3.436536   3.431661  -0.005192    34.2668    34.2593     5.7322    26.9019    26.9025    34.2631    26.8990    1480.91    1480.71     6.5510  1028.2459    34.4256 0.0000e+00
      52563 291.062964  -41.81348  -54.51876     -0.899    1482.44    293.000    290.501     6.5363     6.5377     0.0014     6.5100     6.5114     0.0014   3.431699   3.432297   0.000080    34.2593    34.2589     5.7872    26.9014    26.9009    34.2512    26.8950    1480.72    1480.73     6.5100  1028.2377    34.4135 0.0000e+00
      52588 291.062976  -41.81348  -54.51876     -0.885    1482.44    292.000    289.510     6.4556     6.5128     0.0572     6.4296     6.4867     0.0571   3.423356   3.429231   0.006049    34.2473    34.2572     5.8507    26.9025    26.9028    34.2398    26.8966    1480.37    1480.61     6.4295  1028.2353    34.4021 0.0000e+00
      52608 291.062986  -41.81348  -54.51876     -1.037    1482.44    291.000    288.519     6.4186     6.3815    -0.0371     6.3928     6.3558    -0.0370   3.418841   3.414967  -0.003341    34.2393    34.2393     5.8657    26.9010    26.9058    34.2271    26.8914    1480.20    1480.04     6.3928  1028.2258    34.3893 0.0000e+00
