Pos-Processados/process_op42/Processamento_split/up/uoperantar42_033.cnv
* Sea-Bird SBE 9 Data File:
* FileName = C:\Users\Hidrografia\Desktop\OPXLII\Brutos\OP42033.hdr
* Software Version Seasave V 7.26.7.107
* Temperature SN = 6502
* Conductivity SN = 4998
* Number of Bytes Per Scan = 37
* Number of Voltage Words = 4
* Number of Scans Averaged by the Deck Unit = 1
* NMEA Latitude = 62 08.12 S
* NMEA Longitude = 058 26.48 W
* NMEA UTC (Time) = Nov 09 2023 08:06:12
* NMEA baud rate = 4800
** H41
** NPOALTEMAXIMIANO
** NUMERO DA ESTACAO (XXX) 033
** LAT (XX XX.XX S/N) 62 08.10 S
** LONG (XXX XX.XX W/E) 058 26.50 W
** DATAHORA (dd/mm/aaaa hh:mm Z) 09/11/2023 0805Z
** PROFUNDIDADE (m) 423
** OPERADOR CT FABIREZA
# nquan = 30
# nvalues = 397                         
# units = specified
# name 0 = scan: Scan Count
# name 1 = timeJ: Julian Days
# name 2 = latitude: Latitude [deg]
# name 3 = longitude: Longitude [deg]
# name 4 = dz/dtM: Descent Rate [m/s]
# name 5 = avgsvCM: Average Sound Velocity [Chen-Millero, m/s]
# name 6 = prDM: Pressure, Digiquartz [db]
# name 7 = depSM: Depth [salt water, m]
# name 8 = t090C: Temperature [ITS-90, deg C]
# name 9 = t190C: Temperature, 2 [ITS-90, deg C]
# name 10 = T2-T190C: Temperature Difference, 2 - 1 [ITS-90, deg C]
# name 11 = potemp090C: Potential Temperature [ITS-90, deg C]
# name 12 = potemp190C: Potential Temperature, 2 [ITS-90, deg C]
# name 13 = potemp90Cdiff: Potential Temperature, Diff, 2 - 1 [ITS-90, deg C]
# name 14 = c0S/m: Conductivity [S/m]
# name 15 = c1S/m: Conductivity, 2 [S/m]
# name 16 = C2-C1S/m: Conductivity Difference, 2 - 1 [S/m]
# name 17 = sal00: Salinity, Practical [PSU]
# name 18 = sal11: Salinity, Practical, 2 [PSU]
# name 19 = sbeox0ML/L: Oxygen, SBE 43 [ml/l]
# name 20 = sigma-é00: Density [sigma-theta, kg/m^3]
# name 21 = sigma-é11: Density, 2 [sigma-theta, kg/m^3]
# name 22 = sal00: Salinity, Practical [PSU]
# name 23 = sigma-é00: Density [sigma-theta, kg/m^3]
# name 24 = svCM: Sound Velocity [Chen-Millero, m/s]
# name 25 = svCM1: Sound Velocity, 2 [Chen-Millero, m/s]
# name 26 = gsw_ptA0: potential temperature [ITS-90, deg C]
# name 27 = gsw_densityA0: density, TEOS-10 [density, kg/m^3]
# name 28 = gsw_saA0: Absolute Salinity [g/kg]
# name 29 = flag:
# span 0 =      14090,      25413       
# span 1 = 313.344433, 313.349894       
# span 2 =  -62.13977,  -62.13788       
# span 3 =  -58.43908,  -58.43634       
# span 4 =     -1.248,     -0.056       
# span 5 =    1448.30,    1448.30       
# span 6 =      1.000,    397.000       
# span 7 =      0.996,    392.814       
# span 8 =    -0.8062,    -0.5444       
# span 9 =    -0.8044,    -0.5431       
# span 10 =    -0.0251,     0.0112      
# span 11 =    -0.8138,    -0.5447      
# span 12 =    -0.8120,    -0.5434      
# span 13 =    -0.0251,     0.0112      
# span 14 =   2.790855,   2.823758      
# span 15 =   2.790819,   2.823756      
# span 16 =  -0.002347,   0.000963      
# span 17 =    34.2760,    34.3889      
# span 18 =    34.2734,    34.3881      
# span 19 =     6.8142,     7.6579      
# span 20 =    27.5521,    27.6436      
# span 21 =    27.5504,    27.6430      
# span 22 =    34.2764,    34.3888      
# span 23 =    27.5534,    27.6436      
# span 24 =    1445.67,    1451.86      
# span 25 =    1445.67,    1451.86      
# span 26 =    -0.8136,    -0.5447      
# span 27 =  1027.5634,  1029.5412      
# span 28 =    34.4417,    34.5592      
# span 29 = 0.0000e+00, 0.0000e+00      
# interval = decibars: 1                
# start_time = Nov 09 2023 08:06:12 [NMEA time, header]
# bad_flag = -9.990e-29
*END*
[from data line 146]
      17815 313.346230  -62.13850 -9.990e-29     -1.038    1448.30    251.000    248.441    -0.7673    -0.7825    -0.0152    -0.7749    -0.7900    -0.0152   2.799200   2.797883  -0.001329    34.3180    34.3173     7.3681    27.5917    27.5917    34.3188    27.5924    1448.74    1448.67    -0.7747  1028.7999    34.4888 0.0000e+00
      17838 313.346241  -62.13852 -9.990e-29     -1.084    1448.30    250.000    247.452    -0.7612    -0.7717    -0.0106    -0.7688    -0.7793    -0.0105   2.799682   2.798747  -0.000937    34.3176    34.3168     7.3703    27.5911    27.5910    34.3190    27.5923    1448.76    1448.71    -0.7686  1028.7950    34.4889 0.0000e+00
      17863 313.346253  -62.13852  -58.43828     -1.007    1448.30    249.000    246.463    -0.7540    -0.7655    -0.0115    -0.7615    -0.7730    -0.0115   2.800164   2.799204  -0.000950    34.3169    34.3170     7.3727    27.5903    27.5909    34.3180    27.5912    1448.77    1448.72    -0.7614  1028.7885    34.4873 0.0000e+00
      17889 313.346266  -62.13852  -58.43826     -0.919    1448.30    248.000    245.473    -0.7532    -0.7555    -0.0023    -0.7607    -0.7630    -0.0023   2.800195   2.799894  -0.000329    34.3173    34.3154     7.3575    27.5906    27.5892    34.3181    27.5912    1448.76    1448.75    -0.7605  1028.7824    34.4856 0.0000e+00
      17915 313.346278  -62.13852  -58.43826     -0.912    1448.30    247.000    244.484    -0.7529    -0.7526     0.0002    -0.7604    -0.7601     0.0002   2.800154   2.800101  -0.000070    34.3173    34.3161     7.3473    27.5906    27.5896    34.3178    27.5910    1448.75    1448.74    -0.7602  1028.7774    34.4853 0.0000e+00
      17939 313.346290  -62.13852  -58.43826     -0.964    1448.30    246.000    243.495    -0.7545    -0.7531     0.0013    -0.7620    -0.7606     0.0013   2.799949   2.800011   0.000045    34.3172    34.3163     7.3611    27.5905    27.5897    34.3175    27.5908    1448.72    1448.73    -0.7618  1028.7724    34.4850 0.0000e+00
      17963 313.346301  -62.13854  -58.43824     -1.015    1448.30    245.000    242.506    -0.7563    -0.7541     0.0022    -0.7637    -0.7616     0.0022   2.799745   2.799869   0.000114    34.3173    34.3164     7.3551    27.5907    27.5899    34.3174    27.5908    1448.70    1448.71    -0.7635  1028.7677    34.4849 0.0000e+00
      17988 313.346313  -62.13854  -58.43824     -0.999    1448.30    244.000    241.516    -0.7588    -0.7570     0.0018    -0.7662    -0.7644     0.0018   2.799484   2.799565   0.000075    34.3172    34.3162     7.3496    27.5908    27.5898    34.3173    27.5909    1448.67    1448.68    -0.7660  1028.7629    34.4848 0.0000e+00
      18016 313.346327  -62.13854  -58.43824     -0.884    1448.30    243.000    240.527    -0.7581    -0.7570     0.0011    -0.7654    -0.7643     0.0011   2.799508   2.799542   0.000031    34.3172    34.3163     7.3655    27.5907    27.5899    34.3175    27.5909    1448.66    1448.66    -0.7653  1028.7582    34.4849 0.0000e+00
      18044 313.346340  -62.13854  -58.43823     -0.842    1448.30    242.000    239.538    -0.7571    -0.7566     0.0006    -0.7645    -0.7639     0.0006   2.799509   2.799495  -0.000014    34.3168    34.3160     7.3559    27.5904    27.5897    34.3170    27.5905    1448.64    1448.65    -0.7643  1028.7531    34.4845 0.0000e+00
      18071 313.346353  -62.13854  -58.43822     -0.870    1448.30    241.000    238.549    -0.7581    -0.7569     0.0012    -0.7654    -0.7642     0.0012   2.799374   2.799399   0.000016    34.3169    34.3157     7.3584    27.5904    27.5895    34.3169    27.5904    1448.62    1448.63    -0.7652  1028.7482    34.4843 0.0000e+00
      18097 313.346366  -62.13855  -58.43822     -0.925    1448.30    240.000    237.560    -0.7593    -0.7582     0.0011    -0.7666    -0.7655     0.0011   2.799221   2.799231   0.000007    34.3169    34.3157     7.3677    27.5905    27.5895    34.3168    27.5904    1448.60    1448.60    -0.7664  1028.7435    34.4842 0.0000e+00
      18122 313.346378  -62.13856  -58.43822     -0.945    1448.30    239.000    236.570    -0.7633    -0.7615     0.0018    -0.7705    -0.7688     0.0018   2.798801   2.798880   0.000063    34.3169    34.3157     7.3616    27.5906    27.5896    34.3163    27.5902    1448.56    1448.57    -0.7703  1028.7385    34.4837 0.0000e+00
      18148 313.346390  -62.13856  -58.43820     -0.930    1448.30    238.000    235.581    -0.7660    -0.7642     0.0018    -0.7731    -0.7714     0.0018   2.798531   2.798600   0.000073    34.3164    34.3154     7.3565    27.5904    27.5895    34.3163    27.5903    1448.54    1448.54    -0.7730  1028.7338    34.4837 0.0000e+00
      18173 313.346402  -62.13856  -58.43820     -0.947    1448.30    237.000    234.591    -0.7667    -0.7646     0.0021    -0.7738    -0.7717     0.0020   2.798391   2.798504   0.000103    34.3162    34.3152     7.3608    27.5902    27.5894    34.3158    27.5899    1448.52    1448.52    -0.7737  1028.7287    34.4832 0.0000e+00
      18196 313.346414  -62.13858  -58.43820     -0.997    1448.30    236.000    233.602    -0.7674    -0.7661     0.0013    -0.7745    -0.7733     0.0013   2.798258   2.798309   0.000080    34.3153    34.3149     7.3684    27.5896    27.5892    34.3155    27.5897    1448.49    1448.50    -0.7744  1028.7237    34.4829 0.0000e+00
      18219 313.346425  -62.13858  -58.43818     -1.034    1448.30    235.000    232.613    -0.7615    -0.7639    -0.0023    -0.7686    -0.7710    -0.0023   2.798650   2.798403  -0.000227    34.3142    34.3138     7.3711    27.5884    27.5882    34.3147    27.5888    1448.50    1448.49    -0.7684  1028.7180    34.4821 0.0000e+00
      18244 313.346437  -62.13858  -58.43818     -1.014    1448.30    234.000    231.624    -0.7569    -0.7591    -0.0022    -0.7640    -0.7662    -0.0022   2.798892   2.798676  -0.000224    34.3132    34.3127     7.3849    27.5874    27.5871    34.3134    27.5875    1448.51    1448.50    -0.7638  1028.7119    34.4807 0.0000e+00
      18271 313.346449  -62.13858  -58.43818     -0.929    1448.30    233.000    230.634    -0.7568    -0.7582    -0.0014    -0.7639    -0.7652    -0.0014   2.798876   2.798717  -0.000161    34.3133    34.3127     7.3797    27.5875    27.5870    34.3136    27.5877    1448.49    1448.49    -0.7637  1028.7049    34.4780 0.0000e+00
      18299 313.346463 -9.990e-29  -58.43818     -0.868    1448.30    232.000    229.645    -0.7553    -0.7549     0.0005    -0.7623    -0.7619     0.0005   2.798936   2.798888  -0.000047    34.3130    34.3119     7.3733    27.5872    27.5862    34.3133    27.5874    1448.48    1448.48    -0.7621  1028.6977    34.4751 0.0000e+00
      18326 313.346476 -9.990e-29  -58.43816     -0.875    1448.30    231.000    228.656    -0.7536    -0.7544    -0.0008    -0.7606    -0.7614    -0.0007   2.799001   2.798872  -0.000123    34.3126    34.3118     7.3947    27.5868    27.5862    34.3129    27.5870    1448.47    1448.47    -0.7604  1028.6926    34.4747 0.0000e+00
      18351 313.346488 -9.990e-29  -58.43816     -0.917    1448.30    230.000    227.666    -0.7526    -0.7532    -0.0006    -0.7595    -0.7601    -0.0006   2.799019   2.798906  -0.000118    34.3124    34.3115     7.3945    27.5866    27.5858    34.3126    27.5867    1448.46    1448.46    -0.7594  1028.6875    34.4744 0.0000e+00
      18377 313.346501  -62.13860  -58.43815     -0.944    1448.30    229.000    226.677    -0.7520    -0.7518     0.0003    -0.7589    -0.7587     0.0003   2.798995   2.798950  -0.000050    34.3121    34.3111     7.3914    27.5863    27.5855    34.3123    27.5864    1448.45    1448.45    -0.7588  1028.6859    34.4783 0.0000e+00
      18402 313.346513  -62.13861  -58.43814     -0.935    1448.30    228.000    225.688    -0.7520    -0.7516     0.0004    -0.7589    -0.7585     0.0004   2.798953   2.798911  -0.000039    34.3121    34.3111     7.3918    27.5863    27.5855    34.3123    27.5865    1448.43    1448.43    -0.7587  1028.6822    34.4796 0.0000e+00
      18428 313.346526  -62.13862  -58.43814     -0.924    1448.30    227.000    224.698    -0.7517    -0.7513     0.0003    -0.7586    -0.7582     0.0003   2.798931   2.798881  -0.000051    34.3121    34.3110     7.3910    27.5863    27.5854    34.3122    27.5864    1448.42    1448.42    -0.7584  1028.6774    34.4796 0.0000e+00
      18454 313.346538  -62.13862  -58.43813     -0.932    1448.30    226.000    223.709    -0.7504    -0.7504    -0.0000    -0.7573    -0.7572    -0.0000   2.798995   2.798909  -0.000088    34.3120    34.3108     7.3834    27.5862    27.5852    34.3123    27.5864    1448.41    1448.40    -0.7571  1028.6726    34.4796 0.0000e+00
      18480 313.346550  -62.13862  -58.43812     -0.932    1448.30    225.000    222.720    -0.7495    -0.7492     0.0004    -0.7563    -0.7559     0.0004   2.799024   2.798959  -0.000063    34.3120    34.3107     7.3972    27.5861    27.5851    34.3123    27.5863    1448.39    1448.40    -0.7561  1028.6677    34.4796 0.0000e+00
      18506 313.346563  -62.13864  -58.43812     -0.927    1448.30    224.000    221.731    -0.7485    -0.7484     0.0001    -0.7552    -0.7552     0.0001   2.799047   2.798978  -0.000071    34.3118    34.3108     7.3936    27.5859    27.5851    34.3120    27.5861    1448.38    1448.38    -0.7551  1028.6627    34.4793 0.0000e+00
      18532 313.346575  -62.13864  -58.43810     -0.931    1448.30    223.000    220.741    -0.7480    -0.7478     0.0002    -0.7548    -0.7545     0.0002   2.799051   2.798981  -0.000072    34.3119    34.3106     7.3847    27.5860    27.5850    34.3122    27.5862    1448.37    1448.37    -0.7546  1028.6580    34.4795 0.0000e+00
      18557 313.346588  -62.13864  -58.43810     -0.940    1448.30    222.000    219.752    -0.7446    -0.7458    -0.0012    -0.7513    -0.7525    -0.0012   2.799278   2.799110  -0.000160    34.3114    34.3106     7.3916    27.5854    27.5848    34.3120    27.5859    1448.37    1448.36    -0.7511  1028.6529    34.4793 0.0000e+00
      18582 313.346600  -62.13864  -58.43810     -0.944    1448.30    221.000    218.763    -0.7394    -0.7406    -0.0012    -0.7461    -0.7472    -0.0011   2.799648   2.799444  -0.000190    34.3110    34.3097     7.3941    27.5849    27.5839    34.3117    27.5854    1448.38    1448.37    -0.7459  1028.6477    34.4790 0.0000e+00
      18608 313.346612  -62.13864  -58.43810     -0.932    1448.30    220.000    217.773    -0.7373    -0.7380    -0.0007    -0.7439    -0.7446    -0.0007   2.799756   2.799607  -0.000159    34.3109    34.3096     7.3841    27.5847    27.5837    34.3113    27.5850    1448.37    1448.37    -0.7438  1028.6425    34.4786 0.0000e+00
      18635 313.346625  -62.13864  -58.43808     -0.917    1448.30    219.000    216.784    -0.7362    -0.7368    -0.0006    -0.7428    -0.7434    -0.0006   2.799806   2.799658  -0.000148    34.3109    34.3096     7.3927    27.5847    27.5837    34.3114    27.5851    1448.36    1448.36    -0.7427  1028.6377    34.4787 0.0000e+00
      18660 313.346637  -62.13866  -58.43808     -0.924    1448.30    218.000    215.794    -0.7354    -0.7356    -0.0003    -0.7420    -0.7422    -0.0003   2.799801   2.799710  -0.000101    34.3107    34.3096     7.4004    27.5844    27.5836    34.3110    27.5847    1448.35    1448.35    -0.7418  1028.6326    34.4783 0.0000e+00
      18685 313.346649  -62.13866  -58.43808     -0.953    1448.30    217.000    214.805    -0.7350    -0.7347     0.0003    -0.7415    -0.7413     0.0003   2.799777   2.799715  -0.000064    34.3106    34.3094     7.3921    27.5844    27.5834    34.3108    27.5846    1448.33    1448.33    -0.7414  1028.6277    34.4781 0.0000e+00
      18711 313.346662  -62.13866  -58.43807     -0.954    1448.30    216.000    213.816    -0.7349    -0.7345     0.0004    -0.7414    -0.7410     0.0004   2.799725   2.799678  -0.000052    34.3105    34.3093     7.3879    27.5843    27.5833    34.3107    27.5844    1448.32    1448.32    -0.7413  1028.6228    34.4779 0.0000e+00
      18737 313.346675  -62.13867  -58.43806     -0.914    1448.30    215.000    212.826    -0.7354    -0.7348     0.0007    -0.7419    -0.7413     0.0007   2.799625   2.799598  -0.000025    34.3103    34.3092     7.4007    27.5842    27.5832    34.3106    27.5843    1448.30    1448.30    -0.7417  1028.6179    34.4778 0.0000e+00
      18765 313.346688  -62.13868  -58.43806     -0.883    1448.30    214.000    211.837    -0.7357    -0.7349     0.0007    -0.7421    -0.7414     0.0007   2.799540   2.799532  -0.000013    34.3102    34.3092     7.3891    27.5841    27.5832    34.3103    27.5842    1448.28    1448.28    -0.7420  1028.6135    34.4783 0.0000e+00
      18790 313.346700  -62.13868  -58.43804     -0.916    1448.30    213.000    210.848    -0.7362    -0.7351     0.0012    -0.7427    -0.7415     0.0012   2.799442   2.799461   0.000015    34.3102    34.3091     7.3877    27.5841    27.5831    34.3102    27.5841    1448.26    1448.26    -0.7425  1028.6089    34.4784 0.0000e+00
      18814 313.346712  -62.13868  -58.43804     -0.969    1448.30    212.000    209.858    -0.7368    -0.7356     0.0012    -0.7431    -0.7420     0.0012   2.799337   2.799362   0.000021    34.3100    34.3089     7.3972    27.5839    27.5831    34.3100    27.5839    1448.24    1448.25    -0.7430  1028.6032    34.4772 0.0000e+00
      18838 313.346723  -62.13868  -58.43804     -1.010    1448.30    211.000    208.869    -0.7377    -0.7363     0.0014    -0.7441    -0.7427     0.0014   2.799204   2.799237   0.000035    34.3099    34.3088     7.3929    27.5840    27.5830    34.3099    27.5839    1448.22    1448.22    -0.7439  1028.5984    34.4772 0.0000e+00
      18864 313.346736  -62.13869  -58.43804     -0.956    1448.30    210.000    207.880    -0.7384    -0.7366     0.0017    -0.7447    -0.7430     0.0017   2.799108   2.799177   0.000062    34.3100    34.3089     7.3872    27.5840    27.5830    34.3100    27.5840    1448.20    1448.21    -0.7446  1028.5923    34.4755 0.0000e+00
      18893 313.346749 -9.990e-29  -58.43804     -0.862    1448.30    209.000    206.890    -0.7391    -0.7374     0.0017    -0.7454    -0.7437     0.0017   2.798970   2.799064   0.000091    34.3098    34.3091     7.4028    27.5839    27.5832    34.3096    27.5837    1448.18    1448.19    -0.7452  1028.5843    34.4713 0.0000e+00
      18919 313.346762 -9.990e-29  -58.43802     -0.877    1448.30    208.000    205.901    -0.7408    -0.7387     0.0022    -0.7470    -0.7449     0.0022   2.798767   2.798883   0.000099    34.3096    34.3085     7.4081    27.5838    27.5828    34.3093    27.5836    1448.16    1448.16    -0.7469  1028.5794    34.4711 0.0000e+00
      18942 313.346773 -9.990e-29  -58.43802     -0.981    1448.30    207.000    204.911    -0.7426    -0.7400     0.0027    -0.7489    -0.7462     0.0027   2.798527   2.798691   0.000176    34.3092    34.3085     7.3980    27.5835    27.5829    34.3088    27.5832    1448.13    1448.14    -0.7487  1028.5743    34.4706 0.0000e+00
      18964 313.346784  -62.13872  -58.43800     -1.063    1448.30    206.000    203.922    -0.7440    -0.7432     0.0007    -0.7502    -0.7494     0.0007   2.798371   2.798372 -5.738e-07    34.3091    34.3083     7.4005    27.5835    27.5828    34.3089    27.5833    1448.11    1448.11    -0.7500  1028.5708    34.4721 0.0000e+00
      18987 313.346795  -62.13872  -58.43800     -1.069    1448.30    205.000    202.932    -0.7453    -0.7426     0.0027    -0.7514    -0.7488     0.0026   2.798222   2.798379   0.000145    34.3092    34.3082     7.4135    27.5837    27.5827    34.3089    27.5834    1448.09    1448.10    -0.7513  1028.5693    34.4760 0.0000e+00
