Pos-Processados/process_op42/Processamento_split/up/uoperantar42_054.cnv
* Sea-Bird SBE 9 Data File:
* FileName = C:\Users\Hidrografia\Desktop\OPXLII\Brutos\OP42054.hdr
* Software Version Seasave V 7.26.7.107
* Temperature SN = 6502
* Conductivity SN = 4998
* Number of Bytes Per Scan = 37
* Number of Voltage Words = 4
* Number of Scans Averaged by the Deck Unit = 1
* NMEA Latitude = 62 18.63 S
* NMEA Longitude = 058 16.10 W
* NMEA UTC (Time) = Nov 17 2023 03:29:41
* NMEA baud rate = 4800
** H41
** NPOALTEMAXIMIANO
** NUMERO DA ESTACAO (XXX) 054
** LAT (XX XX.XX S/N) 62 18.649 S
** LONG (XXX XX.XX W/E) 058 16.1 W
** DATAHORA (dd/mm/aaaa hh:mm Z) 17/11/2023 0328Z
** PROFUNDIDADE (m) 1520 m
** OPERADOR CT FILIPE LOPES
# nquan = 30
# nvalues = 1433                        
# units = specified
# name 0 = scan: Scan Count
# name 1 = timeJ: Julian Days
# name 2 = latitude: Latitude [deg]
# name 3 = longitude: Longitude [deg]
# name 4 = dz/dtM: Descent Rate [m/s]
# name 5 = avgsvCM: Average Sound Velocity [Chen-Millero, m/s]
# name 6 = prDM: Pressure, Digiquartz [db]
# name 7 = depSM: Depth [salt water, m]
# name 8 = t090C: Temperature [ITS-90, deg C]
# name 9 = t190C: Temperature, 2 [ITS-90, deg C]
# name 10 = T2-T190C: Temperature Difference, 2 - 1 [ITS-90, deg C]
# name 11 = potemp090C: Potential Temperature [ITS-90, deg C]
# name 12 = potemp190C: Potential Temperature, 2 [ITS-90, deg C]
# name 13 = potemp90Cdiff: Potential Temperature, Diff, 2 - 1 [ITS-90, deg C]
# name 14 = c0S/m: Conductivity [S/m]
# name 15 = c1S/m: Conductivity, 2 [S/m]
# name 16 = C2-C1S/m: Conductivity Difference, 2 - 1 [S/m]
# name 17 = sal00: Salinity, Practical [PSU]
# name 18 = sal11: Salinity, Practical, 2 [PSU]
# name 19 = sbeox0ML/L: Oxygen, SBE 43 [ml/l]
# name 20 = sigma-é00: Density [sigma-theta, kg/m^3]
# name 21 = sigma-é11: Density, 2 [sigma-theta, kg/m^3]
# name 22 = sal00: Salinity, Practical [PSU]
# name 23 = sigma-é00: Density [sigma-theta, kg/m^3]
# name 24 = svCM: Sound Velocity [Chen-Millero, m/s]
# name 25 = svCM1: Sound Velocity, 2 [Chen-Millero, m/s]
# name 26 = gsw_ptA0: potential temperature [ITS-90, deg C]
# name 27 = gsw_densityA0: density, TEOS-10 [density, kg/m^3]
# name 28 = gsw_saA0: Absolute Salinity [g/kg]
# name 29 = flag:
# span 0 =      36678,      70863       
# span 1 = 321.163301, 321.179787       
# span 2 =  -62.30992,  -62.30930       
# span 3 =  -58.26481,  -58.25813       
# span 4 =     -1.346,     -0.519       
# span 5 =    1457.48,    1457.48       
# span 6 =      2.000,   1434.000       
# span 7 =      1.986,   1415.352       
# span 8 =    -1.3430,     0.6377       
# span 9 =    -1.3424,     0.6391       
# span 10 =    -0.0466,     0.0466      
# span 11 =    -1.3958,     0.6126      
# span 12 =    -1.3951,     0.6139      
# span 13 =    -0.0464,     0.0464      
# span 14 =   2.800594,   2.950958      
# span 15 =   2.800635,   2.951016      
# span 16 =  -0.004361,   0.003425      
# span 17 =    34.2577,    34.5703      
# span 18 =    34.2555,    34.5681      
# span 19 =     5.1277,     7.8598      
# span 20 =    27.5249,    27.7863      
# span 21 =    27.5227,    27.7853      
# span 22 =    34.2604,    34.5724      
# span 23 =    27.5264,    27.7862      
# span 24 =    1446.23,    1465.84      
# span 25 =    1446.22,    1465.84      
# span 26 =    -1.3947,     0.6128      
# span 27 =  1027.5406,  1034.5816      
# span 28 =    34.4258,    34.7424      
# span 29 = 0.0000e+00, 0.0000e+00      
# interval = decibars: 1                
# start_time = Nov 17 2023 03:29:41 [NMEA time, header]
# bad_flag = -9.990e-29
*END*
[from data line 726]
      53400 321.171365  -62.30964  -58.26148     -1.094    1457.48    708.000    700.002    -0.2603    -0.2590     0.0013    -0.2880    -0.2867     0.0013   2.878093   2.878117  -0.000006    34.5274    34.5259     5.8869    27.7393    27.7380    34.5289    27.7405    1458.88    1458.88    -0.2877  1031.1010    34.6984 0.0000e+00
      53421 321.171375  -62.30964  -58.26148     -1.137    1457.48    707.000    699.015    -0.2459    -0.2344     0.0115    -0.2737    -0.2623     0.0114   2.879419   2.880290   0.000738    34.5275    34.5243     5.8847    27.7386    27.7356    34.5309    27.7414    1458.93    1458.98    -0.2733  1031.0969    34.7004 0.0000e+00
      53442 321.171386  -62.30964  -58.26148     -1.128    1457.48    706.000    698.028    -0.2266    -0.2148     0.0118    -0.2545    -0.2427     0.0117   2.881194   2.881855   0.000831    34.5279    34.5256     5.8805    27.7381    27.7356    34.5334    27.7425    1459.01    1459.06    -0.2542  1031.0928    34.7029 0.0000e+00
      53464 321.171396  -62.30964  -58.26148     -1.100    1457.48    705.000    697.041    -0.2078    -0.1998     0.0079    -0.2357    -0.2278     0.0079   2.882652   2.883128   0.000445    34.5293    34.5263     5.8742    27.7383    27.7354    34.5321    27.7405    1459.08    1459.11    -0.2353  1031.0857    34.7016 0.0000e+00
      53487 321.171407  -62.30964  -58.26147     -1.070    1457.48    704.000    696.054    -0.2003    -0.1932     0.0071    -0.2282    -0.2211     0.0071   2.883272   2.883685   0.000412    34.5294    34.5269     5.8793    27.7380    27.7356    34.5325    27.7405    1459.10    1459.13    -0.2279  1031.0808    34.7020 0.0000e+00
      53510 321.171418  -62.30964  -58.26146     -1.063    1457.48    703.000    695.067    -0.1885    -0.1906    -0.0020    -0.2165    -0.2185    -0.0020   2.884357   2.884066  -0.000341    34.5291    34.5269     5.8598    27.7372    27.7355    34.5342    27.7413    1459.14    1459.13    -0.2161  1031.0776    34.7049 0.0000e+00
      53532 321.171429  -62.30964 -9.990e-29     -1.072    1457.48    702.000    694.080    -0.1559    -0.1492     0.0067    -0.1840    -0.1773     0.0066   2.886936   2.887404   0.000439    34.5285    34.5268     5.8386    27.7350    27.7333    34.5323    27.7381    1459.27    1459.30    -0.1836  1031.0699    34.7041 0.0000e+00
      53556 321.171440  -62.30964 -9.990e-29     -1.043    1457.48    701.000    693.093    -0.1567    -0.1328     0.0240    -0.1847    -0.1609     0.0238   2.886974   2.888791   0.001826    34.5300    34.5272     5.8364    27.7363    27.7329    34.5343    27.7398    1459.25    1459.36    -0.1844  1031.0669    34.7061 0.0000e+00
      53580 321.171452  -62.30964 -9.990e-29     -0.997    1457.48    700.000    692.106    -0.1327    -0.1261     0.0066    -0.1609    -0.1543     0.0065   2.888997   2.889386   0.000382    34.5310    34.5287     5.8099    27.7359    27.7337    34.5347    27.7389    1459.35    1459.37    -0.1605  1031.0608    34.7065 0.0000e+00
      53605 321.171464  -62.30964  -58.26144     -0.979    1457.48    699.000    691.119    -0.1341    -0.1256     0.0085    -0.1622    -0.1537     0.0085   2.888748   2.889376   0.000647    34.5308    34.5298     5.8038    27.7358    27.7346    34.5335    27.7380    1459.32    1459.36    -0.1619  1031.0547    34.7047 0.0000e+00
      53628 321.171475  -62.30964  -58.26144     -0.992    1457.48    698.000    690.132    -0.1287    -0.1206     0.0081    -0.1567    -0.1487     0.0080   2.889249   2.889745   0.000521    34.5316    34.5295     5.7869    27.7362    27.7341    34.5346    27.7386    1459.33    1459.37    -0.1564  1031.0492    34.7041 0.0000e+00
      53652 321.171487  -62.30964  -58.26144     -1.009    1457.48    697.000    689.145    -0.1223    -0.1160     0.0063    -0.1504    -0.1441     0.0063   2.889761   2.890137   0.000375    34.5317    34.5296     5.7801    27.7360    27.7339    34.5348    27.7385    1459.34    1459.37    -0.1500  1031.0442    34.7043 0.0000e+00
      53677 321.171499  -62.30964  -58.26143     -0.995    1457.48    696.000    688.158    -0.1149    -0.1131     0.0017    -0.1429    -0.1412     0.0017   2.890326   2.890297   0.000008    34.5319    34.5300     5.7660    27.7357    27.7341    34.5346    27.7379    1459.36    1459.37    -0.1426  1031.0388    34.7041 0.0000e+00
      53702 321.171511  -62.30964  -58.26142     -0.972    1457.48    695.000    687.171    -0.1130    -0.1129     0.0000    -0.1410    -0.1410     0.0000   2.890369   2.890258  -0.000093    34.5316    34.5303     5.7637    27.7354    27.7344    34.5336    27.7370    1459.35    1459.35    -0.1407  1031.0331    34.7031 0.0000e+00
      53726 321.171522  -62.30964  -58.26142     -0.977    1457.48    694.000    686.183    -0.1127    -0.1124     0.0003    -0.1407    -0.1403     0.0003   2.890345   2.890229  -0.000096    34.5318    34.5302     5.7659    27.7355    27.7342    34.5336    27.7370    1459.34    1459.34    -0.1404  1031.0284    34.7030 0.0000e+00
      53749 321.171533  -62.30964  -58.26142     -1.014    1457.48    693.000    685.196    -0.1131    -0.1137    -0.0006    -0.1410    -0.1416    -0.0006   2.890255   2.890063  -0.000175    34.5319    34.5303     5.7542    27.7357    27.7344    34.5334    27.7368    1459.32    1459.32    -0.1407  1031.0236    34.7028 0.0000e+00
      53772 321.171544  -62.30964  -58.26142     -1.049    1457.48    692.000    684.209    -0.1140    -0.1131     0.0009    -0.1419    -0.1409     0.0009   2.890140   2.890084  -0.000054    34.5322    34.5304     5.7577    27.7359    27.7345    34.5334    27.7369    1459.30    1459.30    -0.1415  1031.0190    34.7029 0.0000e+00
      53795 321.171556  -62.30964  -58.26140     -1.053    1457.48    691.000    683.222    -0.1141    -0.1134     0.0006    -0.1419    -0.1413     0.0006   2.890073   2.889988  -0.000075    34.5321    34.5305     5.7550    27.7359    27.7345    34.5333    27.7368    1459.28    1459.28    -0.1416  1031.0141    34.7027 0.0000e+00
      53818 321.171567  -62.30964  -58.26140     -1.027    1457.48    690.000    682.235    -0.1145    -0.1137     0.0008    -0.1423    -0.1415     0.0008   2.889978   2.889908  -0.000065    34.5321    34.5304     5.7624    27.7359    27.7345    34.5330    27.7366    1459.26    1459.27    -0.1420  1031.0109    34.7045 0.0000e+00
      53843 321.171579  -62.30964 -9.990e-29     -0.991    1457.48    689.000    681.248    -0.1148    -0.1138     0.0010    -0.1425    -0.1415     0.0010   2.889886   2.889846  -0.000036    34.5320    34.5304     5.7706    27.7358    27.7344    34.5328    27.7364    1459.25    1459.25    -0.1422  1031.0062    34.7045 0.0000e+00
      53869 321.171592  -62.30964 -9.990e-29     -0.941    1457.48    688.000    680.261    -0.1148    -0.1138     0.0010    -0.1425    -0.1415     0.0010   2.889828   2.889784  -0.000038    34.5319    34.5303     5.7607    27.7357    27.7344    34.5326    27.7363    1459.23    1459.23    -0.1422  1031.0014    34.7044 0.0000e+00
      53897 321.171605  -62.30964  -58.26138     -0.879    1457.48    687.000    679.274    -0.1149    -0.1135     0.0013    -0.1425    -0.1412     0.0013   2.889782   2.889752  -0.000030    34.5320    34.5302     5.7571    27.7358    27.7342    34.5326    27.7363    1459.21    1459.22    -0.1422  1030.9966    34.7042 0.0000e+00
      53925 321.171619  -62.30964  -58.26138     -0.851    1457.48    686.000    678.287    -0.1143    -0.1120     0.0023    -0.1419    -0.1396     0.0023   2.889755   2.889852   0.000070    34.5317    34.5301     5.7566    27.7355    27.7341    34.5322    27.7360    1459.20    1459.21    -0.1416  1030.9898    34.7017 0.0000e+00
      53952 321.171631  -62.30964  -58.26138     -0.877    1457.48    685.000    677.299    -0.1116    -0.1041     0.0075    -0.1392    -0.1317     0.0075   2.889968   2.890468   0.000474    34.5318    34.5296     5.7762    27.7354    27.7333    34.5326    27.7361    1459.20    1459.23    -0.1388  1030.9852    34.7021 0.0000e+00
      53976 321.171643  -62.30964  -58.26137     -0.942    1457.48    684.000    676.312    -0.1074    -0.0988     0.0086    -0.1349    -0.1263     0.0086   2.890363   2.890938   0.000553    34.5324    34.5300     5.7660    27.7357    27.7334    34.5337    27.7368    1459.20    1459.23    -0.1346  1030.9811    34.7031 0.0000e+00
      53999 321.171654  -62.30964  -58.26136     -1.019    1457.48    683.000    675.325    -0.0973    -0.0910     0.0063    -0.1249    -0.1186     0.0062   2.891189   2.891527   0.000382    34.5323    34.5303     5.7684    27.7351    27.7332    34.5338    27.7364    1459.23    1459.26    -0.1245  1030.9758    34.7033 0.0000e+00
      54021 321.171665  -62.30964  -58.26136     -1.075    1457.48    682.000    674.338    -0.0916    -0.0891     0.0025    -0.1191    -0.1166     0.0025   2.891597   2.891671   0.000085    34.5321    34.5305     5.7655    27.7347    27.7332    34.5334    27.7357    1459.24    1459.25    -0.1188  1030.9703    34.7029 0.0000e+00
      54042 321.171675  -62.30964  -58.26136     -1.122    1457.48    681.000    673.351    -0.0885    -0.0867     0.0018    -0.1160    -0.1142     0.0018   2.891798   2.891852   0.000053    34.5322    34.5309     5.7719    27.7346    27.7334    34.5332    27.7354    1459.24    1459.24    -0.1157  1030.9653    34.7027 0.0000e+00
      54063 321.171685  -62.30964  -58.26136     -1.141    1457.48    680.000    672.364    -0.0869    -0.0810     0.0059    -0.1144    -0.1085     0.0059   2.891949   2.892301   0.000307    34.5328    34.5302     5.7692    27.7350    27.7326    34.5340    27.7359    1459.23    1459.25    -0.1141  1030.9610    34.7034 0.0000e+00
      54085 321.171695  -62.30964  -58.26136     -1.120    1457.48    679.000    671.376    -0.0796    -0.0783     0.0013    -0.1070    -0.1058     0.0012   2.892522   2.892426  -0.000047    34.5321    34.5301     5.7604    27.7341    27.7324    34.5339    27.7355    1459.24    1459.25    -0.1067  1030.9558    34.7033 0.0000e+00
      54107 321.171706  -62.30964  -58.26136     -1.087    1457.48    678.000    670.389    -0.0745    -0.0700     0.0045    -0.1019    -0.0975     0.0044   2.892721   2.892995   0.000249    34.5305    34.5288     5.7591    27.7325    27.7309    34.5314    27.7332    1459.25    1459.27    -0.1016  1030.9487    34.7008 0.0000e+00
      54131 321.171718  -62.30964  -58.26134     -1.041    1457.48    677.000    669.402    -0.0723    -0.0674     0.0049    -0.0997    -0.0949     0.0048   2.892980   2.893184   0.000225    34.5313    34.5288     5.7409    27.7331    27.7308    34.5329    27.7344    1459.25    1459.26    -0.0994  1030.9451    34.7024 0.0000e+00
      54156 321.171730  -62.30964  -58.26134     -0.992    1457.48    676.000    668.415    -0.0676    -0.0628     0.0048    -0.0950    -0.0902     0.0047   2.893260   2.893532   0.000236    34.5309    34.5286     5.7443    27.7324    27.7304    34.5319    27.7333    1459.25    1459.27    -0.0947  1030.9392    34.7014 0.0000e+00
      54181 321.171742  -62.30964  -58.26133     -0.960    1457.48    675.000    667.428    -0.0627    -0.0576     0.0051    -0.0901    -0.0850     0.0051   2.893657   2.893923   0.000290    34.5307    34.5288     5.7444    27.7321    27.7303    34.5323    27.7333    1459.25    1459.28    -0.0898  1030.9344    34.7017 0.0000e+00
      54206 321.171754  -62.30964  -58.26132     -0.955    1457.48    674.000    666.440    -0.0567    -0.0550     0.0018    -0.0841    -0.0823     0.0018   2.894104   2.894105   0.000014    34.5307    34.5289     5.7447    27.7318    27.7303    34.5321    27.7329    1459.27    1459.27    -0.0838  1030.9292    34.7015 0.0000e+00
      54231 321.171766  -62.30964  -58.26132     -0.962    1457.48    673.000    665.454    -0.0556    -0.0536     0.0020    -0.0829    -0.0809     0.0020   2.894117   2.894181   0.000067    34.5306    34.5292     5.7483    27.7316    27.7304    34.5316    27.7324    1459.25    1459.26    -0.0826  1030.9240    34.7010 0.0000e+00
      54255 321.171778  -62.30964  -58.26132     -0.967    1457.48    672.000    664.466    -0.0549    -0.0527     0.0022    -0.0821    -0.0800     0.0022   2.894141   2.894206   0.000069    34.5306    34.5291     5.7422    27.7316    27.7303    34.5316    27.7324    1459.24    1459.25    -0.0819  1030.9193    34.7011 0.0000e+00
      54280 321.171790  -62.30964  -58.26132     -0.970    1457.48    671.000    663.479    -0.0535    -0.0460     0.0074    -0.0807    -0.0733     0.0074   2.894228   2.894722   0.000456    34.5308    34.5285     5.7417    27.7317    27.7294    34.5318    27.7325    1459.23    1459.26    -0.0804  1030.9146    34.7012 0.0000e+00
      54304 321.171801  -62.30964  -58.26131     -0.995    1457.48    670.000    662.492    -0.0465    -0.0397     0.0068    -0.0738    -0.0670     0.0068   2.894760   2.895185   0.000413    34.5304    34.5282     5.7385    27.7310    27.7289    34.5316    27.7320    1459.25    1459.28    -0.0734  1030.9093    34.7010 0.0000e+00
      54326 321.171812  -62.30964  -58.26130     -1.040    1457.48    669.000    661.505    -0.0453    -0.0374     0.0079    -0.0725    -0.0646     0.0079   2.894767   2.895311   0.000548    34.5299    34.5282     5.7406    27.7305    27.7287    34.5309    27.7313    1459.24    1459.27    -0.0722  1030.9039    34.7004 0.0000e+00
      54347 321.171822  -62.30964  -58.26130     -1.096    1457.48    668.000    660.517    -0.0390    -0.0363     0.0028    -0.0662    -0.0634     0.0028   2.895271   2.895344   0.000114    34.5298    34.5282     5.7271    27.7301    27.7287    34.5311    27.7312    1459.25    1459.26    -0.0659  1030.8989    34.7006 0.0000e+00
      54368 321.171832  -62.30964  -58.26130     -1.147    1457.48    667.000    659.530    -0.0375    -0.0341     0.0034    -0.0646    -0.0613     0.0034   2.895359   2.895473   0.000102    34.5301    34.5276     5.7356    27.7303    27.7281    34.5312    27.7311    1459.24    1459.25    -0.0643  1030.8941    34.7006 0.0000e+00
      54389 321.171842  -62.30964  -58.26130     -1.159    1457.48    666.000    658.543    -0.0358    -0.0324     0.0034    -0.0629    -0.0595     0.0034   2.895414   2.895559   0.000152    34.5297    34.5279     5.7429    27.7298    27.7282    34.5306    27.7306    1459.23    1459.24    -0.0626  1030.8888    34.7000 0.0000e+00
      54410 321.171852  -62.30964  -58.26129     -1.143    1457.48    665.000    657.556    -0.0337    -0.0321     0.0017    -0.0608    -0.0591     0.0017   2.895527   2.895548   0.000030    34.5295    34.5280     5.7275    27.7295    27.7283    34.5303    27.7302    1459.22    1459.23    -0.0605  1030.8847    34.7009 0.0000e+00
      54432 321.171863  -62.30964 -9.990e-29     -1.114    1457.48    664.000    656.569    -0.0318    -0.0292     0.0025    -0.0588    -0.0563     0.0025   2.895630   2.895773   0.000118    34.5292    34.5279     5.7328    27.7292    27.7281    34.5301    27.7300    1459.21    1459.22    -0.0585  1030.8806    34.7018 0.0000e+00
      54454 321.171874  -62.30964 -9.990e-29     -1.082    1457.48    663.000    655.582    -0.0278    -0.0181     0.0097    -0.0548    -0.0451     0.0097   2.896017   2.896713   0.000628    34.5298    34.5272     5.7208    27.7295    27.7269    34.5313    27.7307    1459.22    1459.26    -0.0545  1030.8766    34.7030 0.0000e+00
      54479 321.171885  -62.30964 -9.990e-29     -1.030    1457.48    662.000    654.594    -0.0145    -0.0043     0.0103    -0.0416    -0.0314     0.0102   2.897284   2.897813   0.000648    34.5310    34.5280     5.7268    27.7298    27.7269    34.5337    27.7320    1459.27    1459.31    -0.0413  1030.8729    34.7055 0.0000e+00
