Pos-Processados/process_op42/Processamento_split/up/uoperantar42_047.cnv
* Sea-Bird SBE 9 Data File:
* FileName = C:\Users\Hidrografia\Desktop\OPXLII\Brutos\OP42047.hdr
* Software Version Seasave V 7.26.7.107
* Temperature SN = 6502
* Conductivity SN = 4998
* Number of Bytes Per Scan = 37
* Number of Voltage Words = 4
* Number of Scans Averaged by the Deck Unit = 1
* NMEA Latitude = 62 08.18 S
* NMEA Longitude = 058 26.60 W
* NMEA UTC (Time) = Nov 09 2023 22:04:48
* NMEA baud rate = 4800
** H41
** NPOALTEMAXIMIANO
** NUMERO DA ESTACAO (XXX) 047
** LAT (XX XX.XX S/N) 62 08. S
** LONG (XXX XX.XX W/E) 058 26. W
** DATAHORA (dd/mm/aaaa hh:mm Z) 09/11/2023 2205Z
** PROFUNDIDADE (m) 424
** OPERADOR 1T ZAMITH
# nquan = 30
# nvalues = 379                         
# units = specified
# name 0 = scan: Scan Count
# name 1 = timeJ: Julian Days
# name 2 = latitude: Latitude [deg]
# name 3 = longitude: Longitude [deg]
# name 4 = dz/dtM: Descent Rate [m/s]
# name 5 = avgsvCM: Average Sound Velocity [Chen-Millero, m/s]
# name 6 = prDM: Pressure, Digiquartz [db]
# name 7 = depSM: Depth [salt water, m]
# name 8 = t090C: Temperature [ITS-90, deg C]
# name 9 = t190C: Temperature, 2 [ITS-90, deg C]
# name 10 = T2-T190C: Temperature Difference, 2 - 1 [ITS-90, deg C]
# name 11 = potemp090C: Potential Temperature [ITS-90, deg C]
# name 12 = potemp190C: Potential Temperature, 2 [ITS-90, deg C]
# name 13 = potemp90Cdiff: Potential Temperature, Diff, 2 - 1 [ITS-90, deg C]
# name 14 = c0S/m: Conductivity [S/m]
# name 15 = c1S/m: Conductivity, 2 [S/m]
# name 16 = C2-C1S/m: Conductivity Difference, 2 - 1 [S/m]
# name 17 = sal00: Salinity, Practical [PSU]
# name 18 = sal11: Salinity, Practical, 2 [PSU]
# name 19 = sbeox0ML/L: Oxygen, SBE 43 [ml/l]
# name 20 = sigma-é00: Density [sigma-theta, kg/m^3]
# name 21 = sigma-é11: Density, 2 [sigma-theta, kg/m^3]
# name 22 = sal00: Salinity, Practical [PSU]
# name 23 = sigma-é00: Density [sigma-theta, kg/m^3]
# name 24 = svCM: Sound Velocity [Chen-Millero, m/s]
# name 25 = svCM1: Sound Velocity, 2 [Chen-Millero, m/s]
# name 26 = gsw_ptA0: potential temperature [ITS-90, deg C]
# name 27 = gsw_densityA0: density, TEOS-10 [density, kg/m^3]
# name 28 = gsw_saA0: Absolute Salinity [g/kg]
# name 29 = flag:
# span 0 =      14237,      24003       
# span 1 = 313.926865, 313.931575       
# span 2 =  -62.14044,  -62.13876       
# span 3 =  -58.43986,  -58.43722       
# span 4 =     -1.256,      0.378       
# span 5 =    1448.33,    1448.33       
# span 6 =      3.000,    381.000       
# span 7 =      3.000,    376.987       
# span 8 =    -0.7922,    -0.4916       
# span 9 =    -0.7908,    -0.4910       
# span 10 =    -0.0120,     0.0152      
# span 11 =    -0.7988,    -0.5045      
# span 12 =    -0.7974,    -0.5039      
# span 13 =    -0.0120,     0.0152      
# span 14 =   2.793571,   2.834605      
# span 15 =   2.793967,   2.834570      
# span 16 =  -0.001084,   0.001372      
# span 17 =    34.2755,    34.4043      
# span 18 =    34.2721,    34.4032      
# span 19 =     6.6583,     7.6351      
# span 20 =    27.5475,    27.6499      
# span 21 =    27.5438,    27.6490      
# span 22 =    34.2765,    34.4042      
# span 23 =    27.5480,    27.6498      
# span 24 =    1445.68,    1452.27      
# span 25 =    1445.68,    1452.27      
# span 26 =    -0.7986,    -0.5043      
# span 27 =  1027.5681,  1029.4702      
# span 28 =    34.4389,    34.5721      
# span 29 = 0.0000e+00, 0.0000e+00      
# interval = decibars: 1                
# start_time = Nov 09 2023 22:04:48 [NMEA time, header]
# bad_flag = -9.990e-29
*END*
[from data line 242]
      19825 313.929560  -62.13968  -58.43833     -0.835    1448.33    139.000    137.620    -0.7339    -0.7328     0.0011    -0.7380    -0.7369     0.0011   2.794248   2.794254   0.000007    34.2831    34.2819     7.5654    27.5619    27.5609    34.2830    27.5619    1447.03    1447.03    -0.7379  1028.2324    34.4497 0.0000e+00
      19853 313.929574  -62.13970  -58.43832     -0.855    1448.33    138.000    136.630    -0.7243    -0.7293    -0.0051    -0.7283    -0.7334    -0.0051   2.795082   2.794504  -0.000493    34.2825    34.2816     7.5581    27.5611    27.5605    34.2840    27.5622    1447.06    1447.03    -0.7283  1028.2280    34.4506 0.0000e+00
      19880 313.929587  -62.13970  -58.43832     -0.884    1448.33    137.000    135.640    -0.7064    -0.7137    -0.0073    -0.7105    -0.7178    -0.0073   2.796493   2.795778  -0.000737    34.2814    34.2797     7.5551    27.5595    27.5584    34.2834    27.5611    1447.13    1447.09    -0.7104  1028.2219    34.4501 0.0000e+00
      19905 313.929599  -62.13970  -58.43830     -0.941    1448.33    136.000    134.651    -0.6879    -0.6929    -0.0050    -0.6920    -0.6970    -0.0050   2.798132   2.797415  -0.000662    34.2818    34.2785     7.5674    27.5589    27.5565    34.2852    27.5617    1447.20    1447.17    -0.6919  1028.2177    34.4518 0.0000e+00
      19929 313.929610  -62.13970  -58.43830     -0.980    1448.33    135.000    133.661    -0.6665    -0.6785    -0.0120    -0.6705    -0.6826    -0.0120   2.799655   2.798514  -0.001084    34.2794    34.2784     7.5596    27.5561    27.5558    34.2821    27.5583    1447.28    1447.22    -0.6704  1028.2094    34.4487 0.0000e+00
      19954 313.929622  -62.13971  -58.43829     -0.978    1448.33    134.000    132.671    -0.6497    -0.6599    -0.0103    -0.6537    -0.6640    -0.0102   2.800993   2.799993  -0.001028    34.2783    34.2761     7.5575    27.5545    27.5531    34.2817    27.5573    1447.34    1447.29    -0.6536  1028.2007    34.4448 0.0000e+00
      19980 313.929635 -9.990e-29 -9.990e-29     -0.924    1448.33    133.000    131.682    -0.6411    -0.6488    -0.0077    -0.6451    -0.6528    -0.0077   2.801548   2.800814  -0.000749    34.2780    34.2766     7.5694    27.5539    27.5531    34.2801    27.5556    1447.36    1447.33    -0.6450  1028.1940    34.4430 0.0000e+00
      20009 313.929649 -9.990e-29 -9.990e-29     -0.871    1448.33    132.000    130.692    -0.6408    -0.6427    -0.0019    -0.6448    -0.6467    -0.0019   2.801495   2.801301  -0.000206    34.2778    34.2771     7.5902    27.5537    27.5532    34.2797    27.5552    1447.35    1447.34    -0.6447  1028.1889    34.4425 0.0000e+00
      20038 313.929663  -62.13972  -58.43828     -0.832    1448.33    131.000    129.702    -0.6362    -0.6380    -0.0019    -0.6401    -0.6420    -0.0019   2.801882   2.801630  -0.000265    34.2784    34.2769     7.5788    27.5540    27.5529    34.2802    27.5555    1447.35    1447.34    -0.6401  1028.1853    34.4443 0.0000e+00
      20067 313.929677  -62.13972  -58.43826     -0.826    1448.33    130.000    128.712    -0.6349    -0.6352    -0.0003    -0.6388    -0.6391    -0.0003   2.801922   2.801768  -0.000149    34.2785    34.2769     7.5820    27.5541    27.5527    34.2799    27.5552    1447.34    1447.34    -0.6387  1028.1823    34.4465 0.0000e+00
      20096 313.929691  -62.13974  -58.43826     -0.823    1448.33    129.000    127.722    -0.6334    -0.6337    -0.0002    -0.6373    -0.6376    -0.0002   2.802007   2.801867  -0.000161    34.2789    34.2770     7.5934    27.5543    27.5527    34.2801    27.5553    1447.33    1447.33    -0.6372  1028.1775    34.4467 0.0000e+00
      20125 313.929705  -62.13974  -58.43825     -0.824    1448.33    128.000    126.733    -0.6331    -0.6330     0.0001    -0.6369    -0.6369     0.0001   2.801994   2.801894  -0.000109    34.2790    34.2775     7.5862    27.5544    27.5531    34.2801    27.5553    1447.32    1447.32    -0.6369  1028.1728    34.4467 0.0000e+00
      20152 313.929718  -62.13974  -58.43824     -0.851    1448.33    127.000    125.743    -0.6326    -0.6323     0.0004    -0.6364    -0.6361     0.0004   2.801978   2.801894  -0.000091    34.2792    34.2775     7.5875    27.5545    27.5531    34.2800    27.5552    1447.30    1447.30    -0.6364  1028.1679    34.4466 0.0000e+00
      20178 313.929730  -62.13975  -58.43824     -0.909    1448.33    126.000    124.753    -0.6317    -0.6317    -0.0000    -0.6355    -0.6355    -0.0000   2.801991   2.801885  -0.000108    34.2788    34.2774     7.5876    27.5542    27.5530    34.2797    27.5549    1447.29    1447.29    -0.6354  1028.1628    34.4463 0.0000e+00
      20201 313.929742  -62.13976  -58.43823     -0.993    1448.33    125.000    123.763    -0.6314    -0.6309     0.0005    -0.6351    -0.6347     0.0005   2.801958   2.801873  -0.000091    34.2789    34.2772     7.6012    27.5542    27.5528    34.2795    27.5547    1447.28    1447.28    -0.6351  1028.1579    34.4461 0.0000e+00
      20224 313.929752  -62.13976  -58.43822     -1.051    1448.33    124.000    122.773    -0.6312    -0.6308     0.0004    -0.6350    -0.6345     0.0004   2.801915   2.801848  -0.000075    34.2788    34.2773     7.5939    27.5542    27.5529    34.2794    27.5546    1447.26    1447.26    -0.6349  1028.1530    34.4459 0.0000e+00
      20249 313.929765  -62.13976  -58.43822     -1.014    1448.33    123.000    121.783    -0.6310    -0.6306     0.0004    -0.6347    -0.6343     0.0004   2.801881   2.801804  -0.000075    34.2788    34.2774     7.5864    27.5541    27.5529    34.2793    27.5545    1447.25    1447.25    -0.6346  1028.1481    34.4458 0.0000e+00
      20278 313.929779  -62.13976  -58.43821     -0.856    1448.33    122.000    120.794    -0.6311    -0.6313    -0.0002    -0.6348    -0.6350    -0.0002   2.801823   2.801705  -0.000118    34.2788    34.2775     7.5904    27.5541    27.5531    34.2792    27.5544    1447.23    1447.23    -0.6347  1028.1432    34.4457 0.0000e+00
      20302 313.929790  -62.13977  -58.43820     -0.882    1448.33    121.000    119.804    -0.6306    -0.6299     0.0007    -0.6343    -0.6336     0.0007   2.801816   2.801754  -0.000073    34.2789    34.2771     7.6083    27.5542    27.5527    34.2793    27.5545    1447.22    1447.22    -0.6342  1028.1385    34.4457 0.0000e+00
      20324 313.929801  -62.13978  -58.43820     -1.059    1448.33    120.000    118.814    -0.6304    -0.6296     0.0008    -0.6340    -0.6332     0.0008   2.801788   2.801743  -0.000046    34.2788    34.2773     7.5949    27.5541    27.5529    34.2792    27.5544    1447.20    1447.20    -0.6339  1028.1336    34.4457 0.0000e+00
      20353 313.929815  -62.13978  -58.43820     -0.917    1448.33    119.000    117.824    -0.6298    -0.6300    -0.0002    -0.6334    -0.6336    -0.0002   2.801778   2.801664  -0.000118    34.2788    34.2774     7.5906    27.5540    27.5529    34.2791    27.5543    1447.19    1447.18    -0.6333  1028.1287    34.4456 0.0000e+00
      20382 313.929829  -62.13978  -58.43818     -0.821    1448.33    118.000    116.834    -0.6295    -0.6286     0.0009    -0.6331    -0.6322     0.0009   2.801754   2.801722  -0.000035    34.2788    34.2772     7.5970    27.5540    27.5527    34.2791    27.5543    1447.17    1447.17    -0.6330  1028.1239    34.4455 0.0000e+00
      20409 313.929842  -62.13978  -58.43818     -0.858    1448.33    117.000    115.845    -0.6224    -0.6272    -0.0049    -0.6259    -0.6308    -0.0049   2.802349   2.801788  -0.000508    34.2783    34.2770     7.5988    27.5533    27.5524    34.2796    27.5543    1447.19    1447.17    -0.6258  1028.1192    34.4460 0.0000e+00
      20433 313.929853  -62.13978  -58.43818     -0.954    1448.33    116.000    114.855    -0.6183    -0.6233    -0.0051    -0.6217    -0.6268    -0.0051   2.802610   2.802070  -0.000548    34.2783    34.2766     7.5945    27.5531    27.5520    34.2791    27.5537    1447.19    1447.17    -0.6216  1028.1138    34.4455 0.0000e+00
      20456 313.929864  -62.13980  -58.43816     -1.023    1448.33    115.000    113.865    -0.6157    -0.6161    -0.0003    -0.6192    -0.6195    -0.0003   2.802745   2.802598  -0.000186    34.2784    34.2763     7.5927    27.5531    27.5514    34.2786    27.5533    1447.19    1447.18    -0.6191  1028.1085    34.4450 0.0000e+00
      20479 313.929875  -62.13980  -58.43816     -1.051    1448.33    114.000    112.875    -0.6174    -0.6167     0.0008    -0.6209    -0.6201     0.0008   2.802593   2.802527  -0.000059    34.2786    34.2769     7.5893    27.5533    27.5519    34.2791    27.5538    1447.16    1447.17    -0.6208  1028.1042    34.4455 0.0000e+00
      20503 313.929887  -62.13980  -58.43816     -1.023    1448.33    113.000    111.885    -0.6161    -0.6158     0.0003    -0.6195    -0.6192     0.0003   2.802647   2.802554  -0.000094    34.2785    34.2769     7.6032    27.5532    27.5519    34.2789    27.5535    1447.15    1447.15    -0.6194  1028.0992    34.4453 0.0000e+00
      20529 313.929899  -62.13980  -58.43814     -0.962    1448.33    112.000    110.895    -0.6164    -0.6152     0.0012    -0.6198    -0.6185     0.0012   2.802580   2.802570  -0.000022    34.2788    34.2771     7.6051    27.5534    27.5520    34.2790    27.5536    1447.14    1447.14    -0.6197  1028.0945    34.4454 0.0000e+00
      20556 313.929912  -62.13982  -58.43814     -0.903    1448.33    111.000    109.905    -0.6101    -0.6130    -0.0029    -0.6134    -0.6163    -0.0029   2.803065   2.802718  -0.000320    34.2778    34.2767     7.5957    27.5524    27.5517    34.2790    27.5534    1447.15    1447.13    -0.6134  1028.0894    34.4454 0.0000e+00
      20583 313.929926  -62.13982  -58.43812     -0.885    1448.33    110.000    108.916    -0.6024    -0.6036    -0.0012    -0.6058    -0.6070    -0.0012   2.803551   2.803397  -0.000151    34.2766    34.2759     7.5951    27.5511    27.5505    34.2776    27.5518    1447.17    1447.16    -0.6057  1028.0831    34.4439 0.0000e+00
      20610 313.929939  -62.13982  -58.43812     -0.886    1448.33    109.000    107.926    -0.6015    -0.6033    -0.0018    -0.6048    -0.6066    -0.0018   2.803653   2.803401  -0.000253    34.2778    34.2764     7.6069    27.5520    27.5510    34.2785    27.5526    1447.16    1447.15    -0.6047  1028.0791    34.4449 0.0000e+00
      20639 313.929953  -62.13982  -58.43812     -0.854    1448.33    108.000    106.936    -0.6017    -0.6027    -0.0010    -0.6049    -0.6060    -0.0010   2.803595   2.803393  -0.000211    34.2782    34.2765     7.6115    27.5523    27.5510    34.2785    27.5526    1447.14    1447.13    -0.6049  1028.0742    34.4448 0.0000e+00
      20668 313.929967  -62.13984  -58.43812     -0.813    1448.33    107.000    105.946    -0.6047    -0.6041     0.0007    -0.6079    -0.6073     0.0007   2.803281   2.803245  -0.000042    34.2781    34.2768     7.5996    27.5524    27.5513    34.2783    27.5526    1447.11    1447.11    -0.6079  1028.0695    34.4446 0.0000e+00
      20697 313.929981  -62.13984  -58.43810     -0.819    1448.33    106.000    104.956    -0.6028    -0.6026     0.0002    -0.6060    -0.6058     0.0002   2.803433   2.803314  -0.000119    34.2783    34.2765     7.6037    27.5525    27.5509    34.2788    27.5529    1447.10    1447.10    -0.6059  1028.0650    34.4451 0.0000e+00
      20727 313.929995  -62.13984  -58.43810     -0.821    1448.33    105.000    103.966    -0.5990    -0.5984     0.0006    -0.6022    -0.6016     0.0006   2.803649   2.803612  -0.000058    34.2776    34.2762     7.6143    27.5517    27.5506    34.2781    27.5521    1447.10    1447.10    -0.6021  1028.0594    34.4444 0.0000e+00
      20757 313.930010  -62.13984  -58.43809     -0.801    1448.33    104.000    102.976    -0.5997    -0.5981     0.0016    -0.6028    -0.6012     0.0016   2.803592   2.803580  -0.000001    34.2783    34.2765     7.6197    27.5523    27.5508    34.2787    27.5526    1447.09    1447.09    -0.6028  1028.0551    34.4449 0.0000e+00
      20785 313.930023  -62.13985  -58.43808     -0.820    1448.33    103.000    101.986    -0.6055    -0.5997     0.0057    -0.6086    -0.6028     0.0057   2.803004   2.803389   0.000338    34.2787    34.2768     7.6137    27.5529    27.5511    34.2779    27.5522    1447.04    1447.06    -0.6085  1028.0500    34.4442 0.0000e+00
      20812 313.930036  -62.13986  -58.43808     -0.882    1448.33    102.000    100.996    -0.6134    -0.6100     0.0034    -0.6164    -0.6131     0.0034   2.802373   2.802540   0.000177    34.2793    34.2779     7.6196    27.5538    27.5525    34.2790    27.5534    1446.99    1447.00    -0.6164  1028.0465    34.4452 0.0000e+00
      20838 313.930049  -62.13986  -58.43806     -0.914    1448.33    101.000    100.006    -0.6177    -0.6144     0.0033    -0.6207    -0.6175     0.0033   2.801975   2.802135   0.000166    34.2797    34.2783     7.6219    27.5543    27.5529    34.2791    27.5537    1446.95    1446.97    -0.6207  1028.0420    34.4453 0.0000e+00
      20864 313.930061  -62.13986  -58.43806     -0.933    1448.33    100.000     99.016    -0.6149    -0.6144     0.0006    -0.6179    -0.6174     0.0006   2.802124   2.802091  -0.000025    34.2786    34.2776     7.6161    27.5532    27.5524    34.2786    27.5532    1446.95    1446.95    -0.6178  1028.0367    34.4448 0.0000e+00
      20891 313.930074  -62.13986  -58.43804     -0.914    1448.33     99.000     98.027    -0.6116    -0.6122    -0.0006    -0.6145    -0.6152    -0.0006   2.802345   2.802197  -0.000131    34.2781    34.2771     7.6104    27.5527    27.5519    34.2784    27.5529    1446.95    1446.94    -0.6145  1028.0315    34.4446 0.0000e+00
      20920 313.930088  -62.13988  -58.43804     -0.836    1448.33     98.000     97.037    -0.6026    -0.6056    -0.0030    -0.6055    -0.6085    -0.0030   2.803038   2.802703  -0.000319    34.2773    34.2764     7.6058    27.5516    27.5510    34.2782    27.5523    1446.97    1446.96    -0.6055  1028.0262    34.4444 0.0000e+00
      20951 313.930103  -62.13988  -58.43804     -0.787    1448.33     97.000     96.047    -0.5983    -0.5976     0.0007    -0.6012    -0.6005     0.0007   2.803343   2.803286  -0.000079    34.2778    34.2760     7.6140    27.5519    27.5503    34.2781    27.5521    1446.98    1446.98    -0.6012  1028.0211    34.4443 0.0000e+00
      20982 313.930118  -62.13988  -58.43804     -0.774    1448.33     96.000     95.057    -0.6042    -0.6010     0.0031    -0.6071    -0.6040     0.0031   2.802814   2.802958   0.000128    34.2786    34.2768     7.6150    27.5527    27.5511    34.2783    27.5525    1446.93    1446.94    -0.6070  1028.0167    34.4444 0.0000e+00
      21012 313.930132  -62.13988  -58.43802     -0.792    1448.33     95.000     94.067    -0.6085    -0.6063     0.0022    -0.6114    -0.6092     0.0022   2.802416   2.802480   0.000070    34.2787    34.2771     7.6084    27.5530    27.5517    34.2784    27.5528    1446.89    1446.90    -0.6113  1028.0122    34.4446 0.0000e+00
      21038 313.930145  -62.13990  -58.43802     -0.858    1448.33     94.000     93.077    -0.6098    -0.6110    -0.0012    -0.6126    -0.6138    -0.0012   2.802258   2.802063  -0.000183    34.2786    34.2775     7.6107    27.5530    27.5521    34.2783    27.5528    1446.87    1446.87    -0.6126  1028.0074    34.4444 0.0000e+00
      21063 313.930157  -62.13990  -58.43801     -0.935    1448.33     93.000     92.087    -0.6138    -0.6113     0.0025    -0.6166    -0.6141     0.0025   2.801843   2.801969   0.000106    34.2787    34.2773     7.6145    27.5532    27.5520    34.2779    27.5526    1446.84    1446.85    -0.6165  1028.0025    34.4440 0.0000e+00
      21089 313.930170  -62.13990  -58.43800     -0.960    1448.33     92.000     91.097    -0.6169    -0.6158     0.0010    -0.6196    -0.6186     0.0010   2.801588   2.801574  -0.000004    34.2788    34.2776     7.6164    27.5534    27.5524    34.2785    27.5532    1446.81    1446.81    -0.6196  1027.9984    34.4446 0.0000e+00
