Pos-Processados/process_op42/Processamento_split/up/uoperantar42_050.cnv
* Sea-Bird SBE 9 Data File:
* FileName = C:\Users\Hidrografia\Desktop\OPXLII\Brutos\OP42050.hdr
* Software Version Seasave V 7.26.7.107
* Temperature SN = 6502
* Conductivity SN = 4998
* Number of Bytes Per Scan = 37
* Number of Voltage Words = 4
* Number of Scans Averaged by the Deck Unit = 1
* NMEA Latitude = 62 08.29 S
* NMEA Longitude = 058 26.27 W
* NMEA UTC (Time) = Nov 10 2023 01:03:24
* NMEA baud rate = 4800
** H41
** NPOALTEMAXIMIANO
** NUMERO DA ESTACAO (XXX) 50
** LAT (XX XX.XX S/N) 62 08. S
** LONG (XXX XX.XX W/E) 058 26. W
** DATAHORA (dd/mm/aaaa hh:mm Z) 10/11/2023 0105Z
** PROFUNDIDADE (m) 424
** OPERADOR CT FILIPE LOPES
# nquan = 30
# nvalues = 363                         
# units = specified
# name 0 = scan: Scan Count
# name 1 = timeJ: Julian Days
# name 2 = latitude: Latitude [deg]
# name 3 = longitude: Longitude [deg]
# name 4 = dz/dtM: Descent Rate [m/s]
# name 5 = avgsvCM: Average Sound Velocity [Chen-Millero, m/s]
# name 6 = prDM: Pressure, Digiquartz [db]
# name 7 = depSM: Depth [salt water, m]
# name 8 = t090C: Temperature [ITS-90, deg C]
# name 9 = t190C: Temperature, 2 [ITS-90, deg C]
# name 10 = T2-T190C: Temperature Difference, 2 - 1 [ITS-90, deg C]
# name 11 = potemp090C: Potential Temperature [ITS-90, deg C]
# name 12 = potemp190C: Potential Temperature, 2 [ITS-90, deg C]
# name 13 = potemp90Cdiff: Potential Temperature, Diff, 2 - 1 [ITS-90, deg C]
# name 14 = c0S/m: Conductivity [S/m]
# name 15 = c1S/m: Conductivity, 2 [S/m]
# name 16 = C2-C1S/m: Conductivity Difference, 2 - 1 [S/m]
# name 17 = sal00: Salinity, Practical [PSU]
# name 18 = sal11: Salinity, Practical, 2 [PSU]
# name 19 = sbeox0ML/L: Oxygen, SBE 43 [ml/l]
# name 20 = sigma-é00: Density [sigma-theta, kg/m^3]
# name 21 = sigma-é11: Density, 2 [sigma-theta, kg/m^3]
# name 22 = sal00: Salinity, Practical [PSU]
# name 23 = sigma-é00: Density [sigma-theta, kg/m^3]
# name 24 = svCM: Sound Velocity [Chen-Millero, m/s]
# name 25 = svCM1: Sound Velocity, 2 [Chen-Millero, m/s]
# name 26 = gsw_ptA0: potential temperature [ITS-90, deg C]
# name 27 = gsw_densityA0: density, TEOS-10 [density, kg/m^3]
# name 28 = gsw_saA0: Absolute Salinity [g/kg]
# name 29 = flag:
# span 0 =      17698,      29041       
# span 1 = 314.052562, 314.058032       
# span 2 =  -62.14173,  -62.14058       
# span 3 =  -58.42855,  -58.42253       
# span 4 =     -1.024,     -0.076       
# span 5 =    1448.13,    1448.13       
# span 6 =      3.000,    365.000       
# span 7 =      2.976,    361.179       
# span 8 =    -0.8138,    -0.5096       
# span 9 =    -0.8129,    -0.5093       
# span 10 =    -0.0094,     0.0209      
# span 11 =    -0.8197,    -0.5219      
# span 12 =    -0.8188,    -0.5215      
# span 13 =    -0.0094,     0.0209      
# span 14 =   2.791844,   2.833309      
# span 15 =   2.791812,   2.833229      
# span 16 =  -0.000842,   0.001934      
# span 17 =    34.2730,    34.4180      
# span 18 =    34.2722,    34.4171      
# span 19 =     6.5940,     7.6631      
# span 20 =    27.5463,    27.6619      
# span 21 =    27.5456,    27.6610      
# span 22 =    34.2731,    34.4180      
# span 23 =    27.5464,    27.6618      
# span 24 =    1445.60,    1451.94      
# span 25 =    1445.60,    1451.94      
# span 26 =    -0.8195,    -0.5216      
# span 27 =  1027.5629,  1029.4067      
# span 28 =    34.4355,    34.5863      
# span 29 = 0.0000e+00, 0.0000e+00      
# interval = decibars: 1                
# start_time = Nov 10 2023 01:03:24 [NMEA time, header]
# bad_flag = -9.990e-29
*END*
[from data line 194]
      23466 314.055344  -62.14114  -58.42547     -0.860    1448.13    171.000    169.289    -0.7839    -0.7832     0.0008    -0.7889    -0.7882     0.0008   2.792988   2.792959  -0.000031    34.3028    34.3015     7.5020    27.5800    27.5789    34.3029    27.5801    1447.34    1447.34    -0.7888  1028.4039    34.4699 0.0000e+00
      23492 314.055356  -62.14114  -58.42545     -0.908    1448.13    170.000    168.300    -0.7829    -0.7827     0.0002    -0.7879    -0.7877     0.0002   2.793020   2.792937  -0.000080    34.3026    34.3013     7.4991    27.5798    27.5787    34.3028    27.5800    1447.33    1447.33    -0.7878  1028.3990    34.4698 0.0000e+00
      23519 314.055369  -62.14114  -58.42544     -0.912    1448.13    169.000    167.310    -0.7821    -0.7814     0.0007    -0.7870    -0.7864     0.0007   2.793039   2.792992  -0.000049    34.3025    34.3011     7.4966    27.5797    27.5785    34.3027    27.5799    1447.32    1447.32    -0.7869  1028.3941    34.4698 0.0000e+00
      23548 314.055383  -62.14114  -58.42542     -0.854    1448.13    168.000    166.320    -0.7783    -0.7795    -0.0012    -0.7833    -0.7845    -0.0012   2.793264   2.793089  -0.000165    34.3016    34.3008     7.4871    27.5788    27.5782    34.3022    27.5793    1447.32    1447.31    -0.7831  1028.3887    34.4692 0.0000e+00
      23578 314.055398  -62.14116  -58.42540     -0.806    1448.13    167.000    165.331    -0.7740    -0.7751    -0.0010    -0.7789    -0.7800    -0.0010   2.793549   2.793383  -0.000163    34.3011    34.3001     7.5024    27.5782    27.5774    34.3017    27.5787    1447.32    1447.32    -0.7788  1028.3808    34.4656 0.0000e+00
      23608 314.055412  -62.14116  -58.42539     -0.799    1448.13    166.000    164.341    -0.7638    -0.7691    -0.0053    -0.7687    -0.7740    -0.0053   2.794320   2.793804  -0.000488    34.2998    34.2991     7.4991    27.5767    27.5764    34.3012    27.5779    1447.35    1447.33    -0.7686  1028.3777    34.4682 0.0000e+00
      23641 314.055428  -62.14116  -58.42537     -0.743    1448.13    165.000    163.352    -0.7591    -0.7594    -0.0003    -0.7639    -0.7643    -0.0003   2.794594   2.794439  -0.000174    34.2996    34.2976     7.4998    27.5763    27.5748    34.3001    27.5768    1447.36    1447.35    -0.7638  1028.3718    34.4671 0.0000e+00
      23674 314.055444  -62.14116  -58.42536     -0.716    1448.13    164.000    162.362    -0.7542    -0.7529     0.0014    -0.7591    -0.7577     0.0014   2.794916   2.794896  -0.000024    34.2987    34.2968     7.5032    27.5754    27.5738    34.2996    27.5762    1447.36    1447.37    -0.7589  1028.3664    34.4666 0.0000e+00
      23703 314.055458  -62.14116  -58.42534     -0.786    1448.13    163.000    161.372    -0.7485    -0.7506    -0.0021    -0.7534    -0.7554    -0.0021   2.795296   2.795029  -0.000242    34.2976    34.2966     7.5027    27.5743    27.5736    34.2989    27.5754    1447.37    1447.36    -0.7532  1028.3608    34.4659 0.0000e+00
      23732 314.055472  -62.14116  -58.42533     -0.846    1448.13    162.000    160.383    -0.7325    -0.7401    -0.0076    -0.7373    -0.7449    -0.0076   2.796452   2.795756  -0.000681    34.2948    34.2941     7.5099    27.5714    27.5712    34.2970    27.5732    1447.43    1447.39    -0.7372  1028.3537    34.4639 0.0000e+00
      23758 314.055485  -62.14117  -58.42531     -0.884    1448.13    161.000    159.393    -0.7205    -0.7256    -0.0051    -0.7253    -0.7304    -0.0051   2.797239   2.796760  -0.000476    34.2927    34.2921     7.5162    27.5692    27.5689    34.2946    27.5707    1447.47    1447.44    -0.7252  1028.3464    34.4615 0.0000e+00
      23782 314.055496  -62.14118  -58.42529     -0.965    1448.13    160.000    158.404    -0.7135    -0.7198    -0.0063    -0.7183    -0.7246    -0.0063   2.797792   2.797158  -0.000608    34.2929    34.2918     7.5182    27.5690    27.5684    34.2948    27.5706    1447.48    1447.45    -0.7182  1028.3415    34.4617 0.0000e+00
      23807 314.055508  -62.14118  -58.42528     -0.973    1448.13    159.000    157.414    -0.7055    -0.7105    -0.0050    -0.7103    -0.7153    -0.0050   2.798369   2.797868  -0.000522    34.2921    34.2908     7.5269    27.5681    27.5672    34.2942    27.5697    1447.50    1447.48    -0.7101  1028.3358    34.4611 0.0000e+00
      23836 314.055522  -62.14118  -58.42526     -0.873    1448.13    158.000    156.424    -0.6996    -0.7013    -0.0017    -0.7043    -0.7060    -0.0017   2.798759   2.798521  -0.000246    34.2916    34.2901     7.5339    27.5674    27.5663    34.2933    27.5688    1447.51    1447.50    -0.7042  1028.3301    34.4602 0.0000e+00
      23865 314.055536  -62.14118  -58.42526     -0.826    1448.13    157.000    155.435    -0.6946    -0.6969    -0.0023    -0.6993    -0.7016    -0.0023   2.799114   2.798813  -0.000294    34.2915    34.2901     7.5329    27.5671    27.5661    34.2930    27.5684    1447.52    1447.51    -0.6992  1028.3248    34.4599 0.0000e+00
      23895 314.055551  -62.14118  -58.42523     -0.804    1448.13    156.000    154.445    -0.6931    -0.6948    -0.0016    -0.6978    -0.6994    -0.0016   2.799130   2.798916  -0.000225    34.2910    34.2898     7.5370    27.5667    27.5658    34.2922    27.5677    1447.51    1447.50    -0.6977  1028.3193    34.4591 0.0000e+00
      23925 314.055565  -62.14118  -58.42521     -0.790    1448.13    155.000    153.455    -0.6942    -0.6935     0.0007    -0.6989    -0.6982     0.0007   2.798960   2.798917  -0.000055    34.2910    34.2895     7.5516    27.5667    27.5654    34.2918    27.5674    1447.49    1447.49    -0.6987  1028.3142    34.4587 0.0000e+00
      23954 314.055579  -62.14118  -58.42520     -0.818    1448.13    154.000    152.465    -0.6993    -0.6962     0.0031    -0.7039    -0.7008     0.0031   2.798332   2.798563   0.000195    34.2897    34.2888     7.5481    27.5659    27.5650    34.2897    27.5659    1447.45    1447.46    -0.7038  1028.3080    34.4566 0.0000e+00
      23984 314.055594  -62.14120  -58.42518     -0.818    1448.13    153.000    151.476    -0.7025    -0.7014     0.0011    -0.7070    -0.7060     0.0011   2.797994   2.798001   0.000001    34.2892    34.2881     7.5532    27.5656    27.5646    34.2893    27.5657    1447.41    1447.42    -0.7069  1028.3031    34.4562 0.0000e+00
      24015 314.055609  -62.14120  -58.42517     -0.783    1448.13    152.000    150.486    -0.7076    -0.7063     0.0013    -0.7121    -0.7108     0.0013   2.797425   2.797430   0.000014    34.2883    34.2870     7.5594    27.5651    27.5640    34.2881    27.5649    1447.37    1447.38    -0.7120  1028.2975    34.4549 0.0000e+00
      24045 314.055623  -62.14120  -58.42515     -0.789    1448.13    151.000    149.496    -0.7161    -0.7143     0.0017    -0.7205    -0.7188     0.0017   2.796415   2.796523   0.000106    34.2852    34.2847     7.5626    27.5629    27.5624    34.2846    27.5624    1447.31    1447.32    -0.7205  1028.2903    34.4514 0.0000e+00
      24073 314.055637  -62.14120  -58.42514     -0.826    1448.13    150.000    148.507    -0.7162    -0.7156     0.0007    -0.7207    -0.7201     0.0007   2.796282   2.796274  -0.000009    34.2838    34.2829     7.5588    27.5618    27.5611    34.2836    27.5616    1447.29    1447.29    -0.7205  1028.2848    34.4504 0.0000e+00
      24100 314.055650  -62.14120  -58.42512     -0.879    1448.13    149.000    147.517    -0.7147    -0.7144     0.0003    -0.7191    -0.7188     0.0003   2.796341   2.796278  -0.000056    34.2831    34.2820     7.5694    27.5612    27.5603    34.2833    27.5613    1447.28    1447.28    -0.7190  1028.2796    34.4501 0.0000e+00
      24127 314.055662  -62.14120  -58.42510     -0.902    1448.13    148.000    146.527    -0.7105    -0.7113    -0.0008    -0.7149    -0.7157    -0.0008   2.796648   2.796454  -0.000183    34.2829    34.2813     7.5788    27.5608    27.5596    34.2834    27.5612    1447.29    1447.28    -0.7148  1028.2747    34.4501 0.0000e+00
      24154 314.055675  -62.14120  -58.42510     -0.906    1448.13    147.000    145.538    -0.7040    -0.7055    -0.0016    -0.7083    -0.7099    -0.0016   2.797119   2.796867  -0.000250    34.2821    34.2805     7.5749    27.5599    27.5587    34.2829    27.5605    1447.30    1447.29    -0.7083  1028.2692    34.4496 0.0000e+00
      24184 314.055690  -62.14122  -58.42507     -0.836    1448.13    146.000    144.548    -0.6973    -0.7007    -0.0034    -0.7017    -0.7051    -0.0034   2.797558   2.797189  -0.000350    34.2812    34.2803     7.5834    27.5589    27.5583    34.2819    27.5595    1447.31    1447.30    -0.7016  1028.2634    34.4487 0.0000e+00
      24217 314.055706  -62.14122  -58.42506     -0.733    1448.13    145.000    143.558    -0.6924    -0.6933    -0.0009    -0.6968    -0.6976    -0.0009   2.797885   2.797756  -0.000140    34.2805    34.2796     7.5899    27.5581    27.5574    34.2814    27.5589    1447.32    1447.31    -0.6966  1028.2579    34.4482 0.0000e+00
      24253 314.055723  -62.14122  -58.42504     -0.680    1448.13    144.000    142.569    -0.6821    -0.6823    -0.0003    -0.6864    -0.6866    -0.0003   2.798631   2.798578  -0.000076    34.2794    34.2786     7.5871    27.5567    27.5562    34.2804    27.5576    1447.35    1447.35    -0.6863  1028.2518    34.4471 0.0000e+00
      24289 314.055741  -62.14122  -58.42503     -0.650    1448.13    143.000    141.579    -0.6716    -0.6740    -0.0023    -0.6759    -0.6783    -0.0023   2.799618   2.799239  -0.000314    34.2799    34.2783     7.5909    27.5567    27.5555    34.2825    27.5588    1447.39    1447.37    -0.6758  1028.2483    34.4492 0.0000e+00
      24320 314.055755  -62.14122  -58.42500     -0.753    1448.13    142.000    140.589    -0.6428    -0.6522    -0.0094    -0.6471    -0.6565    -0.0094   2.801739   2.800957  -0.000842    34.2772    34.2765     7.5977    27.5533    27.5531    34.2791    27.5549    1447.50    1447.46    -0.6470  1028.2394    34.4458 0.0000e+00
      24347 314.055769  -62.14124  -58.42500     -0.838    1448.13    141.000    139.599    -0.6303    -0.6319    -0.0016    -0.6346    -0.6362    -0.0016   2.802863   2.802562  -0.000254    34.2768    34.2753     7.5898    27.5525    27.5513    34.2807    27.5556    1447.54    1447.53    -0.6345  1028.2353    34.4474 0.0000e+00
      24374 314.055782  -62.14124  -58.42497     -0.881    1448.13    140.000    138.610    -0.6197    -0.6219    -0.0022    -0.6239    -0.6262    -0.0022   2.803609   2.803287  -0.000319    34.2772    34.2754     7.5946    27.5523    27.5510    34.2793    27.5541    1447.57    1447.56    -0.6239  1028.2289    34.4460 0.0000e+00
      24402 314.055795  -62.14124  -58.42496     -0.884    1448.13    139.000    137.620    -0.6153    -0.6174    -0.0021    -0.6195    -0.6217    -0.0021   2.803888   2.803619  -0.000288    34.2769    34.2754     7.6001    27.5519    27.5508    34.2788    27.5534    1447.58    1447.57    -0.6194  1028.2234    34.4454 0.0000e+00
      24433 314.055810  -62.14124  -58.42495     -0.812    1448.13    138.000    136.630    -0.6150    -0.6159    -0.0009    -0.6192    -0.6201    -0.0009   2.803874   2.803693  -0.000174    34.2772    34.2759     7.6104    27.5521    27.5511    34.2788    27.5534    1447.56    1447.56    -0.6191  1028.2187    34.4455 0.0000e+00
      24467 314.055826  -62.14124  -58.42493     -0.717    1448.13    137.000    135.640    -0.6127    -0.6134    -0.0007    -0.6169    -0.6176    -0.0007   2.804046   2.803853  -0.000200    34.2777    34.2758     7.6213    27.5524    27.5509    34.2792    27.5536    1447.56    1447.55    -0.6168  1028.2141    34.4459 0.0000e+00
      24503 314.055844  -62.14124  -58.42492     -0.671    1448.13    136.000    134.651    -0.6095    -0.6089     0.0006    -0.6137    -0.6130     0.0006   2.804208   2.804153  -0.000073    34.2772    34.2755     7.6290    27.5519    27.5505    34.2784    27.5529    1447.56    1447.56    -0.6136  1028.2085    34.4450 0.0000e+00
      24538 314.055861  -62.14126  -58.42490     -0.679    1448.13    135.000    133.661    -0.6076    -0.6068     0.0007    -0.6117    -0.6110     0.0007   2.804315   2.804264  -0.000049    34.2772    34.2757     7.6265    27.5518    27.5506    34.2782    27.5526    1447.55    1447.55    -0.6116  1028.2035    34.4449 0.0000e+00
      24570 314.055876  -62.14126  -58.42488     -0.736    1448.13    134.000    132.671    -0.6076    -0.6066     0.0010    -0.6117    -0.6107     0.0010   2.804270   2.804249  -0.000029    34.2775    34.2760     7.6124    27.5520    27.5508    34.2782    27.5526    1447.53    1447.54    -0.6116  1028.1987    34.4449 0.0000e+00
      24602 314.055892  -62.14126  -58.42487     -0.745    1448.13    133.000    131.682    -0.6091    -0.6075     0.0016    -0.6131    -0.6115     0.0016   2.804136   2.804120  -0.000017    34.2782    34.2761     7.6187    27.5526    27.5509    34.2787    27.5531    1447.51    1447.52    -0.6130  1028.1944    34.4454 0.0000e+00
      24634 314.055907  -62.14126  -58.42486     -0.745    1448.13    132.000    130.692    -0.6091    -0.6083     0.0009    -0.6131    -0.6123     0.0009   2.804073   2.803997  -0.000080    34.2781    34.2760     7.6217    27.5526    27.5509    34.2786    27.5530    1447.49    1447.49    -0.6130  1028.1895    34.4452 0.0000e+00
      24666 314.055923  -62.14126  -58.42483     -0.749    1448.13    131.000    129.702    -0.6092    -0.6079     0.0013    -0.6132    -0.6119     0.0013   2.803997   2.803955  -0.000043    34.2779    34.2758     7.6201    27.5524    27.5507    34.2783    27.5527    1447.48    1447.48    -0.6131  1028.1845    34.4449 0.0000e+00
      24696 314.055937  -62.14126  -58.42482     -0.778    1448.13    130.000    128.712    -0.6106    -0.6096     0.0011    -0.6146    -0.6135     0.0011   2.803830   2.803767  -0.000067    34.2781    34.2759     7.6192    27.5527    27.5509    34.2783    27.5528    1447.45    1447.46    -0.6145  1028.1798    34.4448 0.0000e+00
      24727 314.055952  -62.14126  -58.42480     -0.803    1448.13    129.000    127.722    -0.6104    -0.6096     0.0008    -0.6143    -0.6135     0.0008   2.803786   2.803728  -0.000058    34.2777    34.2761     7.6340    27.5523    27.5510    34.2780    27.5526    1447.44    1447.44    -0.6142  1028.1747    34.4446 0.0000e+00
      24760 314.055968  -62.14128  -58.42479     -0.733    1448.13    128.000    126.732    -0.6105    -0.6097     0.0008    -0.6144    -0.6136     0.0008   2.803699   2.803667  -0.000036    34.2775    34.2761     7.6274    27.5521    27.5510    34.2776    27.5522    1447.42    1447.42    -0.6143  1028.1696    34.4441 0.0000e+00
      24796 314.055985  -62.14128  -58.42478     -0.672    1448.13    127.000    125.743    -0.6116    -0.6108     0.0009    -0.6155    -0.6146     0.0009   2.803575   2.803526  -0.000044    34.2777    34.2761     7.6216    27.5524    27.5510    34.2778    27.5525    1447.40    1447.40    -0.6154  1028.1651    34.4443 0.0000e+00
      24833 314.056003  -62.14128  -58.42476     -0.653    1448.13    126.000    124.753    -0.6125    -0.6115     0.0010    -0.6163    -0.6153     0.0010   2.803439   2.803422  -0.000022    34.2776    34.2761     7.6208    27.5523    27.5511    34.2775    27.5522    1447.38    1447.38    -0.6162  1028.1601    34.4440 0.0000e+00
      24864 314.056018  -62.14128  -58.42475     -0.727    1448.13    125.000    123.763    -0.6126    -0.6118     0.0008    -0.6164    -0.6156     0.0008   2.803375   2.803348  -0.000026    34.2774    34.2761     7.6233    27.5522    27.5511    34.2775    27.5522    1447.36    1447.36    -0.6163  1028.1553    34.4440 0.0000e+00
