Pos-Processados/process_op42/Processamento_split/up/uoperantar42_037.cnv
* Sea-Bird SBE 9 Data File:
* FileName = C:\Users\Hidrografia\Desktop\OPXLII\Brutos\OP42037.hdr
* Software Version Seasave V 7.26.7.107
* Temperature SN = 6502
* Conductivity SN = 4998
* Number of Bytes Per Scan = 37
* Number of Voltage Words = 4
* Number of Scans Averaged by the Deck Unit = 1
* NMEA Latitude = 62 08.60 S
* NMEA Longitude = 058 26.37 W
* NMEA UTC (Time) = Nov 09 2023 12:08:15
* NMEA baud rate = 4800
** H41
** NPOALTEMAXIMIANO
** NUMERO DA ESTACAO (XXX) 037
** LAT (XX XX.XX S/N) 62 08.14 S
** LONG (XXX XX.XX W/E) 058 26.57 W
** DATAHORA (dd/mm/aaaa hh:mm Z) 09/11/2023 1205Z
** PROFUNDIDADE (m) 400
** OPERADOR 1T ZAMITH
# nquan = 30
# nvalues = 331                         
# units = specified
# name 0 = scan: Scan Count
# name 1 = timeJ: Julian Days
# name 2 = latitude: Latitude [deg]
# name 3 = longitude: Longitude [deg]
# name 4 = dz/dtM: Descent Rate [m/s]
# name 5 = avgsvCM: Average Sound Velocity [Chen-Millero, m/s]
# name 6 = prDM: Pressure, Digiquartz [db]
# name 7 = depSM: Depth [salt water, m]
# name 8 = t090C: Temperature [ITS-90, deg C]
# name 9 = t190C: Temperature, 2 [ITS-90, deg C]
# name 10 = T2-T190C: Temperature Difference, 2 - 1 [ITS-90, deg C]
# name 11 = potemp090C: Potential Temperature [ITS-90, deg C]
# name 12 = potemp190C: Potential Temperature, 2 [ITS-90, deg C]
# name 13 = potemp90Cdiff: Potential Temperature, Diff, 2 - 1 [ITS-90, deg C]
# name 14 = c0S/m: Conductivity [S/m]
# name 15 = c1S/m: Conductivity, 2 [S/m]
# name 16 = C2-C1S/m: Conductivity Difference, 2 - 1 [S/m]
# name 17 = sal00: Salinity, Practical [PSU]
# name 18 = sal11: Salinity, Practical, 2 [PSU]
# name 19 = sbeox0ML/L: Oxygen, SBE 43 [ml/l]
# name 20 = sigma-é00: Density [sigma-theta, kg/m^3]
# name 21 = sigma-é11: Density, 2 [sigma-theta, kg/m^3]
# name 22 = sal00: Salinity, Practical [PSU]
# name 23 = sigma-é00: Density [sigma-theta, kg/m^3]
# name 24 = svCM: Sound Velocity [Chen-Millero, m/s]
# name 25 = svCM1: Sound Velocity, 2 [Chen-Millero, m/s]
# name 26 = gsw_ptA0: potential temperature [ITS-90, deg C]
# name 27 = gsw_densityA0: density, TEOS-10 [density, kg/m^3]
# name 28 = gsw_saA0: Absolute Salinity [g/kg]
# name 29 = flag:
# span 0 =      13940,      22910       
# span 1 = 313.512451, 313.516777       
# span 2 =  -62.14786,  -62.14600       
# span 3 =  -58.43492,  -58.43322       
# span 4 =     -1.322,     -0.358       
# span 5 =    1447.84,    1447.84       
# span 6 =      4.000,    334.000       
# span 7 =      4.007,    330.522       
# span 8 =    -0.8284,    -0.5493       
# span 9 =    -0.8271,    -0.5489       
# span 10 =    -0.0092,     0.0118      
# span 11 =    -0.8337,    -0.5496      
# span 12 =    -0.8323,    -0.5492      
# span 13 =    -0.0092,     0.0118      
# span 14 =   2.790017,   2.824949      
# span 15 =   2.789995,   2.824914      
# span 16 =  -0.000887,   0.001077      
# span 17 =    34.2824,    34.3927      
# span 18 =    34.2810,    34.3918      
# span 19 =     6.7715,     7.6549      
# span 20 =    27.5535,    27.6440      
# span 21 =    27.5529,    27.6432      
# span 22 =    34.2825,    34.3925      
# span 23 =    27.5534,    27.6439      
# span 24 =    1445.69,    1451.12      
# span 25 =    1445.70,    1451.12      
# span 26 =    -0.8336,    -0.5496      
# span 27 =  1027.5772,  1029.2425      
# span 28 =    34.4452,    34.5622      
# span 29 = 0.0000e+00, 0.0000e+00      
# interval = decibars: 1                
# start_time = Nov 09 2023 12:08:15 [NMEA time, header]
# bad_flag = -9.990e-29
*END*
[from data line 242]
      20265 313.515502  -62.14730  -58.43370     -0.880    1447.84     92.000     91.097    -0.7218    -0.7221    -0.0003    -0.7245    -0.7248    -0.0003   2.793560   2.793442  -0.000121    34.2887    34.2874     7.5408    27.5659    27.5649    34.2890    27.5662    1446.33    1446.33    -0.7244  1028.0117    34.4552 0.0000e+00
      20295 313.515516  -62.14731  -58.43368     -0.849    1447.84     91.000     90.107    -0.7208    -0.7205     0.0004    -0.7235    -0.7232     0.0004   2.793602   2.793531  -0.000069    34.2888    34.2875     7.5267    27.5660    27.5649    34.2892    27.5663    1446.32    1446.32    -0.7234  1028.0069    34.4553 0.0000e+00
      20326 313.515531  -62.14732  -58.43368     -0.775    1447.84     90.000     89.117    -0.7193    -0.7195    -0.0003    -0.7219    -0.7221    -0.0003   2.793660   2.793559  -0.000098    34.2884    34.2874     7.5287    27.5656    27.5648    34.2888    27.5658    1446.31    1446.31    -0.7218  1028.0017    34.4548 0.0000e+00
      20358 313.515546  -62.14732  -58.43368     -0.749    1447.84     89.000     88.127    -0.7166    -0.7171    -0.0005    -0.7192    -0.7197    -0.0005   2.793840   2.793710  -0.000126    34.2883    34.2871     7.5445    27.5654    27.5644    34.2888    27.5658    1446.31    1446.30    -0.7191  1027.9969    34.4549 0.0000e+00
      20388 313.515561  -62.14732  -58.43366     -0.789    1447.84     88.000     87.137    -0.7137    -0.7131     0.0006    -0.7163    -0.7157     0.0006   2.794034   2.793976  -0.000066    34.2883    34.2868     7.5384    27.5653    27.5640    34.2888    27.5656    1446.30    1446.31    -0.7162  1027.9919    34.4548 0.0000e+00
      20416 313.515574  -62.14734  -58.43366     -0.838    1447.84     87.000     86.147    -0.7123    -0.7119     0.0003    -0.7148    -0.7145     0.0003   2.794097   2.794038  -0.000056    34.2882    34.2871     7.5306    27.5651    27.5642    34.2886    27.5655    1446.29    1446.29    -0.7148  1027.9869    34.4547 0.0000e+00
      20445 313.515588  -62.14734  -58.43366     -0.841    1447.84     86.000     85.157    -0.7107    -0.7103     0.0004    -0.7133    -0.7128     0.0004   2.794185   2.794119  -0.000069    34.2883    34.2868     7.5337    27.5651    27.5639    34.2887    27.5654    1446.28    1446.29    -0.7132  1027.9821    34.4547 0.0000e+00
      20477 313.515604  -62.14734  -58.43366     -0.775    1447.84     85.000     84.167    -0.7098    -0.7089     0.0009    -0.7123    -0.7114     0.0009   2.794223   2.794191  -0.000038    34.2884    34.2869     7.5494    27.5651    27.5639    34.2887    27.5654    1446.27    1446.28    -0.7122  1027.9773    34.4547 0.0000e+00
      20508 313.515619  -62.14736  -58.43364     -0.750    1447.84     84.000     83.177    -0.7078    -0.7061     0.0017    -0.7102    -0.7085     0.0017   2.794323   2.794384   0.000056    34.2880    34.2868     7.5399    27.5648    27.5638    34.2884    27.5651    1446.27    1446.27    -0.7102  1027.9722    34.4544 0.0000e+00
      20537 313.515633  -62.14736  -58.43364     -0.809    1447.84     83.000     82.187    -0.7049    -0.7051    -0.0002    -0.7073    -0.7075    -0.0002   2.794553   2.794419  -0.000121    34.2883    34.2869     7.5371    27.5649    27.5637    34.2889    27.5653    1446.26    1446.26    -0.7073  1027.9676    34.4548 0.0000e+00
      20563 313.515645  -62.14736  -58.43364     -0.894    1447.84     82.000     81.197    -0.7018    -0.7027    -0.0009    -0.7042    -0.7051    -0.0009   2.794761   2.794585  -0.000170    34.2882    34.2869     7.5479    27.5646    27.5636    34.2888    27.5651    1446.26    1446.26    -0.7041  1027.9626    34.4547 0.0000e+00
      20590 313.515658  -62.14737  -58.43363     -0.912    1447.84     81.000     80.207    -0.6997    -0.7006    -0.0009    -0.7021    -0.7030    -0.0009   2.794869   2.794703  -0.000165    34.2880    34.2868     7.5544    27.5644    27.5635    34.2885    27.5648    1446.26    1446.25    -0.7020  1027.9575    34.4544 0.0000e+00
      20621 313.515673  -62.14738  -58.43362     -0.815    1447.84     80.000     79.217    -0.6983    -0.6992    -0.0008    -0.7007    -0.7015    -0.0008   2.794928   2.794767  -0.000160    34.2880    34.2868     7.5419    27.5643    27.5634    34.2884    27.5647    1446.25    1446.24    -0.7006  1027.9525    34.4543 0.0000e+00
      20654 313.515689  -62.14738  -58.43362     -0.717    1447.84     79.000     78.227    -0.6968    -0.6974    -0.0006    -0.6991    -0.6997    -0.0006   2.794995   2.794860  -0.000137    34.2877    34.2865     7.5414    27.5641    27.5631    34.2882    27.5644    1446.24    1446.23    -0.6991  1027.9475    34.4541 0.0000e+00
      20685 313.515704  -62.14739  -58.43361     -0.749    1447.84     78.000     77.237    -0.6948    -0.6945     0.0002    -0.6971    -0.6968     0.0002   2.795121   2.795046  -0.000070    34.2877    34.2865     7.5474    27.5639    27.5630    34.2882    27.5643    1446.23    1446.23    -0.6970  1027.9426    34.4540 0.0000e+00
      20713 313.515717  -62.14740  -58.43360     -0.837    1447.84     77.000     76.247    -0.6915    -0.6912     0.0003    -0.6938    -0.6935     0.0003   2.795373   2.795289  -0.000097    34.2878    34.2861     7.5429    27.5638    27.5625    34.2885    27.5645    1446.23    1446.23    -0.6937  1027.9380    34.4544 0.0000e+00
      20739 313.515730  -62.14740  -58.43360     -0.907    1447.84     76.000     75.257    -0.6840    -0.6842    -0.0003    -0.6862    -0.6865    -0.0003   2.795882   2.795743  -0.000119    34.2865    34.2852     7.5418    27.5625    27.5615    34.2875    27.5633    1446.25    1446.24    -0.6862  1027.9319    34.4533 0.0000e+00
      20768 313.515744  -62.14740  -58.43360     -0.869    1447.84     75.000     74.267    -0.6820    -0.6819     0.0001    -0.6842    -0.6841     0.0001   2.795979   2.795887  -0.000095    34.2862    34.2849     7.5466    27.5622    27.5611    34.2871    27.5629    1446.24    1446.24    -0.6841  1027.9268    34.4529 0.0000e+00
      20800 313.515759  -62.14742  -58.43360     -0.773    1447.84     74.000     73.277    -0.6701    -0.6734    -0.0033    -0.6722    -0.6755    -0.0033   2.796829   2.796479  -0.000321    34.2844    34.2838     7.5562    27.5603    27.5599    34.2857    27.5613    1446.28    1446.26    -0.6722  1027.9203    34.4515 0.0000e+00
      20835 313.515777  -62.14742  -58.43359     -0.673    1447.84     73.000     72.287    -0.6625    -0.6676    -0.0051    -0.6646    -0.6697    -0.0051   2.797351   2.796934  -0.000429    34.2832    34.2832     7.5493    27.5589    27.5591    34.2848    27.5602    1446.30    1446.27    -0.6646  1027.9144    34.4506 0.0000e+00
      20864 313.515791  -62.14742  -58.43358     -0.762    1447.84     72.000     71.296    -0.6487    -0.6507    -0.0020    -0.6508    -0.6528    -0.0020   2.798562   2.798220  -0.000291    34.2836    34.2820     7.5477    27.5587    27.5575    34.2861    27.5607    1446.35    1446.33    -0.6508  1027.9101    34.4519 0.0000e+00
      20889 313.515802  -62.14744  -58.43358     -0.925    1447.84     71.000     70.307    -0.6343    -0.6436    -0.0092    -0.6365    -0.6457    -0.0092   2.799685   2.798792  -0.000887    34.2834    34.2820     7.5558    27.5579    27.5571    34.2857    27.5597    1446.39    1446.35    -0.6364  1027.9043    34.4514 0.0000e+00
      20914 313.515814  -62.14744  -58.43356     -0.981    1447.84     70.000     69.316    -0.6299    -0.6362    -0.0063    -0.6320    -0.6383    -0.0063   2.799978   2.799318  -0.000657    34.2833    34.2815     7.5698    27.5576    27.5565    34.2852    27.5592    1446.40    1446.37    -0.6319  1027.8989    34.4510 0.0000e+00
      20942 313.515828  -62.14744  -58.43356     -0.901    1447.84     69.000     68.327    -0.6231    -0.6319    -0.0088    -0.6251    -0.6339    -0.0088   2.800426   2.799625  -0.000804    34.2826    34.2817     7.5712    27.5568    27.5564    34.2842    27.5580    1446.41    1446.37    -0.6251  1027.8930    34.4499 0.0000e+00
      20975 313.515844  -62.14745  -58.43356     -0.747    1447.84     68.000     67.337    -0.6194    -0.6213    -0.0019    -0.6214    -0.6233    -0.0019   2.800712   2.800454  -0.000258    34.2827    34.2814     7.5777    27.5567    27.5557    34.2844    27.5581    1446.41    1446.40    -0.6214  1027.8882    34.4502 0.0000e+00
      21009 313.515860  -62.14746  -58.43356     -0.699    1447.84     67.000     66.346    -0.6102    -0.6112    -0.0010    -0.6122    -0.6132    -0.0010   2.801434   2.801260  -0.000193    34.2825    34.2810     7.5926    27.5561    27.5550    34.2844    27.5577    1446.44    1446.44    -0.6122  1027.8830    34.4501 0.0000e+00
      21036 313.515874  -62.14746  -58.43354     -0.814    1447.84     66.000     65.356    -0.6005    -0.6046    -0.0041    -0.6024    -0.6066    -0.0041   2.802272   2.801767  -0.000493    34.2831    34.2811     7.5975    27.5562    27.5548    34.2853    27.5580    1446.47    1446.45    -0.6024  1027.8785    34.4510 0.0000e+00
      21061 313.515886  -62.14747  -58.43354     -0.927    1447.84     65.000     64.366    -0.5962    -0.5976    -0.0014    -0.5981    -0.5996    -0.0014   2.802537   2.802297  -0.000251    34.2830    34.2811     7.5930    27.5559    27.5545    34.2846    27.5572    1446.48    1446.47    -0.5981  1027.8729    34.4503 0.0000e+00
      21087 313.515898  -62.14748  -58.43354     -0.947    1447.84     64.000     63.376    -0.5920    -0.5928    -0.0008    -0.5939    -0.5947    -0.0008   2.802816   2.802625  -0.000196    34.2827    34.2810     7.5921    27.5555    27.5541    34.2842    27.5567    1446.48    1446.47    -0.5939  1027.8676    34.4499 0.0000e+00
      21117 313.515912  -62.14748  -58.43354     -0.857    1447.84     63.000     62.386    -0.5922    -0.5923    -0.0001    -0.5941    -0.5942    -0.0001   2.802755   2.802636  -0.000138    34.2832    34.2815     7.5946    27.5559    27.5545    34.2842    27.5567    1446.46    1446.46    -0.5940  1027.8629    34.4499 0.0000e+00
      21148 313.515928  -62.14748  -58.43352     -0.764    1447.84     62.000     61.396    -0.5920    -0.5912     0.0007    -0.5938    -0.5931     0.0007   2.802727   2.802667  -0.000072    34.2833    34.2815     7.6053    27.5560    27.5545    34.2842    27.5567    1446.45    1446.45    -0.5938  1027.8581    34.4499 0.0000e+00
      21181 313.515943  -62.14750  -58.43352     -0.739    1447.84     61.000     60.406    -0.5908    -0.5905     0.0004    -0.5926    -0.5923     0.0004   2.802770   2.802693  -0.000076    34.2832    34.2818     7.5956    27.5558    27.5547    34.2842    27.5566    1446.44    1446.43    -0.5926  1027.8532    34.4498 0.0000e+00
      21210 313.515957  -62.14750  -58.43352     -0.790    1447.84     60.000     59.416    -0.5888    -0.5888    -0.0000    -0.5906    -0.5906    -0.0000   2.802910   2.802785  -0.000127    34.2835    34.2818     7.5987    27.5560    27.5546    34.2844    27.5567    1446.43    1446.43    -0.5906  1027.8486    34.4502 0.0000e+00
      21238 313.515971  -62.14750 -9.990e-29     -0.850    1447.84     59.000     58.426    -0.5863    -0.5860     0.0004    -0.5881    -0.5877     0.0004   2.803074   2.802962  -0.000111    34.2836    34.2817     7.6066    27.5560    27.5544    34.2844    27.5566    1446.42    1446.42    -0.5880  1027.8444    34.4511 0.0000e+00
      21266 313.515984  -62.14752 -9.990e-29     -0.854    1447.84     58.000     57.435    -0.5855    -0.5850     0.0004    -0.5872    -0.5867     0.0004   2.803066   2.802990  -0.000080    34.2832    34.2817     7.6196    27.5556    27.5543    34.2840    27.5562    1446.41    1446.41    -0.5872  1027.8392    34.4506 0.0000e+00
      21294 313.515998  -62.14752 -9.990e-29     -0.855    1447.84     57.000     56.445    -0.5851    -0.5847     0.0004    -0.5868    -0.5864     0.0004   2.803026   2.802980  -0.000052    34.2831    34.2819     7.6142    27.5555    27.5545    34.2836    27.5559    1446.39    1446.40    -0.5868  1027.8341    34.4502 0.0000e+00
      21323 313.516012  -62.14752  -58.43349     -0.842    1447.84     56.000     55.455    -0.5850    -0.5840     0.0010    -0.5867    -0.5857     0.0010   2.803009   2.802985  -0.000035    34.2836    34.2819     7.6101    27.5559    27.5545    34.2839    27.5562    1446.38    1446.38    -0.5866  1027.8291    34.4499 0.0000e+00
      21353 313.516026  -62.14753  -58.43348     -0.812    1447.84     55.000     54.465    -0.5831    -0.5829     0.0002    -0.5848    -0.5846     0.0002   2.803132   2.803022  -0.000111    34.2834    34.2818     7.6127    27.5557    27.5543    34.2840    27.5562    1446.37    1446.37    -0.5847  1027.8240    34.4496 0.0000e+00
      21382 313.516040  -62.14754  -58.43348     -0.808    1447.84     54.000     53.475    -0.5791    -0.5800    -0.0009    -0.5807    -0.5817    -0.0009   2.803382   2.803207  -0.000151    34.2826    34.2816     7.6224    27.5549    27.5541    34.2835    27.5556    1446.37    1446.37    -0.5807  1027.8186    34.4491 0.0000e+00
      21411 313.516054  -62.14754  -58.43348     -0.833    1447.84     53.000     52.485    -0.5769    -0.5776    -0.0007    -0.5785    -0.5792    -0.0007   2.803588   2.803358  -0.000248    34.2839    34.2814     7.6165    27.5558    27.5538    34.2844    27.5561    1446.37    1446.36    -0.5784  1027.8144    34.4500 0.0000e+00
      21440 313.516068  -62.14754  -58.43348     -0.838    1447.84     52.000     51.495    -0.5764    -0.5767    -0.0003    -0.5779    -0.5782    -0.0003   2.803476   2.803379  -0.000093    34.2824    34.2815     7.6086    27.5546    27.5538    34.2829    27.5549    1446.35    1446.35    -0.5779  1027.8084    34.4485 0.0000e+00
      21470 313.516082  -62.14756  -58.43346     -0.819    1447.84     51.000     50.504    -0.5745    -0.5750    -0.0005    -0.5760    -0.5765    -0.0005   2.803624   2.803479  -0.000146    34.2829    34.2814     7.6111    27.5548    27.5537    34.2833    27.5552    1446.35    1446.34    -0.5760  1027.8039    34.4489 0.0000e+00
      21501 313.516098  -62.14756  -58.43346     -0.770    1447.84     50.000     49.514    -0.5743    -0.5748    -0.0006    -0.5758    -0.5763    -0.0006   2.803655   2.803476  -0.000180    34.2837    34.2820     7.6158    27.5555    27.5541    34.2842    27.5559    1446.33    1446.33    -0.5758  1027.7997    34.4497 0.0000e+00
      21531 313.516112  -62.14756  -58.43346     -0.785    1447.84     49.000     48.524    -0.5734    -0.5729     0.0006    -0.5749    -0.5744     0.0006   2.803593   2.803558  -0.000045    34.2828    34.2816     7.6274    27.5547    27.5537    34.2830    27.5549    1446.32    1446.32    -0.5748  1027.7939    34.4485 0.0000e+00
      21558 313.516125  -62.14758  -58.43344     -0.853    1447.84     48.000     47.534    -0.5739    -0.5731     0.0009    -0.5754    -0.5745     0.0009   2.803507   2.803504  -0.000001    34.2828    34.2818     7.6248    27.5547    27.5539    34.2830    27.5550    1446.30    1446.30    -0.5753  1027.7892    34.4486 0.0000e+00
      21586 313.516138  -62.14758  -58.43344     -0.882    1447.84     47.000     46.544    -0.5743    -0.5735     0.0009    -0.5758    -0.5749     0.0009   2.803504   2.803431  -0.000075    34.2839    34.2819     7.6320    27.5557    27.5540    34.2841    27.5558    1446.28    1446.28    -0.5757  1027.7853    34.4496 0.0000e+00
      21615 313.516152  -62.14759  -58.43344     -0.848    1447.84     46.000     45.555    -0.5729    -0.5728     0.0001    -0.5743    -0.5742     0.0001   2.803518   2.803444  -0.000079    34.2831    34.2818     7.6240    27.5549    27.5539    34.2833    27.5551    1446.27    1446.27    -0.5743  1027.7798    34.4488 0.0000e+00
      21645 313.516167  -62.14760  -58.43344     -0.800    1447.84     45.000     44.562    -0.5728    -0.5719     0.0008    -0.5741    -0.5732     0.0008   2.803525   2.803474  -0.000046    34.2835    34.2820     7.6307    27.5553    27.5540    34.2838    27.5555    1446.26    1446.26    -0.5741  1027.7754    34.4493 0.0000e+00
