Pos-Processados/process_op42/Processamento_split/up/uoperantar42_052.cnv
* Sea-Bird SBE 9 Data File:
* FileName = C:\Users\Hidrografia\Desktop\OPXLII\Brutos\OP42052.hdr
* Software Version Seasave V 7.26.7.107
* Temperature SN = 6502
* Conductivity SN = 4998
* Number of Bytes Per Scan = 37
* Number of Voltage Words = 4
* Number of Scans Averaged by the Deck Unit = 1
* NMEA Latitude = 62 08.45 S
* NMEA Longitude = 058 26.37 W
* NMEA UTC (Time) = Nov 10 2023 03:08:21
* NMEA baud rate = 4800
** H41
** NPOALTEMAXIMIANO
** NUMERO DA ESTACAO (XXX) 052
** LAT (XX XX.XX S/N) 62 08.443 S
** LONG (XXX XX.XX W/E) 058 26.408 W
** DATAHORA (dd/mm/aaaa hh:mm Z) 10/11/2023 0307Z
** PROFUNDIDADE (m) 424
** OPERADOR CT FABIREZA
# nquan = 30
# nvalues = 386                         
# units = specified
# name 0 = scan: Scan Count
# name 1 = timeJ: Julian Days
# name 2 = latitude: Latitude [deg]
# name 3 = longitude: Longitude [deg]
# name 4 = dz/dtM: Descent Rate [m/s]
# name 5 = avgsvCM: Average Sound Velocity [Chen-Millero, m/s]
# name 6 = prDM: Pressure, Digiquartz [db]
# name 7 = depSM: Depth [salt water, m]
# name 8 = t090C: Temperature [ITS-90, deg C]
# name 9 = t190C: Temperature, 2 [ITS-90, deg C]
# name 10 = T2-T190C: Temperature Difference, 2 - 1 [ITS-90, deg C]
# name 11 = potemp090C: Potential Temperature [ITS-90, deg C]
# name 12 = potemp190C: Potential Temperature, 2 [ITS-90, deg C]
# name 13 = potemp90Cdiff: Potential Temperature, Diff, 2 - 1 [ITS-90, deg C]
# name 14 = c0S/m: Conductivity [S/m]
# name 15 = c1S/m: Conductivity, 2 [S/m]
# name 16 = C2-C1S/m: Conductivity Difference, 2 - 1 [S/m]
# name 17 = sal00: Salinity, Practical [PSU]
# name 18 = sal11: Salinity, Practical, 2 [PSU]
# name 19 = sbeox0ML/L: Oxygen, SBE 43 [ml/l]
# name 20 = sigma-é00: Density [sigma-theta, kg/m^3]
# name 21 = sigma-é11: Density, 2 [sigma-theta, kg/m^3]
# name 22 = sal00: Salinity, Practical [PSU]
# name 23 = sigma-é00: Density [sigma-theta, kg/m^3]
# name 24 = svCM: Sound Velocity [Chen-Millero, m/s]
# name 25 = svCM1: Sound Velocity, 2 [Chen-Millero, m/s]
# name 26 = gsw_ptA0: potential temperature [ITS-90, deg C]
# name 27 = gsw_densityA0: density, TEOS-10 [density, kg/m^3]
# name 28 = gsw_saA0: Absolute Salinity [g/kg]
# name 29 = flag:
# span 0 =      16717,      32978       
# span 1 = 314.138860, 314.146702       
# span 2 =  -62.14634,  -62.14398       
# span 3 =  -58.43283,  -58.42565       
# span 4 =     -1.170,     -0.090       
# span 5 =    1448.28,    1448.28       
# span 6 =      2.000,    387.000       
# span 7 =      1.998,    382.924       
# span 8 =    -0.8166,    -0.5029       
# span 9 =    -0.8154,    -0.5026       
# span 10 =    -0.0121,     0.0073      
# span 11 =    -0.8233,    -0.5159      
# span 12 =    -0.8222,    -0.5157      
# span 13 =    -0.0121,     0.0073      
# span 14 =   2.793208,   2.835133      
# span 15 =   2.793197,   2.835027      
# span 16 =  -0.001147,   0.000846      
# span 17 =    34.2756,    34.4222      
# span 18 =    34.2739,    34.4205      
# span 19 =     6.5489,     7.6657      
# span 20 =    27.5494,    27.6649      
# span 21 =    27.5484,    27.6635      
# span 22 =    34.2751,    34.4225      
# span 23 =    27.5490,    27.6652      
# span 24 =    1445.55,    1452.32      
# span 25 =    1445.55,    1452.32      
# span 26 =    -0.8232,    -0.5157      
# span 27 =  1027.5624,  1029.5091      
# span 28 =    34.4383,    34.5882      
# span 29 = 0.0000e+00, 0.0000e+00      
# interval = decibars: 1                
# start_time = Nov 10 2023 03:08:21 [NMEA time, header]
# bad_flag = -9.990e-29
*END*
      16717 314.138860  -62.14398  -58.43283     -0.090    1448.28    387.000    382.924    -0.5073    -0.5063     0.0010    -0.5205    -0.5194     0.0010   2.834591   2.834602   0.000017    34.4182    34.4172     6.5997    27.6618    27.6610    34.4182    27.6619    1452.31    1452.32    -0.5202  1029.5091    34.5840 0.0000e+00
      16961 314.138978  -62.14400  -58.43271     -0.363    1448.28    386.000    381.938    -0.5040    -0.5028     0.0012    -0.5171    -0.5160     0.0011   2.834988   2.835018   0.000025    34.4210    34.4200     6.5582    27.6639    27.6631    34.4203    27.6634    1452.32    1452.32    -0.5169  1029.5074    34.5880 0.0000e+00
      16985 314.138989 -9.990e-29  -58.43269     -0.736    1448.28    385.000    380.951    -0.5036    -0.5030     0.0006    -0.5167    -0.5161     0.0006   2.835133   2.835003  -0.000117    34.4221    34.4198     6.5489    27.6648    27.6629    34.4225    27.6652    1452.30    1452.30    -0.5164  1029.5000    34.5847 0.0000e+00
      17010 314.139001 -9.990e-29  -58.43268     -0.907    1448.28    384.000    379.963    -0.5029    -0.5026     0.0002    -0.5159    -0.5157     0.0002   2.835121   2.835027  -0.000108    34.4222    34.4205     6.5546    27.6649    27.6635    34.4221    27.6648    1452.29    1452.29    -0.5157  1029.4949    34.5844 0.0000e+00
      17033 314.139012 -9.990e-29  -58.43267     -0.999    1448.28    383.000    378.974    -0.5041    -0.5032     0.0009    -0.5171    -0.5162     0.0009   2.834861   2.834902   0.000046    34.4208    34.4204     6.5635    27.6638    27.6634    34.4205    27.6636    1452.27    1452.27    -0.5169  1029.4890    34.5828 0.0000e+00
      17054 314.139022 -9.990e-29  -58.43265     -1.094    1448.28    382.000    377.986    -0.5050    -0.5039     0.0011    -0.5180    -0.5169     0.0011   2.834717   2.834748   0.000039    34.4203    34.4196     6.5752    27.6635    27.6628    34.4203    27.6635    1452.24    1452.25    -0.5177  1029.4842    34.5826 0.0000e+00
      17075 314.139033  -62.14404  -58.43264     -1.134    1448.28    381.000    376.997    -0.5047    -0.5041     0.0005    -0.5176    -0.5171     0.0005   2.834723   2.834655  -0.000069    34.4207    34.4192     6.5821    27.6638    27.6625    34.4206    27.6637    1452.23    1452.23    -0.5174  1029.4837    34.5880 0.0000e+00
      17096 314.139043  -62.14404  -58.43264     -1.141    1448.28    380.000    376.008    -0.5051    -0.5046     0.0005    -0.5180    -0.5175     0.0005   2.834592   2.834526  -0.000071    34.4201    34.4186     6.5730    27.6633    27.6621    34.4199    27.6631    1452.21    1452.21    -0.5177  1029.4791    34.5882 0.0000e+00
      17117 314.139053  -62.14404  -58.43262     -1.142    1448.28    379.000    375.019    -0.5061    -0.5048     0.0012    -0.5189    -0.5177     0.0012   2.834356   2.834459   0.000084    34.4188    34.4185     6.5755    27.6623    27.6620    34.4184    27.6620    1452.19    1452.19    -0.5187  1029.4733    34.5867 0.0000e+00
      17139 314.139064  -62.14404  -58.43262     -1.114    1448.28    378.000    374.031    -0.5074    -0.5059     0.0014    -0.5201    -0.5187     0.0014   2.834192   2.834263   0.000089    34.4183    34.4179     6.5757    27.6620    27.6616    34.4183    27.6619    1452.17    1452.17    -0.5200  1029.4685    34.5866 0.0000e+00
      17164 314.139076  -62.14404  -58.43260     -1.029    1448.28    377.000    373.042    -0.5059    -0.5058     0.0001    -0.5187    -0.5186     0.0001   2.834282   2.834256  -0.000023    34.4185    34.4181     6.5743    27.6620    27.6617    34.4184    27.6620    1452.16    1452.16    -0.5184  1029.4638    34.5867 0.0000e+00
      17190 314.139088  -62.14404  -58.43260     -0.932    1448.28    376.000    372.054    -0.5060    -0.5054     0.0006    -0.5188    -0.5182     0.0006   2.834187   2.834207   0.000015    34.4181    34.4176     6.5947    27.6617    27.6613    34.4179    27.6616    1452.14    1452.14    -0.5185  1029.4586    34.5862 0.0000e+00
      17215 314.139100  -62.14406  -58.43258     -0.936    1448.28    375.000    371.066    -0.5072    -0.5052     0.0019    -0.5199    -0.5179     0.0019   2.833993   2.834126   0.000128    34.4175    34.4170     6.5947    27.6613    27.6608    34.4172    27.6611    1452.12    1452.13    -0.5196  1029.4534    34.5855 0.0000e+00
      17239 314.139112  -62.14406  -58.43256     -0.989    1448.28    374.000    370.077    -0.5086    -0.5063     0.0022    -0.5212    -0.5190     0.0022   2.833768   2.833958   0.000168    34.4168    34.4165     6.5949    27.6608    27.6605    34.4164    27.6605    1452.09    1452.10    -0.5210  1029.4480    34.5847 0.0000e+00
      17260 314.139122  -62.14406  -58.43256     -1.069    1448.28    373.000    369.088    -0.5102    -0.5074     0.0028    -0.5228    -0.5200     0.0028   2.833551   2.833775   0.000236    34.4161    34.4161     6.6075    27.6603    27.6602    34.4159    27.6601    1452.07    1452.08    -0.5226  1029.4430    34.5842 0.0000e+00
      17281 314.139132  -62.14406  -58.43254     -1.123    1448.28    372.000    368.099    -0.5108    -0.5096     0.0011    -0.5233    -0.5222     0.0011   2.833435   2.833480   0.000054    34.4159    34.4153     6.6041    27.6601    27.6596    34.4156    27.6599    1452.05    1452.05    -0.5231  1029.4381    34.5839 0.0000e+00
      17303 314.139143  -62.14406  -58.43253     -1.118    1448.28    371.000    367.111    -0.5112    -0.5102     0.0010    -0.5237    -0.5227     0.0010   2.833358   2.833371   0.000016    34.4159    34.4150     6.5993    27.6602    27.6594    34.4157    27.6600    1452.03    1452.03    -0.5235  1029.4334    34.5840 0.0000e+00
      17326 314.139154  -62.14406  -58.43252     -1.081    1448.28    370.000    366.122    -0.5114    -0.5105     0.0009    -0.5239    -0.5230     0.0009   2.833305   2.833292  -0.000009    34.4160    34.4149     6.6180    27.6602    27.6593    34.4158    27.6601    1452.01    1452.02    -0.5237  1029.4287    34.5841 0.0000e+00
      17350 314.139165  -62.14407  -58.43251     -1.020    1448.28    369.000    365.134    -0.5112    -0.5105     0.0006    -0.5236    -0.5230     0.0006   2.833295   2.833265  -0.000031    34.4162    34.4150     6.6123    27.6604    27.6594    34.4160    27.6602    1452.00    1452.00    -0.5234  1029.4241    34.5842 0.0000e+00
      17377 314.139178  -62.14408  -58.43249     -0.925    1448.28    368.000    364.145    -0.5112    -0.5104     0.0008    -0.5236    -0.5228     0.0008   2.833247   2.833228  -0.000020    34.4162    34.4150     6.6166    27.6604    27.6594    34.4160    27.6602    1451.98    1451.99    -0.5234  1029.4194    34.5842 0.0000e+00
      17404 314.139191  -62.14408  -58.43248     -0.890    1448.28    367.000    363.156    -0.5112    -0.5105     0.0007    -0.5235    -0.5229     0.0007   2.833219   2.833190  -0.000031    34.4163    34.4151     6.6211    27.6605    27.6595    34.4162    27.6604    1451.97    1451.97    -0.5233  1029.4148    34.5845 0.0000e+00
      17429 314.139203  -62.14408  -58.43246     -0.927    1448.28    366.000    362.168    -0.5118    -0.5110     0.0009    -0.5241    -0.5233     0.0009   2.833071   2.833076   0.000007    34.4158    34.4149     6.6058    27.6601    27.6593    34.4156    27.6599    1451.95    1451.95    -0.5239  1029.4095    34.5838 0.0000e+00
      17454 314.139215  -62.14408  -58.43244     -0.961    1448.28    365.000    361.179    -0.5118    -0.5110     0.0008    -0.5241    -0.5233     0.0008   2.833073   2.833048  -0.000019    34.4161    34.4149     6.6100    27.6603    27.6593    34.4162    27.6604    1451.93    1451.93    -0.5239  1029.4053    34.5844 0.0000e+00
      17478 314.139227  -62.14408  -58.43244     -0.988    1448.28    364.000    360.190    -0.5099    -0.5098     0.0002    -0.5222    -0.5220     0.0002   2.833274   2.833177  -0.000100    34.4173    34.4158     6.6061    27.6612    27.6600    34.4174    27.6613    1451.93    1451.92    -0.5220  1029.4014    34.5856 0.0000e+00
      17502 314.139238  -62.14410  -58.43244     -1.005    1448.28    363.000    359.202    -0.5106    -0.5096     0.0010    -0.5228    -0.5218     0.0010   2.833120   2.833137   0.000015    34.4169    34.4159     6.6023    27.6609    27.6601    34.4167    27.6607    1451.90    1451.91    -0.5226  1029.3961    34.5849 0.0000e+00
      17526 314.139250  -62.14410  -58.43242     -0.987    1448.28    362.000    358.213    -0.5104    -0.5101     0.0004    -0.5226    -0.5223     0.0004   2.833092   2.833019  -0.000061    34.4166    34.4153     6.6143    27.6607    27.6596    34.4167    27.6608    1451.89    1451.89    -0.5224  1029.3914    34.5849 0.0000e+00
      17551 314.139262  -62.14410  -58.43240     -0.972    1448.28    361.000    357.224    -0.5097    -0.5094     0.0003    -0.5219    -0.5215     0.0003   2.833115   2.833047  -0.000074    34.4169    34.4155     6.6099    27.6609    27.6597    34.4168    27.6608    1451.88    1451.88    -0.5217  1029.3867    34.5851 0.0000e+00
      17577 314.139275  -62.14410  -58.43240     -0.932    1448.28    360.000    356.236    -0.5099    -0.5090     0.0009    -0.5221    -0.5212     0.0009   2.833024   2.833030   0.000006    34.4165    34.4155     6.5940    27.6606    27.6598    34.4164    27.6605    1451.86    1451.86    -0.5218  1029.3817    34.5847 0.0000e+00
      17602 314.139287  -62.14410  -58.43238     -0.959    1448.28    359.000    355.247    -0.5098    -0.5092     0.0007    -0.5219    -0.5212     0.0007   2.832996   2.832961  -0.000031    34.4165    34.4153     6.6152    27.6606    27.6596    34.4165    27.6606    1451.84    1451.84    -0.5217  1029.3770    34.5847 0.0000e+00
      17626 314.139298  -62.14412  -58.43238     -0.995    1448.28    358.000    354.258    -0.5098    -0.5089     0.0009    -0.5219    -0.5209     0.0009   2.832952   2.832941  -0.000012    34.4166    34.4153     6.6106    27.6606    27.6596    34.4165    27.6606    1451.83    1451.83    -0.5216  1029.3722    34.5848 0.0000e+00
      17649 314.139309  -62.14412  -58.43236     -1.014    1448.28    357.000    353.269    -0.5098    -0.5089     0.0008    -0.5218    -0.5209     0.0008   2.832903   2.832889  -0.000017    34.4165    34.4154     6.6038    27.6606    27.6596    34.4164    27.6605    1451.81    1451.81    -0.5216  1029.3674    34.5846 0.0000e+00
      17672 314.139321  -62.14412  -58.43234     -1.031    1448.28    356.000    352.281    -0.5104    -0.5094     0.0010    -0.5224    -0.5214     0.0010   2.832708   2.832742   0.000031    34.4154    34.4147     6.6158    27.6597    27.6590    34.4152    27.6595    1451.79    1451.79    -0.5222  1029.3617    34.5834 0.0000e+00
      17695 314.139332  -62.14412  -58.43234     -1.029    1448.28    355.000    351.292    -0.5110    -0.5099     0.0012    -0.5230    -0.5219     0.0012   2.832586   2.832614   0.000030    34.4150    34.4141     6.6093    27.6594    27.6586    34.4148    27.6592    1451.77    1451.77    -0.5227  1029.3567    34.5830 0.0000e+00
      17719 314.139343  -62.14412  -58.43232     -1.034    1448.28    354.000    350.304    -0.5111    -0.5102     0.0009    -0.5230    -0.5221     0.0009   2.832529   2.832530   0.000002    34.4148    34.4138     6.5973    27.6593    27.6584    34.4147    27.6592    1451.75    1451.76    -0.5228  1029.3519    34.5829 0.0000e+00
      17742 314.139354  -62.14414  -58.43230     -1.021    1448.28    353.000    349.315    -0.5103    -0.5094     0.0009    -0.5222    -0.5212     0.0009   2.832599   2.832566  -0.000028    34.4152    34.4138     6.6096    27.6595    27.6583    34.4154    27.6596    1451.74    1451.74    -0.5219  1029.3476    34.5836 0.0000e+00
      17766 314.139366  -62.14414  -58.43230     -1.017    1448.28    352.000    348.326    -0.5099    -0.5092     0.0007    -0.5217    -0.5211     0.0007   2.832656   2.832603  -0.000056    34.4163    34.4148     6.6128    27.6604    27.6592    34.4163    27.6604    1451.73    1451.73    -0.5215  1029.3435    34.5845 0.0000e+00
      17789 314.139377  -62.14414  -58.43228     -1.034    1448.28    351.000    347.337    -0.5099    -0.5091     0.0008    -0.5216    -0.5209     0.0008   2.832628   2.832591  -0.000039    34.4165    34.4151     6.6103    27.6606    27.6594    34.4165    27.6605    1451.71    1451.71    -0.5215  1029.3390    34.5847 0.0000e+00
      17813 314.139389  -62.14414  -58.43228     -1.015    1448.28    350.000    346.349    -0.5092    -0.5085     0.0007    -0.5209    -0.5203     0.0007   2.832517   2.832540   0.000013    34.4151    34.4145     6.6212    27.6594    27.6589    34.4148    27.6592    1451.70    1451.70    -0.5207  1029.3329    34.5830 0.0000e+00
      17838 314.139401  -62.14414  -58.43226     -0.971    1448.28    349.000    345.360    -0.5098    -0.5087     0.0012    -0.5215    -0.5204     0.0012   2.832031   2.832184   0.000167    34.4103    34.4111     6.6117    27.6555    27.6562    34.4096    27.6550    1451.67    1451.68    -0.5213  1029.3240    34.5778 0.0000e+00
      17862 314.139412  -62.14414  -58.43226     -0.976    1448.28    348.000    344.371    -0.5147    -0.5131     0.0016    -0.5263    -0.5248     0.0016   2.830943   2.831123   0.000168    34.4023    34.4028     6.6078    27.6493    27.6496    34.4011    27.6483    1451.62    1451.63    -0.5261  1029.3126    34.5692 0.0000e+00
      17887 314.139424  -62.14414  -58.43224     -0.988    1448.28    347.000    343.382    -0.5174    -0.5164     0.0010    -0.5290    -0.5280     0.0010   2.830362   2.830400   0.000034    34.3976    34.3969     6.6140    27.6456    27.6450    34.3970    27.6451    1451.58    1451.59    -0.5288  1029.3047    34.5651 0.0000e+00
      17912 314.139436  -62.14416  -58.43222     -0.958    1448.28    346.000    342.394    -0.5179    -0.5170     0.0009    -0.5295    -0.5286     0.0009   2.830124   2.830180   0.000068    34.3953    34.3952     6.6296    27.6438    27.6436    34.3950    27.6435    1451.56    1451.57    -0.5293  1029.2984    34.5631 0.0000e+00
      17939 314.139449  -62.14416  -58.43222     -0.916    1448.28    345.000    341.405    -0.5190    -0.5180     0.0009    -0.5305    -0.5296     0.0009   2.829595   2.829654   0.000080    34.3914    34.3915     6.6692    27.6407    27.6406    34.3897    27.6393    1451.54    1451.54    -0.5303  1029.2894    34.5578 0.0000e+00
      17966 314.139462  -62.14416  -58.43220     -0.887    1448.28    344.000    340.416    -0.5411    -0.5428    -0.0018    -0.5525    -0.5542    -0.0018   2.826805   2.826683  -0.000143    34.3810    34.3810     6.7307    27.6332    27.6333    34.3778    27.6306    1451.40    1451.39    -0.5522  1029.2763    34.5459 0.0000e+00
      17993 314.139475  -62.14416  -58.43219     -0.896    1448.28    343.000    339.428    -0.5544    -0.5558    -0.0015    -0.5657    -0.5672    -0.0015   2.825289   2.825093  -0.000168    34.3752    34.3747     6.7496    27.6291    27.6287    34.3732    27.6275    1451.32    1451.31    -0.5655  1029.2686    34.5411 0.0000e+00
      18016 314.139486  -62.14416  -58.43217     -0.964    1448.28    342.000    338.438    -0.5665    -0.5691    -0.0027    -0.5777    -0.5804    -0.0027   2.823702   2.823558  -0.000228    34.3698    34.3697     6.7738    27.6252    27.6253    34.3661    27.6223    1451.23    1451.22    -0.5775  1029.2588    34.5341 0.0000e+00
      18036 314.139496  -62.14416  -58.43216     -1.090    1448.28    341.000    337.450    -0.5762    -0.5739     0.0023    -0.5874    -0.5851     0.0023   2.822778   2.822890   0.000203    34.3669    34.3670     6.8243    27.6233    27.6233    34.3653    27.6221    1451.17    1451.18    -0.5872  1029.2539    34.5333 0.0000e+00
      18057 314.139506  -62.14418  -58.43214     -1.166    1448.28    340.000    336.461    -0.5763    -0.5749     0.0014    -0.5875    -0.5861     0.0014   2.822669   2.822804   0.000082    34.3667    34.3662     6.8595    27.6231    27.6227    34.3646    27.6215    1451.15    1451.16    -0.5873  1029.2486    34.5325 0.0000e+00
