Pos-Processados/process_op42/Processamento_split/up/uoperantar42_045.cnv
* Sea-Bird SBE 9 Data File:
* FileName = C:\Users\Hidrografia\Desktop\OPXLII\Brutos\OP42045.hdr
* Software Version Seasave V 7.26.7.107
* Temperature SN = 6502
* Conductivity SN = 4998
* Number of Bytes Per Scan = 37
* Number of Voltage Words = 4
* Number of Scans Averaged by the Deck Unit = 1
* NMEA Latitude = 62 08.59 S
* NMEA Longitude = 058 26.59 W
* NMEA UTC (Time) = Nov 09 2023 20:07:12
* NMEA baud rate = 4800
** H41
** NPOALTEMAXIMIANO
** NUMERO DA ESTACAO (XXX) 045
** LAT (XX XX.XX S/N) 62 08.569 S
** LONG (XXX XX.XX W/E) 058 26.605 W
** DATAHORA (dd/mm/aaaa hh:mm Z) 09/11/2023 2006Z
** PROFUNDIDADE (m) 402
** OPERADOR CT FABIREZA
# nquan = 30
# nvalues = 371                         
# units = specified
# name 0 = scan: Scan Count
# name 1 = timeJ: Julian Days
# name 2 = latitude: Latitude [deg]
# name 3 = longitude: Longitude [deg]
# name 4 = dz/dtM: Descent Rate [m/s]
# name 5 = avgsvCM: Average Sound Velocity [Chen-Millero, m/s]
# name 6 = prDM: Pressure, Digiquartz [db]
# name 7 = depSM: Depth [salt water, m]
# name 8 = t090C: Temperature [ITS-90, deg C]
# name 9 = t190C: Temperature, 2 [ITS-90, deg C]
# name 10 = T2-T190C: Temperature Difference, 2 - 1 [ITS-90, deg C]
# name 11 = potemp090C: Potential Temperature [ITS-90, deg C]
# name 12 = potemp190C: Potential Temperature, 2 [ITS-90, deg C]
# name 13 = potemp90Cdiff: Potential Temperature, Diff, 2 - 1 [ITS-90, deg C]
# name 14 = c0S/m: Conductivity [S/m]
# name 15 = c1S/m: Conductivity, 2 [S/m]
# name 16 = C2-C1S/m: Conductivity Difference, 2 - 1 [S/m]
# name 17 = sal00: Salinity, Practical [PSU]
# name 18 = sal11: Salinity, Practical, 2 [PSU]
# name 19 = sbeox0ML/L: Oxygen, SBE 43 [ml/l]
# name 20 = sigma-é00: Density [sigma-theta, kg/m^3]
# name 21 = sigma-é11: Density, 2 [sigma-theta, kg/m^3]
# name 22 = sal00: Salinity, Practical [PSU]
# name 23 = sigma-é00: Density [sigma-theta, kg/m^3]
# name 24 = svCM: Sound Velocity [Chen-Millero, m/s]
# name 25 = svCM1: Sound Velocity, 2 [Chen-Millero, m/s]
# name 26 = gsw_ptA0: potential temperature [ITS-90, deg C]
# name 27 = gsw_densityA0: density, TEOS-10 [density, kg/m^3]
# name 28 = gsw_saA0: Absolute Salinity [g/kg]
# name 29 = flag:
# span 0 =      14549,      25744       
# span 1 = 313.845349, 313.850748       
# span 2 =  -62.14800,  -62.14614       
# span 3 =  -58.44145,  -58.43829       
# span 4 =     -1.154,     -0.247       
# span 5 =    1448.29,    1448.29       
# span 6 =      2.000,    372.000       
# span 7 =      1.991,    368.100       
# span 8 =    -0.7979,    -0.3816       
# span 9 =    -0.7972,    -0.3804       
# span 10 =    -0.0056,     0.0200      
# span 11 =    -0.8041,    -0.3945      
# span 12 =    -0.8034,    -0.3934      
# span 13 =    -0.0056,     0.0199      
# span 14 =   2.793122,   2.844139      
# span 15 =   2.793114,   2.844185      
# span 16 =  -0.000599,   0.001797      
# span 17 =    34.2813,    34.4133      
# span 18 =    34.2798,    34.4125      
# span 19 =     6.5348,     7.6163      
# span 20 =    27.5542,    27.6521      
# span 21 =    27.5529,    27.6516      
# span 22 =    34.2814,    34.4130      
# span 23 =    27.5547,    27.6520      
# span 24 =    1445.65,    1452.65      
# span 25 =    1445.66,    1452.65      
# span 26 =    -0.8039,    -0.3943      
# span 27 =  1027.5673,  1029.4284      
# span 28 =    34.4440,    34.5835      
# span 29 = 0.0000e+00, 0.0000e+00      
# interval = decibars: 1                
# start_time = Nov 09 2023 20:07:12 [NMEA time, header]
# bad_flag = -9.990e-29
*END*
[from data line 49]
      16122 313.846108  -62.14647  -58.44107     -0.878    1448.29    323.000    319.651    -0.6161    -0.6129     0.0032    -0.6265    -0.6233     0.0031   2.817812   2.818050   0.000328    34.3559    34.3568     7.0386    27.6162    27.6167    34.3546    27.6151    1450.67    1450.69    -0.6263  1029.1619    34.5224 0.0000e+00
      16146 313.846119  -62.14648  -58.44106     -0.962    1448.29    322.000    318.662    -0.6189    -0.6164     0.0024    -0.6293    -0.6269     0.0024   2.817330   2.817574   0.000242    34.3532    34.3537     7.0572    27.6141    27.6144    34.3519    27.6130    1450.64    1450.65    -0.6291  1029.1551    34.5197 0.0000e+00
      16169 313.846130  -62.14648  -58.44106     -1.024    1448.29    321.000    317.673    -0.6197    -0.6181     0.0015    -0.6300    -0.6285     0.0015   2.817213   2.817311   0.000122    34.3528    34.3527     7.0530    27.6138    27.6136    34.3518    27.6130    1450.62    1450.63    -0.6298  1029.1504    34.5197 0.0000e+00
      16192 313.846141  -62.14648  -58.44105     -1.044    1448.29    320.000    316.685    -0.6201    -0.6188     0.0013    -0.6304    -0.6291     0.0013   2.817091   2.817170   0.000094    34.3521    34.3519     7.0564    27.6133    27.6131    34.3512    27.6125    1450.60    1450.61    -0.6302  1029.1451    34.5191 0.0000e+00
      16214 313.846152  -62.14649  -58.44104     -1.070    1448.29    319.000    315.695    -0.6204    -0.6193     0.0011    -0.6307    -0.6296     0.0011   2.816986   2.817055   0.000080    34.3517    34.3515     7.0701    27.6129    27.6127    34.3508    27.6122    1450.58    1450.59    -0.6305  1029.1401    34.5187 0.0000e+00
      16239 313.846164  -62.14650  -58.44104     -1.030    1448.29    318.000    314.707    -0.6204    -0.6195     0.0009    -0.6307    -0.6298     0.0009   2.816943   2.816969   0.000028    34.3516    34.3510     7.0875    27.6129    27.6123    34.3509    27.6122    1450.57    1450.57    -0.6304  1029.1353    34.5187 0.0000e+00
      16264 313.846176  -62.14650  -58.44104     -0.942    1448.29    317.000    313.718    -0.6229    -0.6210     0.0020    -0.6331    -0.6312     0.0019   2.816608   2.816743   0.000131    34.3508    34.3504     7.0848    27.6123    27.6119    34.3498    27.6115    1450.54    1450.55    -0.6329  1029.1299    34.5176 0.0000e+00
      16288 313.846188  -62.14650  -58.44103     -0.968    1448.29    316.000    312.729    -0.6303    -0.6228     0.0075    -0.6405    -0.6330     0.0075   2.815681   2.816502   0.000752    34.3481    34.3498     7.0827    27.6104    27.6115    34.3463    27.6090    1450.48    1450.52    -0.6403  1029.1227    34.5141 0.0000e+00
      16312 313.846199  -62.14651  -58.44102     -1.011    1448.29    315.000    311.740    -0.6358    -0.6274     0.0084    -0.6459    -0.6375     0.0084   2.815123   2.815933   0.000833    34.3467    34.3484     7.0925    27.6095    27.6106    34.3455    27.6086    1450.44    1450.48    -0.6457  1029.1176    34.5134 0.0000e+00
      16337 313.846212  -62.14652  -58.44102     -0.978    1448.29    314.000    310.751    -0.6384    -0.6333     0.0051    -0.6484    -0.6434     0.0051   2.814792   2.815262   0.000482    34.3457    34.3464     7.0900    27.6088    27.6092    34.3447    27.6080    1450.41    1450.43    -0.6482  1029.1123    34.5125 0.0000e+00
      16365 313.846225  -62.14652  -58.44102     -0.902    1448.29    313.000    309.762    -0.6384    -0.6297     0.0088    -0.6484    -0.6397     0.0087   2.814756   2.815598   0.000848    34.3455    34.3470     7.0945    27.6087    27.6095    34.3448    27.6081    1450.40    1450.44    -0.6482  1029.1077    34.5126 0.0000e+00
      16392 313.846238  -62.14652  -58.44101     -0.864    1448.29    312.000    308.774    -0.6385    -0.6371     0.0013    -0.6485    -0.6471     0.0013   2.814678   2.814782   0.000126    34.3451    34.3453     7.1155    27.6084    27.6084    34.3444    27.6078    1450.38    1450.38    -0.6483  1029.1026    34.5123 0.0000e+00
      16419 313.846251  -62.14654  -58.44100     -0.887    1448.29    311.000    307.784    -0.6394    -0.6381     0.0013    -0.6493    -0.6481     0.0013   2.814504   2.814581   0.000077    34.3445    34.3442     7.1344    27.6079    27.6076    34.3437    27.6073    1450.36    1450.36    -0.6491  1029.0973    34.5116 0.0000e+00
      16446 313.846264  -62.14654  -58.44100     -0.897    1448.29    310.000    306.795    -0.6433    -0.6399     0.0035    -0.6532    -0.6498     0.0035   2.814016   2.814343   0.000310    34.3433    34.3436     7.1332    27.6071    27.6072    34.3422    27.6062    1450.32    1450.34    -0.6530  1029.0915    34.5100 0.0000e+00
      16475 313.846278  -62.14654  -58.44100     -0.843    1448.29    309.000    305.806    -0.6454    -0.6415     0.0039    -0.6552    -0.6514     0.0039   2.813789   2.814111   0.000346    34.3426    34.3429     7.1289    27.6066    27.6067    34.3421    27.6062    1450.29    1450.31    -0.6550  1029.0868    34.5099 0.0000e+00
      16502 313.846291  -62.14654  -58.44098     -0.855    1448.29    308.000    304.818    -0.6471    -0.6455     0.0016    -0.6569    -0.6554     0.0016   2.813495   2.813602   0.000109    34.3417    34.3413     7.1454    27.6060    27.6056    34.3407    27.6052    1450.27    1450.27    -0.6567  1029.0811    34.5085 0.0000e+00
      16523 313.846301  -62.14654  -58.44098     -1.001    1448.29    307.000    303.829    -0.6473    -0.6460     0.0013    -0.6571    -0.6558     0.0013   2.813436   2.813482   0.000061    34.3412    34.3406     7.1426    27.6056    27.6050    34.3407    27.6052    1450.25    1450.25    -0.6569  1029.0763    34.5085 0.0000e+00
      16543 313.846311  -62.14656  -58.44096     -1.147    1448.29    306.000    302.839    -0.6482    -0.6476     0.0005    -0.6579    -0.6573     0.0005   2.813280   2.813252  -0.000018    34.3409    34.3400     7.1408    27.6054    27.6046    34.3402    27.6048    1450.23    1450.23    -0.6577  1029.0712    34.5080 0.0000e+00
      16567 313.846322  -62.14656  -58.44096     -1.117    1448.29    305.000    301.851    -0.6494    -0.6481     0.0013    -0.6591    -0.6578     0.0013   2.813130   2.813173   0.000048    34.3406    34.3398     7.1466    27.6052    27.6045    34.3402    27.6048    1450.21    1450.21    -0.6589  1029.0665    34.5080 0.0000e+00
      16596 313.846336  -62.14656  -58.44096     -0.885    1448.29    304.000    300.862    -0.6488    -0.6473     0.0014    -0.6585    -0.6570     0.0014   2.813153   2.813227   0.000074    34.3408    34.3402     7.1637    27.6053    27.6047    34.3405    27.6050    1450.19    1450.20    -0.6583  1029.0619    34.5083 0.0000e+00
      16627 313.846351  -62.14657  -58.44095     -0.774    1448.29    303.000    299.873    -0.6475    -0.6469     0.0006    -0.6572    -0.6566     0.0006   2.813156   2.813160   0.000015    34.3399    34.3395     7.1696    27.6045    27.6042    34.3397    27.6043    1450.18    1450.18    -0.6569  1029.0564    34.5074 0.0000e+00
      16655 313.846365  -62.14658  -58.44094     -0.821    1448.29    302.000    298.884    -0.6468    -0.6462     0.0006    -0.6564    -0.6559     0.0006   2.813155   2.813123  -0.000024    34.3396    34.3386     7.1702    27.6043    27.6034    34.3395    27.6042    1450.17    1450.17    -0.6562  1029.0515    34.5073 0.0000e+00
      16680 313.846377  -62.14658  -58.44094     -0.920    1448.29    301.000    297.894    -0.6465    -0.6459     0.0006    -0.6561    -0.6555     0.0006   2.813041   2.813090   0.000030    34.3388    34.3385     7.1700    27.6035    27.6033    34.3382    27.6031    1450.15    1450.15    -0.6559  1029.0456    34.5059 0.0000e+00
      16701 313.846387  -62.14658  -58.44093     -1.050    1448.29    300.000    296.906    -0.6497    -0.6473     0.0025    -0.6592    -0.6568     0.0025   2.812627   2.812823   0.000214    34.3373    34.3374     7.1758    27.6025    27.6025    34.3369    27.6021    1450.12    1450.13    -0.6590  1029.0400    34.5046 0.0000e+00
      16721 313.846397  -62.14659  -58.44092     -1.154    1448.29    299.000    295.917    -0.6501    -0.6494     0.0007    -0.6596    -0.6589     0.0007   2.812531   2.812543   0.000021    34.3368    34.3364     7.1716    27.6021    27.6017    34.3366    27.6020    1450.10    1450.10    -0.6594  1029.0351    34.5044 0.0000e+00
      16746 313.846408  -62.14660  -58.44092     -1.090    1448.29    298.000    294.928    -0.6501    -0.6487     0.0014    -0.6595    -0.6582     0.0014   2.812528   2.812596   0.000050    34.3375    34.3366     7.1706    27.6027    27.6019    34.3372    27.6024    1450.08    1450.09    -0.6594  1029.0307    34.5049 0.0000e+00
      16778 313.846424  -62.14660  -58.44092     -0.781    1448.29    297.000    293.940    -0.6525    -0.6490     0.0034    -0.6619    -0.6585     0.0034   2.812213   2.812493   0.000279    34.3368    34.3367     7.1839    27.6022    27.6020    34.3362    27.6018    1450.06    1450.07    -0.6617  1029.0254    34.5040 0.0000e+00
      16807 313.846438  -62.14660  -58.44090     -0.774    1448.29    296.000    292.950    -0.6578    -0.6550     0.0029    -0.6672    -0.6644     0.0029   2.811516   2.811760   0.000232    34.3346    34.3345     7.2003    27.6007    27.6004    34.3335    27.5998    1450.01    1450.02    -0.6670  1029.0187    34.5012 0.0000e+00
      16831 313.846450  -62.14660  -58.44090     -0.921    1448.29    295.000    291.961    -0.6622    -0.6601     0.0021    -0.6716    -0.6694     0.0021   2.811018   2.811129   0.000134    34.3332    34.3326     7.1957    27.5997    27.5991    34.3324    27.5990    1449.97    1449.98    -0.6713  1029.0132    34.5001 0.0000e+00
      16855 313.846461  -62.14662  -58.44090     -1.015    1448.29    294.000    290.972    -0.6635    -0.6625     0.0010    -0.6728    -0.6718     0.0010   2.810838   2.810850   0.000015    34.3324    34.3315     7.1997    27.5991    27.5984    34.3320    27.5988    1449.95    1449.95    -0.6726  1029.0082    34.4997 0.0000e+00
      16879 313.846473  -62.14662  -58.44088     -1.005    1448.29    293.000    289.983    -0.6636    -0.6617     0.0020    -0.6729    -0.6709     0.0020   2.810792   2.810912   0.000092    34.3326    34.3317     7.2079    27.5993    27.5985    34.3321    27.5989    1449.93    1449.94    -0.6727  1029.0036    34.4999 0.0000e+00
      16907 313.846486  -62.14662  -58.44088     -0.905    1448.29    292.000    288.994    -0.6643    -0.6610     0.0033    -0.6735    -0.6703     0.0033   2.810652   2.810890   0.000248    34.3322    34.3319     7.2262    27.5990    27.5986    34.3316    27.5985    1449.91    1449.93    -0.6733  1028.9985    34.4993 0.0000e+00
      16935 313.846500  -62.14662  -58.44087     -0.850    1448.29    291.000    288.005    -0.6665    -0.6658     0.0007    -0.6756    -0.6750     0.0007   2.810367   2.810344  -0.000027    34.3318    34.3307     7.2273    27.5988    27.5978    34.3308    27.5980    1449.89    1449.89    -0.6755  1028.9932    34.4985 0.0000e+00
      16961 313.846512  -62.14663  -58.44086     -0.889    1448.29    290.000    287.016    -0.6728    -0.6685     0.0042    -0.6819    -0.6777     0.0042   2.809643   2.810038   0.000381    34.3296    34.3300     7.2275    27.5973    27.5974    34.3288    27.5966    1449.84    1449.86    -0.6817  1028.9871    34.4965 0.0000e+00
      16986 313.846524  -62.14664  -58.44086     -0.955    1448.29    289.000    286.027    -0.6750    -0.6719     0.0030    -0.6840    -0.6810     0.0030   2.809373   2.809603   0.000241    34.3291    34.3290     7.2353    27.5969    27.5967    34.3283    27.5963    1449.81    1449.82    -0.6839  1028.9820    34.4960 0.0000e+00
      17010 313.846536  -62.14664  -58.44086     -0.982    1448.29    288.000    285.038    -0.6770    -0.6748     0.0022    -0.6860    -0.6838     0.0022   2.809134   2.809274   0.000149    34.3286    34.3281     7.2372    27.5966    27.5961    34.3280    27.5961    1449.78    1449.79    -0.6858  1028.9771    34.4956 0.0000e+00
      17037 313.846549  -62.14664  -58.44085     -0.926    1448.29    287.000    284.049    -0.6780    -0.6762     0.0018    -0.6870    -0.6852     0.0018   2.808995   2.809092   0.000096    34.3284    34.3277     7.2392    27.5965    27.5958    34.3278    27.5960    1449.76    1449.77    -0.6868  1028.9723    34.4955 0.0000e+00
      17065 313.846562  -62.14664  -58.44084     -0.866    1448.29    286.000    283.060    -0.6777    -0.6766     0.0012    -0.6867    -0.6855     0.0012   2.808980   2.808997   0.000033    34.3283    34.3275     7.2500    27.5964    27.5956    34.3280    27.5961    1449.75    1449.75    -0.6865  1028.9657    34.4933 0.0000e+00
      17091 313.846575 -9.990e-29  -58.44084     -0.891    1448.29    285.000    282.071    -0.6778    -0.6770     0.0008    -0.6868    -0.6860     0.0008   2.808898   2.808899   0.000001    34.3281    34.3272     7.2741    27.5962    27.5955    34.3276    27.5958    1449.73    1449.73    -0.6866  1028.9579    34.4894 0.0000e+00
      17115 313.846587 -9.990e-29  -58.44084     -0.953    1448.29    284.000    281.082    -0.6782    -0.6775     0.0007    -0.6871    -0.6864     0.0007   2.808829   2.808807  -0.000015    34.3279    34.3269     7.2766    27.5961    27.5953    34.3276    27.5959    1449.71    1449.71    -0.6869  1028.9532    34.4895 0.0000e+00
      17137 313.846597 -9.990e-29  -58.44082     -1.041    1448.29    283.000    280.093    -0.6780    -0.6773     0.0007    -0.6869    -0.6862     0.0007   2.808792   2.808779  -0.000013    34.3279    34.3270     7.2605    27.5961    27.5953    34.3276    27.5958    1449.70    1449.70    -0.6867  1028.9484    34.4894 0.0000e+00
      17160 313.846608  -62.14666  -58.44082     -1.075    1448.29    282.000    279.104    -0.6783    -0.6775     0.0008    -0.6871    -0.6863     0.0008   2.808721   2.808718  -0.000002    34.3278    34.3268     7.2625    27.5960    27.5952    34.3275    27.5958    1449.68    1449.68    -0.6869  1028.9445    34.4906 0.0000e+00
      17186 313.846621  -62.14668  -58.44082     -0.994    1448.29    281.000    278.115    -0.6805    -0.6779     0.0026    -0.6893    -0.6867     0.0026   2.808456   2.808626   0.000161    34.3276    34.3269     7.2677    27.5959    27.5952    34.3271    27.5955    1449.65    1449.66    -0.6891  1028.9432    34.4947 0.0000e+00
      17214 313.846634  -62.14668  -58.44080     -0.876    1448.29    280.000    277.126    -0.6813    -0.6791     0.0022    -0.6901    -0.6878     0.0022   2.808323   2.808460   0.000145    34.3272    34.3266     7.2813    27.5956    27.5951    34.3268    27.5953    1449.63    1449.64    -0.6899  1028.9383    34.4944 0.0000e+00
      17245 313.846649  -62.14668  -58.44080     -0.802    1448.29    279.000    276.136    -0.6834    -0.6833     0.0001    -0.6921    -0.6920     0.0001   2.808064   2.807997  -0.000065    34.3268    34.3258     7.2724    27.5954    27.5946    34.3263    27.5950    1449.60    1449.60    -0.6919  1028.9332    34.4939 0.0000e+00
      17275 313.846664  -62.14668  -58.44080     -0.790    1448.29    278.000    275.147    -0.6859    -0.6845     0.0014    -0.6946    -0.6931     0.0014   2.807761   2.807818   0.000060    34.3261    34.3253     7.2680    27.5949    27.5943    34.3256    27.5946    1449.58    1449.58    -0.6944  1028.9280    34.4932 0.0000e+00
      17304 313.846678  -62.14669  -58.44079     -0.819    1448.29    277.000    274.158    -0.6878    -0.6861     0.0017    -0.6964    -0.6948     0.0017   2.807507   2.807608   0.000080    34.3257    34.3249     7.2785    27.5947    27.5940    34.3250    27.5941    1449.55    1449.56    -0.6962  1028.9229    34.4926 0.0000e+00
