Pos-Processados/process_op38/Processamento_split/down/doperantar38_015.cnv
* Sea-Bird SBE 9 Data File:
* FileName = D:\OPERANTAR_XXXVIII\DADOS\OP38_015.hdr
* Software Version Seasave V 7.18c
* Temperature SN = 4808
* Conductivity SN = 3380
* Number of Bytes Per Scan = 34
* Number of Voltage Words = 3
* Number of Scans Averaged by the Deck Unit = 1
* NMEA Latitude = 62 18.48 S
* NMEA Longitude = 058 32.77 W
* NMEA UTC (Time) = Nov 05 2019 09:00:03
** H41
** NAVIO POLAR ALMIRANTE MAXIMIANO
** CRUZEIRO:
** OPERANTAR XXXVIII
** ESTAÇÃO: OP38_015
** LAT 62 18,48' S
** LONG 058 32,80' W
** 09P73767-1155_A
** PROFUNDIDADE: 353
** DATA/HORA: 050900Z/NOV/2019
** OPERADOR: SO-HN CHAVES
# nquan = 30
# nvalues = 325                         
# units = specified
# name 0 = scan: Scan Count
# name 1 = timeJ: Julian Days
# name 2 = latitude: Latitude [deg]
# name 3 = longitude: Longitude [deg]
# name 4 = dz/dtM: Descent Rate [m/s]
# name 5 = avgsvCM: Average Sound Velocity [Chen-Millero, m/s]
# name 6 = prDM: Pressure, Digiquartz [db]
# name 7 = depSM: Depth [salt water, m]
# name 8 = t090C: Temperature [ITS-90, deg C]
# name 9 = t190C: Temperature, 2 [ITS-90, deg C]
# name 10 = T2-T190C: Temperature Difference, 2 - 1 [ITS-90, deg C]
# name 11 = potemp090C: Potential Temperature [ITS-90, deg C]
# name 12 = potemp190C: Potential Temperature, 2 [ITS-90, deg C]
# name 13 = potemp90Cdiff: Potential Temperature, Diff, 2 - 1 [ITS-90, deg C]
# name 14 = c0S/m: Conductivity [S/m]
# name 15 = c1S/m: Conductivity, 2 [S/m]
# name 16 = C2-C1S/m: Conductivity Difference, 2 - 1 [S/m]
# name 17 = sal00: Salinity, Practical [PSU]
# name 18 = sal11: Salinity, Practical, 2 [PSU]
# name 19 = sbeox0ML/L: Oxygen, SBE 43 [ml/l]
# name 20 = sigma-é00: Density [sigma-theta, kg/m^3]
# name 21 = sigma-é11: Density, 2 [sigma-theta, kg/m^3]
# name 22 = sal00: Salinity, Practical [PSU]
# name 23 = sigma-é00: Density [sigma-theta, kg/m^3]
# name 24 = svCM: Sound Velocity [Chen-Millero, m/s]
# name 25 = svCM1: Sound Velocity, 2 [Chen-Millero, m/s]
# name 26 = gsw_ptA0: potential temperature [ITS-90, deg C]
# name 27 = gsw_densityA0: density, TEOS-10 [density, kg/m^3]
# name 28 = gsw_saA0: Absolute Salinity [g/kg]
# name 29 = flag:
# span 0 =        115,      12000       
# span 1 = 309.375090, 309.380821       
# span 2 =  -62.30812,  -62.30808       
# span 3 =  -58.54618,  -58.54616       
# span 4 =     -0.249,      1.094       
# span 5 =       0.00,    1447.29       
# span 6 =      1.000,    325.000       
# span 7 =      0.986,    321.623       
# span 8 =    -0.9082,    -0.4491       
# span 9 =    -0.9082,    -0.4491       
# span 10 =    -0.0080,     0.0067      
# span 11 =    -0.9093,    -0.4601      
# span 12 =    -0.9094,    -0.4601      
# span 13 =    -0.0080,     0.0067      
# span 14 =   2.770777,   2.832624      
# span 15 =   2.771151,   2.833020      
# span 16 =  -0.000303,   0.001026      
# span 17 =    34.1475,    34.3632      
# span 18 =    34.1540,    34.3687      
# span 19 =     6.4263,     7.6807      
# span 20 =    27.4553,    27.6147      
# span 21 =    27.4605,    27.6191      
# span 22 =    34.1473,    34.3635      
# span 23 =    27.4550,    27.6149      
# span 24 =    1444.23,    1451.50      
# span 25 =    1444.23,    1451.51      
# span 26 =    -0.9093,    -0.4599      
# span 27 =  1027.4646,  1029.1694      
# span 28 =    34.3120,    34.5314      
# span 29 = 0.0000e+00, 0.0000e+00      
# interval = decibars: 1                
# start_time = Nov 05 2019 09:00:03 [NMEA time, header]
# bad_flag = -9.990e-29
*END*
        115 309.375090  -62.30812  -58.54616     -0.249       0.00      1.000      0.986    -0.8144    -0.8162    -0.0017    -0.8144    -0.8162    -0.0017   2.771175   2.771530   0.000328    34.1475    34.1540     7.6610    27.4553    27.4605    34.1473    27.4550    1444.23    1444.23    -0.8143  1027.4646    34.3120 0.0000e+00
        915 309.375476  -62.30808  -58.54616      0.349       0.00      2.000      1.995    -0.8134    -0.8136    -0.0003    -0.8134    -0.8137    -0.0003   2.771459   2.771819   0.000369    34.1491    34.1544     7.6559    27.4565    27.4608    34.1494    27.4567    1444.26    1444.26    -0.8134  1027.4711    34.3141 0.0000e+00
        995 309.375514  -62.30808  -58.54616      0.424       0.00      3.000      2.971    -0.8082    -0.8086    -0.0004    -0.8083    -0.8087    -0.0004   2.771955   2.772325   0.000363    34.1494    34.1548     7.6555    27.4565    27.4609    34.1496    27.4567    1444.30    1444.30    -0.8083  1027.4759    34.3144 0.0000e+00
       1056 309.375543  -62.30808  -58.54616      0.388       0.00      4.000      3.960    -0.8064    -0.8067    -0.0003    -0.8065    -0.8068    -0.0003   2.772191   2.772587   0.000398    34.1499    34.1556     7.6589    27.4568    27.4615    34.1501    27.4570    1444.32    1444.33    -0.8065  1027.4810    34.3149 0.0000e+00
       1123 309.375576  -62.30808  -58.54616      0.351       0.00      5.000      4.953    -0.8054    -0.8059    -0.0004    -0.8056    -0.8060    -0.0004   2.772336   2.772720   0.000385    34.1502    34.1559     7.6620    27.4571    27.4617    34.1504    27.4572    1444.34    1444.35    -0.8055  1027.4860    34.3152 0.0000e+00
       1184 309.375605  -62.30808  -58.54616      0.405       0.00      6.000      5.943    -0.8054    -0.8064    -0.0009    -0.8056    -0.8065    -0.0009   2.772380   2.772720   0.000339    34.1502    34.1559     7.6691    27.4571    27.4618    34.1503    27.4572    1444.36    1444.36    -0.8056  1027.4908    34.3151 0.0000e+00
       1223 309.375624  -62.30808  -58.54616      0.593 2.5218e-08      7.000      6.933    -0.8061    -0.8065    -0.0004    -0.8063    -0.8066    -0.0004   2.772376   2.772763   0.000392    34.1503    34.1561     7.6696    27.4572    27.4619    34.1504    27.4573    1444.37    1444.38    -0.8063  1027.4956    34.3152 0.0000e+00
       1261 309.375643  -62.30808  -58.54616      0.636       0.12      8.000      7.923    -0.8069    -0.8077    -0.0008    -0.8071    -0.8079    -0.0008   2.772345   2.772693   0.000346    34.1504    34.1560     7.6574    27.4573    27.4618    34.1503    27.4572    1444.38    1444.39    -0.8071  1027.5004    34.3151 0.0000e+00
       1299 309.375661  -62.30808  -58.54616      0.635      -0.00      9.000      8.913    -0.8055    -0.8065    -0.0010    -0.8058    -0.8068    -0.0010   2.772585   2.772904   0.000324    34.1510    34.1565     7.6564    27.4577    27.4622    34.1514    27.4581    1444.41    1444.41    -0.8057  1027.5060    34.3162 0.0000e+00
       1335 309.375678  -62.30808  -58.54616      0.661 4.9666e-22     10.000      9.904    -0.8040    -0.8047    -0.0007    -0.8043    -0.8050    -0.0007   2.772738   2.773103   0.000365    34.1511    34.1568     7.6690    27.4577    27.4624    34.1511    27.4577    1444.43    1444.44    -0.8043  1027.5105    34.3159 0.0000e+00
       1373 309.375697  -62.30808  -58.54616      0.630       0.06     11.000     10.894    -0.8077    -0.8082    -0.0006    -0.8080    -0.8085    -0.0006   2.772538   2.772903   0.000361    34.1520    34.1575     7.6756    27.4586    27.4631    34.1519    27.4586    1444.43    1444.44    -0.8080  1027.5161    34.3167 0.0000e+00
       1408 309.375713  -62.30808  -58.54616      0.666      -0.00     12.000     11.884    -0.8082    -0.8082     0.0001    -0.8086    -0.8085     0.0001   2.772594   2.773010   0.000419    34.1528    34.1584     7.6744    27.4593    27.4638    34.1527    27.4592    1444.45    1444.45    -0.8085  1027.5215    34.3175 0.0000e+00
       1439 309.375728  -62.30808  -58.54616      0.764 8.0863e-47     13.000     12.875    -0.8058    -0.8088    -0.0031    -0.8061    -0.8092    -0.0031   2.773039   2.773050   0.000062    34.1545    34.1588     7.6770    27.4606    27.4642    34.1553    27.4612    1444.48    1444.47    -0.8061  1027.5283    34.3201 0.0000e+00
       1471 309.375744  -62.30808  -58.54616      0.763 5.1370e-23     14.000     13.865    -0.8056    -0.8062    -0.0005    -0.8060    -0.8065    -0.0005   2.772862   2.773316   0.000402    34.1528    34.1589     7.6773    27.4593    27.4642    34.1521    27.4586    1444.49    1444.49    -0.8060  1027.5305    34.3168 0.0000e+00
       1505 309.375760  -62.30808  -58.54616      0.720       0.18     15.000     14.855    -0.8088    -0.8094    -0.0006    -0.8092    -0.8098    -0.0006   2.772688   2.773049   0.000365    34.1527    34.1584     7.6710    27.4593    27.4639    34.1527    27.4593    1444.49    1444.50    -0.8092  1027.5359    34.3174 0.0000e+00
       1539 309.375777  -62.30808  -58.54616      0.691      -0.00     16.000     15.846    -0.8106    -0.8111    -0.0005    -0.8110    -0.8115    -0.0005   2.772525   2.772897   0.000366    34.1520    34.1576     7.6755    27.4588    27.4633    34.1519    27.4587    1444.50    1444.50    -0.8110  1027.5401    34.3166 0.0000e+00
       1570 309.375791  -62.30808  -58.54616      0.758 1.5760e-51     17.000     16.836    -0.8114    -0.8117    -0.0003    -0.8119    -0.8121    -0.0003   2.772446   2.772832   0.000378    34.1515    34.1570     7.6761    27.4584    27.4628    34.1512    27.4581    1444.51    1444.52    -0.8119  1027.5443    34.3158 0.0000e+00
       1598 309.375805  -62.30808  -58.54616      0.837 5.6559e-30     18.000     17.826    -0.7976    -0.8000    -0.0024    -0.7981    -0.8005    -0.0024   2.774075   2.774190   0.000144    34.1553    34.1599     7.6724    27.4609    27.4647    34.1570    27.4623    1444.60    1444.59    -0.7981  1027.5533    34.3217 0.0000e+00
       1627 309.375819  -62.30808  -58.54616      0.840 2.1128e-08     19.000     18.817    -0.8020    -0.8068    -0.0048    -0.8025    -0.8073    -0.0048   2.773539   2.773429  -0.000052    34.1535    34.1582     7.6777    27.4596    27.4636    34.1541    27.4601    1444.59    1444.57    -0.8025  1027.5559    34.3188 0.0000e+00
       1658 309.375834  -62.30808  -58.54616      0.797      43.46     20.000     19.807    -0.7775    -0.7796    -0.0021    -0.7781    -0.7802    -0.0021   2.776105   2.776345   0.000172    34.1589    34.1636     7.6657    27.4630    27.4669    34.1605    27.4643    1444.73    1444.73    -0.7780  1027.5648    34.3252 0.0000e+00
       1689 309.375849  -62.30808  -58.54616      0.760 -9.990e-29     21.000     20.797    -0.7704    -0.7706    -0.0002    -0.7709    -0.7712    -0.0002   2.776920   2.777294   0.000369    34.1615    34.1668     7.6743    27.4648    27.4691    34.1628    27.4659    1444.78    1444.79    -0.7710  1027.5712    34.3275 0.0000e+00
       1721 309.375864  -62.30808  -58.54616      0.751 -9.990e-29     22.000     21.787    -0.7850    -0.7856    -0.0006    -0.7856    -0.7862    -0.0006   2.775759   2.776133   0.000371    34.1635    34.1692     7.6807    27.4671    27.4717    34.1631    27.4667    1444.73    1444.74    -0.7856  1027.5768    34.3278 0.0000e+00
       1755 309.375880  -62.30808  -58.54616      0.730    1417.37     23.000     22.778    -0.8003    -0.8000     0.0003    -0.8009    -0.8006     0.0003   2.774748   2.775187   0.000435    34.1668    34.1724     7.6758    27.4704    27.4748    34.1661    27.4698    1444.68    1444.69    -0.8009  1027.5847    34.3308 0.0000e+00
       1789 309.375897  -62.30808  -58.54616      0.694    1444.62     24.000     23.768    -0.8108    -0.8109    -0.0002    -0.8114    -0.8116    -0.0002   2.774340   2.774754   0.000412    34.1729    34.1786     7.6649    27.4757    27.4804    34.1718    27.4748    1444.66    1444.66    -0.8114  1027.5945    34.3366 0.0000e+00
       1821 309.375913  -62.30808  -58.54616      0.726    1444.74     25.000     24.759    -0.8253    -0.8255    -0.0002    -0.8260    -0.8262    -0.0002   2.773776   2.774193   0.000415    34.1809    34.1868     7.6591    27.4828    27.4875    34.1800    27.4820    1444.61    1444.62    -0.8260  1027.6066    34.3448 0.0000e+00
       1848 309.375926  -62.30808  -58.54616      0.846    1444.74     26.000     25.748    -0.8297    -0.8299    -0.0003    -0.8304    -0.8306    -0.0003   2.773650   2.774048   0.000396    34.1836    34.1893     7.6605    27.4851    27.4898    34.1826    27.4843    1444.61    1444.62    -0.8304  1027.6137    34.3474 0.0000e+00
       1874 309.375938  -62.30808  -58.54616      0.914    1444.74     27.000     26.739    -0.8324    -0.8321     0.0004    -0.8332    -0.8328     0.0004   2.773570   2.773990   0.000417    34.1850    34.1902     7.6493    27.4863    27.4906    34.1841    27.4856    1444.62    1444.63    -0.8331  1027.6197    34.3489 0.0000e+00
       1901 309.375951  -62.30808  -58.54616      0.905    1444.74     28.000     27.729    -0.8346    -0.8347    -0.0001    -0.8354    -0.8355    -0.0001   2.773515   2.773924   0.000407    34.1860    34.1917     7.6326    27.4873    27.4919    34.1851    27.4866    1444.62    1444.63    -0.8353  1027.6255    34.3500 0.0000e+00
       1930 309.375965  -62.30808  -58.54616      0.842    1444.74     29.000     28.719    -0.8376    -0.8378    -0.0002    -0.8384    -0.8386    -0.0002   2.773441   2.773837   0.000395    34.1878    34.1934     7.6291    27.4889    27.4934    34.1869    27.4882    1444.63    1444.64    -0.8384  1027.6319    34.3518 0.0000e+00
       1961 309.375980  -62.30808  -58.54616      0.796    1444.74     30.000     29.710    -0.8445    -0.8444     0.0001    -0.8453    -0.8452     0.0001   2.773136   2.773552   0.000415    34.1914    34.1969     7.6267    27.4920    27.4965    34.1899    27.4908    1444.62    1444.62    -0.8453  1027.6394    34.3548 0.0000e+00
       1991 309.375994  -62.30808  -58.54616      0.790    1444.74     31.000     30.700    -0.8605    -0.8606    -0.0001    -0.8613    -0.8615    -0.0001   2.772541   2.772940   0.000401    34.2008    34.2064     7.6215    27.5003    27.5048    34.1994    27.4992    1444.57    1444.58    -0.8613  1027.6526    34.3644 0.0000e+00
       2020 309.376008  -62.30808  -58.54616      0.812    1444.74     32.000     31.690    -0.8646    -0.8651    -0.0006    -0.8655    -0.8660    -0.0006   2.772426   2.772834   0.000406    34.2033    34.2094     7.6087    27.5025    27.5075    34.2019    27.5014    1444.57    1444.58    -0.8654  1027.6595    34.3669 0.0000e+00
       2049 309.376022  -62.30808  -58.54616      0.831    1444.74     33.000     32.680    -0.8762    -0.8753     0.0009    -0.8771    -0.8762     0.0009   2.772254   2.772709   0.000453    34.2135    34.2186     7.5946    27.5112    27.5153    34.2122    27.5101    1444.55    1444.56    -0.8771  1027.6731    34.3772 0.0000e+00
       2077 309.376036  -62.30808  -58.54616      0.856    1444.74     34.000     33.671    -0.8783    -0.8791    -0.0008    -0.8792    -0.8800    -0.0008   2.772150   2.772520   0.000377    34.2141    34.2201     7.5784    27.5118    27.5166    34.2125    27.5105    1444.55    1444.56    -0.8792  1027.6783    34.3776 0.0000e+00
       2103 309.376048  -62.30808  -58.54616      0.897    1444.74     35.000     34.661    -0.8870    -0.8881    -0.0010    -0.8880    -0.8890    -0.0010   2.771753   2.772111   0.000359    34.2181    34.2241     7.5567    27.5153    27.5203    34.2164    27.5140    1444.53    1444.54    -0.8879  1027.6866    34.3815 0.0000e+00
       2129 309.376061  -62.30808  -58.54616      0.919    1444.74     36.000     35.651    -0.8913    -0.8910     0.0003    -0.8922    -0.8920     0.0003   2.771555   2.771984   0.000423    34.2193    34.2248     7.5218    27.5165    27.5209    34.2179    27.5154    1444.53    1444.54    -0.8922  1027.6928    34.3830 0.0000e+00
       2157 309.376074  -62.30808  -58.54616      0.891    1444.74     37.000     36.641    -0.8943    -0.8943    -0.0000    -0.8953    -0.8953    -0.0000   2.771407   2.771820   0.000413    34.2199    34.2255     7.5027    27.5171    27.5217    34.2187    27.5161    1444.54    1444.54    -0.8953  1027.6984    34.3838 0.0000e+00
       2186 309.376089  -62.30808  -58.54616      0.830    1444.74     38.000     37.632    -0.9014    -0.9018    -0.0005    -0.9024    -0.9029    -0.0005   2.770933   2.771328   0.000393    34.2214    34.2273     7.4913    27.5186    27.5234    34.2196    27.5172    1444.52    1444.53    -0.9024  1027.7042    34.3848 0.0000e+00
       2216 309.376103  -62.30808  -58.54616      0.795    1444.74     39.000     38.622    -0.9057    -0.9061    -0.0004    -0.9068    -0.9071    -0.0004   2.770777   2.771151   0.000384    34.2228    34.2284     7.4882    27.5199    27.5245    34.2219    27.5191    1444.52    1444.52    -0.9067  1027.7110    34.3870 0.0000e+00
       2246 309.376118  -62.30808  -58.54616      0.800    1444.74     40.000     39.612    -0.9018    -0.9020    -0.0002    -0.9029    -0.9031    -0.0002   2.771040   2.771450   0.000402    34.2213    34.2271     7.4900    27.5186    27.5232    34.2203    27.5178    1444.55    1444.56    -0.9028  1027.7144    34.3855 0.0000e+00
       2276 309.376132  -62.30808  -58.54616      0.808    1444.74     41.000     40.602    -0.9073    -0.9074    -0.0001    -0.9084    -0.9085    -0.0001   2.770810   2.771196   0.000383    34.2238    34.2291     7.4911    27.5208    27.5251    34.2229    27.5200    1444.54    1444.55    -0.9084  1027.7215    34.3881 0.0000e+00
       2305 309.376146  -62.30808  -58.54616      0.823    1444.74     42.000     41.592    -0.9082    -0.9082    -0.0000    -0.9093    -0.9094    -0.0000   2.770837   2.771247   0.000408    34.2243    34.2299     7.4873    27.5212    27.5258    34.2236    27.5206    1444.56    1444.57    -0.9093  1027.7269    34.3888 0.0000e+00
       2332 309.376159  -62.30808  -58.54616      0.862    1444.74     43.000     42.582    -0.9078    -0.9081    -0.0003    -0.9090    -0.9093    -0.0003   2.770917   2.771311   0.000393    34.2242    34.2298     7.4873    27.5211    27.5257    34.2236    27.5207    1444.58    1444.58    -0.9089  1027.7317    34.3889 0.0000e+00
       2358 309.376171  -62.30808  -58.54616      0.902    1444.74     44.000     43.573    -0.9065    -0.9066    -0.0001    -0.9077    -0.9077    -0.0001   2.771201   2.771604   0.000400    34.2256    34.2311     7.4829    27.5222    27.5267    34.2253    27.5220    1444.60    1444.61    -0.9076  1027.7379    34.3906 0.0000e+00
       2384 309.376184  -62.30808  -58.54616      0.930    1444.74     45.000     44.563    -0.9061    -0.9060     0.0001    -0.9073    -0.9073     0.0001   2.771343   2.771746   0.000408    34.2267    34.2322     7.4825    27.5231    27.5275    34.2262    27.5227    1444.62    1444.63    -0.9073  1027.7434    34.3915 0.0000e+00
       2411 309.376197  -62.30808  -58.54616      0.910    1444.74     46.000     45.553    -0.9066    -0.9066    -0.0001    -0.9078    -0.9079    -0.0001   2.771358   2.771774   0.000413    34.2266    34.2323     7.4690    27.5230    27.5276    34.2263    27.5228    1444.63    1444.64    -0.9078  1027.7483    34.3916 0.0000e+00
       2441 309.376211  -62.30808  -58.54616      0.826    1444.74     47.000     46.543    -0.9060    -0.9062    -0.0001    -0.9073    -0.9075    -0.0001   2.771470   2.771880   0.000410    34.2269    34.2326     7.4633    27.5232    27.5279    34.2266    27.5230    1444.65    1444.66    -0.9072  1027.7533    34.3919 0.0000e+00
       2473 309.376227  -62.30808  -58.54616      0.751    1444.74     48.000     47.533    -0.9059    -0.9059    -0.0001    -0.9072    -0.9072    -0.0001   2.771547   2.771944   0.000395    34.2271    34.2326     7.4577    27.5234    27.5278    34.2268    27.5232    1444.67    1444.68    -0.9071  1027.7583    34.3922 0.0000e+00
