Pos-Processados/process_op38/Processamento_split/down/doperantar38_019.cnv
* Sea-Bird SBE 9 Data File:
* FileName = D:\OPERANTAR_XXXVIII\DADOS\OP38_019.hdr
* Software Version Seasave V 7.18c
* Temperature SN = 4808
* Conductivity SN = 3380
* Number of Bytes Per Scan = 34
* Number of Voltage Words = 3
* Number of Scans Averaged by the Deck Unit = 1
* NMEA Latitude = 62 12.52 S
* NMEA Longitude = 058 17.99 W
* NMEA UTC (Time) = Nov 22 2019 11:08:24
** H41
** NAVIO POLAR ALMIRANTE MAXIMIANO
** CRUZEIRO:
** OPERANTAR XXXVIII
** ESTAÇÃO: OP38_019
** LAT 62 12,51'S
** LONG 058 18,00'W
** 09P73767-1155_A
** PROFUNDIDADE: 271
** DATA/HORA: 221109Z/NOV/2019
** OPERADOR: SO-HN CHAVES
# nquan = 30
# nvalues = 241                         
# units = specified
# name 0 = scan: Scan Count
# name 1 = timeJ: Julian Days
# name 2 = latitude: Latitude [deg]
# name 3 = longitude: Longitude [deg]
# name 4 = dz/dtM: Descent Rate [m/s]
# name 5 = avgsvCM: Average Sound Velocity [Chen-Millero, m/s]
# name 6 = prDM: Pressure, Digiquartz [db]
# name 7 = depSM: Depth [salt water, m]
# name 8 = t090C: Temperature [ITS-90, deg C]
# name 9 = t190C: Temperature, 2 [ITS-90, deg C]
# name 10 = T2-T190C: Temperature Difference, 2 - 1 [ITS-90, deg C]
# name 11 = potemp090C: Potential Temperature [ITS-90, deg C]
# name 12 = potemp190C: Potential Temperature, 2 [ITS-90, deg C]
# name 13 = potemp90Cdiff: Potential Temperature, Diff, 2 - 1 [ITS-90, deg C]
# name 14 = c0S/m: Conductivity [S/m]
# name 15 = c1S/m: Conductivity, 2 [S/m]
# name 16 = C2-C1S/m: Conductivity Difference, 2 - 1 [S/m]
# name 17 = sal00: Salinity, Practical [PSU]
# name 18 = sal11: Salinity, Practical, 2 [PSU]
# name 19 = sbeox0ML/L: Oxygen, SBE 43 [ml/l]
# name 20 = sigma-é00: Density [sigma-theta, kg/m^3]
# name 21 = sigma-é11: Density, 2 [sigma-theta, kg/m^3]
# name 22 = sal00: Salinity, Practical [PSU]
# name 23 = sigma-é00: Density [sigma-theta, kg/m^3]
# name 24 = svCM: Sound Velocity [Chen-Millero, m/s]
# name 25 = svCM1: Sound Velocity, 2 [Chen-Millero, m/s]
# name 26 = gsw_ptA0: potential temperature [ITS-90, deg C]
# name 27 = gsw_densityA0: density, TEOS-10 [density, kg/m^3]
# name 28 = gsw_saA0: Absolute Salinity [g/kg]
# name 29 = flag:
# span 0 =       1186,      12163       
# span 1 = 326.464738, 326.470032       
# span 2 =  -62.20878,  -62.20874       
# span 3 =  -58.29995,  -58.29984       
# span 4 =      0.032,      0.772       
# span 5 =       0.00,    1448.22       
# span 6 =      3.000,    243.000       
# span 7 =      2.972,    240.524       
# span 8 =    -0.6387,    -0.2425       
# span 9 =    -0.6382,    -0.2426       
# span 10 =    -0.0046,     0.0045      
# span 11 =    -0.6453,    -0.2426      
# span 12 =    -0.6448,    -0.2428      
# span 13 =    -0.0046,     0.0045      
# span 14 =   2.802913,   2.818564      
# span 15 =   2.803358,   2.818897      
# span 16 =   0.000057,   0.000696      
# span 17 =    34.1384,    34.2982      
# span 18 =    34.1431,    34.3034      
# span 19 =     6.9417,     7.6859      
# span 20 =    27.4228,    27.5701      
# span 21 =    27.4266,    27.5743      
# span 22 =    34.1380,    34.2982      
# span 23 =    27.4227,    27.5701      
# span 24 =    1446.82,    1449.21      
# span 25 =    1446.83,    1449.22      
# span 26 =    -0.6451,    -0.2426      
# span 27 =  1027.4415,  1028.7362      
# span 28 =    34.3027,    34.4655      
# span 29 = 0.0000e+00, 0.0000e+00      
# interval = decibars: 1                
# start_time = Nov 22 2019 11:08:24 [NMEA time, header]
# bad_flag = -9.990e-29
*END*
[from data line 194]
       8964 326.468489  -62.20876  -58.29988      0.644    1447.37    197.000    195.016    -0.6311    -0.6307     0.0005    -0.6372    -0.6367     0.0005   2.803665   2.804093   0.000429    34.2582    34.2635     7.1584    27.5375    27.5418    34.2580    27.5374    1448.42    1448.43    -0.6370  1028.4845    34.4250 0.0000e+00
       9008 326.468510  -62.20876  -58.29988      0.545    1447.37    198.000    196.005    -0.6321    -0.6317     0.0004    -0.6382    -0.6379     0.0004   2.803724   2.804147   0.000424    34.2595    34.2648     7.1546    27.5386    27.5429    34.2593    27.5384    1448.43    1448.44    -0.6381  1028.4903    34.4262 0.0000e+00
       9055 326.468533  -62.20876  -58.29988      0.510    1447.37    199.000    196.995    -0.6327    -0.6321     0.0006    -0.6388    -0.6383     0.0006   2.803765   2.804186   0.000422    34.2601    34.2651     7.1270    27.5391    27.5431    34.2599    27.5390    1448.45    1448.46    -0.6387  1028.4956    34.4269 0.0000e+00
       9099 326.468554  -62.20876  -58.29988      0.541    1447.37    200.000    197.984    -0.6329    -0.6323     0.0006    -0.6391    -0.6385     0.0006   2.803816   2.804242   0.000426    34.2603    34.2654     7.1181    27.5394    27.5434    34.2602    27.5392    1448.46    1448.47    -0.6389  1028.5007    34.4272 0.0000e+00
       9144 326.468576  -62.20876  -58.29988      0.537    1447.37    201.000    198.974    -0.6333    -0.6325     0.0007    -0.6395    -0.6387     0.0007   2.803884   2.804303   0.000419    34.2609    34.2657     7.1127    27.5398    27.5437    34.2609    27.5398    1448.48    1448.49    -0.6393  1028.5060    34.4279 0.0000e+00
       9185 326.468595  -62.20876  -58.29988      0.584    1447.37    202.000    199.963    -0.6360    -0.6354     0.0006    -0.6422    -0.6417     0.0006   2.804078   2.804496   0.000418    34.2661    34.2711     7.1161    27.5441    27.5481    34.2660    27.5441    1448.49    1448.50    -0.6421  1028.5151    34.4330 0.0000e+00
       9225 326.468615  -62.20876  -58.29988      0.604    1447.37    203.000    200.946    -0.6375    -0.6369     0.0006    -0.6437    -0.6432     0.0006   2.804223   2.804648   0.000424    34.2692    34.2742     7.1073    27.5467    27.5508    34.2690    27.5466    1448.50    1448.51    -0.6436  1028.5223    34.4360 0.0000e+00
       9271 326.468637  -62.20876  -58.29988      0.518    1447.37    204.000    201.947    -0.6375    -0.6370     0.0005    -0.6438    -0.6433     0.0005   2.804331   2.804755   0.000422    34.2700    34.2751     7.0822    27.5474    27.5515    34.2700    27.5473    1448.52    1448.53    -0.6437  1028.5278    34.4370 0.0000e+00
       9318 326.468660  -62.20876  -58.29988      0.510 -9.990e-29    205.000    202.932    -0.6368    -0.6363     0.0006    -0.6432    -0.6426     0.0006   2.804664   2.805094   0.000432    34.2729    34.2781     7.0636    27.5497    27.5538    34.2730    27.5498    1448.54    1448.55    -0.6430  1028.5351    34.4401 0.0000e+00
       9361 326.468680  -62.20876  -58.29988      0.560    1447.54    206.000    203.921    -0.6360    -0.6354     0.0006    -0.6423    -0.6417     0.0006   2.804981   2.805412   0.000431    34.2756    34.2807     7.0678    27.5518    27.5559    34.2757    27.5519    1448.57    1448.58    -0.6422  1028.5420    34.4428 0.0000e+00
       9401 326.468700  -62.20876  -58.29988      0.596    1447.55    207.000    204.910    -0.6361    -0.6356     0.0005    -0.6425    -0.6420     0.0005   2.805130   2.805559   0.000428    34.2772    34.2824     7.0584    27.5531    27.5573    34.2772    27.5531    1448.59    1448.60    -0.6423  1028.5480    34.4443 0.0000e+00
       9446 326.468722  -62.20876  -58.29988      0.536    1447.55    208.000    205.900    -0.6361    -0.6358     0.0004    -0.6426    -0.6422     0.0004   2.805248   2.805673   0.000427    34.2782    34.2836     7.0516    27.5540    27.5583    34.2783    27.5540    1448.60    1448.61    -0.6424  1028.5536    34.4454 0.0000e+00
       9499 326.468747  -62.20876  -58.29988      0.452    1447.55    209.000    206.889    -0.6369    -0.6365     0.0004    -0.6434    -0.6430     0.0004   2.805364   2.805788   0.000424    34.2802    34.2853     7.0510    27.5556    27.5597    34.2801    27.5555    1448.62    1448.63    -0.6432  1028.5599    34.4472 0.0000e+00
       9547 326.468770  -62.20876  -58.29988      0.496    1447.55    210.000    207.878    -0.6373    -0.6368     0.0005    -0.6438    -0.6433     0.0005   2.805414   2.805841   0.000428    34.2806    34.2858     7.0420    27.5560    27.5601    34.2806    27.5560    1448.63    1448.64    -0.6437  1028.5651    34.4477 0.0000e+00
       9589 326.468791  -62.20876  -58.29988      0.566    1447.55    211.000    208.865    -0.6380    -0.6374     0.0006    -0.6445    -0.6439     0.0006   2.805454   2.805885   0.000431    34.2813    34.2864     7.0334    27.5565    27.5607    34.2813    27.5565    1448.65    1448.66    -0.6444  1028.5704    34.4484 0.0000e+00
       9636 326.468813  -62.20876  -58.29988      0.515    1447.55    212.000    209.858    -0.6385    -0.6380     0.0005    -0.6451    -0.6446     0.0005   2.805555   2.805973   0.000418    34.2827    34.2878     7.0312    27.5577    27.5618    34.2827    27.5577    1448.66    1448.67    -0.6449  1028.5763    34.4498 0.0000e+00
       9695 326.468842  -62.20876  -58.29988      0.391    1447.55    213.000    210.846    -0.6387    -0.6382     0.0004    -0.6453    -0.6448     0.0004   2.805664   2.806082   0.000419    34.2836    34.2888     7.0210    27.5585    27.5626    34.2837    27.5585    1448.68    1448.69    -0.6451  1028.5819    34.4508 0.0000e+00
       9750 326.468868  -62.20876  -58.29988      0.440    1447.55    214.000    211.836    -0.6384    -0.6380     0.0004    -0.6450    -0.6446     0.0004   2.805816   2.806234   0.000416    34.2847    34.2899     7.0170    27.5593    27.5635    34.2848    27.5594    1448.70    1448.71    -0.6449  1028.5876    34.4519 0.0000e+00
       9822 326.468903  -62.20876  -58.29988      0.313    1447.55    215.000    212.826    -0.6385    -0.6381     0.0004    -0.6451    -0.6448     0.0004   2.805967   2.806385   0.000418    34.2863    34.2915     7.0176    27.5606    27.5648    34.2863    27.5607    1448.72    1448.73    -0.6450  1028.5936    34.4535 0.0000e+00
       9886 326.468934  -62.20876  -58.29988      0.385    1447.55    216.000    213.815    -0.6383    -0.6379     0.0005    -0.6450    -0.6446     0.0005   2.806163   2.806585   0.000422    34.2881    34.2933     7.0057    27.5621    27.5662    34.2882    27.5621    1448.74    1448.75    -0.6449  1028.5999    34.4554 0.0000e+00
       9952 326.468966  -62.20876  -58.29988      0.357    1447.55    217.000    214.804    -0.6375    -0.6370     0.0004    -0.6442    -0.6437     0.0004   2.806368   2.806801   0.000432    34.2892    34.2946     6.9904    27.5630    27.5672    34.2893    27.5630    1448.76    1448.77    -0.6441  1028.6055    34.4566 0.0000e+00
      10021 326.468999  -62.20876  -58.29988      0.348    1447.55    218.000    215.793    -0.6367    -0.6363     0.0004    -0.6435    -0.6431     0.0004   2.806514   2.806945   0.000431    34.2898    34.2951     6.9886    27.5634    27.5677    34.2898    27.5634    1448.78    1448.79    -0.6433  1028.6107    34.4571 0.0000e+00
      10094 326.469034  -62.20876  -58.29988      0.326    1447.55    219.000    216.783    -0.6366    -0.6362     0.0004    -0.6434    -0.6430     0.0004   2.806588   2.807021   0.000432    34.2901    34.2954     6.9850    27.5636    27.5679    34.2901    27.5636    1448.80    1448.81    -0.6432  1028.6156    34.4573 0.0000e+00
      10163 326.469067  -62.20876  -58.29988      0.356    1447.55    220.000    217.772    -0.6366    -0.6361     0.0005    -0.6434    -0.6429     0.0005   2.806621   2.807056   0.000435    34.2899    34.2952     6.9818    27.5635    27.5678    34.2899    27.5635    1448.81    1448.82    -0.6433  1028.6202    34.4571 0.0000e+00
      10224 326.469097  -62.20876  -58.29988      0.395    1447.55    221.000    218.760    -0.6371    -0.6367     0.0004    -0.6440    -0.6436     0.0004   2.806600   2.807021   0.000423    34.2896    34.2949     6.9815    27.5632    27.5675    34.2896    27.5633    1448.83    1448.83    -0.6438  1028.6248    34.4569 0.0000e+00
      10292 326.469130  -62.20876  -58.29988      0.347    1447.55    222.000    219.752    -0.6372    -0.6368     0.0004    -0.6441    -0.6437     0.0004   2.806667   2.807069   0.000400    34.2900    34.2950     6.9818    27.5636    27.5676    34.2900    27.5636    1448.84    1448.85    -0.6439  1028.6299    34.4573 0.0000e+00
      10351 326.469158  -62.20876  -58.29988      0.416    1447.55    223.000    220.740    -0.6371    -0.6366     0.0004    -0.6440    -0.6436     0.0004   2.806747   2.807154   0.000409    34.2903    34.2953     6.9853    27.5638    27.5679    34.2904    27.5639    1448.86    1448.87    -0.6439  1028.6350    34.4576 0.0000e+00
      10415 326.469189  -62.20876  -58.29988      0.362    1447.55    224.000    221.729    -0.6370    -0.6367     0.0003    -0.6440    -0.6436     0.0003   2.806818   2.807217   0.000400    34.2906    34.2956     6.9851    27.5640    27.5681    34.2906    27.5641    1448.88    1448.88    -0.6438  1028.6399    34.4579 0.0000e+00
      10479 326.469220  -62.20876  -58.29988      0.378    1447.55    225.000    222.719    -0.6368    -0.6364     0.0004    -0.6438    -0.6434     0.0004   2.806901   2.807306   0.000403    34.2909    34.2959     6.9796    27.5642    27.5683    34.2909    27.5642    1448.89    1448.90    -0.6436  1028.6449    34.4581 0.0000e+00
      10546 326.469252  -62.20876  -58.29988      0.357    1447.55    226.000    223.709    -0.6366    -0.6362     0.0004    -0.6437    -0.6433     0.0004   2.806986   2.807405   0.000418    34.2912    34.2964     6.9827    27.5645    27.5687    34.2912    27.5645    1448.91    1448.92    -0.6435  1028.6496    34.4580 0.0000e+00
      10607 326.469281 -9.990e-29  -58.29988      0.403    1447.55    227.000    224.697    -0.6365    -0.6362     0.0003    -0.6436    -0.6432     0.0003   2.807091   2.807500   0.000410    34.2918    34.2969     6.9747    27.5650    27.5691    34.2919    27.5651    1448.93    1448.94    -0.6434  1028.6508    34.4536 0.0000e+00
      10675 326.469314  -62.20874  -58.29988      0.344    1447.55    228.000    225.687    -0.6362    -0.6359     0.0004    -0.6433    -0.6430     0.0004   2.807207   2.807634   0.000424    34.2925    34.2978     6.9724    27.5656    27.5698    34.2925    27.5656    1448.95    1448.96    -0.6432  1028.6584    34.4572 0.0000e+00
      10754 326.469352  -62.20876  -58.29988      0.289    1447.68    229.000    226.674    -0.6362    -0.6358     0.0005    -0.6434    -0.6429     0.0005   2.807267   2.807711   0.000447    34.2927    34.2982     6.9736    27.5657    27.5701    34.2927    27.5657    1448.96    1448.97    -0.6432  1028.6654    34.4600 0.0000e+00
      10850 326.469399  -62.20876  -58.29989      0.241    1447.69    230.000    227.666    -0.6362    -0.6359     0.0003    -0.6434    -0.6431     0.0003   2.807323   2.807728   0.000407    34.2928    34.2980     6.9645    27.5658    27.5700    34.2928    27.5658    1448.98    1448.99    -0.6432  1028.6703    34.4601 0.0000e+00
      10938 326.469441  -62.20876  -58.29990      0.310    1447.69    231.000    228.656    -0.6362    -0.6358     0.0004    -0.6434    -0.6430     0.0004   2.807362   2.807774   0.000415    34.2927    34.2978     6.9711    27.5657    27.5698    34.2927    27.5657    1449.00    1449.01    -0.6432  1028.6749    34.4600 0.0000e+00
      11016 326.469479  -62.20876  -58.29990      0.295    1447.69    232.000    229.645    -0.6361    -0.6358     0.0003    -0.6434    -0.6430     0.0003   2.807420   2.807829   0.000407    34.2928    34.2980     6.9691    27.5658    27.5700    34.2928    27.5658    1449.01    1449.02    -0.6432  1028.6798    34.4601 0.0000e+00
      11079 326.469509  -62.20876  -58.29990      0.407    1447.69    233.000    230.633    -0.6359    -0.6355     0.0004    -0.6432    -0.6428     0.0004   2.807509   2.807933   0.000422    34.2931    34.2984     6.9665    27.5661    27.5703    34.2932    27.5661    1449.03    1449.04    -0.6430  1028.6849    34.4605 0.0000e+00
      11144 326.469540  -62.20876  -58.29990      0.359    1447.69    234.000    231.622    -0.6357    -0.6353     0.0004    -0.6430    -0.6426     0.0004   2.807604   2.808034   0.000430    34.2935    34.2988     6.9668    27.5664    27.5707    34.2936    27.5665    1449.05    1449.06    -0.6428  1028.6900    34.4609 0.0000e+00
      11210 326.469572  -62.20876  -58.29990      0.365    1447.69    235.000    232.612    -0.6354    -0.6350     0.0004    -0.6428    -0.6424     0.0004   2.807697   2.808128   0.000431    34.2940    34.2993     6.9669    27.5667    27.5710    34.2940    27.5667    1449.07    1449.08    -0.6426  1028.6950    34.4613 0.0000e+00
      11277 326.469604  -62.20876  -58.29990      0.362    1447.69    236.000    233.601    -0.6355    -0.6351     0.0004    -0.6429    -0.6425     0.0004   2.807733   2.808149   0.000416    34.2938    34.2990     6.9636    27.5666    27.5708    34.2939    27.5667    1449.08    1449.09    -0.6427  1028.6997    34.4612 0.0000e+00
      11340 326.469635  -62.20876  -58.29990      0.382    1447.69    237.000    234.589    -0.6352    -0.6349     0.0003    -0.6426    -0.6423     0.0003   2.807844   2.808251   0.000407    34.2945    34.2996     6.9662    27.5671    27.5712    34.2945    27.5671    1449.10    1449.11    -0.6424  1028.7049    34.4618 0.0000e+00
      11408 326.469668  -62.20876  -58.29990      0.341    1447.69    238.000    235.578    -0.6354    -0.6349     0.0005    -0.6429    -0.6423     0.0005   2.807832   2.808293   0.000461    34.2939    34.2995     6.9601    27.5667    27.5712    34.2939    27.5667    1449.12    1449.13    -0.6427  1028.7093    34.4613 0.0000e+00
      11519 326.469721  -62.20876  -58.29992      0.197    1447.69    239.000    236.568    -0.6344    -0.6337     0.0007    -0.6419    -0.6412     0.0007   2.808185   2.808685   0.000501    34.2967    34.3027     6.9598    27.5689    27.5738    34.2969    27.5691    1449.14    1449.15    -0.6417  1028.7164    34.4642 0.0000e+00
      11646 326.469783  -62.20875  -58.29992      0.214    1447.69    240.000    237.560    -0.6338    -0.6334     0.0004    -0.6413    -0.6409     0.0004   2.808374   2.808801   0.000427    34.2982    34.3034     6.9444    27.5701    27.5743    34.2982    27.5701    1449.16    1449.17    -0.6411  1028.7222    34.4655 0.0000e+00
      11792 326.469853  -62.20874  -58.29992      0.173    1447.69    241.000    238.547    -0.6339    -0.6336     0.0003    -0.6415    -0.6411     0.0003   2.808385   2.808793   0.000410    34.2978    34.3029     6.9460    27.5697    27.5739    34.2978    27.5698    1449.18    1449.19    -0.6413  1028.7267    34.4652 0.0000e+00
      11906 326.469908  -62.20874  -58.29993      0.205    1447.69    242.000    239.534    -0.6339    -0.6336     0.0002    -0.6414    -0.6412     0.0002   2.808442   2.808830   0.000388    34.2979    34.3029     6.9417    27.5698    27.5739    34.2979    27.5699    1449.19    1449.20    -0.6413  1028.7315    34.4653 0.0000e+00
      12163 326.470032  -62.20874  -58.29995      0.032    1447.69    243.000    240.524    -0.6339    -0.6335     0.0004    -0.6415    -0.6411     0.0004   2.808475   2.808896   0.000422    34.2978    34.3030     6.9462    27.5698    27.5740    34.2978    27.5698    1449.21    1449.22    -0.6413  1028.7362    34.4652 0.0000e+00
