Pos-Processados/process_op38/Processamento_split/down/doperantar38_024.cnv
* Sea-Bird SBE 9 Data File:
* FileName = D:\OPERANTAR_XXXVIII\DADOS\OP38_024.hdr
* Software Version Seasave V 7.18c
* Temperature SN = 4808
* Conductivity SN = 3380
* Number of Bytes Per Scan = 34
* Number of Voltage Words = 3
* Number of Scans Averaged by the Deck Unit = 1
* NMEA Latitude = 62 13.17 S
* NMEA Longitude = 058 22.76 W
* NMEA UTC (Time) = Nov 22 2019 19:55:17
** H41
** NAVIO POLAR ALMIRANTE MAXIMIANO
** CRUZEIRO:
** OPERANTAR XXXVIII
** ESTAÇÃO: OP38_024
** LAT 62 13,16'S
** LONG 058 22,74'W
** 09P73767-1155_A
** PROFUNDIDADE: 292
** DATA/HORA: 221955Z/NOV/2019
** OPERADOR: SO-HN CHAVES
# nquan = 30
# nvalues = 278                         
# units = specified
# name 0 = scan: Scan Count
# name 1 = timeJ: Julian Days
# name 2 = latitude: Latitude [deg]
# name 3 = longitude: Longitude [deg]
# name 4 = dz/dtM: Descent Rate [m/s]
# name 5 = avgsvCM: Average Sound Velocity [Chen-Millero, m/s]
# name 6 = prDM: Pressure, Digiquartz [db]
# name 7 = depSM: Depth [salt water, m]
# name 8 = t090C: Temperature [ITS-90, deg C]
# name 9 = t190C: Temperature, 2 [ITS-90, deg C]
# name 10 = T2-T190C: Temperature Difference, 2 - 1 [ITS-90, deg C]
# name 11 = potemp090C: Potential Temperature [ITS-90, deg C]
# name 12 = potemp190C: Potential Temperature, 2 [ITS-90, deg C]
# name 13 = potemp90Cdiff: Potential Temperature, Diff, 2 - 1 [ITS-90, deg C]
# name 14 = c0S/m: Conductivity [S/m]
# name 15 = c1S/m: Conductivity, 2 [S/m]
# name 16 = C2-C1S/m: Conductivity Difference, 2 - 1 [S/m]
# name 17 = sal00: Salinity, Practical [PSU]
# name 18 = sal11: Salinity, Practical, 2 [PSU]
# name 19 = sbeox0ML/L: Oxygen, SBE 43 [ml/l]
# name 20 = sigma-é00: Density [sigma-theta, kg/m^3]
# name 21 = sigma-é11: Density, 2 [sigma-theta, kg/m^3]
# name 22 = sal00: Salinity, Practical [PSU]
# name 23 = sigma-é00: Density [sigma-theta, kg/m^3]
# name 24 = svCM: Sound Velocity [Chen-Millero, m/s]
# name 25 = svCM1: Sound Velocity, 2 [Chen-Millero, m/s]
# name 26 = gsw_ptA0: potential temperature [ITS-90, deg C]
# name 27 = gsw_densityA0: density, TEOS-10 [density, kg/m^3]
# name 28 = gsw_saA0: Absolute Salinity [g/kg]
# name 29 = flag:
# span 0 =        317,       8673       
# span 1 = 326.830210, 326.834240       
# span 2 =  -62.21964,  -62.21962       
# span 3 =  -58.37934,  -58.37926       
# span 4 =      0.048,      1.182       
# span 5 =       0.00,    1448.21       
# span 6 =      2.000,    279.000       
# span 7 =      1.986,    276.129       
# span 8 =    -0.5351,    -0.2886       
# span 9 =    -0.5349,    -0.2795       
# span 10 =    -0.0094,     0.0178      
# span 11 =    -0.5412,    -0.2889      
# span 12 =    -0.5411,    -0.2797      
# span 13 =    -0.0094,     0.0178      
# span 14 =   2.805642,   2.818352      
# span 15 =   2.806082,   2.818772      
# span 16 =  -0.000229,   0.001748      
# span 17 =    34.1706,    34.2931      
# span 18 =    34.1743,    34.2985      
# span 19 =     7.0023,     7.6405      
# span 20 =    27.4511,    27.5616      
# span 21 =    27.4535,    27.5659      
# span 22 =    34.1688,    34.2931      
# span 23 =    27.4515,    27.5616      
# span 24 =    1446.38,    1450.27      
# span 25 =    1446.40,    1450.28      
# span 26 =    -0.5411,    -0.2889      
# span 27 =  1027.4657,  1028.8984      
# span 28 =    34.3337,    34.4606      
# span 29 = 0.0000e+00, 0.0000e+00      
# interval = decibars: 1                
# start_time = Nov 22 2019 19:55:17 [NMEA time, header]
# bad_flag = -9.990e-29
*END*
        317 326.830210  -62.21962  -58.37933      0.048       0.00      2.000      1.986    -0.3099    -0.3041     0.0059    -0.3100    -0.3041     0.0059   2.815182   2.816089   0.000886    34.1708    34.1760     7.6160    27.4521    27.4560    34.1703    27.4517    1446.63    1446.66    -0.3100  1027.4657    34.3352 0.0000e+00
        545 326.830320  -62.21962  -58.37934      0.310       0.00      3.000      2.971    -0.3187    -0.3188    -0.0001    -0.3188    -0.3189    -0.0001   2.814555   2.814945   0.000389    34.1715    34.1768     7.6092    27.4531    27.4574    34.1712    27.4528    1446.61    1446.61    -0.3188  1027.4716    34.3361 0.0000e+00
        579 326.830337  -62.21962  -58.37934      0.554       0.00      4.000      3.962    -0.3204    -0.3212    -0.0008    -0.3205    -0.3213    -0.0008   2.814438   2.814787   0.000341    34.1715    34.1769     7.6197    27.4531    27.4576    34.1709    27.4526    1446.61    1446.62    -0.3205  1027.4762    34.3357 0.0000e+00
        618 326.830355  -62.21962  -58.37933      0.629       0.00      5.000      4.952    -0.3158    -0.3126     0.0032    -0.3159    -0.3128     0.0032   2.814898   2.815504   0.000615    34.1707    34.1754     7.6106    27.4523    27.4559    34.1712    27.4527    1446.65    1446.67    -0.3159  1027.4811    34.3361 0.0000e+00
        656 326.830374  -62.21962  -58.37932      0.620 3.3618e-20      6.000      5.942    -0.3196    -0.3154     0.0042    -0.3198    -0.3156     0.0042   2.814552   2.815426   0.000719    34.1710    34.1760     7.6233    27.4527    27.4565    34.1703    27.4522    1446.65    1446.68    -0.3198  1027.4853    34.3352 0.0000e+00
        690 326.830390  -62.21962  -58.37932      0.689       0.15      7.000      6.933    -0.2973    -0.2795     0.0178    -0.2975    -0.2797     0.0178   2.816709   2.818359   0.001748    34.1709    34.1743     7.6251    27.4516    27.4535    34.1735    27.4537    1446.77    1446.86    -0.2975  1027.4916    34.3384 0.0000e+00
        723 326.830406  -62.21962  -58.37932      0.727      -0.00      8.000      7.923    -0.2931    -0.2999    -0.0069    -0.2933    -0.3002    -0.0069   2.816970   2.816777  -0.000146    34.1706    34.1764     7.6284    27.4511    27.4562    34.1716    27.4519    1446.81    1446.78    -0.2933  1027.4946    34.3364 0.0000e+00
        756 326.830422  -62.21962  -58.37932      0.735 1.5510e-46      9.000      8.914    -0.2886    -0.2825     0.0061    -0.2889    -0.2828     0.0061   2.817375   2.818351   0.000919    34.1712    34.1766     7.6282    27.4514    27.4555    34.1714    27.4516    1446.84    1446.88    -0.2889  1027.4990    34.3363 0.0000e+00
        791 326.830439  -62.21962  -58.37932      0.698 8.8676e-20     10.000      9.904    -0.3316    -0.3386    -0.0070    -0.3319    -0.3389    -0.0070   2.813619   2.813521  -0.000031    34.1733    34.1808     7.6405    27.4552    27.4615    34.1688    27.4515    1446.66    1446.63    -0.3319  1027.5038    34.3337 0.0000e+00
        827 326.830456  -62.21962  -58.37932      0.653       0.07     11.000     10.894    -0.3729    -0.3710     0.0019    -0.3733    -0.3714     0.0019   2.810879   2.811412   0.000550    34.1793    34.1845     7.6311    27.4619    27.4661    34.1780    27.4609    1446.49    1446.51    -0.3732  1027.5179    34.3429 0.0000e+00
        860 326.830472  -62.21962  -58.37932      0.722      -0.00     12.000     11.884    -0.3651    -0.3699    -0.0048    -0.3655    -0.3703    -0.0048   2.811426   2.811522   0.000086    34.1778    34.1844     7.6154    27.4604    27.4659    34.1759    27.4588    1446.54    1446.53    -0.3655  1027.5207    34.3408 0.0000e+00
        889 326.830486  -62.21962  -58.37933      0.796 2.6529e-48     13.000     12.875    -0.3759    -0.3748     0.0011    -0.3763    -0.3752     0.0011   2.810657   2.811137   0.000492    34.1791    34.1844     7.6136    27.4619    27.4661    34.1772    27.4604    1446.51    1446.52    -0.3763  1027.5270    34.3420 0.0000e+00
        922 326.830502  -62.21962  -58.37932      0.761 9.0305e-24     14.000     13.865    -0.3940    -0.3982    -0.0042    -0.3944    -0.3986    -0.0042   2.809239   2.809416   0.000167    34.1816    34.1885     7.6104    27.4648    27.4706    34.1779    27.4618    1446.44    1446.43    -0.3944  1027.5332    34.3427 0.0000e+00
        955 326.830518  -62.21962  -58.37932      0.725       0.20     15.000     14.855    -0.4121    -0.4104     0.0016    -0.4125    -0.4109     0.0016   2.808110   2.808649   0.000522    34.1845    34.1896     7.6023    27.4679    27.4720    34.1825    27.4663    1446.38    1446.40    -0.4126  1027.5425    34.3474 0.0000e+00
        986 326.830533  -62.21962  -58.37932      0.759      -0.00     16.000     15.846    -0.4069    -0.4034     0.0035    -0.4074    -0.4039     0.0035   2.808564   2.809223   0.000656    34.1832    34.1880     7.5893    27.4666    27.4704    34.1821    27.4658    1446.42    1446.45    -0.4074  1027.5467    34.3470 0.0000e+00
       1015 326.830547  -62.21962  -58.37932      0.815 5.1236e-56     17.000     16.836    -0.4005    -0.4025    -0.0020    -0.4010    -0.4030    -0.0020   2.809082   2.809335   0.000260    34.1822    34.1879     7.5741    27.4655    27.4703    34.1812    27.4648    1446.47    1446.47    -0.4010  1027.5504    34.3460 0.0000e+00
       1045 326.830561  -62.21962  -58.37932      0.814 5.5123e-33     18.000     17.826    -0.3996    -0.4018    -0.0022    -0.4002    -0.4023    -0.0022   2.809121   2.809360   0.000260    34.1816    34.1876     7.5688    27.4651    27.4700    34.1801    27.4639    1446.49    1446.48    -0.4001  1027.5543    34.3449 0.0000e+00
       1076 326.830576  -62.21962  -58.37932      0.776 6.3865e-10     19.000     18.817    -0.4132    -0.4163    -0.0031    -0.4138    -0.4169    -0.0031   2.808210   2.808413   0.000185    34.1844    34.1904     7.5696    27.4680    27.4729    34.1826    27.4665    1446.44    1446.44    -0.4138  1027.5618    34.3474 0.0000e+00
       1107 326.830591  -62.21962  -58.37932      0.771     790.68     20.000     19.807    -0.4109    -0.4203    -0.0094    -0.4116    -0.4209    -0.0094   2.808502   2.808248  -0.000229    34.1842    34.1917     7.5674    27.4676    27.4741    34.1834    27.4670    1446.47    1446.44    -0.4115  1027.5670    34.3482 0.0000e+00
       1139 326.830607  -62.21962  -58.37932      0.752    1445.18     21.000     20.797    -0.4154    -0.4135     0.0018    -0.4160    -0.4142     0.0018   2.808251   2.808760   0.000512    34.1850    34.1899     7.5724    27.4685    27.4723    34.1844    27.4680    1446.47    1446.48    -0.4160  1027.5728    34.3491 0.0000e+00
       1171 326.830622  -62.21962  -58.37932      0.750    1446.49     22.000     21.788    -0.4207    -0.4234    -0.0026    -0.4214    -0.4240    -0.0026   2.807929   2.808155   0.000230    34.1869    34.1930     7.5632    27.4703    27.4753    34.1855    27.4691    1446.46    1446.46    -0.4214  1027.5787    34.3503 0.0000e+00
       1203 326.830637  -62.21962  -58.37932      0.754    1446.49     23.000     22.778    -0.4280    -0.4288    -0.0008    -0.4287    -0.4295    -0.0008   2.807546   2.807881   0.000340    34.1889    34.1943     7.5714    27.4722    27.4767    34.1879    27.4714    1446.44    1446.45    -0.4287  1027.5858    34.3527 0.0000e+00
       1236 326.830653  -62.21962  -58.37932      0.733    1446.49     24.000     23.768    -0.4266    -0.4275    -0.0008    -0.4274    -0.4282    -0.0008   2.807772   2.808122   0.000334    34.1893    34.1947     7.5612    27.4725    27.4769    34.1888    27.4721    1446.47    1446.47    -0.4273  1027.5913    34.3536 0.0000e+00
       1269 326.830669  -62.21962  -58.37932      0.719    1446.49     25.000     24.758    -0.4261    -0.4263    -0.0001    -0.4269    -0.4270    -0.0001   2.807804   2.808192   0.000390    34.1887    34.1941     7.5446    27.4720    27.4764    34.1880    27.4715    1446.49    1446.49    -0.4269  1027.5954    34.3529 0.0000e+00
       1299 326.830684  -62.21962  -58.37932      0.773    1446.49     26.000     25.749    -0.4266    -0.4261     0.0005    -0.4274    -0.4269     0.0005   2.807824   2.808280   0.000446    34.1887    34.1941     7.5389    27.4720    27.4764    34.1882    27.4716    1446.50    1446.51    -0.4274  1027.6004    34.3530 0.0000e+00
       1327 326.830697  -62.21962  -58.37932      0.843    1446.49     27.000     26.739    -0.4357    -0.4367    -0.0010    -0.4365    -0.4376    -0.0010   2.807287   2.807566   0.000321    34.1916    34.1970     7.5451    27.4747    27.4792    34.1906    27.4740    1446.48    1446.48    -0.4365  1027.6075    34.3555 0.0000e+00
       1356 326.830711  -62.21962  -58.37932      0.845    1446.49     28.000     27.729    -0.4283    -0.4356    -0.0072    -0.4292    -0.4364    -0.0072   2.807848   2.807844  -0.000008    34.1894    34.1975     7.5487    27.4727    27.4795    34.1892    27.4725    1446.53    1446.50    -0.4292  1027.6109    34.3541 0.0000e+00
       1388 326.830727  -62.21962  -58.37932      0.754    1446.49     29.000     28.720    -0.4376    -0.4461    -0.0085    -0.4385    -0.4470    -0.0085   2.807248   2.807163  -0.000075    34.1927    34.2012     7.5528    27.4757    27.4831    34.1911    27.4744    1446.50    1446.47    -0.4385  1027.6176    34.3560 0.0000e+00
       1416 326.830740  -62.21962  -58.37932      0.812    1446.49     30.000     29.710    -0.4521    -0.4518     0.0003    -0.4531    -0.4528     0.0003   2.806518   2.806946   0.000411    34.1980    34.2032     7.5479    27.4807    27.4849    34.1970    27.4799    1446.46    1446.47    -0.4530  1027.6278    34.3619 0.0000e+00
       1440 326.830752  -62.21962  -58.37932      0.929    1446.49     31.000     30.700    -0.4535    -0.4535    -0.0000    -0.4545    -0.4545    -0.0000   2.806480   2.806894   0.000405    34.1985    34.2039     7.5354    27.4811    27.4856    34.1974    27.4803    1446.47    1446.48    -0.4544  1027.6331    34.3625 0.0000e+00
       1461 326.830762  -62.21962 -9.990e-29      1.064    1446.49     32.000     31.690    -0.4552    -0.4548     0.0004    -0.4562    -0.4558     0.0004   2.806442   2.806859   0.000417    34.1990    34.2042     7.5207    27.4817    27.4858    34.1982    27.4810    1446.48    1446.49    -0.4562  1027.6391    34.3639 0.0000e+00
       1484 326.830773  -62.21962 -9.990e-29      1.109    1446.49     33.000     32.681    -0.4543    -0.4549    -0.0006    -0.4553    -0.4559    -0.0006   2.806546   2.806906   0.000359    34.1985    34.2040     7.5059    27.4812    27.4857    34.1979    27.4807    1446.50    1446.50    -0.4553  1027.6436    34.3636 0.0000e+00
       1509 326.830785  -62.21962 -9.990e-29      1.007    1446.49     34.000     33.671    -0.4564    -0.4568    -0.0004    -0.4574    -0.4578    -0.0004   2.806438   2.806812   0.000371    34.1994    34.2048     7.4959    27.4820    27.4864    34.1983    27.4811    1446.51    1446.51    -0.4574  1027.6488    34.3640 0.0000e+00
       1535 326.830798  -62.21962 -9.990e-29      0.909    1446.49     35.000     34.661    -0.4587    -0.4602    -0.0015    -0.4598    -0.4613    -0.0015   2.806438   2.806727   0.000313    34.2007    34.2065     7.4875    27.4832    27.4880    34.2003    27.4829    1446.51    1446.52    -0.4598  1027.6553    34.3661 0.0000e+00
       1560 326.830810  -62.21962  -58.37932      0.951    1446.49     36.000     35.651    -0.4636    -0.4638    -0.0002    -0.4647    -0.4649    -0.0002   2.806144   2.806605   0.000407    34.2026    34.2083     7.4888    27.4850    27.4896    34.2012    27.4839    1446.51    1446.52    -0.4647  1027.6607    34.3665 0.0000e+00
       1582 326.830820  -62.21962  -58.37932      1.032    1446.49     37.000     36.642    -0.4715    -0.4708     0.0008    -0.4727    -0.4719     0.0007   2.805792   2.806214   0.000438    34.2056    34.2106     7.4880    27.4877    27.4918    34.2048    27.4871    1446.49    1446.50    -0.4726  1027.6686    34.3699 0.0000e+00
       1604 326.830831  -62.21962  -58.37932      1.075    1446.49     38.000     37.632    -0.4682    -0.4673     0.0009    -0.4693    -0.4684     0.0009   2.806061   2.806514   0.000454    34.2045    34.2096     7.4823    27.4867    27.4908    34.2040    27.4863    1446.52    1446.53    -0.4693  1027.6726    34.3691 0.0000e+00
       1629 326.830843  -62.21962  -58.37932      1.019    1446.49     39.000     38.622    -0.4623    -0.4623    -0.0000    -0.4635    -0.4635    -0.0000   2.806528   2.806947   0.000402    34.2022    34.2077     7.4815    27.4846    27.4890    34.2031    27.4853    1446.57    1446.57    -0.4635  1027.6763    34.3682 0.0000e+00
       1655 326.830856  -62.21962  -58.37932      0.933    1446.49     40.000     39.612    -0.4433    -0.4442    -0.0009    -0.4445    -0.4455    -0.0009   2.807505   2.807846   0.000346    34.1938    34.1995     7.4760    27.4769    27.4816    34.1941    27.4772    1446.66    1446.66    -0.4445  1027.6730    34.3592 0.0000e+00
       1680 326.830868  -62.21962  -58.37932      0.938    1446.49     41.000     40.603    -0.4439    -0.4444    -0.0004    -0.4452    -0.4456    -0.0004   2.807519   2.807857   0.000370    34.1944    34.1998     7.4776    27.4774    27.4818    34.1944    27.4775    1446.67    1446.68    -0.4451  1027.6781    34.3595 0.0000e+00
       1702 326.830878  -62.21962  -58.37932      1.023    1446.49     42.000     41.593    -0.4624    -0.4617     0.0007    -0.4637    -0.4630     0.0007   2.806425   2.806896   0.000416    34.2016    34.2064     7.4916    27.4841    27.4879    34.2000    27.4828    1446.61    1446.62    -0.4637  1027.6882    34.3651 0.0000e+00
       1723 326.830888  -62.21962  -58.37932      1.111    1446.49     43.000     42.583    -0.4622    -0.4608     0.0014    -0.4635    -0.4621     0.0014   2.806657   2.807123   0.000478    34.2019    34.2067     7.5069    27.4843    27.4881    34.2022    27.4846    1446.63    1446.64    -0.4635  1027.6948    34.3674 0.0000e+00
       1745 326.830899  -62.21962  -58.37932      1.119    1446.49     44.000     43.573    -0.4567    -0.4552     0.0015    -0.4581    -0.4565     0.0015   2.806935   2.807438   0.000489    34.1993    34.2042     7.5138    27.4820    27.4858    34.1992    27.4819    1446.67    1446.68    -0.4580  1027.6969    34.3643 0.0000e+00
       1772 326.830912  -62.21962  -58.37932      0.994    1446.49     45.000     44.563    -0.4590    -0.4574     0.0017    -0.4604    -0.4587     0.0017   2.806822   2.807326   0.000494    34.2002    34.2049     7.5065    27.4828    27.4865    34.1996    27.4823    1446.67    1446.69    -0.4604  1027.7022    34.3648 0.0000e+00
       1801 326.830926  -62.21962  -58.37932      0.840    1446.49     46.000     45.553    -0.4696    -0.4681     0.0014    -0.4710    -0.4696     0.0014   2.806294   2.806787   0.000490    34.2044    34.2094     7.4941    27.4867    27.4907    34.2038    27.4862    1446.65    1446.66    -0.4710  1027.7108    34.3690 0.0000e+00
       1828 326.830939  -62.21962  -58.37932      0.845    1446.49     47.000     46.543    -0.4710    -0.4698     0.0012    -0.4725    -0.4713     0.0012   2.806317   2.806794   0.000487    34.2055    34.2106     7.4883    27.4876    27.4918    34.2051    27.4873    1446.66    1446.67    -0.4724  1027.7167    34.3703 0.0000e+00
       1851 326.830950  -62.21962  -58.37934      0.971    1446.49     48.000     47.534    -0.4720    -0.4707     0.0013    -0.4735    -0.4721     0.0013   2.806259   2.806772   0.000505    34.2055    34.2107     7.4797    27.4877    27.4918    34.2048    27.4872    1446.67    1446.68    -0.4734  1027.7215    34.3703 0.0000e+00
       1871 326.830960  -62.21962  -58.37934      1.107    1446.49     49.000     48.524    -0.4722    -0.4718     0.0004    -0.4737    -0.4733     0.0004   2.806343   2.806755   0.000418    34.2057    34.2109     7.4771    27.4879    27.4920    34.2055    27.4877    1446.69    1446.69    -0.4737  1027.7267    34.3708 0.0000e+00
