Pos-Processados/process_op38/Processamento_split/down/doperantar38_015.cnv
* Sea-Bird SBE 9 Data File:
* FileName = D:\OPERANTAR_XXXVIII\DADOS\OP38_015.hdr
* Software Version Seasave V 7.18c
* Temperature SN = 4808
* Conductivity SN = 3380
* Number of Bytes Per Scan = 34
* Number of Voltage Words = 3
* Number of Scans Averaged by the Deck Unit = 1
* NMEA Latitude = 62 18.48 S
* NMEA Longitude = 058 32.77 W
* NMEA UTC (Time) = Nov 05 2019 09:00:03
** H41
** NAVIO POLAR ALMIRANTE MAXIMIANO
** CRUZEIRO:
** OPERANTAR XXXVIII
** ESTAÇÃO: OP38_015
** LAT 62 18,48' S
** LONG 058 32,80' W
** 09P73767-1155_A
** PROFUNDIDADE: 353
** DATA/HORA: 050900Z/NOV/2019
** OPERADOR: SO-HN CHAVES
# nquan = 30
# nvalues = 325                         
# units = specified
# name 0 = scan: Scan Count
# name 1 = timeJ: Julian Days
# name 2 = latitude: Latitude [deg]
# name 3 = longitude: Longitude [deg]
# name 4 = dz/dtM: Descent Rate [m/s]
# name 5 = avgsvCM: Average Sound Velocity [Chen-Millero, m/s]
# name 6 = prDM: Pressure, Digiquartz [db]
# name 7 = depSM: Depth [salt water, m]
# name 8 = t090C: Temperature [ITS-90, deg C]
# name 9 = t190C: Temperature, 2 [ITS-90, deg C]
# name 10 = T2-T190C: Temperature Difference, 2 - 1 [ITS-90, deg C]
# name 11 = potemp090C: Potential Temperature [ITS-90, deg C]
# name 12 = potemp190C: Potential Temperature, 2 [ITS-90, deg C]
# name 13 = potemp90Cdiff: Potential Temperature, Diff, 2 - 1 [ITS-90, deg C]
# name 14 = c0S/m: Conductivity [S/m]
# name 15 = c1S/m: Conductivity, 2 [S/m]
# name 16 = C2-C1S/m: Conductivity Difference, 2 - 1 [S/m]
# name 17 = sal00: Salinity, Practical [PSU]
# name 18 = sal11: Salinity, Practical, 2 [PSU]
# name 19 = sbeox0ML/L: Oxygen, SBE 43 [ml/l]
# name 20 = sigma-é00: Density [sigma-theta, kg/m^3]
# name 21 = sigma-é11: Density, 2 [sigma-theta, kg/m^3]
# name 22 = sal00: Salinity, Practical [PSU]
# name 23 = sigma-é00: Density [sigma-theta, kg/m^3]
# name 24 = svCM: Sound Velocity [Chen-Millero, m/s]
# name 25 = svCM1: Sound Velocity, 2 [Chen-Millero, m/s]
# name 26 = gsw_ptA0: potential temperature [ITS-90, deg C]
# name 27 = gsw_densityA0: density, TEOS-10 [density, kg/m^3]
# name 28 = gsw_saA0: Absolute Salinity [g/kg]
# name 29 = flag:
# span 0 =        115,      12000       
# span 1 = 309.375090, 309.380821       
# span 2 =  -62.30812,  -62.30808       
# span 3 =  -58.54618,  -58.54616       
# span 4 =     -0.249,      1.094       
# span 5 =       0.00,    1447.29       
# span 6 =      1.000,    325.000       
# span 7 =      0.986,    321.623       
# span 8 =    -0.9082,    -0.4491       
# span 9 =    -0.9082,    -0.4491       
# span 10 =    -0.0080,     0.0067      
# span 11 =    -0.9093,    -0.4601      
# span 12 =    -0.9094,    -0.4601      
# span 13 =    -0.0080,     0.0067      
# span 14 =   2.770777,   2.832624      
# span 15 =   2.771151,   2.833020      
# span 16 =  -0.000303,   0.001026      
# span 17 =    34.1475,    34.3632      
# span 18 =    34.1540,    34.3687      
# span 19 =     6.4263,     7.6807      
# span 20 =    27.4553,    27.6147      
# span 21 =    27.4605,    27.6191      
# span 22 =    34.1473,    34.3635      
# span 23 =    27.4550,    27.6149      
# span 24 =    1444.23,    1451.50      
# span 25 =    1444.23,    1451.51      
# span 26 =    -0.9093,    -0.4599      
# span 27 =  1027.4646,  1029.1694      
# span 28 =    34.3120,    34.5314      
# span 29 = 0.0000e+00, 0.0000e+00      
# interval = decibars: 1                
# start_time = Nov 05 2019 09:00:03 [NMEA time, header]
# bad_flag = -9.990e-29
*END*
[from data line 194]
       6461 309.378150  -62.30810  -58.54618      0.898    1445.83    195.000    193.035    -0.8252    -0.8251     0.0001    -0.8309    -0.8308     0.0001   2.789647   2.790049   0.000414    34.2890    34.2945     7.0241    27.5705    27.5750    34.2897    27.5711    1447.52    1447.53    -0.8308  1028.5099    34.4568 0.0000e+00
       6483 309.378161  -62.30810  -58.54618      1.037    1445.83    196.000    194.025    -0.8226    -0.8225     0.0001    -0.8283    -0.8283     0.0001   2.789900   2.790355   0.000430    34.2889    34.2946     7.0200    27.5703    27.5750    34.2896    27.5709    1447.55    1447.56    -0.8282  1028.5144    34.4566 0.0000e+00
       6506 309.378172  -62.30810  -58.54618      1.089    1445.83    197.000    195.015    -0.8232    -0.8206     0.0027    -0.8290    -0.8263     0.0027   2.789888   2.790520   0.000648    34.2889    34.2946     7.0246    27.5703    27.5749    34.2895    27.5708    1447.56    1447.58    -0.8288  1028.5192    34.4566 0.0000e+00
       6532 309.378184  -62.30810  -58.54618      0.987    1445.83    198.000    196.004    -0.8169    -0.8183    -0.0014    -0.8227    -0.8241    -0.0014   2.790447   2.790756   0.000302    34.2889    34.2946     7.0294    27.5701    27.5748    34.2892    27.5704    1447.61    1447.61    -0.8225  1028.5234    34.4563 0.0000e+00
       6562 309.378199  -62.30810  -58.54618      0.818    1445.83    199.000    196.993    -0.8218    -0.8243    -0.0025    -0.8276    -0.8301    -0.0025   2.790102   2.790291   0.000203    34.2891    34.2947     7.0263    27.5704    27.5751    34.2895    27.5708    1447.60    1447.60    -0.8275  1028.5287    34.4566 0.0000e+00
       6595 309.378214  -62.30810  -58.54618      0.749    1445.83    200.000    197.983    -0.8199    -0.8199    -0.0001    -0.8257    -0.8258    -0.0001   2.790331   2.790728   0.000401    34.2894    34.2950     7.0202    27.5707    27.5752    34.2898    27.5710    1447.63    1447.63    -0.8256  1028.5336    34.4569 0.0000e+00
       6626 309.378229  -62.30810  -58.54618      0.766    1445.83    201.000    198.972    -0.8193    -0.8198    -0.0005    -0.8252    -0.8257    -0.0005   2.790440   2.790794   0.000365    34.2894    34.2950     7.0205    27.5707    27.5752    34.2900    27.5711    1447.65    1447.65    -0.8250  1028.5385    34.4571 0.0000e+00
       6654 309.378243  -62.30810  -58.54618      0.820    1445.83    202.000    199.961    -0.8173    -0.8183    -0.0010    -0.8233    -0.8242    -0.0010   2.790606   2.790939   0.000325    34.2893    34.2948     7.0214    27.5705    27.5750    34.2894    27.5706    1447.67    1447.68    -0.8231  1028.5427    34.4565 0.0000e+00
       6679 309.378255  -62.30810  -58.54618      0.908    1445.83    203.000    200.951    -0.8208    -0.8185     0.0024    -0.8268    -0.8244     0.0024   2.790301   2.790999   0.000643    34.2891    34.2951     7.0263    27.5705    27.5752    34.2887    27.5701    1447.67    1447.69    -0.8266  1028.5471    34.4558 0.0000e+00
       6702 309.378266  -62.30810  -58.54618      0.990    1445.83    204.000    201.941    -0.8226    -0.8220     0.0007    -0.8286    -0.8280     0.0006   2.790296   2.790694   0.000448    34.2896    34.2949     7.0236    27.5709    27.5752    34.2900    27.5713    1447.68    1447.69    -0.8284  1028.5530    34.4571 0.0000e+00
       6725 309.378277  -62.30810  -58.54618      1.043    1445.83    205.000    202.930    -0.8224    -0.8238    -0.0013    -0.8285    -0.8298    -0.0013   2.790274   2.790578   0.000303    34.2891    34.2947     7.0151    27.5705    27.5751    34.2889    27.5703    1447.70    1447.70    -0.8283  1028.5569    34.4560 0.0000e+00
       6751 309.378290  -62.30810  -58.54618      0.998    1445.83    206.000    203.919    -0.8192    -0.8196    -0.0004    -0.8252    -0.8256    -0.0004   2.790714   2.791089   0.000378    34.2898    34.2953     7.0126    27.5709    27.5754    34.2905    27.5715    1447.73    1447.74    -0.8251  1028.5628    34.4577 0.0000e+00
       6780 309.378304  -62.30810  -58.54618      0.850    1445.83    207.000    204.908    -0.8131    -0.8137    -0.0005    -0.8192    -0.8197    -0.0005   2.791258   2.791635   0.000365    34.2899    34.2954     7.0169    27.5708    27.5753    34.2904    27.5712    1447.77    1447.78    -0.8190  1028.5672    34.4575 0.0000e+00
       6810 309.378319  -62.30810  -58.54618      0.786    1445.83    208.000    205.898    -0.8067    -0.8078    -0.0011    -0.8129    -0.8140    -0.0011   2.792019   2.792253   0.000287    34.2910    34.2961     7.0207    27.5714    27.5756    34.2928    27.5729    1447.82    1447.83    -0.8127  1028.5736    34.4600 0.0000e+00
       6838 309.378332  -62.30810  -58.54618      0.840    1445.83    209.000    206.887    -0.7999    -0.8003    -0.0004    -0.8061    -0.8065    -0.0004   2.792516   2.792980   0.000410    34.2909    34.2969     7.0207    27.5710    27.5759    34.2912    27.5713    1447.87    1447.88    -0.8059  1028.5768    34.4584 0.0000e+00
       6865 309.378345  -62.30810  -58.54618      0.883    1445.83    210.000    207.877    -0.7967    -0.7958     0.0009    -0.8029    -0.8020     0.0009   2.792963   2.793435   0.000483    34.2918    34.2974     7.0173    27.5717    27.5761    34.2930    27.5726    1447.90    1447.92    -0.8027  1028.5828    34.4602 0.0000e+00
       6893 309.378358  -62.30810  -58.54618      0.879    1445.83    211.000    208.866    -0.7913    -0.7910     0.0003    -0.7976    -0.7972     0.0003   2.793504   2.793944   0.000444    34.2923    34.2980     7.0196    27.5719    27.5764    34.2936    27.5729    1447.95    1447.95    -0.7974  1028.5879    34.4608 0.0000e+00
       6919 309.378371  -62.30810  -58.54618      0.888    1445.83    212.000    209.856    -0.7826    -0.7825     0.0001    -0.7889    -0.7888     0.0001   2.794506   2.794939   0.000418    34.2941    34.2996     7.0161    27.5730    27.5774    34.2966    27.5750    1448.01    1448.02    -0.7887  1028.5947    34.4639 0.0000e+00
       6944 309.378383  -62.30810  -58.54618      0.932    1445.83    213.000    210.845    -0.7642    -0.7655    -0.0012    -0.7706    -0.7719    -0.0013   2.796224   2.796485   0.000285    34.2962    34.3016     7.0081    27.5739    27.5783    34.2985    27.5757    1448.11    1448.11    -0.7704  1028.6000    34.4657 0.0000e+00
       6968 309.378395  -62.30810  -58.54618      0.982    1445.83    214.000    211.834    -0.7594    -0.7613    -0.0018    -0.7658    -0.7677    -0.0018   2.796703   2.796914   0.000225    34.2969    34.3020     7.0133    27.5742    27.5785    34.2989    27.5759    1448.15    1448.15    -0.7657  1028.6049    34.4661 0.0000e+00
       6992 309.378406  -62.30810  -58.54618      1.012    1445.83    215.000    212.824    -0.7548    -0.7557    -0.0009    -0.7613    -0.7622    -0.0009   2.797180   2.797486   0.000307    34.2978    34.3031     7.0163    27.5749    27.5791    34.2995    27.5762    1448.19    1448.19    -0.7611  1028.6099    34.4667 0.0000e+00
       7017 309.378418  -62.30810  -58.54618      0.988    1445.83    216.000    213.813    -0.7530    -0.7535    -0.0005    -0.7595    -0.7600    -0.0005   2.797369   2.797763   0.000378    34.2980    34.3036     7.0139    27.5749    27.5795    34.2994    27.5760    1448.22    1448.22    -0.7593  1028.6146    34.4666 0.0000e+00
       7046 309.378432  -62.30810  -58.54618      0.879    1445.83    217.000    214.803    -0.7495    -0.7485     0.0010    -0.7560    -0.7550     0.0010   2.797814   2.798313   0.000497    34.2990    34.3046     7.0127    27.5756    27.5801    34.3008    27.5770    1448.25    1448.26    -0.7559  1028.6203    34.4680 0.0000e+00
       7080 309.378448  -62.30810  -58.54618      0.731    1445.83    218.000    215.792    -0.7403    -0.7401     0.0003    -0.7469    -0.7466     0.0003   2.798737   2.799184   0.000445    34.3007    34.3064     7.0064    27.5766    27.5812    34.3023    27.5778    1448.31    1448.32    -0.7467  1028.6258    34.4695 0.0000e+00
       7113 309.378464  -62.30810  -58.54618      0.713    1445.83    219.000    216.781    -0.7254    -0.7237     0.0017    -0.7321    -0.7304     0.0017   2.800485   2.801063   0.000576    34.3046    34.3105     7.0050    27.5791    27.5839    34.3084    27.5821    1448.41    1448.42    -0.7319  1028.6348    34.4757 0.0000e+00
       7142 309.378478  -62.30810  -58.54618      0.796    1445.83    220.000    217.771    -0.7021    -0.7015     0.0006    -0.7088    -0.7082     0.0006   2.802821   2.803283   0.000458    34.3095    34.3150     6.9939    27.5821    27.5866    34.3129    27.5848    1448.54    1448.55    -0.7086  1028.6420    34.4802 0.0000e+00
       7168 309.378491  -62.30810  -58.54618      0.880    1445.83    221.000    218.760    -0.6947    -0.6947    -0.0000    -0.7014    -0.7015    -0.0000   2.803523   2.803936   0.000414    34.3111    34.3167     6.9891    27.5831    27.5876    34.3133    27.5849    1448.59    1448.60    -0.7013  1028.6468    34.4807 0.0000e+00
       7193 309.378503  -62.30810  -58.54618      0.939    1445.83    222.000    219.749    -0.6932    -0.6932    -0.0001    -0.7000    -0.7000    -0.0001   2.803723   2.804114   0.000400    34.3117    34.3172     6.9735    27.5835    27.5880    34.3137    27.5851    1448.61    1448.62    -0.6998  1028.6518    34.4810 0.0000e+00
       7217 309.378515  -62.30810  -58.54618      0.978    1445.83    223.000    220.738    -0.6921    -0.6920     0.0000    -0.6989    -0.6989     0.0000   2.803869   2.804294   0.000420    34.3122    34.3179     6.9452    27.5839    27.5884    34.3138    27.5852    1448.64    1448.64    -0.6988  1028.6566    34.4812 0.0000e+00
       7241 309.378526  -62.30810  -58.54618      1.008    1445.83    224.000    221.728    -0.6923    -0.6915     0.0008    -0.6991    -0.6984     0.0008   2.803876   2.804395   0.000509    34.3122    34.3182     6.9294    27.5839    27.5887    34.3135    27.5850    1448.65    1448.66    -0.6990  1028.6612    34.4809 0.0000e+00
       7265 309.378538  -62.30810  -58.54618      1.003    1445.83    225.000    222.717    -0.6894    -0.6886     0.0008    -0.6963    -0.6955     0.0008   2.804277   2.804761   0.000493    34.3134    34.3191     6.9233    27.5847    27.5893    34.3151    27.5861    1448.68    1448.69    -0.6961  1028.6670    34.4824 0.0000e+00
       7293 309.378551  -62.30810  -58.54618      0.919    1445.83    226.000    223.707    -0.6865    -0.6860     0.0005    -0.6935    -0.6929     0.0005   2.804614   2.805073   0.000459    34.3143    34.3199     6.9194    27.5854    27.5899    34.3157    27.5865    1448.71    1448.72    -0.6933  1028.6722    34.4831 0.0000e+00
       7325 309.378567  -62.30810  -58.54618      0.780    1445.83    227.000    224.696    -0.6832    -0.6835    -0.0003    -0.6902    -0.6905    -0.0003   2.804998   2.805386   0.000395    34.3152    34.3209     6.9181    27.5860    27.5905    34.3166    27.5870    1448.74    1448.75    -0.6900  1028.6775    34.4839 0.0000e+00
       7358 309.378583  -62.30810  -58.54618      0.712    1445.83    228.000    225.685    -0.6798    -0.6801    -0.0003    -0.6868    -0.6871    -0.0003   2.805395   2.805789   0.000388    34.3161    34.3217     6.9211    27.5865    27.5911    34.3174    27.5876    1448.78    1448.78    -0.6867  1028.6828    34.4848 0.0000e+00
       7388 309.378597  -62.30810  -58.54618      0.770    1445.83    229.000    226.674    -0.6784    -0.6785    -0.0000    -0.6855    -0.6856    -0.0000   2.805555   2.805968   0.000414    34.3165    34.3222     6.9183    27.5868    27.5914    34.3174    27.5875    1448.80    1448.81    -0.6853  1028.6875    34.4848 0.0000e+00
       7415 309.378610  -62.30810  -58.54618      0.864    1446.04    230.000    227.664    -0.6778    -0.6780    -0.0001    -0.6850    -0.6851    -0.0001   2.805682   2.806102   0.000418    34.3169    34.3227     6.9103    27.5871    27.5918    34.3179    27.5879    1448.82    1448.83    -0.6847  1028.6926    34.4853 0.0000e+00
       7440 309.378622  -62.30810  -58.54618      0.937    1446.36    231.000    228.653    -0.6742    -0.6740     0.0002    -0.6814    -0.6812     0.0002   2.806138   2.806577   0.000439    34.3180    34.3237     6.9074    27.5878    27.5924    34.3193    27.5889    1448.86    1448.86    -0.6812  1028.6983    34.4867 0.0000e+00
       7465 309.378634  -62.30810  -58.54618      0.967    1446.36    232.000    229.642    -0.6667    -0.6667     0.0000    -0.6739    -0.6739     0.0000   2.806962   2.807366   0.000408    34.3195    34.3251     6.9095    27.5887    27.5932    34.3213    27.5902    1448.91    1448.92    -0.6737  1028.7043    34.4887 0.0000e+00
       7491 309.378647  -62.30810  -58.54618      0.942    1446.36    233.000    230.631    -0.6580    -0.6577     0.0004    -0.6652    -0.6649     0.0004   2.807904   2.808356   0.000457    34.3215    34.3273     6.9076    27.5900    27.5946    34.3235    27.5916    1448.97    1448.98    -0.6651  1028.7104    34.4910 0.0000e+00
       7521 309.378661  -62.30810  -58.54618      0.842    1446.36    234.000    231.621    -0.6502    -0.6500     0.0001    -0.6574    -0.6573     0.0001   2.808698   2.809130   0.000427    34.3232    34.3288     6.9026    27.5910    27.5955    34.3247    27.5923    1449.02    1449.03    -0.6573  1028.7158    34.4922 0.0000e+00
       7553 309.378677  -62.30810  -58.54618      0.749    1446.36    235.000    232.610    -0.6462    -0.6460     0.0003    -0.6536    -0.6533     0.0003   2.809114   2.809563   0.000444    34.3240    34.3296     6.8865    27.5915    27.5961    34.3253    27.5925    1449.06    1449.07    -0.6534  1028.7208    34.4927 0.0000e+00
       7584 309.378692  -62.30810  -58.54618      0.761    1446.36    236.000    233.599    -0.6434    -0.6434    -0.0000    -0.6507    -0.6508    -0.0000   2.809437   2.809850   0.000413    34.3247    34.3303     6.8726    27.5919    27.5964    34.3258    27.5928    1449.09    1449.10    -0.6506  1028.7258    34.4933 0.0000e+00
       7612 309.378705  -62.30810  -58.54618      0.829    1446.36    237.000    234.589    -0.6433    -0.6431     0.0001    -0.6507    -0.6505     0.0001   2.809495   2.809920   0.000430    34.3249    34.3305     6.8627    27.5921    27.5966    34.3258    27.5928    1449.11    1449.12    -0.6505  1028.7306    34.4933 0.0000e+00
       7640 309.378718  -62.30810  -58.54618      0.872    1446.36    238.000    235.578    -0.6415    -0.6411     0.0004    -0.6490    -0.6485     0.0004   2.809717   2.810192   0.000472    34.3252    34.3311     6.8514    27.5923    27.5970    34.3262    27.5931    1449.13    1449.14    -0.6488  1028.7357    34.4937 0.0000e+00
       7668 309.378732  -62.30810  -58.54618      0.847    1446.36    239.000    236.567    -0.6384    -0.6390    -0.0005    -0.6459    -0.6464    -0.0005   2.810090   2.810464   0.000368    34.3260    34.3315     6.8426    27.5928    27.5973    34.3271    27.5937    1449.16    1449.17    -0.6457  1028.7410    34.4946 0.0000e+00
       7696 309.378746  -62.30810  -58.54618      0.853    1446.36    240.000    237.556    -0.6327    -0.6326     0.0000    -0.6402    -0.6402     0.0000   2.810709   2.811123   0.000421    34.3271    34.3328     6.8374    27.5935    27.5980    34.3284    27.5944    1449.21    1449.22    -0.6401  1028.7464    34.4959 0.0000e+00
       7721 309.378758  -62.30810  -58.54618      0.916    1446.36    241.000    238.546    -0.6322    -0.6323    -0.0001    -0.6398    -0.6399    -0.0001   2.810719   2.811118   0.000404    34.3267    34.3323     6.8405    27.5931    27.5976    34.3274    27.5936    1449.23    1449.23    -0.6396  1028.7504    34.4949 0.0000e+00
