Pos-Processados/process_op38/Processamento_split/down/doperantar38_015.cnv
* Sea-Bird SBE 9 Data File:
* FileName = D:\OPERANTAR_XXXVIII\DADOS\OP38_015.hdr
* Software Version Seasave V 7.18c
* Temperature SN = 4808
* Conductivity SN = 3380
* Number of Bytes Per Scan = 34
* Number of Voltage Words = 3
* Number of Scans Averaged by the Deck Unit = 1
* NMEA Latitude = 62 18.48 S
* NMEA Longitude = 058 32.77 W
* NMEA UTC (Time) = Nov 05 2019 09:00:03
** H41
** NAVIO POLAR ALMIRANTE MAXIMIANO
** CRUZEIRO:
** OPERANTAR XXXVIII
** ESTAÇÃO: OP38_015
** LAT 62 18,48' S
** LONG 058 32,80' W
** 09P73767-1155_A
** PROFUNDIDADE: 353
** DATA/HORA: 050900Z/NOV/2019
** OPERADOR: SO-HN CHAVES
# nquan = 30
# nvalues = 325                         
# units = specified
# name 0 = scan: Scan Count
# name 1 = timeJ: Julian Days
# name 2 = latitude: Latitude [deg]
# name 3 = longitude: Longitude [deg]
# name 4 = dz/dtM: Descent Rate [m/s]
# name 5 = avgsvCM: Average Sound Velocity [Chen-Millero, m/s]
# name 6 = prDM: Pressure, Digiquartz [db]
# name 7 = depSM: Depth [salt water, m]
# name 8 = t090C: Temperature [ITS-90, deg C]
# name 9 = t190C: Temperature, 2 [ITS-90, deg C]
# name 10 = T2-T190C: Temperature Difference, 2 - 1 [ITS-90, deg C]
# name 11 = potemp090C: Potential Temperature [ITS-90, deg C]
# name 12 = potemp190C: Potential Temperature, 2 [ITS-90, deg C]
# name 13 = potemp90Cdiff: Potential Temperature, Diff, 2 - 1 [ITS-90, deg C]
# name 14 = c0S/m: Conductivity [S/m]
# name 15 = c1S/m: Conductivity, 2 [S/m]
# name 16 = C2-C1S/m: Conductivity Difference, 2 - 1 [S/m]
# name 17 = sal00: Salinity, Practical [PSU]
# name 18 = sal11: Salinity, Practical, 2 [PSU]
# name 19 = sbeox0ML/L: Oxygen, SBE 43 [ml/l]
# name 20 = sigma-é00: Density [sigma-theta, kg/m^3]
# name 21 = sigma-é11: Density, 2 [sigma-theta, kg/m^3]
# name 22 = sal00: Salinity, Practical [PSU]
# name 23 = sigma-é00: Density [sigma-theta, kg/m^3]
# name 24 = svCM: Sound Velocity [Chen-Millero, m/s]
# name 25 = svCM1: Sound Velocity, 2 [Chen-Millero, m/s]
# name 26 = gsw_ptA0: potential temperature [ITS-90, deg C]
# name 27 = gsw_densityA0: density, TEOS-10 [density, kg/m^3]
# name 28 = gsw_saA0: Absolute Salinity [g/kg]
# name 29 = flag:
# span 0 =        115,      12000       
# span 1 = 309.375090, 309.380821       
# span 2 =  -62.30812,  -62.30808       
# span 3 =  -58.54618,  -58.54616       
# span 4 =     -0.249,      1.094       
# span 5 =       0.00,    1447.29       
# span 6 =      1.000,    325.000       
# span 7 =      0.986,    321.623       
# span 8 =    -0.9082,    -0.4491       
# span 9 =    -0.9082,    -0.4491       
# span 10 =    -0.0080,     0.0067      
# span 11 =    -0.9093,    -0.4601      
# span 12 =    -0.9094,    -0.4601      
# span 13 =    -0.0080,     0.0067      
# span 14 =   2.770777,   2.832624      
# span 15 =   2.771151,   2.833020      
# span 16 =  -0.000303,   0.001026      
# span 17 =    34.1475,    34.3632      
# span 18 =    34.1540,    34.3687      
# span 19 =     6.4263,     7.6807      
# span 20 =    27.4553,    27.6147      
# span 21 =    27.4605,    27.6191      
# span 22 =    34.1473,    34.3635      
# span 23 =    27.4550,    27.6149      
# span 24 =    1444.23,    1451.50      
# span 25 =    1444.23,    1451.51      
# span 26 =    -0.9093,    -0.4599      
# span 27 =  1027.4646,  1029.1694      
# span 28 =    34.3120,    34.5314      
# span 29 = 0.0000e+00, 0.0000e+00      
# interval = decibars: 1                
# start_time = Nov 05 2019 09:00:03 [NMEA time, header]
# bad_flag = -9.990e-29
*END*
[from data line 97]
       3789 309.376862  -62.30808  -58.54616      0.865    1445.03     98.000     97.035    -0.8502    -0.8504    -0.0002    -0.8530    -0.8531    -0.0002   2.780994   2.781395   0.000401    34.2606    34.2663     7.2190    27.5484    27.5530    34.2608    27.5486    1445.79    1445.80    -0.8529  1028.0234    34.4270 0.0000e+00
       3814 309.376874  -62.30808  -58.54616      0.936    1445.03     99.000     98.026    -0.8501    -0.8502    -0.0001    -0.8529    -0.8530    -0.0001   2.781101   2.781504   0.000404    34.2613    34.2669     7.2019    27.5489    27.5535    34.2615    27.5492    1445.81    1445.81    -0.8528  1028.0288    34.4277 0.0000e+00
       3839 309.376886  -62.30808  -58.54616      0.964    1445.03    100.000     99.015    -0.8505    -0.8504     0.0001    -0.8533    -0.8532     0.0001   2.781172   2.781597   0.000420    34.2622    34.2678     7.1919    27.5497    27.5542    34.2623    27.5498    1445.82    1445.83    -0.8532  1028.0342    34.4285 0.0000e+00
       3863 309.376897  -62.30808  -58.54616      0.977    1445.03    101.000    100.005    -0.8504    -0.8501     0.0003    -0.8532    -0.8529     0.0003   2.781230   2.781657   0.000427    34.2623    34.2677     7.1900    27.5497    27.5542    34.2623    27.5498    1445.84    1445.85    -0.8531  1028.0390    34.4285 0.0000e+00
       3887 309.376909  -62.30808  -58.54616      1.007    1445.03    102.000    100.995    -0.8521    -0.8520     0.0001    -0.8550    -0.8549     0.0001   2.781149   2.781561   0.000417    34.2626    34.2681     7.1969    27.5501    27.5546    34.2626    27.5501    1445.85    1445.86    -0.8549  1028.0441    34.4288 0.0000e+00
       3910 309.376920  -62.30808  -58.54617      1.037    1445.03    103.000    101.985    -0.8524    -0.8524     0.0000    -0.8553    -0.8553     0.0000   2.781188   2.781602   0.000412    34.2627    34.2683     7.2033    27.5502    27.5547    34.2628    27.5503    1445.86    1445.87    -0.8552  1028.0491    34.4291 0.0000e+00
       3934 309.376931  -62.30808  -58.54617      1.025    1445.03    104.000    102.975    -0.8520    -0.8520    -0.0001    -0.8549    -0.8549    -0.0001   2.781245   2.781649   0.000405    34.2625    34.2681     7.2045    27.5500    27.5546    34.2625    27.5500    1445.88    1445.89    -0.8548  1028.0536    34.4287 0.0000e+00
       3960 309.376944  -62.30808  -58.54616      0.954    1445.03    105.000    103.965    -0.8519    -0.8522    -0.0003    -0.8549    -0.8551    -0.0003   2.781290   2.781694   0.000404    34.2624    34.2682     7.2009    27.5499    27.5546    34.2624    27.5500    1445.90    1445.90    -0.8548  1028.0583    34.4287 0.0000e+00
       3988 309.376958  -62.30808  -58.54616      0.873    1445.03    106.000    104.955    -0.8524    -0.8524    -0.0000    -0.8554    -0.8554    -0.0000   2.781311   2.781724   0.000412    34.2626    34.2682     7.1984    27.5501    27.5546    34.2626    27.5501    1445.91    1445.92    -0.8553  1028.0633    34.4289 0.0000e+00
       4015 309.376971  -62.30810  -58.54616      0.863    1445.03    107.000    105.945    -0.8525    -0.8526    -0.0001    -0.8555    -0.8556    -0.0001   2.781350   2.781760   0.000413    34.2626    34.2683     7.1967    27.5501    27.5548    34.2626    27.5501    1445.93    1445.93    -0.8554  1028.0681    34.4289 0.0000e+00
       4041 309.376983  -62.30808  -58.54616      0.905    1445.03    108.000    106.935    -0.8523    -0.8520     0.0003    -0.8554    -0.8551     0.0003   2.781423   2.781851   0.000428    34.2628    34.2683     7.1975    27.5503    27.5547    34.2628    27.5503    1445.94    1445.95    -0.8553  1028.0731    34.4291 0.0000e+00
       4067 309.376995  -62.30808  -58.54616      0.945    1445.03    109.000    107.924    -0.8522    -0.8520     0.0002    -0.8553    -0.8551     0.0002   2.781488   2.781941   0.000452    34.2629    34.2688     7.2003    27.5503    27.5551    34.2630    27.5504    1445.96    1445.97    -0.8552  1028.0780    34.4293 0.0000e+00
       4092 309.377008  -62.30808  -58.54618      0.944    1445.03    110.000    108.914    -0.8519    -0.8519    -0.0000    -0.8550    -0.8550    -0.0000   2.781581   2.781990   0.000409    34.2632    34.2687     7.1998    27.5505    27.5551    34.2632    27.5506    1445.98    1445.99    -0.8549  1028.0829    34.4295 0.0000e+00
       4120 309.377021  -62.30808  -58.54618      0.889    1445.03    111.000    109.904    -0.8526    -0.8527    -0.0001    -0.8557    -0.8558    -0.0001   2.781597   2.781992   0.000396    34.2636    34.2691     7.1968    27.5510    27.5554    34.2636    27.5510    1445.99    1446.00    -0.8556  1028.0881    34.4300 0.0000e+00
       4149 309.377035  -62.30808  -58.54618      0.838    1445.03    112.000    110.894    -0.8530    -0.8533    -0.0002    -0.8562    -0.8564    -0.0002   2.781611   2.782006   0.000395    34.2637    34.2693     7.2024    27.5510    27.5556    34.2637    27.5510    1446.01    1446.01    -0.8561  1028.0929    34.4300 0.0000e+00
       4176 309.377048  -62.30808  -58.54618      0.855    1445.03    113.000    111.884    -0.8535    -0.8530     0.0004    -0.8567    -0.8562     0.0004   2.781622   2.782070   0.000444    34.2637    34.2692     7.2120    27.5511    27.5555    34.2638    27.5511    1446.02    1446.03    -0.8566  1028.0978    34.4301 0.0000e+00
       4201 309.377060  -62.30808  -58.54618      0.929    1445.03    114.000    112.874    -0.8532    -0.8532    -0.0000    -0.8564    -0.8564    -0.0000   2.781701   2.782105   0.000405    34.2638    34.2693     7.2147    27.5511    27.5556    34.2638    27.5512    1446.04    1446.05    -0.8563  1028.1027    34.4302 0.0000e+00
       4223 309.377071  -62.30808  -58.54618      1.016    1445.03    115.000    113.863    -0.8544    -0.8546    -0.0001    -0.8577    -0.8578    -0.0001   2.781764   2.782176   0.000413    34.2655    34.2713     7.2126    27.5526    27.5572    34.2655    27.5526    1446.05    1446.06    -0.8576  1028.1089    34.4319 0.0000e+00
       4245 309.377081  -62.30808  -58.54617      1.084    1445.03    116.000    114.853    -0.8549    -0.8549    -0.0001    -0.8581    -0.8582    -0.0001   2.781832   2.782240   0.000408    34.2663    34.2719     7.2101    27.5532    27.5578    34.2663    27.5532    1446.07    1446.07    -0.8581  1028.1138    34.4321 0.0000e+00
       4268 309.377092 -9.990e-29  -58.54616      1.086    1445.03    117.000    115.843    -0.8550    -0.8551    -0.0001    -0.8583    -0.8584    -0.0001   2.781879   2.782283   0.000403    34.2665    34.2721     7.2080    27.5534    27.5579    34.2665    27.5534    1446.08    1446.09    -0.8582  1028.1154    34.4281 0.0000e+00
       4293 309.377105 -9.990e-29  -58.54617      0.996    1445.03    118.000    116.833    -0.8549    -0.8549    -0.0000    -0.8582    -0.8582    -0.0000   2.781956   2.782358   0.000401    34.2667    34.2722     7.2149    27.5535    27.5580    34.2667    27.5536    1446.10    1446.11    -0.8581  1028.1204    34.4283 0.0000e+00
       4322 309.377118 -9.990e-29  -58.54618      0.876    1445.03    119.000    117.823    -0.8545    -0.8548    -0.0003    -0.8579    -0.8581    -0.0003   2.782018   2.782417   0.000400    34.2665    34.2723     7.2287    27.5534    27.5581    34.2666    27.5535    1446.12    1446.12    -0.8578  1028.1250    34.4282 0.0000e+00
       4351 309.377132  -62.30810  -58.54618      0.830    1445.03    120.000    118.813    -0.8551    -0.8553    -0.0001    -0.8585    -0.8587    -0.0001   2.782013   2.782423   0.000408    34.2667    34.2724     7.2365    27.5536    27.5582    34.2666    27.5535    1446.13    1446.14    -0.8584  1028.1314    34.4301 0.0000e+00
       4378 309.377146  -62.30810  -58.54618      0.859    1445.03    121.000    119.802    -0.8578    -0.8577     0.0001    -0.8613    -0.8611     0.0001   2.781913   2.782333   0.000421    34.2679    34.2735     7.2329    27.5546    27.5591    34.2677    27.5545    1446.14    1446.14    -0.8611  1028.1396    34.4342 0.0000e+00
       4404 309.377158  -62.30808  -58.54618      0.914    1445.03    122.000    120.792    -0.8596    -0.8597    -0.0001    -0.8630    -0.8631    -0.0001   2.781875   2.782277   0.000405    34.2686    34.2742     7.2332    27.5553    27.5599    34.2685    27.5552    1446.14    1446.15    -0.8629  1028.1450    34.4350 0.0000e+00
       4428 309.377170  -62.30808  -58.54618      0.957    1445.03    123.000    121.782    -0.8589    -0.8589     0.0001    -0.8624    -0.8623     0.0001   2.782037   2.782451   0.000414    34.2693    34.2749     7.2321    27.5559    27.5603    34.2694    27.5559    1446.16    1446.17    -0.8623  1028.1505    34.4359 0.0000e+00
       4452 309.377181  -62.30808  -58.54618      0.988    1445.03    124.000    122.772    -0.8591    -0.8591    -0.0001    -0.8625    -0.8626    -0.0001   2.782074   2.782473   0.000403    34.2695    34.2750     7.2262    27.5560    27.5605    34.2694    27.5559    1446.18    1446.19    -0.8625  1028.1554    34.4359 0.0000e+00
       4477 309.377193  -62.30808  -58.54618      0.992    1445.03    125.000    123.762    -0.8604    -0.8608    -0.0004    -0.8639    -0.8643    -0.0004   2.782015   2.782403   0.000386    34.2696    34.2753     7.2180    27.5561    27.5608    34.2694    27.5560    1446.19    1446.20    -0.8638  1028.1603    34.4360 0.0000e+00
       4503 309.377206  -62.30809  -58.54618      0.952    1445.03    126.000    124.751    -0.8612    -0.8613    -0.0001    -0.8648    -0.8649    -0.0001   2.782008   2.782411   0.000404    34.2698    34.2754     7.2169    27.5564    27.5609    34.2697    27.5562    1446.20    1446.21    -0.8647  1028.1653    34.4362 0.0000e+00
       4530 309.377219  -62.30810  -58.54618      0.886    1445.04    127.000    125.741    -0.8614    -0.8616    -0.0003    -0.8650    -0.8652    -0.0003   2.782041   2.782438   0.000397    34.2698    34.2755     7.2193    27.5564    27.5610    34.2697    27.5563    1446.22    1446.23    -0.8649  1028.1701    34.4362 0.0000e+00
       4560 309.377233  -62.30810  -58.54618      0.830    1445.40    128.000    126.731    -0.8615    -0.8617    -0.0002    -0.8652    -0.8654    -0.0002   2.782082   2.782477   0.000399    34.2698    34.2755     7.2144    27.5563    27.5609    34.2698    27.5564    1446.24    1446.24    -0.8650  1028.1750    34.4364 0.0000e+00
       4589 309.377247  -62.30810  -58.54618      0.821    1445.41    129.000    127.721    -0.8610    -0.8614    -0.0004    -0.8647    -0.8650    -0.0004   2.782162   2.782529   0.000366    34.2702    34.2756     7.2080    27.5567    27.5610    34.2697    27.5563    1446.25    1446.26    -0.8645  1028.1797    34.4363 0.0000e+00
       4615 309.377260  -62.30810  -58.54618      0.881    1445.41    130.000    128.710    -0.8742    -0.8754    -0.0012    -0.8778    -0.8790    -0.0012   2.781075   2.781394   0.000324    34.2709    34.2767     7.2050    27.5578    27.5625    34.2693    27.5564    1446.21    1446.21    -0.8778  1028.1847    34.4358 0.0000e+00
       4638 309.377271  -62.30810  -58.54618      0.974    1445.41    131.000    129.700    -0.8714    -0.8705     0.0009    -0.8751    -0.8741     0.0009   2.781867   2.782360   0.000504    34.2743    34.2801     7.2002    27.5604    27.5650    34.2763    27.5620    1446.25    1446.26    -0.8750  1028.1950    34.4429 0.0000e+00
       4660 309.377282  -62.30810  -58.54618      1.056    1445.41    132.000    130.690    -0.8593    -0.8610    -0.0018    -0.8630    -0.8647    -0.0018   2.782846   2.783124   0.000261    34.2750    34.2805     7.1907    27.5605    27.5650    34.2751    27.5606    1446.32    1446.32    -0.8629  1028.1983    34.4417 0.0000e+00
       4682 309.377292  -62.30808  -58.54618      1.094    1445.41    133.000    131.680    -0.8601    -0.8610    -0.0009    -0.8639    -0.8648    -0.0009   2.782852   2.783196   0.000351    34.2755    34.2813     7.1847    27.5609    27.5657    34.2756    27.5610    1446.33    1446.33    -0.8638  1028.2035    34.4422 0.0000e+00
       4706 309.377304  -62.30808  -58.54618      1.057    1445.41    134.000    132.669    -0.8615    -0.8612     0.0003    -0.8653    -0.8650     0.0003   2.782790   2.783211   0.000422    34.2758    34.2812     7.1687    27.5613    27.5656    34.2757    27.5611    1446.34    1446.35    -0.8652  1028.2085    34.4423 0.0000e+00
       4733 309.377317  -62.30808  -58.54618      0.940    1445.41    135.000    133.659    -0.8649    -0.8656    -0.0006    -0.8687    -0.8694    -0.0006   2.782590   2.782961   0.000367    34.2764    34.2821     7.1446    27.5619    27.5665    34.2762    27.5617    1446.34    1446.35    -0.8686  1028.2138    34.4429 0.0000e+00
       4764 309.377332  -62.30810  -58.54618      0.796    1445.41    136.000    134.649    -0.8665    -0.8660     0.0005    -0.8703    -0.8699     0.0005   2.782484   2.782952   0.000465    34.2763    34.2820     7.1314    27.5618    27.5664    34.2760    27.5616    1446.35    1446.36    -0.8702  1028.2185    34.4426 0.0000e+00
       4797 309.377347  -62.30810  -58.54618      0.739    1445.41    137.000    135.639    -0.8686    -0.8689    -0.0003    -0.8725    -0.8728    -0.0003   2.782358   2.782758   0.000399    34.2763    34.2820     7.1216    27.5619    27.5665    34.2761    27.5617    1446.36    1446.36    -0.8724  1028.2234    34.4427 0.0000e+00
       4826 309.377362  -62.30810  -58.54618      0.781    1445.41    138.000    136.629    -0.8691    -0.8695    -0.0004    -0.8730    -0.8734    -0.0004   2.782382   2.782756   0.000381    34.2764    34.2820     7.1218    27.5620    27.5665    34.2763    27.5619    1446.37    1446.38    -0.8729  1028.2284    34.4430 0.0000e+00
       4853 309.377375  -62.30810  -58.54618      0.856    1445.41    139.000    137.618    -0.8691    -0.8692    -0.0001    -0.8730    -0.8732    -0.0001   2.782408   2.782820   0.000396    34.2764    34.2819     7.1244    27.5620    27.5665    34.2760    27.5617    1446.39    1446.39    -0.8729  1028.2310    34.4402 0.0000e+00
       4878 309.377387 -9.990e-29  -58.54618      0.935    1445.41    140.000    138.608    -0.8719    -0.8712     0.0007    -0.8759    -0.8752     0.0007   2.782233   2.782672   0.000453    34.2763    34.2816     7.1246    27.5620    27.5663    34.2762    27.5620    1446.39    1446.40    -0.8758  1028.2340    34.4379 0.0000e+00
       4903 309.377399 -9.990e-29  -58.54618      0.980    1445.41    141.000    139.598    -0.8700    -0.8699     0.0001    -0.8740    -0.8739     0.0001   2.782432   2.782859   0.000419    34.2762    34.2817     7.1224    27.5618    27.5663    34.2761    27.5619    1446.42    1446.42    -0.8739  1028.2387    34.4378 0.0000e+00
       4928 309.377411 -9.990e-29  -58.54618      0.973    1445.41    142.000    140.587    -0.8695    -0.8693     0.0002    -0.8735    -0.8733     0.0002   2.782519   2.782943   0.000424    34.2761    34.2817     7.1246    27.5618    27.5663    34.2761    27.5618    1446.43    1446.44    -0.8734  1028.2434    34.4378 0.0000e+00
       4953 309.377423  -62.30810  -58.54618      0.946    1445.41    143.000    141.577    -0.8694    -0.8694    -0.0001    -0.8734    -0.8735    -0.0001   2.782567   2.782979   0.000414    34.2760    34.2817     7.1232    27.5617    27.5663    34.2760    27.5617    1446.45    1446.46    -0.8733  1028.2501    34.4401 0.0000e+00
       4979 309.377435  -62.30810  -58.54618      0.936    1445.41    144.000    142.567    -0.8692    -0.8695    -0.0003    -0.8733    -0.8735    -0.0003   2.782626   2.783027   0.000401    34.2760    34.2817     7.1285    27.5617    27.5664    34.2760    27.5617    1446.47    1446.47    -0.8732  1028.2570    34.4428 0.0000e+00
       5005 309.377448  -62.30810  -58.54618      0.936    1445.41    145.000    143.557    -0.8709    -0.8713    -0.0003    -0.8750    -0.8754    -0.0003   2.782526   2.782909   0.000386    34.2762    34.2818     7.1290    27.5619    27.5665    34.2760    27.5617    1446.48    1446.48    -0.8749  1028.2618    34.4427 0.0000e+00
