Pos-Processados/process_op38/Processamento_split/down/doperantar38_010.cnv
* Sea-Bird SBE 9 Data File:
* FileName = D:\OPERANTAR_XXXVIII\DADOS\OP38_010.hdr
* Software Version Seasave V 7.18c
* Temperature SN = 4808
* Conductivity SN = 3380
* Number of Bytes Per Scan = 31
* Number of Voltage Words = 2
* Number of Scans Averaged by the Deck Unit = 1
* NMEA Latitude = 43 58.12 S
* NMEA Longitude = 053 08.81 W
* NMEA UTC (Time) = Oct 20 2019 12:04:22
** H41
** NAVIO POLAR ALMIRANTE MAXIMIANO
** CRUZEIRO:
** OPERANTAR XXXVIII
** ESTAÇÃO: OP38_010
** LAT 43 58,10'S
** LONG 053 08,81'W
** 09P73767-1155
** PROFUNDIDADE: 5740
** DATA/HORA: 201205Z/OUT/19
** OPERADOR: SO-HN CHAVES
# nquan = 30
# nvalues = 1057                        
# units = specified
# name 0 = scan: Scan Count
# name 1 = timeJ: Julian Days
# name 2 = latitude: Latitude [deg]
# name 3 = longitude: Longitude [deg]
# name 4 = dz/dtM: Descent Rate [m/s]
# name 5 = avgsvCM: Average Sound Velocity [Chen-Millero, m/s]
# name 6 = prDM: Pressure, Digiquartz [db]
# name 7 = depSM: Depth [salt water, m]
# name 8 = t090C: Temperature [ITS-90, deg C]
# name 9 = t190C: Temperature, 2 [ITS-90, deg C]
# name 10 = T2-T190C: Temperature Difference, 2 - 1 [ITS-90, deg C]
# name 11 = potemp090C: Potential Temperature [ITS-90, deg C]
# name 12 = potemp190C: Potential Temperature, 2 [ITS-90, deg C]
# name 13 = potemp90Cdiff: Potential Temperature, Diff, 2 - 1 [ITS-90, deg C]
# name 14 = c0S/m: Conductivity [S/m]
# name 15 = c1S/m: Conductivity, 2 [S/m]
# name 16 = C2-C1S/m: Conductivity Difference, 2 - 1 [S/m]
# name 17 = sal00: Salinity, Practical [PSU]
# name 18 = sal11: Salinity, Practical, 2 [PSU]
# name 19 = sbeox0ML/L: Oxygen, SBE 43 [ml/l]
# name 20 = sigma-é00: Density [sigma-theta, kg/m^3]
# name 21 = sigma-é11: Density, 2 [sigma-theta, kg/m^3]
# name 22 = sal00: Salinity, Practical [PSU]
# name 23 = sigma-é00: Density [sigma-theta, kg/m^3]
# name 24 = svCM: Sound Velocity [Chen-Millero, m/s]
# name 25 = svCM1: Sound Velocity, 2 [Chen-Millero, m/s]
# name 26 = gsw_ptA0: potential temperature [ITS-90, deg C]
# name 27 = gsw_densityA0: density, TEOS-10 [density, kg/m^3]
# name 28 = gsw_saA0: Absolute Salinity [g/kg]
# name 29 = flag:
# span 0 =       2352,      33975       
# span 1 = 293.504166, 293.519417       
# span 2 =  -43.97338,  -43.96866       
# span 3 =  -53.14692,  -53.14556       
# span 4 =     -0.166,      1.453       
# span 5 =       0.00,    1508.42       
# span 6 =      3.000,   1059.000       
# span 7 =      2.971,   1047.827       
# span 8 =     3.7707,    14.2144       
# span 9 =     3.7720,    14.2153       
# span 10 =    -0.0202,     0.0100      
# span 11 =     3.6925,    14.2091      
# span 12 =     3.6937,    14.2080      
# span 13 =    -0.0201,     0.0100      
# span 14 =   3.216293,   4.295014      
# span 15 =   3.216781,   4.295667      
# span 16 =  -0.001691,   0.001819      
# span 17 =    34.1936,    35.6743      
# span 18 =    34.1978,    35.6801      
# span 19 =     4.8322,     5.8359      
# span 20 =    26.6621,    27.1971      
# span 21 =    26.6670,    27.2003      
# span 22 =    34.1902,    35.6743      
# span 23 =    26.6621,    27.1968      
# span 24 =    1481.81,    1511.00      
# span 25 =    1481.82,    1511.02      
# span 26 =     3.6923,    14.2091      
# span 27 =  1026.6793,  1032.0808      
# span 28 =    34.3548,    35.8431      
# span 29 = 0.0000e+00, 0.0000e+00      
# interval = decibars: 1                
# start_time = Oct 20 2019 12:04:22 [NMEA time, header]
# bad_flag = -9.990e-29
*END*
[from data line 387]
      17878 293.511654  -43.96916  -53.14678      1.133    1507.97    390.000    386.507    13.8838    13.8837    -0.0000    13.8271    13.8270    -0.0000   4.265019   4.265647   0.000628    35.6114    35.6173     5.3436    26.6963    26.7009    35.6101    26.6953    1510.27    1510.28    13.8271  1028.4173    35.7792 0.0000e+00
      17897 293.511663  -43.96916  -53.14678      1.193    1507.97    391.000    387.497    13.8823    13.8831     0.0008    13.8254    13.8262     0.0008   4.264925   4.265657   0.000723    35.6113    35.6173     5.3413    26.6966    26.7010    35.6102    26.6957    1510.28    1510.29    13.8255  1028.4221    35.7793 0.0000e+00
      17916 293.511672  -43.96916  -53.14678      1.244    1507.97    392.000    388.486    13.8818    13.8824     0.0006    13.8248    13.8254     0.0006   4.264907   4.265583   0.000684    35.6111    35.6170     5.3455    26.6965    26.7009    35.6101    26.6957    1510.30    1510.31    13.8248  1028.4265    35.7792 0.0000e+00
      17936 293.511682  -43.96918  -53.14678      1.254    1507.97    393.000    389.477    13.8824    13.8823    -0.0001    13.8253    13.8252    -0.0001   4.265191   4.265684   0.000561    35.6117    35.6170     5.3482    26.6968    26.7010    35.6118    26.6969    1510.32    1510.32    13.8253  1028.4321    35.7809 0.0000e+00
      17956 293.511691  -43.96918  -53.14678      1.205    1507.97    394.000    390.467    13.8894    13.8870    -0.0024    13.8321    13.8297    -0.0024   4.266087   4.266335   0.000245    35.6135    35.6181     5.3471    26.6969    26.7009    35.6133    26.6966    1510.36    1510.36    13.8321  1028.4361    35.7823 0.0000e+00
      17979 293.511702  -43.96918  -53.14678      1.120    1507.97    395.000    391.457    13.8922    13.8917    -0.0004    13.8347    13.8342    -0.0004   4.266529   4.267125   0.000576    35.6145    35.6203     5.3523    26.6971    26.7016    35.6145    26.6970    1510.39    1510.39    13.8347  1028.4409    35.7835 0.0000e+00
      18000 293.511713  -43.96918  -53.14678      1.084    1507.97    396.000    392.447    13.8943    13.8952     0.0009    13.8367    13.8375     0.0009   4.266813   4.267537   0.000714    35.6150    35.6209     5.3537    26.6971    26.7014    35.6147    26.6968    1510.41    1510.42    13.8367  1028.4450    35.7838 0.0000e+00
      18020 293.511722  -43.96919  -53.14678      1.136    1507.97    397.000    393.437    13.8961    13.8955    -0.0007    13.8383    13.8377    -0.0007   4.267192   4.267616   0.000455    35.6158    35.6207     5.3590    26.6973    26.7012    35.6161    26.6976    1510.43    1510.44    13.8384  1028.4502    35.7852 0.0000e+00
      18039 293.511731  -43.96920  -53.14678      1.227    1507.97    398.000    394.427    13.8994    13.8997     0.0003    13.8415    13.8417     0.0003   4.267602   4.268322   0.000673    35.6165    35.6226     5.3600    26.6972    26.7018    35.6166    26.6972    1510.46    1510.47    13.8415  1028.4542    35.7857 0.0000e+00
      18057 293.511740  -43.96920  -53.14678      1.308    1507.97    399.000    395.417    13.9003    13.9013     0.0011    13.8422    13.8432     0.0011   4.267770   4.268507   0.000740    35.6167    35.6226     5.3594    26.6972    26.7016    35.6169    26.6973    1510.48    1510.49    13.8422  1028.4587    35.7860 0.0000e+00
      18075 293.511749  -43.96920  -53.14678      1.335    1507.97    400.000    396.407    13.9015    13.9023     0.0008    13.8432    13.8440     0.0008   4.267921   4.268620   0.000701    35.6170    35.6228     5.3582    26.6972    26.7015    35.6168    26.6971    1510.50    1510.51    13.8432  1028.4628    35.7859 0.0000e+00
      18094 293.511758  -43.96920  -53.14678      1.305    1507.97    401.000    397.397    13.8997    13.8997    -0.0000    13.8414    13.8413    -0.0000   4.267714   4.268322   0.000603    35.6163    35.6219     5.3538    26.6970    26.7014    35.6160    26.6969    1510.51    1510.52    13.8414  1028.4670    35.7852 0.0000e+00
      18114 293.511767  -43.96921 -9.990e-29      1.252    1507.97    402.000    398.387    13.8999    13.9011     0.0012    13.8413    13.8425     0.0012   4.267903   4.268662   0.000752    35.6168    35.6226     5.3563    26.6974    26.7017    35.6173    26.6978    1510.53    1510.54    13.8414  1028.4724    35.7865 0.0000e+00
      18134 293.511777  -43.96922 -9.990e-29      1.202    1507.97    403.000    399.378    13.9071    13.9080     0.0009    13.8484    13.8493     0.0009   4.268938   4.269657   0.000715    35.6191    35.6250     5.3615    26.6978    26.7021    35.6199    26.6984    1510.57    1510.58    13.8484  1028.4773    35.7891 0.0000e+00
      18156 293.511788  -43.96922 -9.990e-29      1.149    1507.97    404.000    400.367    13.9113    13.9123     0.0009    13.8525    13.8534     0.0009   4.269482   4.270185   0.000709    35.6202    35.6260     5.3584    26.6978    26.7020    35.6206    26.6981    1510.60    1510.61    13.8525  1028.4814    35.7899 0.0000e+00
      18178 293.511798  -43.96922 -9.990e-29      1.091    1507.97    405.000    401.358    13.9129    13.9133     0.0004    13.8539    13.8543     0.0004   4.269756   4.270433   0.000673    35.6207    35.6266     5.3530    26.6979    26.7023    35.6213    26.6983    1510.63    1510.64    13.8539  1028.4860    35.7906 0.0000e+00
      18201 293.511809  -43.96922  -53.14676      1.069    1507.97    406.000    402.348    13.9155    13.9162     0.0007    13.8563    13.8571     0.0007   4.270163   4.270840   0.000674    35.6219    35.6275     5.3537    26.6982    26.7024    35.6223    26.6985    1510.65    1510.66    13.8564  1028.4905    35.7915 0.0000e+00
      18222 293.511820  -43.96924  -53.14676      1.089    1507.97    407.000    403.338    13.9162    13.9171     0.0009    13.8569    13.8578     0.0008   4.270288   4.270997   0.000713    35.6219    35.6278     5.3609    26.6982    26.7025    35.6224    26.6985    1510.67    1510.68    13.8569  1028.4948    35.7915 0.0000e+00
      18243 293.511830  -43.96924  -53.14676      1.117    1507.97    408.000    404.328    13.9166    13.9173     0.0007    13.8572    13.8578     0.0007   4.270365   4.271046   0.000681    35.6220    35.6278     5.3686    26.6982    26.7025    35.6223    26.6984    1510.69    1510.70    13.8572  1028.4991    35.7915 0.0000e+00
      18265 293.511840  -43.96924  -53.14676      1.131    1507.97    409.000    405.318    13.9170    13.9177     0.0008    13.8574    13.8581     0.0008   4.270488   4.271196   0.000706    35.6223    35.6281     5.3730    26.6983    26.7027    35.6227    26.6986    1510.71    1510.72    13.8574  1028.5037    35.7918 0.0000e+00
      18287 293.511851  -43.96924  -53.14676      1.109    1507.97    410.000    406.308    13.9184    13.9195     0.0011    13.8586    13.8597     0.0011   4.270703   4.271452   0.000736    35.6228    35.6287     5.3706    26.6985    26.7028    35.6230    26.6986    1510.73    1510.74    13.8586  1028.5081    35.7922 0.0000e+00
      18309 293.511862  -43.96925  -53.14676      1.075    1507.97    411.000    407.298    13.9164    13.9179     0.0015    13.8565    13.8580     0.0014   4.270497   4.271261   0.000772    35.6224    35.6283     5.3611    26.6986    26.7028    35.6225    26.6986    1510.74    1510.75    13.8565  1028.5125    35.7917 0.0000e+00
      18330 293.511872  -43.96926  -53.14676      1.110    1507.97    412.000    408.288    13.9162    13.9169     0.0007    13.8562    13.8568     0.0007   4.270545   4.271237   0.000693    35.6225    35.6284     5.3645    26.6987    26.7031    35.6227    26.6989    1510.76    1510.76    13.8562  1028.5172    35.7919 0.0000e+00
      18348 293.511880  -43.96926  -53.14676      1.199    1507.97    413.000    409.278    13.9161    13.9170     0.0008    13.8559    13.8568     0.0008   4.270580   4.271266   0.000683    35.6226    35.6282     5.3726    26.6989    26.7031    35.6227    26.6989    1510.77    1510.78    13.8559  1028.5216    35.7919 0.0000e+00
      18366 293.511889  -43.96926  -53.14676      1.287    1507.97    414.000    410.268    13.9159    13.9165     0.0006    13.8555    13.8561     0.0006   4.270601   4.271282   0.000679    35.6226    35.6284     5.3678    26.6989    26.7033    35.6227    26.6990    1510.79    1510.80    13.8556  1028.5260    35.7919 0.0000e+00
      18385 293.511898  -43.96926  -53.14676      1.325    1507.97    415.000    411.258    13.9159    13.9166     0.0007    13.8554    13.8561     0.0007   4.270643   4.271339   0.000701    35.6225    35.6284     5.3623    26.6989    26.7033    35.6227    26.6991    1510.80    1510.81    13.8554  1028.5305    35.7919 0.0000e+00
      18405 293.511908  -43.96927  -53.14676      1.269    1507.97    416.000    412.248    13.9160    13.9168     0.0008    13.8554    13.8561     0.0007   4.270710   4.271406   0.000696    35.6227    35.6285     5.3668    26.6990    26.7033    35.6228    26.6991    1510.82    1510.83    13.8554  1028.5349    35.7920 0.0000e+00
      18427 293.511918  -43.96928  -53.14676      1.152    1507.97    417.000    413.238    13.9159    13.9167     0.0008    13.8551    13.8559     0.0008   4.270729   4.271425   0.000696    35.6225    35.6283     5.3629    26.6990    26.7033    35.6227    26.6991    1510.84    1510.85    13.8551  1028.5393    35.7919 0.0000e+00
      18450 293.511929  -43.96928  -53.14676      1.067    1507.97    418.000    414.228    13.9161    13.9168     0.0007    13.8552    13.8558     0.0007   4.270795   4.271480   0.000683    35.6226    35.6283     5.3622    26.6990    26.7033    35.6227    26.6991    1510.85    1510.86    13.8552  1028.5436    35.7919 0.0000e+00
      18472 293.511940  -43.96928  -53.14676      1.057    1507.97    419.000    415.218    13.9153    13.9157     0.0004    13.8542    13.8547     0.0004   4.270724   4.271372   0.000650    35.6224    35.6281     5.3695    26.6991    26.7034    35.6223    26.6990    1510.87    1510.87    13.8543  1028.5479    35.7915 0.0000e+00
      18494 293.511951  -43.96928  -53.14676      1.090    1507.97    420.000    416.208    13.9139    13.9146     0.0007    13.8527    13.8533     0.0007   4.270620   4.271316   0.000697    35.6222    35.6281     5.3772    26.6993    26.7037    35.6222    26.6992    1510.88    1510.89    13.8527  1028.5526    35.7914 0.0000e+00
      18515 293.511961  -43.96928  -53.14676      1.120    1507.97    421.000    417.198    13.9139    13.9147     0.0007    13.8525    13.8533     0.0007   4.270661   4.271360   0.000701    35.6222    35.6280     5.3754    26.6993    26.7036    35.6222    26.6993    1510.90    1510.90    13.8526  1028.5570    35.7914 0.0000e+00
      18536 293.511971  -43.96930  -53.14676      1.131    1507.97    422.000    418.187    13.9136    13.9144     0.0008    13.8521    13.8529     0.0008   4.270663   4.271328   0.000662    35.6221    35.6273     5.3688    26.6993    26.7032    35.6221    26.6993    1510.91    1510.92    13.8521  1028.5613    35.7913 0.0000e+00
      18558 293.511981  -43.96930  -53.14676      1.128    1507.97    423.000    419.177    13.9134    13.9141     0.0008    13.8517    13.8524     0.0007   4.270677   4.271380   0.000705    35.6220    35.6279     5.3635    26.6993    26.7037    35.6220    26.6993    1510.93    1510.94    13.8517  1028.5658    35.7912 0.0000e+00
      18579 293.511992  -43.96930  -53.14676      1.130    1507.97    424.000    420.168    13.9132    13.9139     0.0007    13.8514    13.8520     0.0007   4.270690   4.271377   0.000688    35.6219    35.6277     5.3617    26.6993    26.7037    35.6219    26.6993    1510.94    1510.95    13.8514  1028.5702    35.7911 0.0000e+00
      18599 293.512001  -43.96931  -53.14676      1.150    1507.97    425.000    421.157    13.9129    13.9137     0.0008    13.8509    13.8517     0.0008   4.270699   4.271405   0.000702    35.6219    35.6278     5.3672    26.6994    26.7038    35.6219    26.6994    1510.96    1510.97    13.8509  1028.5742    35.7906 0.0000e+00
      18619 293.512011 -9.990e-29  -53.14676      1.178    1507.97    426.000    422.147    13.9114    13.9122     0.0008    13.8492    13.8501     0.0008   4.270532   4.271249   0.000720    35.6215    35.6275     5.3728    26.6994    26.7039    35.6213    26.6993    1510.97    1510.98    13.8493  1028.5783    35.7896 0.0000e+00
      18640 293.512021 -9.990e-29  -53.14676      1.182    1507.97    427.000    423.137    13.9101    13.9107     0.0007    13.8478    13.8485     0.0007   4.270444   4.271136   0.000689    35.6214    35.6271     5.3766    26.6996    26.7039    35.6213    26.6996    1510.98    1510.99    13.8478  1028.5829    35.7896 0.0000e+00
      18661 293.512031 -9.990e-29  -53.14676      1.145    1507.97    428.000    424.127    13.9092    13.9101     0.0009    13.8468    13.8477     0.0009   4.270351   4.271074   0.000717    35.6211    35.6270     5.3668    26.6996    26.7040    35.6207    26.6994    1510.99    1511.01    13.8468  1028.5871    35.7891 0.0000e+00
      18683 293.512042 -9.990e-29  -53.14674      1.111    1507.97    429.000    425.117    13.9050    13.9058     0.0008    13.8425    13.8433     0.0008   4.269876   4.270568   0.000703    35.6203    35.6261     5.3653    26.6999    26.7042    35.6198    26.6996    1511.00    1511.01    13.8425  1028.5917    35.7881 0.0000e+00
      18705 293.512052 -9.990e-29  -53.14674      1.102    1507.97    430.000    426.107    13.9020    13.9025     0.0004    13.8394    13.8398     0.0004   4.269600   4.270274   0.000667    35.6198    35.6257     5.3705    26.7002    26.7047    35.6196    26.7000    1511.00    1511.01    13.8394  1028.5966    35.7879 0.0000e+00
      18725 293.512062 -9.990e-29  -53.14674      1.132    1507.97    431.000    427.097    13.8977    13.8992     0.0015    13.8349    13.8364     0.0015   4.268945   4.269781   0.000810    35.6185    35.6246     5.3673    26.7001    26.7045    35.6170    26.6990    1511.00    1511.02    13.8349  1028.6000    35.7853 0.0000e+00
      18744 293.512071 -9.990e-29  -53.14674      1.203    1508.06    432.000    428.087    13.8896    13.8905     0.0009    13.8267    13.8276     0.0009   4.268096   4.268783   0.000717    35.6171    35.6230     5.3652    26.7008    26.7051    35.6162    26.7000    1510.99    1511.00    13.8267  1028.6055    35.7845 0.0000e+00
      18763 293.512080 -9.990e-29  -53.14674      1.269    1508.42    433.000    429.076    13.8855    13.8863     0.0008    13.8224    13.8232     0.0008   4.267675   4.268385   0.000711    35.6163    35.6222     5.3692    26.7011    26.7055    35.6157    26.7005    1511.00    1511.01    13.8224  1028.6104    35.7840 0.0000e+00
      18781 293.512089 -9.990e-29  -53.14674      1.295    1508.42    434.000    430.066    13.8829    13.8842     0.0013    13.8197    13.8209     0.0013   4.267352   4.268101   0.000767    35.6157    35.6216     5.3693    26.7011    26.7054    35.6146    26.7003    1511.00    1511.01    13.8197  1028.6146    35.7829 0.0000e+00
      18800 293.512098  -43.96936  -53.14674      1.292    1508.42    435.000    431.057    13.8756    13.8760     0.0005    13.8122    13.8127     0.0005   4.266417   4.267132   0.000683    35.6139    35.6199     5.3707    26.7013    26.7058    35.6122    26.7000    1510.99    1511.00    13.8123  1028.6191    35.7810 0.0000e+00
      18818 293.512107  -43.96936  -53.14674      1.287    1508.42    436.000    432.047    13.8679    13.8687     0.0009    13.8044    13.8053     0.0009   4.265556   4.266260   0.000721    35.6123    35.6183     5.3714    26.7017    26.7062    35.6109    26.7006    1510.98    1510.99    13.8044  1028.6245    35.7801 0.0000e+00
      18837 293.512116  -43.96936  -53.14674      1.290    1508.42    437.000    433.036    13.8629    13.8640     0.0010    13.7993    13.8004     0.0010   4.265032   4.265762   0.000724    35.6114    35.6172     5.3676    26.7021    26.7064    35.6102    26.7011    1510.98    1510.99    13.7994  1028.6294    35.7794 0.0000e+00
