Pos-Processados/process_op38/Processamento_split/down/doperantar38_015.cnv
* Sea-Bird SBE 9 Data File:
* FileName = D:\OPERANTAR_XXXVIII\DADOS\OP38_015.hdr
* Software Version Seasave V 7.18c
* Temperature SN = 4808
* Conductivity SN = 3380
* Number of Bytes Per Scan = 34
* Number of Voltage Words = 3
* Number of Scans Averaged by the Deck Unit = 1
* NMEA Latitude = 62 18.48 S
* NMEA Longitude = 058 32.77 W
* NMEA UTC (Time) = Nov 05 2019 09:00:03
** H41
** NAVIO POLAR ALMIRANTE MAXIMIANO
** CRUZEIRO:
** OPERANTAR XXXVIII
** ESTAÇÃO: OP38_015
** LAT 62 18,48' S
** LONG 058 32,80' W
** 09P73767-1155_A
** PROFUNDIDADE: 353
** DATA/HORA: 050900Z/NOV/2019
** OPERADOR: SO-HN CHAVES
# nquan = 30
# nvalues = 325                         
# units = specified
# name 0 = scan: Scan Count
# name 1 = timeJ: Julian Days
# name 2 = latitude: Latitude [deg]
# name 3 = longitude: Longitude [deg]
# name 4 = dz/dtM: Descent Rate [m/s]
# name 5 = avgsvCM: Average Sound Velocity [Chen-Millero, m/s]
# name 6 = prDM: Pressure, Digiquartz [db]
# name 7 = depSM: Depth [salt water, m]
# name 8 = t090C: Temperature [ITS-90, deg C]
# name 9 = t190C: Temperature, 2 [ITS-90, deg C]
# name 10 = T2-T190C: Temperature Difference, 2 - 1 [ITS-90, deg C]
# name 11 = potemp090C: Potential Temperature [ITS-90, deg C]
# name 12 = potemp190C: Potential Temperature, 2 [ITS-90, deg C]
# name 13 = potemp90Cdiff: Potential Temperature, Diff, 2 - 1 [ITS-90, deg C]
# name 14 = c0S/m: Conductivity [S/m]
# name 15 = c1S/m: Conductivity, 2 [S/m]
# name 16 = C2-C1S/m: Conductivity Difference, 2 - 1 [S/m]
# name 17 = sal00: Salinity, Practical [PSU]
# name 18 = sal11: Salinity, Practical, 2 [PSU]
# name 19 = sbeox0ML/L: Oxygen, SBE 43 [ml/l]
# name 20 = sigma-é00: Density [sigma-theta, kg/m^3]
# name 21 = sigma-é11: Density, 2 [sigma-theta, kg/m^3]
# name 22 = sal00: Salinity, Practical [PSU]
# name 23 = sigma-é00: Density [sigma-theta, kg/m^3]
# name 24 = svCM: Sound Velocity [Chen-Millero, m/s]
# name 25 = svCM1: Sound Velocity, 2 [Chen-Millero, m/s]
# name 26 = gsw_ptA0: potential temperature [ITS-90, deg C]
# name 27 = gsw_densityA0: density, TEOS-10 [density, kg/m^3]
# name 28 = gsw_saA0: Absolute Salinity [g/kg]
# name 29 = flag:
# span 0 =        115,      12000       
# span 1 = 309.375090, 309.380821       
# span 2 =  -62.30812,  -62.30808       
# span 3 =  -58.54618,  -58.54616       
# span 4 =     -0.249,      1.094       
# span 5 =       0.00,    1447.29       
# span 6 =      1.000,    325.000       
# span 7 =      0.986,    321.623       
# span 8 =    -0.9082,    -0.4491       
# span 9 =    -0.9082,    -0.4491       
# span 10 =    -0.0080,     0.0067      
# span 11 =    -0.9093,    -0.4601      
# span 12 =    -0.9094,    -0.4601      
# span 13 =    -0.0080,     0.0067      
# span 14 =   2.770777,   2.832624      
# span 15 =   2.771151,   2.833020      
# span 16 =  -0.000303,   0.001026      
# span 17 =    34.1475,    34.3632      
# span 18 =    34.1540,    34.3687      
# span 19 =     6.4263,     7.6807      
# span 20 =    27.4553,    27.6147      
# span 21 =    27.4605,    27.6191      
# span 22 =    34.1473,    34.3635      
# span 23 =    27.4550,    27.6149      
# span 24 =    1444.23,    1451.50      
# span 25 =    1444.23,    1451.51      
# span 26 =    -0.9093,    -0.4599      
# span 27 =  1027.4646,  1029.1694      
# span 28 =    34.3120,    34.5314      
# span 29 = 0.0000e+00, 0.0000e+00      
# interval = decibars: 1                
# start_time = Nov 05 2019 09:00:03 [NMEA time, header]
# bad_flag = -9.990e-29
*END*
[from data line 49]
       2530 309.376254  -62.30808  -58.54616      0.864    1444.74     50.000     49.514    -0.9051    -0.9049     0.0002    -0.9065    -0.9063     0.0002   2.771704   2.772140   0.000432    34.2271    34.2328     7.4565    27.5234    27.5280    34.2269    27.5232    1444.71    1444.72    -0.9064  1027.7679    34.3922 0.0000e+00
       2556 309.376267  -62.30808  -58.54616      0.908    1444.74     51.000     50.504    -0.9062    -0.9063    -0.0002    -0.9076    -0.9077    -0.0002   2.771648   2.772048   0.000409    34.2268    34.2326     7.4541    27.5232    27.5279    34.2267    27.5231    1444.72    1444.72    -0.9075  1027.7726    34.3921 0.0000e+00
       2582 309.376280  -62.30808  -58.54616      0.919    1444.74     52.000     51.494    -0.9035    -0.9049    -0.0013    -0.9049    -0.9063    -0.0013   2.772147   2.772415   0.000260    34.2294    34.2345     7.4485    27.5252    27.5294    34.2299    27.5256    1444.75    1444.75    -0.9049  1027.7798    34.3953 0.0000e+00
       2611 309.376293  -62.30808  -58.54616      0.863    1444.74     53.000     52.484    -0.9012    -0.9010     0.0002    -0.9027    -0.9024     0.0002   2.772418   2.772847   0.000431    34.2301    34.2357     7.4492    27.5256    27.5302    34.2303    27.5258    1444.78    1444.79    -0.9026  1027.7849    34.3957 0.0000e+00
       2639 309.376307  -62.30808  -58.54616      0.845    1444.74     54.000     53.474    -0.9005    -0.9006    -0.0001    -0.9019    -0.9020    -0.0001   2.772555   2.772942   0.000389    34.2305    34.2359     7.4462    27.5259    27.5303    34.2307    27.5261    1444.80    1444.81    -0.9019  1027.7899    34.3961 0.0000e+00
       2665 309.376319  -62.30808  -58.54616      0.897    1444.74     55.000     54.464    -0.8952    -0.8954    -0.0002    -0.8967    -0.8969    -0.0002   2.773200   2.773583   0.000382    34.2320    34.2375     7.4324    27.5270    27.5314    34.2329    27.5277    1444.84    1444.85    -0.8967  1027.7963    34.3983 0.0000e+00
       2689 309.376331  -62.30808  -58.54616      0.961    1444.74     56.000     55.455    -0.8934    -0.8933     0.0002    -0.8949    -0.8948     0.0002   2.773388   2.773837   0.000433    34.2323    34.2380     7.4224    27.5272    27.5318    34.2327    27.5275    1444.87    1444.88    -0.8949  1027.8009    34.3982 0.0000e+00
       2714 309.376343  -62.30808  -58.54616      0.978    1444.74     57.000     56.445    -0.8918    -0.8907     0.0012    -0.8934    -0.8922     0.0012   2.773620   2.774125   0.000514    34.2329    34.2386     7.4199    27.5276    27.5321    34.2335    27.5280    1444.89    1444.90    -0.8933  1027.8062    34.3989 0.0000e+00
       2739 309.376355  -62.30808  -58.54616      0.959    1444.74     58.000     57.435    -0.8884    -0.8895    -0.0011    -0.8900    -0.8911    -0.0011   2.774096   2.774377   0.000290    34.2341    34.2393     7.4044    27.5284    27.5326    34.2354    27.5295    1444.93    1444.93    -0.8899  1027.8125    34.4009 0.0000e+00
       2767 309.376368  -62.30808  -58.54616      0.909    1444.74     59.000     58.425    -0.8738    -0.8764    -0.0027    -0.8754    -0.8780    -0.0026   2.775649   2.775792   0.000141    34.2378    34.2427     7.3881    27.5308    27.5349    34.2393    27.5321    1445.02    1445.01    -0.8754  1027.8198    34.4048 0.0000e+00
       2796 309.376382  -62.30808  -58.54616      0.835    1444.74     60.000     59.415    -0.8661    -0.8664    -0.0003    -0.8677    -0.8681    -0.0003   2.776505   2.776882   0.000374    34.2399    34.2453     7.3771    27.5322    27.5367    34.2416    27.5336    1445.07    1445.08    -0.8677  1027.8261    34.4071 0.0000e+00
       2824 309.376396  -62.30808  -58.54616      0.834    1444.74     61.000     60.405    -0.8621    -0.8620     0.0002    -0.8638    -0.8637     0.0001   2.776920   2.777323   0.000410    34.2408    34.2462     7.3388    27.5328    27.5372    34.2421    27.5338    1445.11    1445.12    -0.8637  1027.8312    34.4076 0.0000e+00
       2850 309.376409  -62.30808  -58.54616      0.890    1444.74     62.000     61.395    -0.8597    -0.8595     0.0002    -0.8614    -0.8612     0.0002   2.777215   2.777617   0.000399    34.2417    34.2469     7.2844    27.5334    27.5376    34.2426    27.5342    1445.14    1445.14    -0.8613  1027.8363    34.4082 0.0000e+00
       2876 309.376421  -62.30808  -58.54616      0.936    1444.74     63.000     62.385    -0.8593    -0.8590     0.0003    -0.8610    -0.8608     0.0003   2.777308   2.777754   0.000446    34.2420    34.2478     7.2413    27.5337    27.5383    34.2429    27.5344    1445.15    1445.16    -0.8610  1027.8413    34.4084 0.0000e+00
       2901 309.376433  -62.30808  -58.54616      0.951    1444.74     64.000     63.375    -0.8586    -0.8588    -0.0001    -0.8604    -0.8606    -0.0001   2.777430   2.777827   0.000395    34.2425    34.2480     7.2160    27.5340    27.5385    34.2432    27.5346    1445.17    1445.18    -0.8603  1027.8463    34.4087 0.0000e+00
       2926 309.376445  -62.30808  -58.54616      0.946    1444.74     65.000     64.365    -0.8586    -0.8585     0.0000    -0.8604    -0.8603     0.0000   2.777499   2.777901   0.000404    34.2427    34.2482     7.2063    27.5342    27.5386    34.2434    27.5348    1445.19    1445.20    -0.8603  1027.8513    34.4090 0.0000e+00
       2951 309.376457  -62.30808  -58.54616      0.953    1444.74     66.000     65.356    -0.8576    -0.8575     0.0000    -0.8594    -0.8594     0.0000   2.777675   2.778093   0.000414    34.2433    34.2489     7.1939    27.5346    27.5391    34.2441    27.5353    1445.21    1445.22    -0.8594  1027.8565    34.4096 0.0000e+00
       2976 309.376470  -62.30808  -58.54616      0.954    1444.74     67.000     66.346    -0.8564    -0.8564     0.0000    -0.8583    -0.8583     0.0000   2.777837   2.778243   0.000408    34.2438    34.2493     7.1879    27.5350    27.5395    34.2443    27.5354    1445.24    1445.24    -0.8582  1027.8615    34.4099 0.0000e+00
       3002 309.376482  -62.30808  -58.54616      0.944    1444.74     68.000     67.336    -0.8562    -0.8565    -0.0004    -0.8581    -0.8584    -0.0004   2.777904   2.778265   0.000364    34.2438    34.2492     7.1981    27.5350    27.5394    34.2444    27.5355    1445.25    1445.26    -0.8580  1027.8664    34.4100 0.0000e+00
       3030 309.376496  -62.30808  -58.54616      0.882    1444.74     69.000     68.326    -0.8559    -0.8561    -0.0002    -0.8578    -0.8580    -0.0002   2.777989   2.778371   0.000382    34.2441    34.2495     7.2086    27.5352    27.5396    34.2445    27.5356    1445.27    1445.28    -0.8577  1027.8712    34.4101 0.0000e+00
       3060 309.376510  -62.30808  -58.54616      0.825    1444.74     70.000     69.316    -0.8551    -0.8553    -0.0001    -0.8571    -0.8572    -0.0001   2.778111   2.778517   0.000405    34.2443    34.2499     7.2119    27.5354    27.5399    34.2447    27.5357    1445.29    1445.30    -0.8570  1027.8762    34.4103 0.0000e+00
       3088 309.376524  -62.30808  -58.54616      0.825    1444.78     71.000     70.306    -0.8551    -0.8551    -0.0000    -0.8570    -0.8571    -0.0000   2.778165   2.778576   0.000413    34.2444    34.2500     7.2156    27.5354    27.5400    34.2447    27.5357    1445.31    1445.31    -0.8570  1027.8810    34.4103 0.0000e+00
       3115 309.376536  -62.30808  -58.54616      0.876    1445.03     72.000     71.296    -0.8553    -0.8554    -0.0001    -0.8573    -0.8574    -0.0001   2.778198   2.778599   0.000398    34.2445    34.2501     7.2171    27.5356    27.5400    34.2448    27.5358    1445.32    1445.33    -0.8572  1027.8858    34.4104 0.0000e+00
       3140 309.376549  -62.30808  -58.54616      0.928    1445.03     73.000     72.286    -0.8554    -0.8555    -0.0002    -0.8574    -0.8576    -0.0002   2.778240   2.778647   0.000409    34.2446    34.2503     7.2181    27.5356    27.5403    34.2449    27.5358    1445.34    1445.34    -0.8574  1027.8907    34.4105 0.0000e+00
       3165 309.376561  -62.30808  -58.54616      0.959    1445.03     74.000     73.276    -0.8553    -0.8553    -0.0000    -0.8574    -0.8574    -0.0000   2.778287   2.778690   0.000402    34.2446    34.2501     7.2150    27.5356    27.5401    34.2448    27.5358    1445.35    1445.36    -0.8573  1027.8954    34.4104 0.0000e+00
       3190 309.376572  -62.30808  -58.54616      0.977    1445.03     75.000     74.266    -0.8559    -0.8559    -0.0001    -0.8579    -0.8580    -0.0001   2.778296   2.778718   0.000420    34.2448    34.2506     7.2185    27.5358    27.5405    34.2449    27.5359    1445.37    1445.37    -0.8579  1027.9003    34.4106 0.0000e+00
       3214 309.376584  -62.30808  -58.54616      0.973    1445.03     76.000     75.256    -0.8561    -0.8560     0.0002    -0.8582    -0.8581     0.0002   2.778322   2.778743   0.000422    34.2448    34.2503     7.2195    27.5358    27.5403    34.2449    27.5359    1445.38    1445.39    -0.8582  1027.9052    34.4106 0.0000e+00
       3240 309.376597  -62.30808  -58.54616      0.952    1445.03     77.000     76.246    -0.8560    -0.8559     0.0000    -0.8581    -0.8580     0.0000   2.778392   2.778806   0.000414    34.2449    34.2505     7.2235    27.5359    27.5404    34.2451    27.5360    1445.40    1445.41    -0.8581  1027.9101    34.4108 0.0000e+00
       3266 309.376609  -62.30808  -58.54616      0.920    1445.03     78.000     77.236    -0.8558    -0.8558     0.0000    -0.8580    -0.8579     0.0000   2.778443   2.778856   0.000409    34.2449    34.2504     7.2258    27.5359    27.5403    34.2450    27.5359    1445.42    1445.42    -0.8579  1027.9148    34.4107 0.0000e+00
       3293 309.376623  -62.30808  -58.54616      0.895    1445.03     79.000     78.226    -0.8559    -0.8558     0.0000    -0.8581    -0.8580     0.0000   2.778490   2.778899   0.000411    34.2449    34.2505     7.2266    27.5359    27.5404    34.2450    27.5360    1445.43    1445.44    -0.8580  1027.9196    34.4108 0.0000e+00
       3320 309.376635  -62.30808  -58.54616      0.891    1445.03     80.000     79.216    -0.8560    -0.8560    -0.0000    -0.8582    -0.8582    -0.0000   2.778525   2.778934   0.000408    34.2450    34.2506     7.2287    27.5360    27.5405    34.2451    27.5360    1445.45    1445.46    -0.8582  1027.9245    34.4108 0.0000e+00
       3346 309.376648  -62.30808  -58.54616      0.910    1445.03     81.000     80.206    -0.8563    -0.8563 -2.339e-07    -0.8586    -0.8586 -2.339e-07   2.778540   2.778955   0.000415    34.2449    34.2506     7.2255    27.5359    27.5405    34.2450    27.5360    1445.46    1445.47    -0.8585  1027.9292    34.4108 0.0000e+00
       3372 309.376660  -62.30808  -58.54616      0.935    1445.03     82.000     81.196    -0.8562    -0.8561     0.0001    -0.8585    -0.8584     0.0001   2.778613   2.779042   0.000431    34.2451    34.2509     7.2276    27.5361    27.5407    34.2453    27.5362    1445.48    1445.49    -0.8584  1027.9343    34.4111 0.0000e+00
       3397 309.376672  -62.30808  -58.54616      0.953    1445.03     83.000     82.186    -0.8559    -0.8558     0.0000    -0.8582    -0.8582     0.0000   2.778717   2.779119   0.000403    34.2456    34.2510     7.2306    27.5364    27.5408    34.2457    27.5365    1445.50    1445.51    -0.8581  1027.9394    34.4115 0.0000e+00
       3422 309.376684  -62.30808  -58.54616      0.965    1445.03     84.000     83.176    -0.8556    -0.8556     0.0000    -0.8579    -0.8579     0.0000   2.778801   2.779221   0.000418    34.2457    34.2513     7.2330    27.5365    27.5411    34.2458    27.5366    1445.52    1445.52    -0.8579  1027.9443    34.4116 0.0000e+00
       3446 309.376696  -62.30808  -58.54616      0.969    1445.03     85.000     84.166    -0.8553    -0.8553     0.0001    -0.8577    -0.8577     0.0001   2.778870   2.779299   0.000432    34.2457    34.2515     7.2321    27.5365    27.5413    34.2458    27.5366    1445.53    1445.54    -0.8576  1027.9491    34.4117 0.0000e+00
       3472 309.376709  -62.30808  -58.54616      0.958    1445.03     86.000     85.156    -0.8546    -0.8548    -0.0002    -0.8570    -0.8572    -0.0002   2.779024   2.779431   0.000404    34.2463    34.2520     7.2341    27.5370    27.5416    34.2465    27.5372    1445.55    1445.56    -0.8569  1027.9544    34.4124 0.0000e+00
       3500 309.376722  -62.30808  -58.54616      0.892    1445.03     87.000     86.146    -0.8541    -0.8542    -0.0001    -0.8566    -0.8566    -0.0001   2.779143   2.779561   0.000420    34.2468    34.2526     7.2355    27.5374    27.5420    34.2470    27.5375    1445.57    1445.58    -0.8565  1027.9595    34.4129 0.0000e+00
       3529 309.376736  -62.30808  -58.54616      0.826    1445.03     88.000     87.136    -0.8554    -0.8553     0.0001    -0.8578    -0.8577     0.0001   2.779146   2.779545   0.000401    34.2478    34.2531     7.2354    27.5382    27.5425    34.2478    27.5382    1445.58    1445.59    -0.8578  1027.9651    34.4137 0.0000e+00
       3557 309.376750  -62.30808  -58.54616      0.830    1445.03     89.000     88.126    -0.8557    -0.8560    -0.0003    -0.8582    -0.8585    -0.0003   2.779205   2.779594   0.000391    34.2483    34.2539     7.2312    27.5386    27.5432    34.2484    27.5387    1445.60    1445.61    -0.8581  1027.9703    34.4143 0.0000e+00
       3582 309.376762  -62.30810  -58.54616      0.918    1445.03     90.000     89.116    -0.8552    -0.8553    -0.0000    -0.8577    -0.8578    -0.0000   2.779312   2.779723   0.000409    34.2485    34.2541     7.2251    27.5388    27.5433    34.2486    27.5389    1445.62    1445.63    -0.8576  1027.9753    34.4146 0.0000e+00
       3604 309.376772  -62.30810  -58.54616      1.025    1445.03     91.000     90.106    -0.8551    -0.8552    -0.0001    -0.8577    -0.8578    -0.0001   2.779358   2.779745   0.000395    34.2486    34.2541     7.2298    27.5389    27.5433    34.2486    27.5388    1445.64    1445.64    -0.8576  1027.9801    34.4145 0.0000e+00
       3626 309.376783  -62.30808  -58.54616      1.094    1445.03     92.000     91.096    -0.8578    -0.8578     0.0000    -0.8604    -0.8604     0.0000   2.779164   2.779571   0.000401    34.2486    34.2540     7.2379    27.5390    27.5434    34.2483    27.5388    1445.64    1445.65    -0.8603  1027.9848    34.4143 0.0000e+00
       3648 309.376794  -62.30808  -58.54616      1.087    1445.03     93.000     92.086    -0.8597    -0.8598    -0.0000    -0.8623    -0.8624    -0.0000   2.779150   2.779556   0.000406    34.2497    34.2553     7.2340    27.5400    27.5445    34.2497    27.5399    1445.65    1445.65    -0.8622  1027.9908    34.4157 0.0000e+00
       3674 309.376806  -62.30808  -58.54616      1.002    1445.03     94.000     93.076    -0.8608    -0.8603     0.0005    -0.8634    -0.8629     0.0005   2.779326   2.779811   0.000457    34.2526    34.2582     7.2305    27.5423    27.5469    34.2527    27.5424    1445.66    1445.67    -0.8633  1027.9980    34.4187 0.0000e+00
       3702 309.376820  -62.30808  -58.54616      0.881    1445.03     95.000     94.066    -0.8554    -0.8555    -0.0000    -0.8581    -0.8581    -0.0000   2.780128   2.780501   0.000393    34.2562    34.2615     7.2333    27.5450    27.5494    34.2569    27.5456    1445.71    1445.72    -0.8580  1028.0060    34.4230 0.0000e+00
       3733 309.376835  -62.30808  -58.54616      0.790    1445.03     96.000     95.056    -0.8504    -0.8502     0.0002    -0.8531    -0.8529     0.0002   2.780828   2.781264   0.000435    34.2593    34.2651     7.2412    27.5474    27.5520    34.2600    27.5479    1445.76    1445.76    -0.8530  1028.0131    34.4261 0.0000e+00
