Pos-Processados/process_op38/Processamento_split/down/doperantar38_016.cnv
* Sea-Bird SBE 9 Data File:
* FileName = D:\OPERANTAR_XXXVIII\DADOS\OP38_016.hdr
* Software Version Seasave V 7.18c
* Temperature SN = 4808
* Conductivity SN = 3380
* Number of Bytes Per Scan = 34
* Number of Voltage Words = 3
* Number of Scans Averaged by the Deck Unit = 1
* NMEA Latitude = 62 13.34 S
* NMEA Longitude = 058 12.68 W
* NMEA UTC (Time) = Nov 05 2019 11:56:34
** H41
** NAVIO POLAR ALMIRANTE MAXIMIANO
** CRUZEIRO:
** OPERANTAR XXXVIII
** ESTAÇÃO: OP38_016
** LAT 62 13,33' S
** LONG 058 12,65' W
** 09P73767-1155_A
** PROFUNDIDADE: 310
** DATA/HORA: 051157Z/NOV/2019
** OPERADOR: SO-HN CHAVES
# nquan = 32
# nvalues = 285                         
# units = specified
# name 0 = scan: Scan Count
# name 1 = timeJ: Julian Days
# name 2 = latitude: Latitude [deg]
# name 3 = longitude: Longitude [deg]
# name 4 = dz/dtM: Descent Rate [m/s]
# name 5 = avgsvCM: Average Sound Velocity [Chen-Millero, m/s]
# name 6 = prDM: Pressure, Digiquartz [db]
# name 7 = depSM: Depth [salt water, m]
# name 8 = t090C: Temperature [ITS-90, deg C]
# name 9 = t190C: Temperature, 2 [ITS-90, deg C]
# name 10 = T2-T190C: Temperature Difference, 2 - 1 [ITS-90, deg C]
# name 11 = potemp090C: Potential Temperature [ITS-90, deg C]
# name 12 = potemp190C: Potential Temperature, 2 [ITS-90, deg C]
# name 13 = potemp90Cdiff: Potential Temperature, Diff, 2 - 1 [ITS-90, deg C]
# name 14 = c0S/m: Conductivity [S/m]
# name 15 = c1S/m: Conductivity, 2 [S/m]
# name 16 = C2-C1S/m: Conductivity Difference, 2 - 1 [S/m]
# name 17 = sal00: Salinity, Practical [PSU]
# name 18 = sal11: Salinity, Practical, 2 [PSU]
# name 19 = sbeox0ML/L: Oxygen, SBE 43 [ml/l]
# name 20 = sbeox1ML/L: Oxygen, SBE 43, 2 [ml/l]
# name 21 = sbeox0ML/Ldiff: Oxygen, SBE 43, Diff, 2 - 1 [ml/l]
# name 22 = sigma-é00: Density [sigma-theta, kg/m^3]
# name 23 = sigma-é11: Density, 2 [sigma-theta, kg/m^3]
# name 24 = sal00: Salinity, Practical [PSU]
# name 25 = sigma-é00: Density [sigma-theta, kg/m^3]
# name 26 = svCM: Sound Velocity [Chen-Millero, m/s]
# name 27 = svCM1: Sound Velocity, 2 [Chen-Millero, m/s]
# name 28 = gsw_ptA0: potential temperature [ITS-90, deg C]
# name 29 = gsw_densityA0: density, TEOS-10 [density, kg/m^3]
# name 30 = gsw_saA0: Absolute Salinity [g/kg]
# name 31 = flag:
# span 0 =       3411,      15070       
# span 1 = 309.499260, 309.504883       
# span 2 =  -62.22236,  -62.22234       
# span 3 =  -58.21135,  -58.21132       
# span 4 =     -0.096,      1.283       
# span 5 =       0.00,    1446.63       
# span 6 =      1.000,    285.000       
# span 7 =      0.986,    282.064       
# span 8 =    -0.9473,    -0.1654       
# span 9 =    -0.9467,    -0.1602       
# span 10 =    -0.0075,     0.0194      
# span 11 =    -0.9506,    -0.1757      
# span 12 =    -0.9501,    -0.1705      
# span 13 =    -0.0074,     0.0194      
# span 14 =   2.769017,   2.860464      
# span 15 =   2.769448,   2.861454      
# span 16 =  -0.000251,   0.001881      
# span 17 =    34.1572,    34.4389      
# span 18 =    34.1633,    34.4453      
# span 19 =     5.9192,     7.6371      
# span 20 =     5.6602,     7.3564      
# span 21 =    -0.3372,    -0.1867      
# span 22 =    27.4601,    27.6623      
# span 23 =    27.4647,    27.6671      
# span 24 =    34.1560,    34.4393      
# span 25 =    27.4596,    27.6631      
# span 26 =    1444.49,    1452.26      
# span 27 =    1444.50,    1452.30      
# span 28 =    -0.9505,    -0.1755      
# span 29 =  1027.4691,  1029.0243      
# span 30 =    34.3207,    34.6076      
# span 31 = 0.0000e+00, 0.0000e+00      
# interval = decibars: 1                
# start_time = Nov 05 2019 11:56:34 [NMEA time, header]
# bad_flag = -9.990e-29
*END*
[from data line 227]
      11595 309.503207  -62.22236  -58.21132      0.875    1445.81    228.000    225.686    -0.7772    -0.7780    -0.0008    -0.7840    -0.7848    -0.0008   2.798125   2.798456   0.000331    34.3281    34.3335     6.7655     6.4824    -0.2831    27.6003    27.6047    34.3296    27.6015    1448.34    1448.34    -0.7839  1028.6974    34.4971 0.0000e+00
      11622 309.503220  -62.22236  -58.21132      0.878    1445.81    229.000    226.676    -0.7738    -0.7741    -0.0003    -0.7806    -0.7809    -0.0003   2.798494   2.798875   0.000375    34.3288    34.3342     6.7587     6.4786    -0.2801    27.6007    27.6051    34.3301    27.6018    1448.37    1448.38    -0.7805  1028.7025    34.4976 0.0000e+00
      11647 309.503232  -62.22236  -58.21132      0.930    1445.81    230.000    227.665    -0.7719    -0.7715     0.0004    -0.7788    -0.7784     0.0004   2.798689   2.799113   0.000431    34.3292    34.3346     6.7635     6.4677    -0.2958    27.6010    27.6053    34.3301    27.6017    1448.40    1448.40    -0.7786  1028.7071    34.4975 0.0000e+00
      11672 309.503244  -62.22236  -58.21132      0.975    1445.81    231.000    228.654    -0.7710    -0.7702     0.0008    -0.7780    -0.7772     0.0008   2.798923   2.799425   0.000478    34.3298    34.3354     6.7581     6.4617    -0.2964    27.6014    27.6059    34.3316    27.6029    1448.42    1448.43    -0.7778  1028.7131    34.4991 0.0000e+00
      11695 309.503255  -62.22236  -58.21132      1.011    1445.81    232.000    229.644    -0.7620    -0.7609     0.0011    -0.7690    -0.7679     0.0011   2.799829   2.800364   0.000519    34.3316    34.3373     6.7525     6.4623    -0.2902    27.6025    27.6071    34.3330    27.6037    1448.48    1448.49    -0.7688  1028.7186    34.5006 0.0000e+00
      11718 309.503266  -62.22236  -58.21132      1.030    1445.81    233.000    230.633    -0.7560    -0.7531     0.0029    -0.7630    -0.7601     0.0028   2.800621   2.801315   0.000698    34.3332    34.3394     6.7522     6.4600    -0.2922    27.6035    27.6085    34.3363    27.6060    1448.53    1448.55    -0.7629  1028.7256    34.5038 0.0000e+00
      11741 309.503277  -62.22236  -58.21132      1.038    1445.81    234.000    231.622    -0.7325    -0.7305     0.0020    -0.7397    -0.7377     0.0020   2.803067   2.803615   0.000578    34.3383    34.3438     6.7493     6.4561    -0.2932    27.6067    27.6111    34.3421    27.6098    1448.66    1448.68    -0.7395  1028.7340    34.5097 0.0000e+00
      11765 309.503289  -62.22236  -58.21132      1.024    1445.81    235.000    232.612    -0.7090    -0.7111    -0.0021    -0.7162    -0.7183    -0.0021   2.805578   2.805760   0.000189    34.3430    34.3480     6.7377     6.4493    -0.2884    27.6095    27.6137    34.3487    27.6142    1448.80    1448.79    -0.7160  1028.7429    34.5163 0.0000e+00
      11792 309.503302  -62.22236  -58.21132      0.938    1445.81    236.000    233.601    -0.6781    -0.6777     0.0004    -0.6854    -0.6850     0.0004   2.808161   2.808618   0.000439    34.3446    34.3500     6.7201     6.4402    -0.2799    27.6095    27.6139    34.3479    27.6122    1448.96    1448.97    -0.6852  1028.7454    34.5155 0.0000e+00
      11826 309.503319  -62.22236  -58.21132      0.743    1445.81    237.000    234.590    -0.6812    -0.6811     0.0001    -0.6885    -0.6884     0.0001   2.807881   2.808288   0.000403    34.3454    34.3507     6.6822     6.4125    -0.2697    27.6103    27.6146    34.3470    27.6116    1448.96    1448.97    -0.6884  1028.7497    34.5146 0.0000e+00
      11861 309.503335  -62.22236  -58.21132      0.671    1445.81    238.000    235.579    -0.6764    -0.6783    -0.0019    -0.6838    -0.6857    -0.0019   2.808948   2.809157   0.000221    34.3508    34.3559     6.6181     6.3578    -0.2603    27.6145    27.6187    34.3554    27.6182    1449.01    1449.01    -0.6836  1028.7610    34.5231 0.0000e+00
      11889 309.503348  -62.22236  -58.21132      0.807    1445.81    239.000    236.568    -0.6484    -0.6483     0.0000    -0.6558    -0.6558     0.0000   2.811392   2.811792   0.000410    34.3529    34.3584     6.5885     6.3103    -0.2782    27.6150    27.6194    34.3560    27.6175    1449.16    1449.16    -0.6557  1028.7647    34.5236 0.0000e+00
      11912 309.503360  -62.22236  -58.21132      0.949    1445.81    240.000    237.558    -0.6595    -0.6588     0.0007    -0.6670    -0.6663     0.0007   2.810429   2.810862   0.000444    34.3533    34.3585     6.5953     6.3070    -0.2883    27.6158    27.6200    34.3550    27.6172    1449.12    1449.13    -0.6668  1028.7693    34.5227 0.0000e+00
      11936 309.503372  -62.22236  -58.21132      1.010    1445.81    241.000    238.547    -0.6490    -0.6528    -0.0038    -0.6565    -0.6603    -0.0038   2.811614   2.811641   0.000055    34.3550    34.3601     6.5784     6.2990    -0.2794    27.6167    27.6210    34.3584    27.6195    1449.19    1449.18    -0.6563  1028.7763    34.5261 0.0000e+00
      11961 309.503384  -62.22236  -58.21132      0.984    1445.81    242.000    239.536    -0.6405    -0.6442    -0.0036    -0.6481    -0.6518    -0.0036   2.812282   2.812389   0.000090    34.3551    34.3604     6.5529     6.2730    -0.2798    27.6164    27.6209    34.3573    27.6182    1449.24    1449.23    -0.6479  1028.7797    34.5249 0.0000e+00
      11986 309.503396  -62.22236  -58.21132      0.958    1445.81    243.000    240.526    -0.6406    -0.6415    -0.0010    -0.6482    -0.6491    -0.0010   2.812349   2.812699   0.000323    34.3554    34.3608     6.5542     6.2720    -0.2823    27.6167    27.6211    34.3576    27.6184    1449.26    1449.26    -0.6480  1028.7847    34.5252 0.0000e+00
      12010 309.503407  -62.22236  -58.21132      0.977    1445.81    244.000    241.515    -0.6324    -0.6319     0.0005    -0.6400    -0.6395     0.0005   2.813203   2.813609   0.000441    34.3569    34.3622     6.5475     6.2617    -0.2858    27.6175    27.6218    34.3592    27.6194    1449.32    1449.33    -0.6399  1028.7904    34.5269 0.0000e+00
      12035 309.503419  -62.22236  -58.21132      0.983    1445.81    245.000    242.504    -0.6300    -0.6310    -0.0009    -0.6377    -0.6387    -0.0009   2.813346   2.813694   0.000315    34.3568    34.3621     6.5388     6.2552    -0.2836    27.6174    27.6217    34.3578    27.6182    1449.34    1449.35    -0.6376  1028.7939    34.5255 0.0000e+00
      12062 309.503432  -62.22236  -58.21132      0.923    1445.81    246.000    243.493    -0.6350    -0.6343     0.0007    -0.6427    -0.6420     0.0007   2.813180   2.813627   0.000461    34.3588    34.3642     6.5363     6.2527    -0.2836    27.6192    27.6235    34.3606    27.6206    1449.34    1449.35    -0.6425  1028.8012    34.5283 0.0000e+00
      12092 309.503447  -62.22236  -58.21132      0.830    1445.81    247.000    244.482    -0.6316    -0.6310     0.0006    -0.6394    -0.6387     0.0006   2.813636   2.814106   0.000460    34.3610    34.3665     6.5353     6.2395    -0.2957    27.6208    27.6253    34.3623    27.6219    1449.37    1449.38    -0.6392  1028.8072    34.5300 0.0000e+00
      12121 309.503461  -62.22236  -58.21132      0.818    1445.81    248.000    245.472    -0.6317    -0.6302     0.0016    -0.6396    -0.6380     0.0016   2.813728   2.814264   0.000535    34.3620    34.3674     6.5366     6.2392    -0.2974    27.6216    27.6260    34.3631    27.6225    1449.39    1449.40    -0.6394  1028.8126    34.5308 0.0000e+00
      12148 309.503474  -62.22236  -58.21132      0.861    1445.81    249.000    246.461    -0.6298    -0.6295     0.0003    -0.6376    -0.6374     0.0003   2.813953   2.814370   0.000423    34.3623    34.3677     6.5286     6.2453    -0.2832    27.6218    27.6262    34.3633    27.6226    1449.42    1449.42    -0.6375  1028.8174    34.5310 0.0000e+00
      12177 309.503488  -62.22236  -58.21132      0.852    1445.81    250.000    247.450    -0.6351    -0.6352    -0.0001    -0.6430    -0.6431    -0.0001   2.813430   2.813816   0.000411    34.3621    34.3677     6.5303     6.2422    -0.2881    27.6219    27.6264    34.3617    27.6215    1449.41    1449.41    -0.6428  1028.8211    34.5294 0.0000e+00
      12208 309.503502  -62.22236  -58.21132      0.796    1445.81    251.000    248.439    -0.6573    -0.6596    -0.0023    -0.6652    -0.6675    -0.0023   2.811904   2.812154   0.000225    34.3667    34.3724     6.5277     6.2400    -0.2876    27.6266    27.6313    34.3656    27.6257    1449.32    1449.32    -0.6650  1028.8302    34.5334 0.0000e+00
      12236 309.503516  -62.22236  -58.21132      0.805    1445.81    252.000    249.428    -0.6621    -0.6620     0.0002    -0.6700    -0.6698     0.0002   2.811627   2.812035   0.000417    34.3676    34.3730     6.5245     6.2391    -0.2854    27.6275    27.6319    34.3668    27.6268    1449.32    1449.33    -0.6698  1028.8362    34.5346 0.0000e+00
      12261 309.503528  -62.22236  -58.21132      0.916    1445.81    253.000    250.418    -0.6747    -0.6773    -0.0026    -0.6826    -0.6852    -0.0026   2.810611   2.810800   0.000187    34.3684    34.3739     6.5281     6.2383    -0.2898    27.6287    27.6333    34.3667    27.6273    1449.28    1449.27    -0.6824  1028.8415    34.5345 0.0000e+00
      12282 309.503538  -62.22236  -58.21132      1.038    1445.81    254.000    251.407    -0.6814    -0.6815    -0.0001    -0.6893    -0.6894    -0.0001   2.810220   2.810615   0.000394    34.3693    34.3747     6.5314     6.2402    -0.2912    27.6297    27.6341    34.3684    27.6290    1449.26    1449.27    -0.6891  1028.8480    34.5362 0.0000e+00
      12305 309.503549  -62.22236  -58.21132      1.086    1445.81    255.000    252.396    -0.6816    -0.6815     0.0001    -0.6896    -0.6894     0.0001   2.810276   2.810716   0.000433    34.3692    34.3749     6.5341     6.2403    -0.2938    27.6296    27.6342    34.3688    27.6293    1449.28    1449.29    -0.6894  1028.8531    34.5366 0.0000e+00
      12333 309.503563  -62.22236  -58.21132      0.943    1445.81    256.000    253.385    -0.6419    -0.6414     0.0005    -0.6500    -0.6495     0.0005   2.814697   2.815109   0.000418    34.3766    34.3817     6.5319     6.2326    -0.2993    27.6339    27.6380    34.3828    27.6389    1449.50    1449.51    -0.6498  1028.8671    34.5507 0.0000e+00
      12366 309.503579  -62.22236  -58.21132      0.730    1445.81    257.000    254.374    -0.6161    -0.6142     0.0019    -0.6243    -0.6224     0.0019   2.816612   2.817243   0.000598    34.3793    34.3852     6.5409     6.2499    -0.2911    27.6350    27.6397    34.3788    27.6346    1449.63    1449.65    -0.6241  1028.8673    34.5466 0.0000e+00
      12395 309.503593  -62.22236  -58.21132      0.781    1445.81    258.000    255.364    -0.6211    -0.6205     0.0006    -0.6293    -0.6287     0.0006   2.816532   2.816969   0.000453    34.3810    34.3864     6.5379     6.2667    -0.2712    27.6366    27.6410    34.3827    27.6379    1449.63    1449.64    -0.6291  1028.8755    34.5506 0.0000e+00
      12419 309.503604  -62.22236  -58.21132      0.932    1445.81    259.000    256.353    -0.6082    -0.6076     0.0006    -0.6164    -0.6158     0.0006   2.818156   2.818608   0.000469    34.3846    34.3903     6.4884     6.2296    -0.2588    27.6389    27.6435    34.3893    27.6427    1449.71    1449.72    -0.6162  1028.8849    34.5572 0.0000e+00
      12443 309.503616  -62.22236  -58.21132      1.006    1445.81    260.000    257.342    -0.5623    -0.5615     0.0009    -0.5707    -0.5699     0.0009   2.822738   2.823227   0.000479    34.3900    34.3955     6.4603     6.1877    -0.2726    27.6413    27.6457    34.3984    27.6481    1449.96    1449.97    -0.5706  1028.8946    34.5664 0.0000e+00
      12472 309.503630  -62.22236  -58.21132      0.893    1445.81    261.000    258.331    -0.4823    -0.4762     0.0060    -0.4909    -0.4848     0.0060   2.830680   2.831622   0.000874    34.3981    34.4030     6.4497     6.1685    -0.2811    27.6442    27.6479    34.4138    27.6569    1450.37    1450.40    -0.4907  1028.9075    34.5818 0.0000e+00
      12504 309.503646  -62.22236  -58.21132      0.747    1445.81    262.000    259.320    -0.3451    -0.3287     0.0164    -0.3541    -0.3376     0.0164   2.842303   2.844301   0.001874    34.4048    34.4112     6.4202     6.1531    -0.2670    27.6433    27.6478    34.4138    27.6507    1451.02    1451.11    -0.3539  1028.9048    34.5819 0.0000e+00
      12531 309.503658  -62.22236  -58.21132      0.828    1445.81    263.000    260.309    -0.3210    -0.3096     0.0114    -0.3300    -0.3187     0.0114   2.844959   2.846533   0.001506    34.4081    34.4153     6.3822     6.1457    -0.2365    27.6449    27.6502    34.4214    27.6557    1451.16    1451.22    -0.3299  1028.9143    34.5895 0.0000e+00
      12554 309.503670  -62.22236  -58.21132      0.976    1445.81    264.000    261.299    -0.2443    -0.2349     0.0094    -0.2536    -0.2442     0.0094   2.851940   2.852702   0.001100    34.4156    34.4197     6.2655     6.0700    -0.1955    27.6472    27.6501    34.4275    27.6568    1451.54    1451.58    -0.2534  1028.9195    34.5956 0.0000e+00
      12583 309.503683  -62.22236  -58.21132      0.932    1445.81    265.000    262.288    -0.2511    -0.2550    -0.0039    -0.2604    -0.2643    -0.0039   2.850873   2.851139   0.000110    34.4138    34.4196     6.1416     5.9514    -0.1902    27.6461    27.6510    34.4203    27.6514    1451.51    1451.51    -0.2602  1028.9189    34.5884 0.0000e+00
      12646 309.503714  -62.22236  -58.21132      0.327    1445.81    266.000    263.277    -0.2371    -0.2324     0.0046    -0.2464    -0.2418     0.0046   2.852378   2.853196   0.000898    34.4169    34.4237     5.9861     5.7568    -0.2293    27.6480    27.6532    34.4239    27.6536    1451.60    1451.63    -0.2463  1028.9258    34.5920 0.0000e+00
      12702 309.503741  -62.22236  -58.21132      0.459    1445.81    267.000    264.265    -0.2311    -0.2311    -0.0000    -0.2405    -0.2405    -0.0000   2.852904   2.853320   0.000425    34.4192    34.4249     5.9888     5.7186    -0.2703    27.6495    27.6541    34.4236    27.6530    1451.64    1451.65    -0.2403  1028.9299    34.5917 0.0000e+00
      12751 309.503764  -62.22236  -58.21132      0.496    1446.57    268.000    265.255    -0.2382    -0.2368     0.0014    -0.2476    -0.2462     0.0014   2.852244   2.852796   0.000561    34.4192    34.4252     5.9927     5.7187    -0.2740    27.6499    27.6546    34.4222    27.6523    1451.63    1451.64    -0.2475  1028.9340    34.5903 0.0000e+00
      12809 309.503793  -62.22236  -58.21132      0.402    1446.63    269.000    266.244    -0.2407    -0.2444    -0.0037    -0.2501    -0.2538    -0.0037   2.852034   2.852113   0.000081    34.4197    34.4250     6.0061     5.7320    -0.2741    27.6504    27.6548    34.4216    27.6519    1451.63    1451.62    -0.2500  1028.9384    34.5897 0.0000e+00
      12862 309.503818  -62.22236  -58.21132      0.463    1446.63    270.000    267.233    -0.2409    -0.2378     0.0031    -0.2504    -0.2473     0.0031   2.852102   2.852778   0.000688    34.4204    34.4260     6.0088     5.7425    -0.2663    27.6509    27.6553    34.4222    27.6524    1451.65    1451.67    -0.2503  1028.9436    34.5903 0.0000e+00
      12912 309.503842  -62.22236  -58.21132      0.472    1446.63    271.000    268.222    -0.2427    -0.2415     0.0011    -0.2522    -0.2511     0.0011   2.851944   2.852469   0.000525    34.4205    34.4263     6.0157     5.7458    -0.2699    27.6512    27.6557    34.4214    27.6519    1451.65    1451.67    -0.2521  1028.9478    34.5895 0.0000e+00
