Pos-Processados/process_op38/Processamento_split/down/doperantar38_010.cnv
* Sea-Bird SBE 9 Data File:
* FileName = D:\OPERANTAR_XXXVIII\DADOS\OP38_010.hdr
* Software Version Seasave V 7.18c
* Temperature SN = 4808
* Conductivity SN = 3380
* Number of Bytes Per Scan = 31
* Number of Voltage Words = 2
* Number of Scans Averaged by the Deck Unit = 1
* NMEA Latitude = 43 58.12 S
* NMEA Longitude = 053 08.81 W
* NMEA UTC (Time) = Oct 20 2019 12:04:22
** H41
** NAVIO POLAR ALMIRANTE MAXIMIANO
** CRUZEIRO:
** OPERANTAR XXXVIII
** ESTAÇÃO: OP38_010
** LAT 43 58,10'S
** LONG 053 08,81'W
** 09P73767-1155
** PROFUNDIDADE: 5740
** DATA/HORA: 201205Z/OUT/19
** OPERADOR: SO-HN CHAVES
# nquan = 30
# nvalues = 1057                        
# units = specified
# name 0 = scan: Scan Count
# name 1 = timeJ: Julian Days
# name 2 = latitude: Latitude [deg]
# name 3 = longitude: Longitude [deg]
# name 4 = dz/dtM: Descent Rate [m/s]
# name 5 = avgsvCM: Average Sound Velocity [Chen-Millero, m/s]
# name 6 = prDM: Pressure, Digiquartz [db]
# name 7 = depSM: Depth [salt water, m]
# name 8 = t090C: Temperature [ITS-90, deg C]
# name 9 = t190C: Temperature, 2 [ITS-90, deg C]
# name 10 = T2-T190C: Temperature Difference, 2 - 1 [ITS-90, deg C]
# name 11 = potemp090C: Potential Temperature [ITS-90, deg C]
# name 12 = potemp190C: Potential Temperature, 2 [ITS-90, deg C]
# name 13 = potemp90Cdiff: Potential Temperature, Diff, 2 - 1 [ITS-90, deg C]
# name 14 = c0S/m: Conductivity [S/m]
# name 15 = c1S/m: Conductivity, 2 [S/m]
# name 16 = C2-C1S/m: Conductivity Difference, 2 - 1 [S/m]
# name 17 = sal00: Salinity, Practical [PSU]
# name 18 = sal11: Salinity, Practical, 2 [PSU]
# name 19 = sbeox0ML/L: Oxygen, SBE 43 [ml/l]
# name 20 = sigma-é00: Density [sigma-theta, kg/m^3]
# name 21 = sigma-é11: Density, 2 [sigma-theta, kg/m^3]
# name 22 = sal00: Salinity, Practical [PSU]
# name 23 = sigma-é00: Density [sigma-theta, kg/m^3]
# name 24 = svCM: Sound Velocity [Chen-Millero, m/s]
# name 25 = svCM1: Sound Velocity, 2 [Chen-Millero, m/s]
# name 26 = gsw_ptA0: potential temperature [ITS-90, deg C]
# name 27 = gsw_densityA0: density, TEOS-10 [density, kg/m^3]
# name 28 = gsw_saA0: Absolute Salinity [g/kg]
# name 29 = flag:
# span 0 =       2352,      33975       
# span 1 = 293.504166, 293.519417       
# span 2 =  -43.97338,  -43.96866       
# span 3 =  -53.14692,  -53.14556       
# span 4 =     -0.166,      1.453       
# span 5 =       0.00,    1508.42       
# span 6 =      3.000,   1059.000       
# span 7 =      2.971,   1047.827       
# span 8 =     3.7707,    14.2144       
# span 9 =     3.7720,    14.2153       
# span 10 =    -0.0202,     0.0100      
# span 11 =     3.6925,    14.2091      
# span 12 =     3.6937,    14.2080      
# span 13 =    -0.0201,     0.0100      
# span 14 =   3.216293,   4.295014      
# span 15 =   3.216781,   4.295667      
# span 16 =  -0.001691,   0.001819      
# span 17 =    34.1936,    35.6743      
# span 18 =    34.1978,    35.6801      
# span 19 =     4.8322,     5.8359      
# span 20 =    26.6621,    27.1971      
# span 21 =    26.6670,    27.2003      
# span 22 =    34.1902,    35.6743      
# span 23 =    26.6621,    27.1968      
# span 24 =    1481.81,    1511.00      
# span 25 =    1481.82,    1511.02      
# span 26 =     3.6923,    14.2091      
# span 27 =  1026.6793,  1032.0808      
# span 28 =    34.3548,    35.8431      
# span 29 = 0.0000e+00, 0.0000e+00      
# interval = decibars: 1                
# start_time = Oct 20 2019 12:04:22 [NMEA time, header]
# bad_flag = -9.990e-29
*END*
[from data line 436]
      18880 293.512137  -43.96938  -53.14674      1.133    1508.42    439.000    435.016    13.8595    13.8601     0.0006    13.7956    13.7962     0.0006   4.264704   4.265406   0.000695    35.6104    35.6164     5.3639    26.7021    26.7066    35.6095    26.7014    1511.00    1511.01    13.7956  1028.6385    35.7787 0.0000e+00
      18906 293.512150  -43.96938  -53.14674      0.959    1508.42    440.000    436.006    13.8542    13.8557     0.0015    13.7902    13.7916     0.0015   4.264013   4.264817   0.000797    35.6089    35.6149     5.3716    26.7021    26.7064    35.6075    26.7010    1511.00    1511.01    13.7902  1028.6425    35.7767 0.0000e+00
      18931 293.512162  -43.96938  -53.14674      0.934    1508.42    441.000    436.996    13.8478    13.8482     0.0004    13.7837    13.7841     0.0004   4.263297   4.263962   0.000655    35.6076    35.6133     5.3761    26.7024    26.7068    35.6063    26.7014    1510.99    1511.00    13.7837  1028.6474    35.7755 0.0000e+00
      18954 293.512172  -43.96939  -53.14674      1.017    1508.42    442.000    437.986    13.8429    13.8438     0.0008    13.7787    13.7795     0.0008   4.262727   4.263440   0.000717    35.6063    35.6122     5.3733    26.7025    26.7069    35.6051    26.7015    1510.99    1511.00    13.7787  1028.6519    35.7743 0.0000e+00
      18974 293.512182  -43.96940  -53.14674      1.104    1508.42    443.000    438.976    13.8332    13.8350     0.0018    13.7688    13.7706     0.0018   4.261429   4.262226   0.000801    35.6036    35.6095     5.3702    26.7025    26.7066    35.6015    26.7008    1510.97    1510.99    13.7688  1028.6557    35.7707 0.0000e+00
      18994 293.512192  -43.96940  -53.14674      1.166    1508.42    444.000    439.965    13.8153    13.8159     0.0006    13.7508    13.7514     0.0006   4.258856   4.259644   0.000716    35.5986    35.6048     5.3649    26.7024    26.7070    35.5936    26.6985    1510.92    1510.93    13.7508  1028.6579    35.7627 0.0000e+00
      19014 293.512201  -43.96940  -53.14674      1.214    1508.42    445.000    440.955    13.7843    13.7876     0.0033    13.7198    13.7230     0.0033   4.255388   4.256361   0.001027    35.5928    35.5993     5.3623    26.7043    26.7087    35.5894    26.7017    1510.83    1510.85    13.7198  1028.6658    35.7585 0.0000e+00
      19032 293.512210  -43.96940  -53.14674      1.259    1508.42    446.000    441.945    13.7748    13.7766     0.0018    13.7102    13.7119     0.0018   4.254280   4.255064   0.000830    35.5907    35.5968     5.3600    26.7047    26.7091    35.5874    26.7022    1510.82    1510.83    13.7102  1028.6707    35.7565 0.0000e+00
      19050 293.512219  -43.96941  -53.14674      1.301    1508.42    447.000    442.935    13.7632    13.7639     0.0007    13.6984    13.6992     0.0007   4.253016   4.253731   0.000691    35.5881    35.5939     5.3539    26.7052    26.7095    35.5859    26.7034    1510.79    1510.80    13.6985  1028.6765    35.7550 0.0000e+00
      19068 293.512228  -43.96942  -53.14674      1.332    1508.42    448.000    443.925    13.7613    13.7605    -0.0008    13.6964    13.6956    -0.0008   4.252665   4.253175   0.000523    35.5872    35.5928     5.3558    26.7049    26.7094    35.5839    26.7024    1510.80    1510.81    13.6964  1028.6798    35.7531 0.0000e+00
      19086 293.512236  -43.96942  -53.14674      1.337    1508.42    449.000    444.915    13.7350    13.7347    -0.0003    13.6701    13.6698    -0.0003   4.248525   4.249084   0.000574    35.5782    35.5839     5.3688    26.7034    26.7079    35.5690    26.6963    1510.71    1510.72    13.6701  1028.6784    35.7381 0.0000e+00
      19105 293.512246  -43.96942  -53.14674      1.300    1508.42    450.000    445.904    13.6875    13.6860    -0.0015    13.6226    13.6210    -0.0015   4.243507   4.243871   0.000398    35.5700    35.5752     5.3795    26.7070    26.7113    35.5656    26.7035    1510.57    1510.57    13.6226  1028.6904    35.7346 0.0000e+00
      19128 293.512256  -43.96942  -53.14673      1.191    1508.42    451.000    446.894    13.6756    13.6740    -0.0016    13.6106    13.6090    -0.0016   4.242113   4.242527   0.000399    35.5668    35.5721     5.3669    26.7070    26.7114    35.5631    26.7041    1510.55    1510.55    13.6106  1028.6955    35.7321 0.0000e+00
      19156 293.512270  -43.96944  -53.14672      0.931    1508.42    452.000    447.884    13.6681    13.6691     0.0010    13.6029    13.6039     0.0010   4.241172   4.241906   0.000724    35.5645    35.5704     5.3469    26.7068    26.7112    35.5608    26.7040    1510.54    1510.55    13.6030  1028.6998    35.7298 0.0000e+00
      19186 293.512284  -43.96944  -53.14672      0.795    1508.42    453.000    448.874    13.6624    13.6628     0.0004    13.5971    13.5974     0.0004   4.240611   4.241248   0.000651    35.5631    35.5688     5.3572    26.7069    26.7113    35.5605    26.7049    1510.53    1510.54    13.5971  1028.7052    35.7295 0.0000e+00
      19210 293.512296  -43.96944  -53.14672      0.902    1508.42    454.000    449.864    13.6613    13.6626     0.0012    13.5959    13.5971     0.0012   4.240496   4.241299   0.000769    35.5625    35.5686     5.3572    26.7068    26.7112    35.5599    26.7048    1510.55    1510.56    13.5959  1028.7094    35.7289 0.0000e+00
      19231 293.512306  -43.96946  -53.14672      1.052    1508.42    455.000    450.854    13.6577    13.6594     0.0017    13.5921    13.5938     0.0017   4.240107   4.240913   0.000800    35.5617    35.5677     5.3584    26.7069    26.7111    35.5592    26.7050    1510.55    1510.56    13.5921  1028.7141    35.7282 0.0000e+00
      19253 293.512317  -43.96946  -53.14672      1.121    1508.42    456.000    451.844    13.6519    13.6531     0.0012    13.5862    13.5874     0.0012   4.239391   4.240140   0.000765    35.5600    35.5661     5.3576    26.7068    26.7113    35.5574    26.7048    1510.55    1510.55    13.5862  1028.7184    35.7265 0.0000e+00
      19278 293.512329  -43.96946  -53.14672      1.032    1508.42    457.000    452.833    13.6402    13.6417     0.0015    13.5744    13.5759     0.0015   4.237969   4.238765   0.000788    35.5575    35.5634     5.3538    26.7073    26.7116    35.5546    26.7051    1510.52    1510.53    13.5744  1028.7231    35.7236 0.0000e+00
      19304 293.512341  -43.96946  -53.14672      0.930    1508.42    458.000    453.823    13.6338    13.6350     0.0012    13.5679    13.5690     0.0011   4.237388   4.238114   0.000732    35.5564    35.5622     5.3584    26.7079    26.7121    35.5545    26.7064    1510.51    1510.52    13.5679  1028.7289    35.7236 0.0000e+00
      19326 293.512352  -43.96948  -53.14672      0.989    1508.42    459.000    454.813    13.6307    13.6313     0.0006    13.5646    13.5652     0.0006   4.236929   4.237622   0.000694    35.5553    35.5612     5.3583    26.7076    26.7121    35.5528    26.7057    1510.52    1510.53    13.5646  1028.7326    35.7218 0.0000e+00
      19345 293.512361  -43.96948  -53.14672      1.128    1508.42    460.000    455.803    13.6181    13.6198     0.0017    13.5519    13.5536     0.0017   4.235239   4.236039   0.000811    35.5521    35.5582     5.3638    26.7078    26.7122    35.5481    26.7047    1510.49    1510.50    13.5520  1028.7361    35.7171 0.0000e+00
      19364 293.512370  -43.96948  -53.14672      1.255    1508.42    461.000    456.792    13.6039    13.6046     0.0006    13.5377    13.5383     0.0006   4.233864   4.234537   0.000674    35.5501    35.5558     5.3583    26.7092    26.7135    35.5479    26.7075    1510.46    1510.47    13.5377  1028.7434    35.7169 0.0000e+00
      19382 293.512379  -43.96948  -53.14672      1.315    1508.42    462.000    457.782    13.6030    13.6036     0.0005    13.5366    13.5371     0.0005   4.233777   4.234459   0.000686    35.5496    35.5555     5.3465    26.7091    26.7135    35.5476    26.7075    1510.47    1510.48    13.5366  1028.7478    35.7165 0.0000e+00
      19402 293.512388  -43.96950  -53.14672      1.279    1508.42    463.000    458.772    13.6010    13.6014     0.0004    13.5344    13.5348     0.0004   4.233594   4.234248   0.000652    35.5491    35.5548     5.3397    26.7091    26.7134    35.5472    26.7077    1510.48    1510.49    13.5345  1028.7519    35.7156 0.0000e+00
      19426 293.512400 -9.990e-29  -53.14672      1.107    1508.42    464.000    459.762    13.6001    13.6008     0.0007    13.5334    13.5341     0.0007   4.233572   4.234259   0.000687    35.5489    35.5547     5.3385    26.7092    26.7135    35.5475    26.7081    1510.50    1510.51    13.5334  1028.7564    35.7154 0.0000e+00
      19456 293.512415 -9.990e-29  -53.14671      0.851    1508.42    465.000    460.751    13.6001    13.6007     0.0005    13.5333    13.5338     0.0005   4.233635   4.234286   0.000658    35.5489    35.5546     5.3435    26.7092    26.7135    35.5476    26.7082    1510.51    1510.52    13.5333  1028.7609    35.7156 0.0000e+00
      19485 293.512429 -9.990e-29  -53.14670      0.788    1508.42    466.000    461.741    13.5980    13.5989     0.0009    13.5310    13.5319     0.0009   4.233478   4.234218   0.000709    35.5491    35.5549     5.3582    26.7097    26.7141    35.5477    26.7087    1510.52    1510.53    13.5310  1028.7659    35.7157 0.0000e+00
      19509 293.512440  -43.96952  -53.14670      0.916    1508.42    467.000    462.731    13.5972    13.5982     0.0009    13.5301    13.5310     0.0009   4.233505   4.234131   0.000689    35.5492    35.5548     5.3631    26.7100    26.7142    35.5483    26.7094    1510.54    1510.54    13.5301  1028.7716    35.7173 0.0000e+00
      19531 293.512451  -43.96952  -53.14670      1.060    1508.42    468.000    463.720    13.5937    13.5939     0.0001    13.5265    13.5266     0.0001   4.233128   4.233677   0.000599    35.5482    35.5537     5.3680    26.7100    26.7143    35.5475    26.7096    1510.54    1510.55    13.5265  1028.7763    35.7165 0.0000e+00
      19552 293.512461  -43.96953  -53.14670      1.120    1508.42    469.000    464.710    13.5612    13.5591    -0.0020    13.4939    13.4918    -0.0020   4.227722   4.228211   0.000426    35.5367    35.5426     5.3676    26.7079    26.7129    35.5265    26.7000    1510.43    1510.43    13.4939  1028.7714    35.6954 0.0000e+00
      19575 293.512472  -43.96954  -53.14670      1.098    1508.42    470.000    465.700    13.5029    13.5033     0.0004    13.4357    13.4360     0.0004   4.221594   4.222315   0.000637    35.5274    35.5331     5.3620    26.7128    26.7170    35.5224    26.7088    1510.25    1510.26    13.4357  1028.7852    35.6913 0.0000e+00
      19599 293.512483  -43.96954  -53.14670      1.029    1508.42    471.000    466.690    13.4569    13.4565    -0.0004    13.3897    13.3892    -0.0004   4.214450   4.214983   0.000554    35.5118    35.5175     5.3449    26.7101    26.7146    35.4973    26.6989    1510.08    1510.09    13.3897  1028.7801    35.6661 0.0000e+00
      19624 293.512496  -43.96954  -53.14670      0.962    1508.42    472.000    467.680    13.2720    13.2736     0.0016    13.2053    13.2069     0.0016   4.191762   4.192506   0.000804    35.4717    35.4779     5.3531    26.7168    26.7212    35.4542    26.7033    1509.44    1509.45    13.2053  1028.7907    35.6228 0.0000e+00
      19652 293.512509  -43.96955  -53.14670      0.899    1508.42    473.000    468.669    13.1911    13.1964     0.0052    13.1245    13.1297     0.0052   4.182595   4.183898   0.001254    35.4557    35.4628     5.3290    26.7209    26.7253    35.4422    26.7104    1509.17    1509.20    13.1245  1028.8029    35.6107 0.0000e+00
      19676 293.512521  -43.96956  -53.14670      0.915    1508.42    474.000    469.659    13.1510    13.1529     0.0019    13.0843    13.0862     0.0019   4.178094   4.178979   0.000857    35.4462    35.4526     5.3037    26.7217    26.7262    35.4364    26.7140    1509.05    1509.06    13.0843  1028.8114    35.6049 0.0000e+00
      19697 293.512531  -43.96956  -53.14670      1.049    1508.42    475.000    470.649    13.0993    13.1047     0.0054    13.0327    13.0381     0.0054   4.170556   4.171824   0.001287    35.4302    35.4374     5.2939    26.7197    26.7242    35.4124    26.7059    1508.87    1508.89    13.0327  1028.8082    35.5808 0.0000e+00
      19714 293.512539  -43.96956  -53.14670      1.225    1508.42    476.000    471.638    13.0454    13.0452    -0.0003    12.9788    12.9786    -0.0003   4.164097   4.164472   0.000467    35.4185    35.4232     5.2859    26.7215    26.7252    35.4008    26.7078    1508.69    1508.70    12.9788  1028.8150    35.5691 0.0000e+00
      19731 293.512547  -43.96958  -53.14670      1.365    1508.42    477.000    472.628    12.9630    12.9600    -0.0030    12.8965    12.8935    -0.0030   4.153770   4.154110   0.000343    35.3990    35.4051     5.2871    26.7230    26.7283    35.3788    26.7073    1508.41    1508.40    12.8966  1028.8197    35.5470 0.0000e+00
      19749 293.512556  -43.96958  -53.14670      1.394    1508.42    478.000    473.618    12.8953    12.8945    -0.0008    12.8290    12.8282    -0.0008   4.146006   4.146721   0.000603    35.3842    35.3908     5.2888    26.7250    26.7303    35.3674    26.7120    1508.18    1508.19    12.8290  1028.8295    35.5356 0.0000e+00
      19773 293.512567  -43.96958  -53.14670      1.189    1508.42    479.000    474.607    12.8326    12.8286    -0.0040    12.7663    12.7624    -0.0040   4.138169   4.138229   0.000090    35.3690    35.3737     5.2682    26.7258    26.7302    35.3506    26.7115    1507.97    1507.96    12.7663  1028.8340    35.5187 0.0000e+00
      19804 293.512583  -43.96958  -53.14670      0.830    1508.42    480.000    475.597    12.7585    12.7610     0.0025    12.6923    12.6948     0.0025   4.129993   4.130890   0.000871    35.3539    35.3600     5.2455    26.7288    26.7330    35.3411    26.7189    1507.73    1507.74    12.6923  1028.8465    35.5092 0.0000e+00
      19836 293.512598  -43.96960  -53.14668      0.732    1508.42    481.000    476.587    12.7393    12.7363    -0.0030    12.6731    12.6701    -0.0030   4.127700   4.127924   0.000267    35.3476    35.3529     5.2126    26.7277    26.7324    35.3366    26.7192    1507.68    1507.67    12.6731  1028.8514    35.5047 0.0000e+00
      19864 293.512611  -43.96960  -53.14669      0.821    1508.42    482.000    477.576    12.7284    12.7336     0.0052    12.6621    12.6672     0.0052   4.126555   4.127795   0.001218    35.3446    35.3514     5.2119    26.7276    26.7318    35.3354    26.7205    1507.65    1507.68    12.6621  1028.8572    35.5035 0.0000e+00
      19886 293.512622  -43.96960  -53.14670      0.973    1508.42    483.000    478.566    12.6921    12.7007     0.0085    12.6258    12.6343     0.0085   4.121240   4.122612   0.001669    35.3332    35.3412     5.2153    26.7259    26.7305    35.3179    26.7141    1507.53    1507.56    12.6258  1028.8556    35.4859 0.0000e+00
      19906 293.512632  -43.96962  -53.14670      1.126    1508.42    484.000    479.556    12.6037    12.6047     0.0010    12.5375    12.5385     0.0010   4.109337   4.110731   0.000926    35.3092    35.3171     5.2231    26.7247    26.7307    35.2859    26.7067    1507.21    1507.23    12.5376  1028.8535    35.4537 0.0000e+00
      19924 293.512640  -43.96962  -53.14670      1.237    1508.42    485.000    480.546    12.5288    12.5386     0.0098    12.4628    12.4726     0.0098   4.101330   4.102832   0.001819    35.2969    35.3052     5.2155    26.7299    26.7344    35.2785    26.7157    1506.96    1507.00    12.4628  1028.8677    35.4463 0.0000e+00
