Pos-Processados/process_op38/Processamento_split/down/doperantar38_024.cnv
* Sea-Bird SBE 9 Data File:
* FileName = D:\OPERANTAR_XXXVIII\DADOS\OP38_024.hdr
* Software Version Seasave V 7.18c
* Temperature SN = 4808
* Conductivity SN = 3380
* Number of Bytes Per Scan = 34
* Number of Voltage Words = 3
* Number of Scans Averaged by the Deck Unit = 1
* NMEA Latitude = 62 13.17 S
* NMEA Longitude = 058 22.76 W
* NMEA UTC (Time) = Nov 22 2019 19:55:17
** H41
** NAVIO POLAR ALMIRANTE MAXIMIANO
** CRUZEIRO:
** OPERANTAR XXXVIII
** ESTAÇÃO: OP38_024
** LAT 62 13,16'S
** LONG 058 22,74'W
** 09P73767-1155_A
** PROFUNDIDADE: 292
** DATA/HORA: 221955Z/NOV/2019
** OPERADOR: SO-HN CHAVES
# nquan = 30
# nvalues = 278                         
# units = specified
# name 0 = scan: Scan Count
# name 1 = timeJ: Julian Days
# name 2 = latitude: Latitude [deg]
# name 3 = longitude: Longitude [deg]
# name 4 = dz/dtM: Descent Rate [m/s]
# name 5 = avgsvCM: Average Sound Velocity [Chen-Millero, m/s]
# name 6 = prDM: Pressure, Digiquartz [db]
# name 7 = depSM: Depth [salt water, m]
# name 8 = t090C: Temperature [ITS-90, deg C]
# name 9 = t190C: Temperature, 2 [ITS-90, deg C]
# name 10 = T2-T190C: Temperature Difference, 2 - 1 [ITS-90, deg C]
# name 11 = potemp090C: Potential Temperature [ITS-90, deg C]
# name 12 = potemp190C: Potential Temperature, 2 [ITS-90, deg C]
# name 13 = potemp90Cdiff: Potential Temperature, Diff, 2 - 1 [ITS-90, deg C]
# name 14 = c0S/m: Conductivity [S/m]
# name 15 = c1S/m: Conductivity, 2 [S/m]
# name 16 = C2-C1S/m: Conductivity Difference, 2 - 1 [S/m]
# name 17 = sal00: Salinity, Practical [PSU]
# name 18 = sal11: Salinity, Practical, 2 [PSU]
# name 19 = sbeox0ML/L: Oxygen, SBE 43 [ml/l]
# name 20 = sigma-é00: Density [sigma-theta, kg/m^3]
# name 21 = sigma-é11: Density, 2 [sigma-theta, kg/m^3]
# name 22 = sal00: Salinity, Practical [PSU]
# name 23 = sigma-é00: Density [sigma-theta, kg/m^3]
# name 24 = svCM: Sound Velocity [Chen-Millero, m/s]
# name 25 = svCM1: Sound Velocity, 2 [Chen-Millero, m/s]
# name 26 = gsw_ptA0: potential temperature [ITS-90, deg C]
# name 27 = gsw_densityA0: density, TEOS-10 [density, kg/m^3]
# name 28 = gsw_saA0: Absolute Salinity [g/kg]
# name 29 = flag:
# span 0 =        317,       8673       
# span 1 = 326.830210, 326.834240       
# span 2 =  -62.21964,  -62.21962       
# span 3 =  -58.37934,  -58.37926       
# span 4 =      0.048,      1.182       
# span 5 =       0.00,    1448.21       
# span 6 =      2.000,    279.000       
# span 7 =      1.986,    276.129       
# span 8 =    -0.5351,    -0.2886       
# span 9 =    -0.5349,    -0.2795       
# span 10 =    -0.0094,     0.0178      
# span 11 =    -0.5412,    -0.2889      
# span 12 =    -0.5411,    -0.2797      
# span 13 =    -0.0094,     0.0178      
# span 14 =   2.805642,   2.818352      
# span 15 =   2.806082,   2.818772      
# span 16 =  -0.000229,   0.001748      
# span 17 =    34.1706,    34.2931      
# span 18 =    34.1743,    34.2985      
# span 19 =     7.0023,     7.6405      
# span 20 =    27.4511,    27.5616      
# span 21 =    27.4535,    27.5659      
# span 22 =    34.1688,    34.2931      
# span 23 =    27.4515,    27.5616      
# span 24 =    1446.38,    1450.27      
# span 25 =    1446.40,    1450.28      
# span 26 =    -0.5411,    -0.2889      
# span 27 =  1027.4657,  1028.8984      
# span 28 =    34.3337,    34.4606      
# span 29 = 0.0000e+00, 0.0000e+00      
# interval = decibars: 1                
# start_time = Nov 22 2019 19:55:17 [NMEA time, header]
# bad_flag = -9.990e-29
*END*
[from data line 194]
       5430 326.832676  -62.21962  -58.37932      1.178    1447.46    196.000    194.026    -0.5235    -0.5229     0.0006    -0.5297    -0.5291     0.0006   2.814187   2.814654   0.000479    34.2782    34.2840     7.1250    27.5490    27.5537    34.2786    27.5493    1448.93    1448.94    -0.5296  1028.4909    34.4456 0.0000e+00
       5451 326.832686  -62.21962  -58.37932      1.182    1447.57    197.000    195.016    -0.5231    -0.5229     0.0003    -0.5294    -0.5291     0.0003   2.814215   2.814655   0.000438    34.2779    34.2835     7.1247    27.5488    27.5533    34.2779    27.5488    1448.95    1448.96    -0.5292  1028.4951    34.4450 0.0000e+00
       5474 326.832697  -62.21962  -58.37932      1.104    1447.57    198.000    196.005    -0.5234    -0.5229     0.0005    -0.5297    -0.5292     0.0005   2.814195   2.814634   0.000434    34.2774    34.2827     7.1194    27.5484    27.5526    34.2774    27.5484    1448.97    1448.98    -0.5296  1028.4995    34.4444 0.0000e+00
       5499 326.832709  -62.21962  -58.37932      0.991    1447.57    199.000    196.995    -0.5238    -0.5232     0.0005    -0.5301    -0.5296     0.0005   2.814205   2.814678   0.000480    34.2771    34.2830     7.1081    27.5481    27.5529    34.2774    27.5484    1448.98    1448.99    -0.5300  1028.5042    34.4444 0.0000e+00
       5524 326.832721  -62.21962  -58.37932      0.963    1447.57    200.000    197.984    -0.5236    -0.5235     0.0002    -0.5300    -0.5298     0.0002   2.814289   2.814682   0.000395    34.2775    34.2826     7.1020    27.5485    27.5526    34.2777    27.5486    1449.00    1449.01    -0.5298  1028.5093    34.4448 0.0000e+00
       5547 326.832732  -62.21964  -58.37932      1.009    1447.57    201.000    198.974    -0.5233    -0.5229     0.0004    -0.5297    -0.5293     0.0004   2.814443   2.814873   0.000428    34.2787    34.2841     7.1077    27.5495    27.5537    34.2788    27.5495    1449.02    1449.03    -0.5296  1028.5149    34.4458 0.0000e+00
       5570 326.832744  -62.21964  -58.37932      1.039    1447.57    202.000    199.963    -0.5239    -0.5234     0.0005    -0.5303    -0.5298     0.0005   2.814305   2.814814   0.000500    34.2772    34.2834     7.1172    27.5482    27.5532    34.2769    27.5480    1449.03    1449.04    -0.5302  1028.5182    34.4440 0.0000e+00
       5596 326.832756  -62.21964  -58.37932      0.966    1447.57    203.000    200.952    -0.5246    -0.5243     0.0003    -0.5310    -0.5308     0.0003   2.814179   2.814594   0.000427    34.2754    34.2808     7.1116    27.5468    27.5512    34.2754    27.5468    1449.04    1449.05    -0.5309  1028.5218    34.4425 0.0000e+00
       5623 326.832769  -62.21964  -58.37932      0.917    1447.57    204.000    201.942    -0.5238    -0.5235     0.0004    -0.5303    -0.5300     0.0004   2.814478   2.814921   0.000439    34.2776    34.2831     7.1043    27.5485    27.5530    34.2780    27.5489    1449.06    1449.07    -0.5302  1028.5286    34.4451 0.0000e+00
       5648 326.832781  -62.21964  -58.37932      0.913    1447.57    205.000    202.931    -0.5229    -0.5225     0.0004    -0.5294    -0.5291     0.0003   2.814694   2.815107   0.000412    34.2792    34.2843     7.1083    27.5498    27.5539    34.2792    27.5498    1449.08    1449.09    -0.5293  1028.5343    34.4463 0.0000e+00
       5672 326.832793  -62.21964  -58.37932      0.976    1447.57    206.000    203.920    -0.5229    -0.5225     0.0003    -0.5294    -0.5291     0.0003   2.814687   2.815108   0.000422    34.2785    34.2838     7.1134    27.5493    27.5535    34.2785    27.5493    1449.10    1449.11    -0.5293  1028.5385    34.4456 0.0000e+00
       5695 326.832804  -62.21964  -58.37932      1.036    1447.57    207.000    204.910    -0.5234    -0.5232     0.0002    -0.5300    -0.5298     0.0002   2.814576   2.815003   0.000430    34.2772    34.2828     7.1103    27.5482    27.5527    34.2770    27.5481    1449.11    1449.12    -0.5299  1028.5421    34.4441 0.0000e+00
       5718 326.832815  -62.21964  -58.37932      1.037    1447.57    208.000    205.899    -0.5248    -0.5246     0.0002    -0.5314    -0.5313     0.0002   2.814412   2.814841   0.000425    34.2758    34.2813     7.1049    27.5471    27.5516    34.2758    27.5472    1449.12    1449.13    -0.5313  1028.5460    34.4429 0.0000e+00
       5744 326.832827  -62.21964  -58.37932      0.983    1447.57    209.000    206.889    -0.5249    -0.5247     0.0002    -0.5316    -0.5314     0.0002   2.814508   2.814934   0.000430    34.2765    34.2821     7.1014    27.5478    27.5522    34.2766    27.5478    1449.14    1449.15    -0.5314  1028.5513    34.4437 0.0000e+00
       5770 326.832840  -62.21964  -58.37932      0.925    1447.57    210.000    207.878    -0.5249    -0.5246     0.0003    -0.5316    -0.5313     0.0003   2.814558   2.814972   0.000414    34.2766    34.2819     7.1073    27.5478    27.5521    34.2766    27.5478    1449.15    1449.16    -0.5315  1028.5561    34.4437 0.0000e+00
       5795 326.832852  -62.21964  -58.37930      0.944    1447.57    211.000    208.867    -0.5249    -0.5247     0.0002    -0.5316    -0.5314     0.0002   2.814592   2.814993   0.000409    34.2763    34.2815     7.1080    27.5475    27.5518    34.2765    27.5477    1449.17    1449.18    -0.5315  1028.5608    34.4436 0.0000e+00
       5818 326.832863  -62.21964  -58.37932      0.991    1447.57    212.000    209.857    -0.5245    -0.5245    -0.0000    -0.5312    -0.5313    -0.0000   2.814854   2.815187   0.000329    34.2788    34.2832     7.0974    27.5496    27.5531    34.2789    27.5496    1449.19    1449.20    -0.5311  1028.5675    34.4460 0.0000e+00
       5843 326.832875  -62.21962  -58.37932      0.994    1447.57    213.000    210.846    -0.5247    -0.5246     0.0001    -0.5315    -0.5314     0.0001   2.814826   2.815238   0.000407    34.2782    34.2835     7.1022    27.5491    27.5534    34.2781    27.5491    1449.20    1449.21    -0.5314  1028.5717    34.4453 0.0000e+00
       5870 326.832888  -62.21962  -58.37932      0.932    1447.57    214.000    211.836    -0.5247    -0.5244     0.0003    -0.5315    -0.5312     0.0003   2.814890   2.815302   0.000416    34.2783    34.2836     7.0999    27.5492    27.5534    34.2784    27.5493    1449.22    1449.23    -0.5314  1028.5767    34.4455 0.0000e+00
       5897 326.832901  -62.21962  -58.37932      0.876    1447.57    215.000    212.825    -0.5247    -0.5243     0.0003    -0.5316    -0.5312     0.0003   2.814935   2.815369   0.000430    34.2784    34.2838     7.0928    27.5493    27.5536    34.2784    27.5492    1449.24    1449.25    -0.5314  1028.5814    34.4455 0.0000e+00
       5923 326.832914  -62.21962  -58.37932      0.899    1447.57    216.000    213.815    -0.5245    -0.5244     0.0002    -0.5315    -0.5313     0.0002   2.815046   2.815436   0.000394    34.2789    34.2840     7.0931    27.5497    27.5538    34.2791    27.5498    1449.26    1449.26    -0.5313  1028.5867    34.4462 0.0000e+00
       5948 326.832926  -62.21962  -58.37932      0.957    1447.57    217.000    214.804    -0.5244    -0.5242     0.0002    -0.5313    -0.5311     0.0002   2.815172   2.815582   0.000411    34.2799    34.2852     7.0974    27.5504    27.5547    34.2800    27.5505    1449.27    1449.28    -0.5312  1028.5922    34.4471 0.0000e+00
       5972 326.832937  -62.21962  -58.37932      0.987    1447.57    218.000    215.793    -0.5244    -0.5242     0.0002    -0.5313    -0.5311     0.0002   2.815220   2.815615   0.000396    34.2800    34.2851     7.0942    27.5506    27.5547    34.2800    27.5506    1449.29    1449.30    -0.5312  1028.5970    34.4472 0.0000e+00
       5997 326.832950  -62.21962  -58.37932      0.967    1447.57    219.000    216.783    -0.5244    -0.5244    -0.0000    -0.5314    -0.5314    -0.0000   2.815195   2.815580   0.000386    34.2791    34.2843     7.0892    27.5498    27.5540    34.2791    27.5498    1449.30    1449.31    -0.5313  1028.6010    34.4463 0.0000e+00
       6023 326.832962  -62.21962  -58.37932      0.939    1447.57    220.000    217.772    -0.5245    -0.5242     0.0003    -0.5316    -0.5312     0.0003   2.815203   2.815606   0.000403    34.2787    34.2837     7.0863    27.5495    27.5535    34.2787    27.5495    1449.32    1449.33    -0.5314  1028.6055    34.4459 0.0000e+00
       6047 326.832974  -62.21962  -58.37932      0.957    1447.57    221.000    218.762    -0.5244    -0.5242     0.0002    -0.5315    -0.5313     0.0002   2.815289   2.815724   0.000429    34.2792    34.2847     7.0821    27.5499    27.5543    34.2792    27.5499    1449.34    1449.35    -0.5313  1028.6106    34.4463 0.0000e+00
       6071 326.832985  -62.21962  -58.37932      1.005    1447.57    222.000    219.751    -0.5243    -0.5241     0.0002    -0.5314    -0.5312     0.0002   2.815371   2.815776   0.000411    34.2795    34.2848     7.0843    27.5501    27.5544    34.2796    27.5502    1449.35    1449.36    -0.5313  1028.6157    34.4467 0.0000e+00
       6093 326.832996  -62.21962  -58.37932      1.044    1447.57    223.000    220.740    -0.5242    -0.5239     0.0003    -0.5313    -0.5311     0.0003   2.815413   2.815780   0.000374    34.2792    34.2839     7.0863    27.5499    27.5537    34.2793    27.5500    1449.37    1449.38    -0.5312  1028.6203    34.4465 0.0000e+00
       6117 326.833007  -62.21962  -58.37931      1.043    1447.57    224.000    221.729    -0.5242    -0.5241     0.0000    -0.5313    -0.5313     0.0000   2.815582   2.815942   0.000351    34.2808    34.2855     7.0903    27.5512    27.5550    34.2810    27.5513    1449.39    1449.40    -0.5312  1028.6264    34.4482 0.0000e+00
       6141 326.833019  -62.21962  -58.37930      1.000    1447.57    225.000    222.719    -0.5245    -0.5243     0.0001    -0.5317    -0.5315     0.0001   2.815642   2.816049   0.000409    34.2816    34.2869     7.0902    27.5518    27.5561    34.2816    27.5518    1449.41    1449.41    -0.5316  1028.6316    34.4488 0.0000e+00
       6167 326.833032  -62.21962  -58.37930      0.947    1447.57    226.000    223.708    -0.5243    -0.5242     0.0001    -0.5315    -0.5314     0.0001   2.815667   2.816084   0.000413    34.2810    34.2864     7.0899    27.5514    27.5558    34.2811    27.5514    1449.42    1449.43    -0.5314  1028.6360    34.4483 0.0000e+00
       6195 326.833045  -62.21962  -58.37930      0.895    1447.57    227.000    224.697    -0.5240    -0.5237     0.0003    -0.5313    -0.5310     0.0003   2.815709   2.816229   0.000515    34.2806    34.2872     7.0785    27.5510    27.5563    34.2807    27.5511    1449.44    1449.45    -0.5311  1028.6404    34.4479 0.0000e+00
       6224 326.833059  -62.21962  -58.37930      0.829    1447.57    228.000    225.687    -0.5240    -0.5237     0.0003    -0.5313    -0.5310     0.0003   2.815856   2.816258   0.000410    34.2820    34.2872     7.0742    27.5521    27.5564    34.2820    27.5522    1449.46    1449.47    -0.5312  1028.6463    34.4492 0.0000e+00
       6253 326.833073  -62.21962  -58.37932      0.813    1447.57    229.000    226.676    -0.5239    -0.5239     0.0000    -0.5313    -0.5312     0.0000   2.815829   2.816252   0.000420    34.2810    34.2866     7.0766    27.5514    27.5559    34.2810    27.5514    1449.47    1449.48    -0.5311  1028.6502    34.4482 0.0000e+00
       6279 326.833085  -62.21962  -58.37932      0.893    1447.57    230.000    227.665    -0.5235    -0.5232     0.0003    -0.5308    -0.5306     0.0003   2.815897   2.816326   0.000431    34.2806    34.2861     7.0794    27.5511    27.5555    34.2808    27.5511    1449.49    1449.50    -0.5307  1028.6547    34.4480 0.0000e+00
       6303 326.833097  -62.21962  -58.37932      0.972    1447.57    231.000    228.654    -0.5235    -0.5232     0.0003    -0.5309    -0.5306     0.0003   2.815975   2.816360   0.000389    34.2812    34.2861     7.0825    27.5515    27.5554    34.2812    27.5515    1449.51    1449.52    -0.5308  1028.6599    34.4485 0.0000e+00
       6327 326.833108  -62.21962  -58.37932      1.008    1447.57    232.000    229.644    -0.5235    -0.5232     0.0003    -0.5310    -0.5307     0.0003   2.815997   2.816401   0.000402    34.2808    34.2860     7.0822    27.5512    27.5553    34.2810    27.5513    1449.52    1449.53    -0.5308  1028.6645    34.4482 0.0000e+00
       6350 326.833120  -62.21962  -58.37931      1.021    1447.57    233.000    230.633    -0.5237    -0.5235     0.0002    -0.5312    -0.5310     0.0002   2.816183   2.816614   0.000430    34.2828    34.2883     7.0793    27.5528    27.5573    34.2831    27.5530    1449.54    1449.55    -0.5310  1028.6709    34.4503 0.0000e+00
       6373 326.833131  -62.21962  -58.37930      1.043    1447.57    234.000    231.623    -0.5238    -0.5234     0.0004    -0.5313    -0.5309     0.0004   2.816296   2.816712   0.000417    34.2840    34.2892     7.0773    27.5538    27.5580    34.2840    27.5538    1449.56    1449.57    -0.5312  1028.6765    34.4513 0.0000e+00
       6395 326.833141  -62.21962  -58.37930      1.065    1447.57    235.000    232.612    -0.5237    -0.5234     0.0003    -0.5312    -0.5310     0.0003   2.816223   2.816669   0.000443    34.2823    34.2880     7.0743    27.5524    27.5570    34.2823    27.5524    1449.57    1449.58    -0.5311  1028.6799    34.4496 0.0000e+00
       6419 326.833153  -62.21962  -58.37930      1.038    1447.57    236.000    233.601    -0.5238    -0.5236     0.0002    -0.5314    -0.5312     0.0002   2.816320   2.816730   0.000414    34.2831    34.2884     7.0683    27.5531    27.5574    34.2832    27.5531    1449.59    1449.60    -0.5312  1028.6853    34.4505 0.0000e+00
       6445 326.833166  -62.21962  -58.37930      0.954    1447.57    237.000    234.590    -0.5238    -0.5236     0.0003    -0.5314    -0.5312     0.0002   2.816343   2.816793   0.000442    34.2829    34.2886     7.0641    27.5529    27.5575    34.2829    27.5529    1449.61    1449.62    -0.5313  1028.6899    34.4502 0.0000e+00
       6472 326.833179  -62.21962  -58.37930      0.893    1447.57    238.000    235.579    -0.5238    -0.5239    -0.0000    -0.5315    -0.5315    -0.0000   2.816428   2.816798   0.000377    34.2834    34.2885     7.0674    27.5533    27.5574    34.2834    27.5534    1449.62    1449.63    -0.5313  1028.6951    34.4507 0.0000e+00
       6498 326.833191  -62.21962  -58.37930      0.900    1447.57    239.000    236.569    -0.5240    -0.5238     0.0001    -0.5316    -0.5315     0.0001   2.816440   2.816809   0.000370    34.2831    34.2880     7.0666    27.5531    27.5570    34.2832    27.5531    1449.64    1449.65    -0.5315  1028.6996    34.4504 0.0000e+00
       6523 326.833203  -62.21962  -58.37930      0.952    1447.57    240.000    237.558    -0.5238    -0.5235     0.0002    -0.5315    -0.5313     0.0002   2.816477   2.816884   0.000408    34.2827    34.2879     7.0677    27.5527    27.5569    34.2828    27.5529    1449.66    1449.66    -0.5314  1028.7041    34.4501 0.0000e+00
       6546 326.833214  -62.21962  -58.37930      1.008    1447.57    241.000    238.547    -0.5242    -0.5237     0.0005    -0.5319    -0.5315     0.0005   2.816674   2.817045   0.000368    34.2852    34.2896     7.0616    27.5548    27.5583    34.2853    27.5549    1449.67    1449.68    -0.5318  1028.7109    34.4526 0.0000e+00
       6570 326.833226  -62.21962  -58.37930      1.030    1447.57    242.000    239.537    -0.5242    -0.5239     0.0003    -0.5320    -0.5317     0.0003   2.816760   2.817165   0.000407    34.2858    34.2909     7.0590    27.5553    27.5594    34.2859    27.5553    1449.69    1449.70    -0.5318  1028.7161    34.4532 0.0000e+00
