Pos-Processados/process_op38/Processamento_split/down/doperantar38_019.cnv
* Sea-Bird SBE 9 Data File:
* FileName = D:\OPERANTAR_XXXVIII\DADOS\OP38_019.hdr
* Software Version Seasave V 7.18c
* Temperature SN = 4808
* Conductivity SN = 3380
* Number of Bytes Per Scan = 34
* Number of Voltage Words = 3
* Number of Scans Averaged by the Deck Unit = 1
* NMEA Latitude = 62 12.52 S
* NMEA Longitude = 058 17.99 W
* NMEA UTC (Time) = Nov 22 2019 11:08:24
** H41
** NAVIO POLAR ALMIRANTE MAXIMIANO
** CRUZEIRO:
** OPERANTAR XXXVIII
** ESTAÇÃO: OP38_019
** LAT 62 12,51'S
** LONG 058 18,00'W
** 09P73767-1155_A
** PROFUNDIDADE: 271
** DATA/HORA: 221109Z/NOV/2019
** OPERADOR: SO-HN CHAVES
# nquan = 30
# nvalues = 241                         
# units = specified
# name 0 = scan: Scan Count
# name 1 = timeJ: Julian Days
# name 2 = latitude: Latitude [deg]
# name 3 = longitude: Longitude [deg]
# name 4 = dz/dtM: Descent Rate [m/s]
# name 5 = avgsvCM: Average Sound Velocity [Chen-Millero, m/s]
# name 6 = prDM: Pressure, Digiquartz [db]
# name 7 = depSM: Depth [salt water, m]
# name 8 = t090C: Temperature [ITS-90, deg C]
# name 9 = t190C: Temperature, 2 [ITS-90, deg C]
# name 10 = T2-T190C: Temperature Difference, 2 - 1 [ITS-90, deg C]
# name 11 = potemp090C: Potential Temperature [ITS-90, deg C]
# name 12 = potemp190C: Potential Temperature, 2 [ITS-90, deg C]
# name 13 = potemp90Cdiff: Potential Temperature, Diff, 2 - 1 [ITS-90, deg C]
# name 14 = c0S/m: Conductivity [S/m]
# name 15 = c1S/m: Conductivity, 2 [S/m]
# name 16 = C2-C1S/m: Conductivity Difference, 2 - 1 [S/m]
# name 17 = sal00: Salinity, Practical [PSU]
# name 18 = sal11: Salinity, Practical, 2 [PSU]
# name 19 = sbeox0ML/L: Oxygen, SBE 43 [ml/l]
# name 20 = sigma-é00: Density [sigma-theta, kg/m^3]
# name 21 = sigma-é11: Density, 2 [sigma-theta, kg/m^3]
# name 22 = sal00: Salinity, Practical [PSU]
# name 23 = sigma-é00: Density [sigma-theta, kg/m^3]
# name 24 = svCM: Sound Velocity [Chen-Millero, m/s]
# name 25 = svCM1: Sound Velocity, 2 [Chen-Millero, m/s]
# name 26 = gsw_ptA0: potential temperature [ITS-90, deg C]
# name 27 = gsw_densityA0: density, TEOS-10 [density, kg/m^3]
# name 28 = gsw_saA0: Absolute Salinity [g/kg]
# name 29 = flag:
# span 0 =       1186,      12163       
# span 1 = 326.464738, 326.470032       
# span 2 =  -62.20878,  -62.20874       
# span 3 =  -58.29995,  -58.29984       
# span 4 =      0.032,      0.772       
# span 5 =       0.00,    1448.22       
# span 6 =      3.000,    243.000       
# span 7 =      2.972,    240.524       
# span 8 =    -0.6387,    -0.2425       
# span 9 =    -0.6382,    -0.2426       
# span 10 =    -0.0046,     0.0045      
# span 11 =    -0.6453,    -0.2426      
# span 12 =    -0.6448,    -0.2428      
# span 13 =    -0.0046,     0.0045      
# span 14 =   2.802913,   2.818564      
# span 15 =   2.803358,   2.818897      
# span 16 =   0.000057,   0.000696      
# span 17 =    34.1384,    34.2982      
# span 18 =    34.1431,    34.3034      
# span 19 =     6.9417,     7.6859      
# span 20 =    27.4228,    27.5701      
# span 21 =    27.4266,    27.5743      
# span 22 =    34.1380,    34.2982      
# span 23 =    27.4227,    27.5701      
# span 24 =    1446.82,    1449.21      
# span 25 =    1446.83,    1449.22      
# span 26 =    -0.6451,    -0.2426      
# span 27 =  1027.4415,  1028.7362      
# span 28 =    34.3027,    34.4655      
# span 29 = 0.0000e+00, 0.0000e+00      
# interval = decibars: 1                
# start_time = Nov 22 2019 11:08:24 [NMEA time, header]
# bad_flag = -9.990e-29
*END*
[from data line 146]
       6996 326.467540  -62.20876  -58.29986      0.561    1447.20    149.000    147.516    -0.5809    -0.5805     0.0004    -0.5855    -0.5851     0.0004   2.803098   2.803502   0.000405    34.2234    34.2284     7.3084    27.5071    27.5111    34.2231    27.5069    1447.83    1447.84    -0.5854  1028.2247    34.3896 0.0000e+00
       7035 326.467559  -62.20876  -58.29986      0.615    1447.20    150.000    148.506    -0.5842    -0.5837     0.0005    -0.5888    -0.5883     0.0005   2.802995   2.803409   0.000413    34.2250    34.2300     7.2985    27.5086    27.5126    34.2248    27.5084    1447.83    1447.84    -0.5887  1028.2310    34.3913 0.0000e+00
       7073 326.467577  -62.20876  -58.29986      0.637    1447.20    151.000    149.496    -0.5845    -0.5837     0.0007    -0.5891    -0.5884     0.0007   2.803034   2.803454   0.000420    34.2252    34.2300     7.2956    27.5088    27.5126    34.2250    27.5086    1447.85    1447.86    -0.5890  1028.2360    34.3916 0.0000e+00
       7116 326.467598  -62.20876  -58.29986      0.571    1447.20    152.000    150.485    -0.5855    -0.5845     0.0010    -0.5902    -0.5892     0.0010   2.803031   2.803469   0.000438    34.2257    34.2305     7.3018    27.5092    27.5130    34.2255    27.5090    1447.86    1447.87    -0.5901  1028.2412    34.3921 0.0000e+00
       7163 326.467620  -62.20876  -58.29986      0.505    1447.20    153.000    151.475    -0.5871    -0.5870     0.0002    -0.5918    -0.5917     0.0002   2.803015   2.803412   0.000400    34.2267    34.2320     7.2985    27.5101    27.5143    34.2265    27.5099    1447.87    1447.87    -0.5917  1028.2469    34.3931 0.0000e+00
       7203 326.467640  -62.20876  -58.29986      0.588    1447.20    154.000    152.465    -0.5914    -0.5899     0.0014    -0.5961    -0.5946     0.0014   2.802913   2.803358   0.000441    34.2296    34.2339     7.2974    27.5126    27.5160    34.2293    27.5124    1447.87    1447.88    -0.5960  1028.2541    34.3959 0.0000e+00
       7238 326.467657  -62.20876  -58.29986      0.670    1447.20    155.000    153.454    -0.5903    -0.5901     0.0002    -0.5951    -0.5949     0.0002   2.802987   2.803394   0.000409    34.2287    34.2340     7.2937    27.5119    27.5161    34.2285    27.5117    1447.89    1447.90    -0.5950  1028.2582    34.3951 0.0000e+00
       7276 326.467675  -62.20876  -58.29986      0.639    1447.20    156.000    154.444    -0.5923    -0.5916     0.0007    -0.5971    -0.5964     0.0007   2.802960   2.803384   0.000425    34.2300    34.2350     7.2812    27.5130    27.5170    34.2298    27.5128    1447.90    1447.91    -0.5970  1028.2641    34.3964 0.0000e+00
       7320 326.467696  -62.20876  -58.29986      0.556    1447.20    157.000    155.433    -0.5931    -0.5926     0.0005    -0.5979    -0.5975     0.0005   2.802988   2.803406   0.000418    34.2306    34.2357     7.2823    27.5135    27.5176    34.2305    27.5134    1447.91    1447.92    -0.5978  1028.2694    34.3971 0.0000e+00
       7364 326.467717  -62.20876  -58.29986      0.546    1447.20    158.000    156.424    -0.5928    -0.5919     0.0009    -0.5977    -0.5968     0.0009   2.803050   2.803474   0.000423    34.2305    34.2352     7.2716    27.5134    27.5171    34.2304    27.5133    1447.93    1447.94    -0.5976  1028.2741    34.3970 0.0000e+00
       7404 326.467737  -62.20876  -58.29986      0.590    1447.20    159.000    157.413    -0.5936    -0.5930     0.0006    -0.5985    -0.5979     0.0006   2.803051   2.803464   0.000411    34.2308    34.2356     7.2765    27.5137    27.5176    34.2307    27.5136    1447.94    1447.95    -0.5984  1028.2792    34.3973 0.0000e+00
       7443 326.467756  -62.20876  -58.29986      0.614    1447.20    160.000    158.400    -0.5944    -0.5937     0.0007    -0.5993    -0.5986     0.0007   2.803054   2.803474   0.000421    34.2310    34.2359     7.2764    27.5139    27.5178    34.2309    27.5138    1447.95    1447.96    -0.5992  1028.2842    34.3976 0.0000e+00
       7486 326.467776  -62.20876  -58.29986      0.564    1447.20    161.000    159.394    -0.5947    -0.5939     0.0007    -0.5996    -0.5989     0.0007   2.803100   2.803517   0.000418    34.2314    34.2362     7.2722    27.5142    27.5180    34.2313    27.5142    1447.97    1447.98    -0.5995  1028.2893    34.3980 0.0000e+00
       7528 326.467797  -62.20876  -58.29986      0.563    1447.20    162.000    160.382    -0.5947    -0.5941     0.0007    -0.5997    -0.5990     0.0007   2.803149   2.803564   0.000414    34.2314    34.2363     7.2737    27.5142    27.5181    34.2314    27.5142    1447.99    1448.00    -0.5996  1028.2941    34.3981 0.0000e+00
       7566 326.467815  -62.20876  -58.29986      0.629    1447.20    163.000    161.372    -0.5948    -0.5940     0.0008    -0.5998    -0.5990     0.0008   2.803201   2.803626   0.000424    34.2315    34.2363     7.2656    27.5143    27.5181    34.2315    27.5143    1448.00    1448.01    -0.5997  1028.2990    34.3982 0.0000e+00
       7604 326.467833  -62.20876  -58.29986      0.634    1447.20    164.000    162.361    -0.5936    -0.5929     0.0007    -0.5986    -0.5980     0.0007   2.803285   2.803706   0.000422    34.2307    34.2357     7.2765    27.5136    27.5176    34.2307    27.5136    1448.02    1448.03    -0.5985  1028.3031    34.3974 0.0000e+00
       7647 326.467854  -62.20876  -58.29986      0.569    1447.20    165.000    163.351    -0.5941    -0.5932     0.0009    -0.5991    -0.5983     0.0009   2.803316   2.803753   0.000436    34.2311    34.2359     7.2715    27.5139    27.5178    34.2310    27.5139    1448.04    1448.05    -0.5991  1028.3081    34.3977 0.0000e+00
       7688 326.467874  -62.20876  -58.29986      0.570    1447.20    166.000    164.340    -0.5956    -0.5943     0.0013    -0.6007    -0.5994     0.0013   2.803260   2.803721   0.000461    34.2314    34.2362     7.2833    27.5143    27.5181    34.2314    27.5143    1448.05    1448.06    -0.6006  1028.3133    34.3981 0.0000e+00
       7728 326.467893  -62.20876  -58.29986      0.611    1447.20    167.000    165.330    -0.5946    -0.5940     0.0006    -0.5997    -0.5991     0.0006   2.803386   2.803790   0.000406    34.2313    34.2361     7.2688    27.5142    27.5180    34.2313    27.5142    1448.07    1448.08    -0.5996  1028.3180    34.3980 0.0000e+00
       7769 326.467913  -62.20876  -58.29986      0.578    1447.20    168.000    166.320    -0.5948    -0.5943     0.0005    -0.6000    -0.5995     0.0005   2.803424   2.803839   0.000413    34.2315    34.2365     7.2758    27.5143    27.5183    34.2315    27.5143    1448.08    1448.09    -0.5999  1028.3229    34.3982 0.0000e+00
       7811 326.467933  -62.20876  -58.29986      0.574    1447.20    169.000    167.309    -0.5958    -0.5951     0.0007    -0.6010    -0.6003     0.0007   2.803384   2.803806   0.000425    34.2315    34.2364     7.2680    27.5144    27.5183    34.2315    27.5143    1448.10    1448.10    -0.6009  1028.3277    34.3982 0.0000e+00
       7850 326.467952  -62.20876  -58.29986      0.615    1447.35    170.000    168.299    -0.5964    -0.5955     0.0009    -0.6016    -0.6007     0.0009   2.803395   2.803830   0.000432    34.2317    34.2365     7.2752    27.5146    27.5184    34.2317    27.5145    1448.11    1448.12    -0.6015  1028.3326    34.3984 0.0000e+00
       7891 326.467972  -62.20876  -58.29986      0.587    1447.37    171.000    169.287    -0.5962    -0.5954     0.0008    -0.6015    -0.6007     0.0008   2.803456   2.803881   0.000426    34.2317    34.2365     7.2635    27.5146    27.5184    34.2317    27.5145    1448.13    1448.14    -0.6014  1028.3374    34.3984 0.0000e+00
       7933 326.467992  -62.20876  -58.29986      0.570    1447.37    172.000    170.279    -0.5960    -0.5954     0.0006    -0.6013    -0.6007     0.0006   2.803513   2.803937   0.000425    34.2316    34.2366     7.2795    27.5145    27.5185    34.2316    27.5145    1448.14    1448.15    -0.6012  1028.3421    34.3983 0.0000e+00
       7974 326.468012  -62.20876  -58.29986      0.590    1447.37    173.000    171.267    -0.5962    -0.5955     0.0007    -0.6015    -0.6008     0.0007   2.803543   2.803971   0.000428    34.2316    34.2366     7.2671    27.5144    27.5185    34.2316    27.5145    1448.16    1448.17    -0.6014  1028.3469    34.3983 0.0000e+00
       8016 326.468032  -62.20876  -58.29986      0.571    1447.37    174.000    172.258    -0.5963    -0.5955     0.0007    -0.6016    -0.6009     0.0007   2.803591   2.804004   0.000415    34.2316    34.2364     7.2669    27.5145    27.5183    34.2317    27.5145    1448.17    1448.18    -0.6015  1028.3518    34.3984 0.0000e+00
       8054 326.468050  -62.20876  -58.29986      0.614    1447.37    175.000    173.247    -0.5955    -0.5951     0.0005    -0.6010    -0.6005     0.0005   2.803673   2.804083   0.000411    34.2314    34.2364     7.2641    27.5142    27.5183    34.2314    27.5143    1448.19    1448.20    -0.6008  1028.3562    34.3981 0.0000e+00
       8090 326.468068  -62.20876  -58.29986      0.668    1447.37    176.000    174.236    -0.5956    -0.5949     0.0008    -0.6010    -0.6003     0.0008   2.803685   2.804115   0.000430    34.2310    34.2359     7.2633    27.5140    27.5179    34.2310    27.5140    1448.21    1448.22    -0.6009  1028.3607    34.3977 0.0000e+00
       8131 326.468087  -62.20876  -58.29986      0.599    1447.37    177.000    175.226    -0.5961    -0.5954     0.0007    -0.6016    -0.6009     0.0007   2.803708   2.804140   0.000432    34.2312    34.2363     7.2740    27.5142    27.5182    34.2313    27.5142    1448.22    1448.23    -0.6015  1028.3657    34.3980 0.0000e+00
       8175 326.468109  -62.20876  -58.29986      0.540    1447.37    178.000    176.215    -0.5960    -0.5955     0.0005    -0.6016    -0.6010     0.0005   2.803756   2.804167   0.000412    34.2312    34.2362     7.2670    27.5142    27.5182    34.2312    27.5142    1448.24    1448.25    -0.6014  1028.3705    34.3980 0.0000e+00
       8217 326.468129  -62.20876  -58.29986      0.569    1447.37    179.000    177.205    -0.5984    -0.5982     0.0002    -0.6040    -0.6038     0.0002   2.803676   2.804088   0.000409    34.2324    34.2377     7.2709    27.5153    27.5195    34.2322    27.5151    1448.24    1448.25    -0.6038  1028.3762    34.3990 0.0000e+00
       8258 326.468149  -62.20876  -58.29986      0.586    1447.37    180.000    178.195    -0.6041    -0.6033     0.0008    -0.6096    -0.6088     0.0008   2.803445   2.803874   0.000433    34.2352    34.2401     7.2802    27.5177    27.5217    34.2349    27.5175    1448.24    1448.25    -0.6095  1028.3834    34.4017 0.0000e+00
       8297 326.468168  -62.20876  -58.29986      0.608    1447.37    181.000    179.184    -0.6070    -0.6062     0.0009    -0.6126    -0.6118     0.0009   2.803343   2.803778   0.000435    34.2366    34.2415     7.2628    27.5190    27.5229    34.2362    27.5187    1448.24    1448.25    -0.6125  1028.3894    34.4030 0.0000e+00
       8336 326.468186  -62.20876  -58.29986      0.620    1447.37    182.000    180.173    -0.6087    -0.6081     0.0005    -0.6143    -0.6137     0.0005   2.803319   2.803740   0.000421    34.2374    34.2425     7.2490    27.5197    27.5238    34.2371    27.5195    1448.25    1448.26    -0.6142  1028.3949    34.4039 0.0000e+00
       8377 326.468206  -62.20876  -58.29986      0.586    1447.37    183.000    181.163    -0.6084    -0.6077     0.0007    -0.6141    -0.6133     0.0007   2.803376   2.803801   0.000426    34.2372    34.2421     7.2377    27.5196    27.5235    34.2370    27.5194    1448.27    1448.28    -0.6139  1028.3996    34.4038 0.0000e+00
       8420 326.468227  -62.20876  -58.29986      0.567    1447.37    184.000    182.153    -0.6103    -0.6094     0.0008    -0.6159    -0.6151     0.0008   2.803325   2.803757   0.000432    34.2381    34.2430     7.2325    27.5204    27.5243    34.2378    27.5201    1448.28    1448.29    -0.6158  1028.4052    34.4047 0.0000e+00
       8462 326.468247  -62.20876  -58.29986      0.569    1447.37    185.000    183.142    -0.6134    -0.6127     0.0006    -0.6191    -0.6184     0.0006   2.803260   2.803679   0.000418    34.2401    34.2451     7.2345    27.5221    27.5261    34.2398    27.5219    1448.28    1448.29    -0.6190  1028.4117    34.4067 0.0000e+00
       8506 326.468268  -62.20876  -58.29986      0.540    1447.37    186.000    184.132    -0.6159    -0.6150     0.0008    -0.6216    -0.6208     0.0008   2.803223   2.803653   0.000431    34.2418    34.2467     7.2289    27.5236    27.5275    34.2415    27.5234    1448.29    1448.30    -0.6215  1028.4179    34.4084 0.0000e+00
       8546 326.468287  -62.20876  -58.29986      0.594    1447.37    187.000    185.121    -0.6193    -0.6185     0.0008    -0.6250    -0.6242     0.0008   2.803192   2.803630   0.000437    34.2447    34.2497     7.2135    27.5261    27.5301    34.2443    27.5258    1448.30    1448.31    -0.6249  1028.4252    34.4112 0.0000e+00
       8584 326.468306  -62.20876  -58.29986      0.634    1447.37    188.000    186.110    -0.6219    -0.6213     0.0006    -0.6277    -0.6271     0.0006   2.803182   2.803601   0.000421    34.2469    34.2519     7.2027    27.5280    27.5320    34.2466    27.5277    1448.30    1448.31    -0.6276  1028.4319    34.4135 0.0000e+00
       8625 326.468326  -62.20876  -58.29986      0.591    1447.37    189.000    187.100    -0.6217    -0.6211     0.0007    -0.6276    -0.6269     0.0007   2.803229   2.803655   0.000427    34.2466    34.2516     7.1939    27.5278    27.5318    34.2464    27.5276    1448.32    1448.33    -0.6274  1028.4365    34.4133 0.0000e+00
       8670 326.468348  -62.20876  -58.29986      0.527    1447.37    190.000    188.090    -0.6231    -0.6231 -4.972e-07    -0.6289    -0.6290 -5.027e-07   2.803233   2.803644   0.000411    34.2477    34.2532     7.1778    27.5287    27.5331    34.2474    27.5284    1448.33    1448.34    -0.6288  1028.4421    34.4142 0.0000e+00
       8714 326.468369  -62.20876  -58.29987      0.542    1447.37    191.000    189.079    -0.6253    -0.6247     0.0006    -0.6312    -0.6306     0.0006   2.803233   2.803654   0.000421    34.2495    34.2544     7.1770    27.5302    27.5342    34.2493    27.5300    1448.34    1448.35    -0.6310  1028.4485    34.4162 0.0000e+00
       8754 326.468388  -62.20876  -58.29988      0.608    1447.37    192.000    190.069    -0.6254    -0.6248     0.0005    -0.6313    -0.6307     0.0005   2.803285   2.803705   0.000421    34.2496    34.2547     7.1720    27.5303    27.5344    34.2494    27.5302    1448.35    1448.36    -0.6312  1028.4534    34.4163 0.0000e+00
       8793 326.468407  -62.20876  -58.29987      0.609    1447.37    193.000    191.057    -0.6257    -0.6250     0.0008    -0.6317    -0.6309     0.0008   2.803333   2.803757   0.000423    34.2500    34.2548     7.1699    27.5307    27.5345    34.2499    27.5306    1448.37    1448.38    -0.6315  1028.4586    34.4168 0.0000e+00
       8838 326.468428  -62.20876  -58.29986      0.540    1447.37    194.000    192.048    -0.6259    -0.6254     0.0005    -0.6319    -0.6314     0.0005   2.803425   2.803843   0.000419    34.2508    34.2559     7.1617    27.5313    27.5355    34.2507    27.5312    1448.39    1448.40    -0.6317  1028.4640    34.4176 0.0000e+00
       8886 326.468451  -62.20876  -58.29987      0.497    1447.37    195.000    193.037    -0.6258    -0.6252     0.0006    -0.6318    -0.6312     0.0006   2.803496   2.803922   0.000424    34.2510    34.2560     7.1535    27.5315    27.5355    34.2509    27.5314    1448.40    1448.41    -0.6317  1028.4690    34.4178 0.0000e+00
