Pos-Processados/process_op38/Processamento_split/down/doperantar38_019.cnv
* Sea-Bird SBE 9 Data File:
* FileName = D:\OPERANTAR_XXXVIII\DADOS\OP38_019.hdr
* Software Version Seasave V 7.18c
* Temperature SN = 4808
* Conductivity SN = 3380
* Number of Bytes Per Scan = 34
* Number of Voltage Words = 3
* Number of Scans Averaged by the Deck Unit = 1
* NMEA Latitude = 62 12.52 S
* NMEA Longitude = 058 17.99 W
* NMEA UTC (Time) = Nov 22 2019 11:08:24
** H41
** NAVIO POLAR ALMIRANTE MAXIMIANO
** CRUZEIRO:
** OPERANTAR XXXVIII
** ESTAÇÃO: OP38_019
** LAT 62 12,51'S
** LONG 058 18,00'W
** 09P73767-1155_A
** PROFUNDIDADE: 271
** DATA/HORA: 221109Z/NOV/2019
** OPERADOR: SO-HN CHAVES
# nquan = 30
# nvalues = 241                         
# units = specified
# name 0 = scan: Scan Count
# name 1 = timeJ: Julian Days
# name 2 = latitude: Latitude [deg]
# name 3 = longitude: Longitude [deg]
# name 4 = dz/dtM: Descent Rate [m/s]
# name 5 = avgsvCM: Average Sound Velocity [Chen-Millero, m/s]
# name 6 = prDM: Pressure, Digiquartz [db]
# name 7 = depSM: Depth [salt water, m]
# name 8 = t090C: Temperature [ITS-90, deg C]
# name 9 = t190C: Temperature, 2 [ITS-90, deg C]
# name 10 = T2-T190C: Temperature Difference, 2 - 1 [ITS-90, deg C]
# name 11 = potemp090C: Potential Temperature [ITS-90, deg C]
# name 12 = potemp190C: Potential Temperature, 2 [ITS-90, deg C]
# name 13 = potemp90Cdiff: Potential Temperature, Diff, 2 - 1 [ITS-90, deg C]
# name 14 = c0S/m: Conductivity [S/m]
# name 15 = c1S/m: Conductivity, 2 [S/m]
# name 16 = C2-C1S/m: Conductivity Difference, 2 - 1 [S/m]
# name 17 = sal00: Salinity, Practical [PSU]
# name 18 = sal11: Salinity, Practical, 2 [PSU]
# name 19 = sbeox0ML/L: Oxygen, SBE 43 [ml/l]
# name 20 = sigma-é00: Density [sigma-theta, kg/m^3]
# name 21 = sigma-é11: Density, 2 [sigma-theta, kg/m^3]
# name 22 = sal00: Salinity, Practical [PSU]
# name 23 = sigma-é00: Density [sigma-theta, kg/m^3]
# name 24 = svCM: Sound Velocity [Chen-Millero, m/s]
# name 25 = svCM1: Sound Velocity, 2 [Chen-Millero, m/s]
# name 26 = gsw_ptA0: potential temperature [ITS-90, deg C]
# name 27 = gsw_densityA0: density, TEOS-10 [density, kg/m^3]
# name 28 = gsw_saA0: Absolute Salinity [g/kg]
# name 29 = flag:
# span 0 =       1186,      12163       
# span 1 = 326.464738, 326.470032       
# span 2 =  -62.20878,  -62.20874       
# span 3 =  -58.29995,  -58.29984       
# span 4 =      0.032,      0.772       
# span 5 =       0.00,    1448.22       
# span 6 =      3.000,    243.000       
# span 7 =      2.972,    240.524       
# span 8 =    -0.6387,    -0.2425       
# span 9 =    -0.6382,    -0.2426       
# span 10 =    -0.0046,     0.0045      
# span 11 =    -0.6453,    -0.2426      
# span 12 =    -0.6448,    -0.2428      
# span 13 =    -0.0046,     0.0045      
# span 14 =   2.802913,   2.818564      
# span 15 =   2.803358,   2.818897      
# span 16 =   0.000057,   0.000696      
# span 17 =    34.1384,    34.2982      
# span 18 =    34.1431,    34.3034      
# span 19 =     6.9417,     7.6859      
# span 20 =    27.4228,    27.5701      
# span 21 =    27.4266,    27.5743      
# span 22 =    34.1380,    34.2982      
# span 23 =    27.4227,    27.5701      
# span 24 =    1446.82,    1449.21      
# span 25 =    1446.83,    1449.22      
# span 26 =    -0.6451,    -0.2426      
# span 27 =  1027.4415,  1028.7362      
# span 28 =    34.3027,    34.4655      
# span 29 = 0.0000e+00, 0.0000e+00      
# interval = decibars: 1                
# start_time = Nov 22 2019 11:08:24 [NMEA time, header]
# bad_flag = -9.990e-29
*END*
       1186 326.464738  -62.20874  -58.29988      0.149       0.00      3.000      2.972    -0.2442    -0.2437     0.0005    -0.2443    -0.2438     0.0005   2.818354   2.818757   0.000404    34.1384    34.1432     7.6857    27.4228    27.4266    34.1382    27.4227    1446.91    1446.92    -0.2443  1027.4415    34.3030 0.0000e+00
       1278 326.464783  -62.20874  -58.29987      0.310       0.00      4.000      3.963    -0.2425    -0.2426    -0.0002    -0.2426    -0.2428    -0.0002   2.818564   2.818897   0.000328    34.1386    34.1432     7.6728    27.4229    27.4266    34.1385    27.4228    1446.93    1446.94    -0.2426  1027.4463    34.3032 0.0000e+00
       1357 326.464820  -62.20874  -58.29986      0.297       0.00      5.000      4.951    -0.2489    -0.2488     0.0002    -0.2491    -0.2489     0.0002   2.818076   2.818475   0.000398    34.1388    34.1440     7.6818    27.4234    27.4275    34.1386    27.4232    1446.92    1446.93    -0.2491  1027.4514    34.3031 0.0000e+00
       1430 326.464856  -62.20874 -9.990e-29      0.352       0.00      6.000      5.940    -0.2516    -0.2498     0.0018    -0.2518    -0.2500     0.0018   2.817935   2.818410   0.000475    34.1392    34.1436     7.6791    27.4238    27.4273    34.1391    27.4237    1446.92    1446.94    -0.2518  1027.4562    34.3031 0.0000e+00
       1498 326.464889  -62.20874  -58.29986      0.342       0.00      7.000      6.934    -0.2553    -0.2566    -0.0013    -0.2556    -0.2568    -0.0013   2.817652   2.817924   0.000282    34.1394    34.1446     7.6738    27.4241    27.4284    34.1389    27.4237    1446.92    1446.92    -0.2555  1027.4616    34.3035 0.0000e+00
       1559 326.464918  -62.20874  -58.29986      0.415       0.00      8.000      7.923    -0.2594    -0.2592     0.0002    -0.2596    -0.2595     0.0002   2.817475   2.817841   0.000364    34.1403    34.1450     7.6746    27.4251    27.4288    34.1405    27.4252    1446.92    1446.93    -0.2596  1027.4679    34.3052 0.0000e+00
       1609 326.464942  -62.20874  -58.29986      0.472 2.2810e-23      9.000      8.913    -0.2477    -0.2478    -0.0001    -0.2480    -0.2481    -0.0001   2.818385   2.818697   0.000318    34.1388    34.1431     7.6836    27.4233    27.4268    34.1389    27.4234    1446.99    1446.99    -0.2480  1027.4709    34.3037 0.0000e+00
       1663 326.464968  -62.20874  -58.29986      0.448       0.10     10.000      9.904    -0.2626    -0.2672    -0.0046    -0.2629    -0.2675    -0.0046   2.817109   2.817164   0.000057    34.1398    34.1457     7.6849    27.4249    27.4298    34.1380    27.4233    1446.94    1446.92    -0.2629  1027.4756    34.3027 0.0000e+00
       1710 326.464991  -62.20874  -58.29986      0.508       0.00     11.000     10.894    -0.2922    -0.2919     0.0003    -0.2926    -0.2923     0.0003   2.815039   2.815432   0.000382    34.1443    34.1491     7.6859    27.4299    27.4337    34.1429    27.4288    1446.82    1446.83    -0.2925  1027.4858    34.3077 0.0000e+00
       1762 326.465016  -62.20874  -58.29986      0.454 3.3191e-13     12.000     11.884    -0.2948    -0.2940     0.0008    -0.2952    -0.2944     0.0008   2.814913   2.815331   0.000410    34.1446    34.1492     7.6743    27.4302    27.4339    34.1436    27.4294    1446.83    1446.84    -0.2952  1027.4912    34.3083 0.0000e+00
       1806 326.465037  -62.20874  -58.29986      0.545       0.06     13.000     12.875    -0.2961    -0.2955     0.0006    -0.2965    -0.2959     0.0006   2.814879   2.815279   0.000403    34.1447    34.1494     7.6751    27.4304    27.4341    34.1439    27.4298    1446.84    1446.85    -0.2965  1027.4963    34.3087 0.0000e+00
       1846 326.465056  -62.20874  -58.29986      0.599       0.00     14.000     13.865    -0.2958    -0.2954     0.0004    -0.2962    -0.2958     0.0004   2.814952   2.815329   0.000378    34.1445    34.1491     7.6757    27.4302    27.4339    34.1439    27.4297    1446.85    1446.86    -0.2962  1027.5010    34.3086 0.0000e+00
       1885 326.465075  -62.20874  -58.29986      0.617 1.3855e-24     15.000     14.855    -0.2958    -0.2951     0.0007    -0.2963    -0.2956     0.0007   2.814991   2.815394   0.000400    34.1444    34.1490     7.6845    27.4301    27.4338    34.1439    27.4297    1446.87    1446.88    -0.2963  1027.5058    34.3085 0.0000e+00
       1923 326.465094  -62.20875  -58.29986      0.622       0.16     16.000     15.846    -0.3029    -0.3021     0.0008    -0.3034    -0.3026     0.0008   2.814560   2.814970   0.000410    34.1463    34.1509     7.6833    27.4320    27.4356    34.1455    27.4313    1446.86    1446.87    -0.3034  1027.5122    34.3102 0.0000e+00
       1962 326.465112  -62.20876  -58.29986      0.619      -0.00     17.000     16.836    -0.3062    -0.3055     0.0007    -0.3067    -0.3061     0.0007   2.814406   2.814803   0.000397    34.1470    34.1516     7.6735    27.4327    27.4364    34.1465    27.4323    1446.86    1446.87    -0.3067  1027.5179    34.3111 0.0000e+00
       1999 326.465130  -62.20876  -58.29986      0.641 1.7387e-40     18.000     17.827    -0.3061    -0.3054     0.0007    -0.3067    -0.3060     0.0007   2.814469   2.814874   0.000408    34.1470    34.1517     7.6727    27.4327    27.4365    34.1466    27.4324    1446.88    1446.89    -0.3067  1027.5228    34.3112 0.0000e+00
       2035 326.465147  -62.20876  -58.29986      0.674 1.0410e-13     19.000     18.817    -0.3054    -0.3064    -0.0010    -0.3060    -0.3070    -0.0010   2.814654   2.814897   0.000248    34.1478    34.1522     7.6764    27.4333    27.4369    34.1477    27.4333    1446.90    1446.90    -0.3060  1027.5284    34.3123 0.0000e+00
       2074 326.465166  -62.20876  -58.29986      0.628     733.49     20.000     19.807    -0.3036    -0.3030     0.0005    -0.3042    -0.3037     0.0005   2.814872   2.815253   0.000379    34.1481    34.1526     7.6797    27.4335    27.4371    34.1479    27.4333    1446.92    1446.93    -0.3042  1027.5333    34.3125 0.0000e+00
       2114 326.465186  -62.20876  -58.29986      0.589    1448.22     21.000     20.797    -0.3048    -0.3043     0.0005    -0.3054    -0.3050     0.0005   2.814872   2.815262   0.000387    34.1488    34.1535     7.6763    27.4341    27.4379    34.1487    27.4340    1446.93    1446.94    -0.3054  1027.5387    34.3133 0.0000e+00
       2151 326.465204  -62.20876  -58.29986      0.641    1446.92     22.000     21.788    -0.3057    -0.3046     0.0011    -0.3064    -0.3053     0.0011   2.814852   2.815303   0.000445    34.1491    34.1538     7.6800    27.4343    27.4381    34.1488    27.4341    1446.94    1446.96    -0.3064  1027.5436    34.3134 0.0000e+00
       2187 326.465221  -62.20876  -58.29986      0.676    1446.92     23.000     22.778    -0.3055    -0.3043     0.0012    -0.3062    -0.3051     0.0012   2.814919   2.815365   0.000440    34.1491    34.1537     7.6760    27.4344    27.4380    34.1489    27.4342    1446.96    1446.97    -0.3062  1027.5485    34.3135 0.0000e+00
       2224 326.465239  -62.20876  -58.29986      0.646    1446.92     24.000     23.768    -0.3057    -0.3045     0.0012    -0.3065    -0.3053     0.0012   2.814998   2.815413   0.000427    34.1495    34.1539     7.6752    27.4347    27.4382    34.1496    27.4348    1446.98    1446.99    -0.3065  1027.5538    34.3142 0.0000e+00
       2263 326.465257  -62.20876  -58.29986      0.622    1446.92     25.000     24.758    -0.3069    -0.3055     0.0013    -0.3077    -0.3064     0.0013   2.814881   2.815391   0.000464    34.1494    34.1542     7.6693    27.4347    27.4385    34.1487    27.4341    1446.99    1447.00    -0.3077  1027.5580    34.3134 0.0000e+00
       2302 326.465276  -62.20876  -58.29986      0.608    1446.92     26.000     25.749    -0.3198    -0.3161     0.0037    -0.3206    -0.3169     0.0036   2.814037   2.814614   0.000609    34.1517    34.1558     7.6670    27.4372    27.4403    34.1512    27.4368    1446.95    1446.97    -0.3206  1027.5654    34.3159 0.0000e+00
       2339 326.465294  -62.20876  -58.29984      0.642    1446.92     27.000     26.739    -0.3209    -0.3199     0.0011    -0.3218    -0.3207     0.0011   2.813990   2.814411   0.000422    34.1518    34.1562     7.6712    27.4373    27.4408    34.1513    27.4369    1446.96    1446.97    -0.3217  1027.5704    34.3160 0.0000e+00
       2374 326.465311  -62.20876  -58.29984      0.691    1446.92     28.000     27.729    -0.3198    -0.3189     0.0009    -0.3207    -0.3198     0.0009   2.814133   2.814548   0.000416    34.1516    34.1562     7.6688    27.4371    27.4407    34.1514    27.4369    1446.98    1446.99    -0.3207  1027.5751    34.3161 0.0000e+00
       2412 326.465330  -62.20876  -58.29984      0.635    1446.92     29.000     28.720    -0.3203    -0.3190     0.0013    -0.3212    -0.3199     0.0013   2.814144   2.814589   0.000449    34.1517    34.1562     7.6657    27.4372    27.4408    34.1515    27.4370    1446.99    1447.01    -0.3212  1027.5800    34.3162 0.0000e+00
       2456 326.465351  -62.20876  -58.29984      0.542    1446.92     30.000     29.710    -0.3181    -0.3187    -0.0006    -0.3191    -0.3196    -0.0006   2.814360   2.814668   0.000309    34.1514    34.1562     7.6697    27.4369    27.4407    34.1513    27.4368    1447.02    1447.02    -0.3190  1027.5845    34.3160 0.0000e+00
       2495 326.465369  -62.20876  -58.29984      0.610    1446.92     31.000     30.700    -0.3185    -0.3181     0.0004    -0.3195    -0.3191     0.0004   2.814376   2.814759   0.000382    34.1514    34.1561     7.6640    27.4369    27.4407    34.1513    27.4368    1447.03    1447.04    -0.3195  1027.5894    34.3161 0.0000e+00
       2527 326.465385  -62.20876  -58.29984      0.718    1446.92     32.000     31.687    -0.3191    -0.3181     0.0011    -0.3201    -0.3191     0.0011   2.814376   2.814798   0.000419    34.1515    34.1559     7.6719    27.4370    27.4405    34.1514    27.4369    1447.05    1447.06    -0.3201  1027.5942    34.3162 0.0000e+00
       2562 326.465402  -62.20876  -58.29984      0.708    1446.92     33.000     32.683    -0.3209    -0.3193     0.0016    -0.3219    -0.3204     0.0016   2.814257   2.814723   0.000460    34.1516    34.1560     7.6733    27.4371    27.4406    34.1512    27.4368    1447.06    1447.07    -0.3219  1027.5990    34.3160 0.0000e+00
       2603 326.465421  -62.20876  -58.29984      0.593    1446.92     34.000     33.671    -0.3238    -0.3231     0.0006    -0.3248    -0.3242     0.0006   2.814112   2.814501   0.000394    34.1519    34.1565     7.6603    27.4375    27.4412    34.1518    27.4375    1447.06    1447.07    -0.3248  1027.6044    34.3167 0.0000e+00
       2646 326.465442  -62.20876  -58.29984      0.555    1446.92     35.000     34.661    -0.3222    -0.3212     0.0011    -0.3234    -0.3223     0.0011   2.814281   2.814712   0.000434    34.1518    34.1564     7.6554    27.4374    27.4411    34.1518    27.4373    1447.08    1447.10    -0.3233  1027.6091    34.3166 0.0000e+00
       2684 326.465461  -62.20876  -58.29984      0.617    1446.92     36.000     35.651    -0.3289    -0.3245     0.0045    -0.3301    -0.3256     0.0045   2.813727   2.814431   0.000696    34.1521    34.1564     7.6608    27.4379    27.4412    34.1512    27.4372    1447.07    1447.09    -0.3300  1027.6138    34.3161 0.0000e+00
       2720 326.465478  -62.20876  -58.29984      0.664    1446.92     37.000     36.642    -0.3363    -0.3356     0.0007    -0.3374    -0.3368     0.0007   2.813213   2.813621   0.000408    34.1528    34.1576     7.6581    27.4389    27.4427    34.1520    27.4382    1447.05    1447.06    -0.3374  1027.6196    34.3169 0.0000e+00
       2756 326.465495  -62.20876  -58.29984      0.678    1446.92     38.000     37.632    -0.3402    -0.3397     0.0006    -0.3415    -0.3409     0.0006   2.812963   2.813353   0.000394    34.1531    34.1578     7.6642    27.4393    27.4430    34.1525    27.4388    1447.05    1447.06    -0.3414  1027.6249    34.3174 0.0000e+00
       2793 326.465513  -62.20876  -58.29984      0.647    1446.92     39.000     38.622    -0.3419    -0.3410     0.0009    -0.3431    -0.3422     0.0009   2.812876   2.813312   0.000433    34.1531    34.1579     7.6518    27.4393    27.4432    34.1526    27.4390    1447.06    1447.07    -0.3431  1027.6299    34.3175 0.0000e+00
       2834 326.465533  -62.20876  -58.29984      0.586    1446.92     40.000     39.611    -0.3445    -0.3443     0.0003    -0.3458    -0.3455     0.0003   2.812691   2.813057   0.000375    34.1531    34.1578     7.6515    27.4395    27.4433    34.1525    27.4390    1447.06    1447.07    -0.3458  1027.6347    34.3174 0.0000e+00
       2874 326.465552  -62.20878  -58.29984      0.598    1446.92     41.000     40.604    -0.3486    -0.3477     0.0009    -0.3499    -0.3489     0.0009   2.812435   2.812868   0.000429    34.1536    34.1583     7.6463    27.4400    27.4438    34.1530    27.4396    1447.06    1447.07    -0.3499  1027.6401    34.3179 0.0000e+00
       2909 326.465569  -62.20878  -58.29984      0.673    1446.92     42.000     41.593    -0.3504    -0.3496     0.0008    -0.3517    -0.3509     0.0008   2.812349   2.812756   0.000408    34.1537    34.1582     7.6508    27.4403    27.4439    34.1533    27.4399    1447.07    1447.08    -0.3517  1027.6452    34.3182 0.0000e+00
       2946 326.465587  -62.20878  -58.29984      0.662    1446.92     43.000     42.582    -0.3515    -0.3511     0.0004    -0.3528    -0.3524     0.0004   2.812287   2.812668   0.000379    34.1537    34.1583     7.6537    27.4403    27.4440    34.1531    27.4398    1447.08    1447.09    -0.3528  1027.6498    34.3180 0.0000e+00
       2986 326.465606  -62.20878  -58.29984      0.600    1446.92     44.000     43.574    -0.3575    -0.3568     0.0007    -0.3589    -0.3582     0.0007   2.811858   2.812268   0.000407    34.1541    34.1587     7.6452    27.4409    27.4446    34.1534    27.4404    1447.07    1447.08    -0.3589  1027.6552    34.3184 0.0000e+00
       3027 326.465626  -62.20877  -58.29984      0.588    1446.92     45.000     44.563    -0.3678    -0.3668     0.0010    -0.3692    -0.3682     0.0010   2.810973   2.811410   0.000441    34.1544    34.1591     7.6520    27.4416    27.4454    34.1526    27.4401    1447.03    1447.05    -0.3692  1027.6598    34.3175 0.0000e+00
       3064 326.465644  -62.20876  -58.29984      0.632    1446.92     46.000     45.553    -0.3986    -0.3992    -0.0006    -0.4001    -0.4007    -0.0006   2.808600   2.808930   0.000335    34.1578    34.1630     7.6499    27.4458    27.4500    34.1548    27.4434    1446.91    1446.92    -0.4000  1027.6679    34.3198 0.0000e+00
       3099 326.465661  -62.20876  -58.29984      0.683    1446.92     47.000     46.543    -0.4149    -0.4142     0.0007    -0.4163    -0.4157     0.0007   2.807603   2.808017   0.000410    34.1610    34.1658     7.6264    27.4491    27.4530    34.1591    27.4476    1446.86    1446.87    -0.4163  1027.6769    34.3241 0.0000e+00
       3138 326.465679  -62.20876  -58.29984      0.635    1446.92     48.000     47.534    -0.4151    -0.4144     0.0008    -0.4166    -0.4159     0.0008   2.807651   2.808060   0.000412    34.1607    34.1654     7.6026    27.4489    27.4526    34.1594    27.4478    1446.87    1446.88    -0.4166  1027.6820    34.3244 0.0000e+00
       3180 326.465700  -62.20876  -58.29984      0.567    1446.92     49.000     48.524    -0.4154    -0.4145     0.0009    -0.4169    -0.4160     0.0009   2.807677   2.808105   0.000426    34.1606    34.1653     7.5903    27.4488    27.4526    34.1595    27.4479    1446.89    1446.90    -0.4169  1027.6868    34.3245 0.0000e+00
       3217 326.465717  -62.20876  -58.29984      0.638    1446.92     50.000     49.514    -0.4157    -0.4155     0.0002    -0.4173    -0.4171     0.0002   2.807706   2.808076   0.000370    34.1606    34.1653     7.5891    27.4488    27.4527    34.1596    27.4480    1446.90    1446.91    -0.4172  1027.6917    34.3246 0.0000e+00
