Pos-Processados/process_op38/Processamento_split/down/doperantar38_024.cnv
* Sea-Bird SBE 9 Data File:
* FileName = D:\OPERANTAR_XXXVIII\DADOS\OP38_024.hdr
* Software Version Seasave V 7.18c
* Temperature SN = 4808
* Conductivity SN = 3380
* Number of Bytes Per Scan = 34
* Number of Voltage Words = 3
* Number of Scans Averaged by the Deck Unit = 1
* NMEA Latitude = 62 13.17 S
* NMEA Longitude = 058 22.76 W
* NMEA UTC (Time) = Nov 22 2019 19:55:17
** H41
** NAVIO POLAR ALMIRANTE MAXIMIANO
** CRUZEIRO:
** OPERANTAR XXXVIII
** ESTAÇÃO: OP38_024
** LAT 62 13,16'S
** LONG 058 22,74'W
** 09P73767-1155_A
** PROFUNDIDADE: 292
** DATA/HORA: 221955Z/NOV/2019
** OPERADOR: SO-HN CHAVES
# nquan = 30
# nvalues = 278                         
# units = specified
# name 0 = scan: Scan Count
# name 1 = timeJ: Julian Days
# name 2 = latitude: Latitude [deg]
# name 3 = longitude: Longitude [deg]
# name 4 = dz/dtM: Descent Rate [m/s]
# name 5 = avgsvCM: Average Sound Velocity [Chen-Millero, m/s]
# name 6 = prDM: Pressure, Digiquartz [db]
# name 7 = depSM: Depth [salt water, m]
# name 8 = t090C: Temperature [ITS-90, deg C]
# name 9 = t190C: Temperature, 2 [ITS-90, deg C]
# name 10 = T2-T190C: Temperature Difference, 2 - 1 [ITS-90, deg C]
# name 11 = potemp090C: Potential Temperature [ITS-90, deg C]
# name 12 = potemp190C: Potential Temperature, 2 [ITS-90, deg C]
# name 13 = potemp90Cdiff: Potential Temperature, Diff, 2 - 1 [ITS-90, deg C]
# name 14 = c0S/m: Conductivity [S/m]
# name 15 = c1S/m: Conductivity, 2 [S/m]
# name 16 = C2-C1S/m: Conductivity Difference, 2 - 1 [S/m]
# name 17 = sal00: Salinity, Practical [PSU]
# name 18 = sal11: Salinity, Practical, 2 [PSU]
# name 19 = sbeox0ML/L: Oxygen, SBE 43 [ml/l]
# name 20 = sigma-é00: Density [sigma-theta, kg/m^3]
# name 21 = sigma-é11: Density, 2 [sigma-theta, kg/m^3]
# name 22 = sal00: Salinity, Practical [PSU]
# name 23 = sigma-é00: Density [sigma-theta, kg/m^3]
# name 24 = svCM: Sound Velocity [Chen-Millero, m/s]
# name 25 = svCM1: Sound Velocity, 2 [Chen-Millero, m/s]
# name 26 = gsw_ptA0: potential temperature [ITS-90, deg C]
# name 27 = gsw_densityA0: density, TEOS-10 [density, kg/m^3]
# name 28 = gsw_saA0: Absolute Salinity [g/kg]
# name 29 = flag:
# span 0 =        317,       8673       
# span 1 = 326.830210, 326.834240       
# span 2 =  -62.21964,  -62.21962       
# span 3 =  -58.37934,  -58.37926       
# span 4 =      0.048,      1.182       
# span 5 =       0.00,    1448.21       
# span 6 =      2.000,    279.000       
# span 7 =      1.986,    276.129       
# span 8 =    -0.5351,    -0.2886       
# span 9 =    -0.5349,    -0.2795       
# span 10 =    -0.0094,     0.0178      
# span 11 =    -0.5412,    -0.2889      
# span 12 =    -0.5411,    -0.2797      
# span 13 =    -0.0094,     0.0178      
# span 14 =   2.805642,   2.818352      
# span 15 =   2.806082,   2.818772      
# span 16 =  -0.000229,   0.001748      
# span 17 =    34.1706,    34.2931      
# span 18 =    34.1743,    34.2985      
# span 19 =     7.0023,     7.6405      
# span 20 =    27.4511,    27.5616      
# span 21 =    27.4535,    27.5659      
# span 22 =    34.1688,    34.2931      
# span 23 =    27.4515,    27.5616      
# span 24 =    1446.38,    1450.27      
# span 25 =    1446.40,    1450.28      
# span 26 =    -0.5411,    -0.2889      
# span 27 =  1027.4657,  1028.8984      
# span 28 =    34.3337,    34.4606      
# span 29 = 0.0000e+00, 0.0000e+00      
# interval = decibars: 1                
# start_time = Nov 22 2019 19:55:17 [NMEA time, header]
# bad_flag = -9.990e-29
*END*
[from data line 146]
       4262 326.832113  -62.21962  -58.37934      0.995    1447.15    148.000    146.527    -0.5341    -0.5339     0.0001    -0.5387    -0.5385     0.0001   2.809484   2.809886   0.000404    34.2566    34.2619     7.2366    27.5319    27.5362    34.2567    27.5320    1448.07    1448.08    -0.5386  1028.2447    34.4234 0.0000e+00
       4286 326.832124  -62.21962  -58.37934      1.012    1447.15    149.000    147.516    -0.5338    -0.5337     0.0002    -0.5385    -0.5383     0.0002   2.809568   2.809954   0.000388    34.2569    34.2619     7.2266    27.5322    27.5362    34.2570    27.5322    1448.09    1448.10    -0.5384  1028.2497    34.4237 0.0000e+00
       4310 326.832136  -62.21962  -58.37933      1.010    1447.15    150.000    148.506    -0.5338    -0.5337     0.0002    -0.5385    -0.5384     0.0002   2.809625   2.810038   0.000409    34.2571    34.2624     7.2131    27.5323    27.5366    34.2571    27.5323    1448.11    1448.12    -0.5384  1028.2546    34.4238 0.0000e+00
       4336 326.832148  -62.21962  -58.37932      0.966    1447.15    151.000    149.496    -0.5336    -0.5333     0.0004    -0.5384    -0.5380     0.0004   2.809723   2.810127   0.000404    34.2575    34.2625     7.2055    27.5326    27.5367    34.2576    27.5327    1448.13    1448.13    -0.5382  1028.2597    34.4243 0.0000e+00
       4362 326.832161  -62.21962  -58.37932      0.916    1447.15    152.000    150.486    -0.5334    -0.5332     0.0002    -0.5381    -0.5379     0.0002   2.809780   2.810184   0.000414    34.2574    34.2628     7.2084    27.5326    27.5369    34.2575    27.5326    1448.14    1448.15    -0.5380  1028.2644    34.4242 0.0000e+00
       4388 326.832174  -62.21962  -58.37933      0.912    1447.15    153.000    151.475    -0.5341    -0.5342    -0.0000    -0.5389    -0.5389    -0.0000   2.809786   2.810167   0.000372    34.2578    34.2628     7.2043    27.5329    27.5370    34.2577    27.5329    1448.16    1448.16    -0.5388  1028.2694    34.4245 0.0000e+00
       4412 326.832185  -62.21962  -58.37934      0.959    1447.15    154.000    152.465    -0.5343    -0.5340     0.0003    -0.5391    -0.5388     0.0003   2.809892   2.810304   0.000408    34.2587    34.2638     7.2009    27.5336    27.5378    34.2588    27.5338    1448.17    1448.18    -0.5390  1028.2751    34.4256 0.0000e+00
       4435 326.832196  -62.21962  -58.37933      1.027    1447.15    155.000    153.454    -0.5344    -0.5341     0.0003    -0.5393    -0.5390     0.0003   2.810036   2.810439   0.000415    34.2601    34.2653     7.2075    27.5348    27.5390    34.2603    27.5349    1448.19    1448.20    -0.5392  1028.2810    34.4270 0.0000e+00
       4459 326.832208  -62.21962  -58.37932      1.035    1447.15    156.000    154.444    -0.5341    -0.5338     0.0002    -0.5390    -0.5387     0.0002   2.810285   2.810694   0.000403    34.2624    34.2676     7.2005    27.5367    27.5408    34.2626    27.5368    1448.21    1448.22    -0.5389  1028.2877    34.4294 0.0000e+00
       4484 326.832220  -62.21962  -58.37932      0.963    1447.15    157.000    155.434    -0.5339    -0.5337     0.0002    -0.5388    -0.5386     0.0002   2.810354   2.810733   0.000379    34.2626    34.2675     7.1952    27.5368    27.5408    34.2627    27.5369    1448.23    1448.24    -0.5387  1028.2925    34.4295 0.0000e+00
       4510 326.832232  -62.21962  -58.37932      0.943    1447.15    158.000    156.423    -0.5338    -0.5337     0.0001    -0.5387    -0.5386     0.0001   2.810373   2.810759   0.000391    34.2622    34.2674     7.1898    27.5365    27.5407    34.2622    27.5365    1448.25    1448.25    -0.5386  1028.2969    34.4290 0.0000e+00
       4535 326.832244  -62.21962  -58.37932      0.941    1447.15    159.000    157.413    -0.5339    -0.5337     0.0002    -0.5389    -0.5387     0.0002   2.810305   2.810733   0.000426    34.2608    34.2664     7.1815    27.5354    27.5398    34.2609    27.5354    1448.26    1448.27    -0.5388  1028.3006    34.4276 0.0000e+00
       4559 326.832256  -62.21962  -58.37932      0.977    1447.15    160.000    158.403    -0.5335    -0.5334     0.0001    -0.5385    -0.5384     0.0001   2.810502   2.810861   0.000344    34.2622    34.2667     7.1745    27.5365    27.5401    34.2624    27.5366    1448.28    1448.29    -0.5384  1028.3066    34.4292 0.0000e+00
       4583 326.832267  -62.21962  -58.37932      1.017    1447.15    161.000    159.392    -0.5336    -0.5331     0.0005    -0.5386    -0.5381     0.0005   2.810536   2.811005   0.000479    34.2621    34.2679     7.1740    27.5363    27.5411    34.2623    27.5366    1448.30    1448.31    -0.5385  1028.3113    34.4291 0.0000e+00
       4608 326.832279  -62.21962  -58.37932      0.991    1447.15    162.000    160.382    -0.5323    -0.5319     0.0004    -0.5373    -0.5370     0.0004   2.810930   2.811349   0.000424    34.2652    34.2705     7.1802    27.5388    27.5431    34.2656    27.5391    1448.32    1448.33    -0.5373  1028.3186    34.4324 0.0000e+00
       4633 326.832292  -62.21962  -58.37932      0.943    1447.15    163.000    161.372    -0.5309    -0.5306     0.0003    -0.5360    -0.5357     0.0003   2.811260   2.811690   0.000435    34.2671    34.2726     7.1850    27.5403    27.5448    34.2678    27.5409    1448.35    1448.36    -0.5359  1028.3252    34.4347 0.0000e+00
       4659 326.832304  -62.21962  -58.37932      0.940    1447.15    164.000    162.361    -0.5287    -0.5284     0.0003    -0.5338    -0.5336     0.0003   2.811681   2.812090   0.000417    34.2702    34.2755     7.1801    27.5427    27.5470    34.2704    27.5429    1448.38    1448.39    -0.5337  1028.3319    34.4372 0.0000e+00
       4683 326.832316  -62.21962  -58.37932      0.966    1447.15    165.000    163.351    -0.5305    -0.5302     0.0003    -0.5357    -0.5354     0.0003   2.811289   2.811762   0.000442    34.2671    34.2727     7.1714    27.5403    27.5448    34.2666    27.5399    1448.38    1448.39    -0.5356  1028.3337    34.4334 0.0000e+00
       4706 326.832327  -62.21962  -58.37932      1.011    1447.15    166.000    164.341    -0.5309    -0.5304     0.0005    -0.5361    -0.5356     0.0005   2.811369   2.811774   0.000444    34.2668    34.2723     7.1619    27.5401    27.5445    34.2675    27.5406    1448.40    1448.41    -0.5360  1028.3392    34.4343 0.0000e+00
       4729 326.832338  -62.21962  -58.37932      1.048    1447.15    167.000    165.330    -0.5280    -0.5280     0.0000    -0.5333    -0.5332     0.0000   2.811907   2.812322   0.000394    34.2704    34.2757     7.1510    27.5428    27.5471    34.2708    27.5432    1448.43    1448.44    -0.5331  1028.3465    34.4377 0.0000e+00
       4752 326.832349  -62.21962  -58.37932      1.052    1447.15    168.000    166.319    -0.5276    -0.5275     0.0002    -0.5329    -0.5327     0.0002   2.812008   2.812410   0.000402    34.2710    34.2762     7.1530    27.5433    27.5475    34.2711    27.5434    1448.45    1448.46    -0.5328  1028.3515    34.4380 0.0000e+00
       4776 326.832361  -62.21962  -58.37932      1.006    1447.15    169.000    167.309    -0.5277    -0.5274     0.0003    -0.5330    -0.5327     0.0003   2.812019   2.812464   0.000445    34.2706    34.2762     7.1604    27.5430    27.5476    34.2708    27.5432    1448.47    1448.47    -0.5329  1028.3560    34.4377 0.0000e+00
       4802 326.832373  -62.21962  -58.37932      0.952    1447.15    170.000    168.299    -0.5275    -0.5270     0.0005    -0.5328    -0.5324     0.0005   2.812150   2.812616   0.000462    34.2714    34.2771     7.1575    27.5437    27.5482    34.2716    27.5439    1448.48    1448.49    -0.5327  1028.3615    34.4385 0.0000e+00
       4827 326.832385  -62.21962  -58.37932      0.942    1447.15    171.000    169.288    -0.5272    -0.5271     0.0000    -0.5325    -0.5325     0.0000   2.812216   2.812598   0.000388    34.2715    34.2767     7.1527    27.5437    27.5479    34.2716    27.5438    1448.50    1448.51    -0.5325  1028.3662    34.4385 0.0000e+00
       4852 326.832397  -62.21962  -58.37932      0.966    1447.15    172.000    170.278    -0.5277    -0.5276     0.0002    -0.5332    -0.5330     0.0002   2.812149   2.812562   0.000409    34.2706    34.2759     7.1482    27.5430    27.5473    34.2707    27.5431    1448.51    1448.52    -0.5330  1028.3703    34.4376 0.0000e+00
       4876 326.832409  -62.21962  -58.37932      0.984    1447.15    173.000    171.267    -0.5278    -0.5276     0.0002    -0.5332    -0.5330     0.0002   2.812184   2.812612   0.000427    34.2705    34.2760     7.1466    27.5429    27.5474    34.2706    27.5431    1448.53    1448.54    -0.5331  1028.3750    34.4376 0.0000e+00
       4900 326.832421  -62.21962  -58.37932      0.991    1447.15    174.000    172.257    -0.5278    -0.5276     0.0002    -0.5333    -0.5331     0.0002   2.812214   2.812624   0.000410    34.2704    34.2757     7.1430    27.5428    27.5471    34.2704    27.5429    1448.55    1448.55    -0.5332  1028.3796    34.4373 0.0000e+00
       4924 326.832432  -62.21962  -58.37932      0.999    1447.15    175.000    173.247    -0.5277    -0.5274     0.0003    -0.5333    -0.5330     0.0003   2.812284   2.812695   0.000411    34.2705    34.2757     7.1464    27.5429    27.5471    34.2707    27.5431    1448.56    1448.57    -0.5331  1028.3846    34.4376 0.0000e+00
       4949 326.832444  -62.21962  -58.37932      0.992    1447.15    176.000    174.236    -0.5274    -0.5272     0.0002    -0.5329    -0.5327     0.0002   2.812399   2.812818   0.000420    34.2711    34.2765     7.1532    27.5434    27.5478    34.2712    27.5435    1448.58    1448.59    -0.5328  1028.3898    34.4381 0.0000e+00
       4974 326.832456  -62.21962  -58.37932      0.965    1447.15    177.000    175.226    -0.5274    -0.5272     0.0002    -0.5330    -0.5328     0.0002   2.812415   2.812830   0.000415    34.2708    34.2761     7.1541    27.5432    27.5475    34.2709    27.5432    1448.60    1448.61    -0.5329  1028.3943    34.4378 0.0000e+00
       5000 326.832469  -62.21962  -58.37932      0.938    1447.15    178.000    176.216    -0.5277    -0.5275     0.0002    -0.5333    -0.5331     0.0002   2.812400   2.812820   0.000420    34.2704    34.2758     7.1436    27.5428    27.5473    34.2703    27.5428    1448.61    1448.62    -0.5332  1028.3986    34.4372 0.0000e+00
       5025 326.832481  -62.21962  -58.37932      0.943    1447.15    179.000    177.205    -0.5287    -0.5280     0.0007    -0.5343    -0.5337     0.0007   2.812251   2.812754   0.000505    34.2688    34.2748     7.1392    27.5416    27.5465    34.2688    27.5417    1448.62    1448.63    -0.5342  1028.4022    34.4358 0.0000e+00
       5048 326.832492  -62.21962  -58.37932      0.985    1447.15    180.000    178.194    -0.5280    -0.5278     0.0002    -0.5337    -0.5335     0.0002   2.812472   2.812868   0.000400    34.2702    34.2753     7.1383    27.5427    27.5469    34.2704    27.5429    1448.64    1448.65    -0.5336  1028.4082    34.4374 0.0000e+00
       5071 326.832503  -62.21962  -58.37932      1.044    1447.15    181.000    179.184    -0.5275    -0.5271     0.0003    -0.5332    -0.5328     0.0003   2.812590   2.813052   0.000458    34.2706    34.2764     7.1419    27.5431    27.5477    34.2708    27.5432    1448.66    1448.67    -0.5331  1028.4133    34.4377 0.0000e+00
       5093 326.832514  -62.21962  -58.37932      1.072    1447.15    182.000    180.173    -0.5273    -0.5271     0.0002    -0.5330    -0.5328     0.0002   2.812645   2.813067   0.000422    34.2707    34.2762     7.1459    27.5431    27.5475    34.2707    27.5431    1448.68    1448.69    -0.5329  1028.4180    34.4377 0.0000e+00
       5117 326.832525  -62.21962  -58.37932      1.036    1447.15    183.000    181.163    -0.5280    -0.5278     0.0002    -0.5338    -0.5336     0.0002   2.812560   2.812965   0.000407    34.2698    34.2750     7.1493    27.5424    27.5466    34.2698    27.5424    1448.69    1448.70    -0.5337  1028.4220    34.4367 0.0000e+00
       5142 326.832537  -62.21962  -58.37932      0.974    1447.15    184.000    182.152    -0.5277    -0.5276     0.0001    -0.5335    -0.5334     0.0001   2.812693   2.813109   0.000414    34.2703    34.2758     7.1450    27.5428    27.5472    34.2706    27.5430    1448.71    1448.72    -0.5334  1028.4274    34.4375 0.0000e+00
       5168 326.832549  -62.21962  -58.37932      0.948    1447.15    185.000    183.142    -0.5265    -0.5264     0.0002    -0.5324    -0.5323     0.0002   2.812987   2.813400   0.000413    34.2723    34.2777     7.1436    27.5443    27.5487    34.2726    27.5446    1448.73    1448.74    -0.5322  1028.4338    34.4396 0.0000e+00
       5192 326.832561  -62.21962  -58.37932      0.968    1447.15    186.000    184.131    -0.5259    -0.5257     0.0003    -0.5318    -0.5316     0.0002   2.813174   2.813596   0.000422    34.2737    34.2791     7.1455    27.5455    27.5498    34.2738    27.5456    1448.75    1448.76    -0.5317  1028.4395    34.4408 0.0000e+00
       5215 326.832572  -62.21962  -58.37932      1.005    1447.15    187.000    185.121    -0.5257    -0.5255     0.0001    -0.5316    -0.5315     0.0001   2.813262   2.813682   0.000422    34.2740    34.2795     7.1459    27.5457    27.5502    34.2741    27.5458    1448.77    1448.78    -0.5315  1028.4445    34.4411 0.0000e+00
       5239 326.832584  -62.21962  -58.37932      1.027    1447.15    188.000    186.110    -0.5252    -0.5250     0.0001    -0.5311    -0.5310     0.0001   2.813413   2.813817   0.000410    34.2747    34.2800     7.1406    27.5462    27.5506    34.2750    27.5465    1448.79    1448.80    -0.5310  1028.4499    34.4420 0.0000e+00
       5263 326.832595  -62.21962  -58.37932      1.013    1447.15    189.000    187.100    -0.5250    -0.5248     0.0001    -0.5309    -0.5308     0.0001   2.813505   2.813913   0.000399    34.2752    34.2804     7.1270    27.5466    27.5509    34.2754    27.5468    1448.81    1448.82    -0.5308  1028.4550    34.4424 0.0000e+00
       5288 326.832608  -62.21962  -58.37932      0.974    1447.15    190.000    188.090    -0.5249    -0.5246     0.0002    -0.5309    -0.5307     0.0002   2.813487   2.813933   0.000442    34.2745    34.2802     7.1237    27.5461    27.5507    34.2744    27.5460    1448.82    1448.83    -0.5308  1028.4590    34.4414 0.0000e+00
       5314 326.832620  -62.21962  -58.37932      0.926    1447.15    191.000    189.079    -0.5247    -0.5243     0.0005    -0.5308    -0.5303     0.0005   2.813531   2.813976   0.000444    34.2741    34.2795     7.1168    27.5457    27.5502    34.2742    27.5459    1448.84    1448.85    -0.5306  1028.4636    34.4412 0.0000e+00
       5342 326.832633  -62.21962  -58.37932      0.888    1447.15    192.000    190.068    -0.5250    -0.5247     0.0003    -0.5311    -0.5308     0.0003   2.813565   2.813975   0.000409    34.2743    34.2795     7.1189    27.5459    27.5501    34.2744    27.5460    1448.86    1448.87    -0.5310  1028.4685    34.4414 0.0000e+00
       5367 326.832646  -62.21962  -58.37932      0.906    1447.15    193.000    191.058    -0.5250    -0.5248     0.0003    -0.5311    -0.5309     0.0003   2.813637   2.814076   0.000444    34.2746    34.2803     7.1223    27.5462    27.5508    34.2748    27.5463    1448.87    1448.88    -0.5310  1028.4736    34.4418 0.0000e+00
       5390 326.832657  -62.21962  -58.37932      0.997    1447.15    194.000    192.047    -0.5249    -0.5247     0.0002    -0.5311    -0.5309     0.0002   2.813737   2.814127   0.000391    34.2752    34.2803     7.1224    27.5467    27.5507    34.2754    27.5468    1448.89    1448.90    -0.5309  1028.4789    34.4424 0.0000e+00
