Pos-Processados/process_op38/Processamento_split/down/doperantar38_017.cnv
* Sea-Bird SBE 9 Data File:
* FileName = D:\OPERANTAR_XXXVIII\DADOS\OP38_017.hdr
* Software Version Seasave V 7.18c
* Temperature SN = 4808
* Conductivity SN = 3380
* Number of Bytes Per Scan = 34
* Number of Voltage Words = 3
* Number of Scans Averaged by the Deck Unit = 1
* NMEA Latitude = 62 16.17 S
* NMEA Longitude = 058 26.27 W
* NMEA UTC (Time) = Nov 05 2019 14:37:33
** H41
** NAVIO POLAR ALMIRANTE MAXIMIANO
** CRUZEIRO:
** OPERANTAR XXXVIII
** ESTAÇÃO: OP38_017
** LAT 62 16,18' S
** LONG 058 26,25' W
** 09P73767-1155_A
** PROFUNDIDADE: 110
** DATA/HORA: 051438Z/NOV/2019
** OPERADOR: SO-HN CHAVES
# nquan = 30
# nvalues = 72                          
# units = specified
# name 0 = scan: Scan Count
# name 1 = timeJ: Julian Days
# name 2 = latitude: Latitude [deg]
# name 3 = longitude: Longitude [deg]
# name 4 = dz/dtM: Descent Rate [m/s]
# name 5 = avgsvCM: Average Sound Velocity [Chen-Millero, m/s]
# name 6 = prDM: Pressure, Digiquartz [db]
# name 7 = depSM: Depth [salt water, m]
# name 8 = t090C: Temperature [ITS-90, deg C]
# name 9 = t190C: Temperature, 2 [ITS-90, deg C]
# name 10 = T2-T190C: Temperature Difference, 2 - 1 [ITS-90, deg C]
# name 11 = potemp090C: Potential Temperature [ITS-90, deg C]
# name 12 = potemp190C: Potential Temperature, 2 [ITS-90, deg C]
# name 13 = potemp90Cdiff: Potential Temperature, Diff, 2 - 1 [ITS-90, deg C]
# name 14 = c0S/m: Conductivity [S/m]
# name 15 = c1S/m: Conductivity, 2 [S/m]
# name 16 = C2-C1S/m: Conductivity Difference, 2 - 1 [S/m]
# name 17 = sal00: Salinity, Practical [PSU]
# name 18 = sal11: Salinity, Practical, 2 [PSU]
# name 19 = sbeox0ML/L: Oxygen, SBE 43 [ml/l]
# name 20 = sigma-é00: Density [sigma-theta, kg/m^3]
# name 21 = sigma-é11: Density, 2 [sigma-theta, kg/m^3]
# name 22 = sal00: Salinity, Practical [PSU]
# name 23 = sigma-é00: Density [sigma-theta, kg/m^3]
# name 24 = svCM: Sound Velocity [Chen-Millero, m/s]
# name 25 = svCM1: Sound Velocity, 2 [Chen-Millero, m/s]
# name 26 = gsw_ptA0: potential temperature [ITS-90, deg C]
# name 27 = gsw_densityA0: density, TEOS-10 [density, kg/m^3]
# name 28 = gsw_saA0: Absolute Salinity [g/kg]
# name 29 = flag:
# span 0 =       3541,      11402       
# span 1 = 309.611117, 309.614908       
# span 2 =  -62.26960,  -62.26958       
# span 3 =  -58.43788,  -58.43784       
# span 4 =     -0.093,      0.754       
# span 5 =       0.00,    1444.65       
# span 6 =      2.000,     73.000       
# span 7 =      1.982,     72.288       
# span 8 =    -0.9110,    -0.8337       
# span 9 =    -0.9109,    -0.8335       
# span 10 =    -0.0028,     0.0032      
# span 11 =    -0.9120,    -0.8357      
# span 12 =    -0.9119,    -0.8356      
# span 13 =    -0.0028,     0.0032      
# span 14 =   2.767758,   2.781349      
# span 15 =   2.768177,   2.781753      
# span 16 =   0.000162,   0.000672      
# span 17 =    34.1867,    34.2630      
# span 18 =    34.1920,    34.2684      
# span 19 =     7.0787,     7.5076      
# span 20 =    27.4898,    27.5496      
# span 21 =    27.4940,    27.5540      
# span 22 =    34.1866,    34.2630      
# span 23 =    27.4897,    27.5497      
# span 24 =    1443.97,    1445.45      
# span 25 =    1443.98,    1445.45      
# span 26 =    -0.9120,    -0.8356      
# span 27 =  1027.5051,  1027.9011      
# span 28 =    34.3494,    34.4288      
# span 29 = 0.0000e+00, 0.0000e+00      
# interval = decibars: 1                
# start_time = Nov 05 2019 14:37:33 [NMEA time, header]
# bad_flag = -9.990e-29
*END*
[from data line 49]
       6042 309.612323  -62.26958  -58.43784      0.688    1444.17     51.000     50.502    -0.8460    -0.8457     0.0004    -0.8475    -0.8471     0.0004   2.777821   2.778243   0.000419    34.2417    34.2470     7.1829    27.5329    27.5371    34.2423    27.5334    1445.02    1445.03    -0.8474  1027.7827    34.4077 0.0000e+00
       6087 309.612345  -62.26958  -58.43784      0.544    1444.17     52.000     51.495    -0.8446    -0.8443     0.0003    -0.8460    -0.8457     0.0003   2.778125   2.778541   0.000419    34.2436    34.2490     7.1894    27.5344    27.5387    34.2441    27.5348    1445.05    1445.06    -0.8460  1027.7889    34.4096 0.0000e+00
       6145 309.612373  -62.26958  -58.43785      0.396    1444.17     53.000     52.484    -0.8406    -0.8405     0.0001    -0.8421    -0.8419     0.0001   2.778688   2.779086   0.000395    34.2461    34.2513     7.2168    27.5362    27.5404    34.2467    27.5367    1445.08    1445.09    -0.8420  1027.7956    34.4121 0.0000e+00
       6187 309.612393  -62.26958  -58.43784      0.559    1444.17     54.000     53.474    -0.8410    -0.8406     0.0003    -0.8424    -0.8421     0.0003   2.778802   2.779195   0.000395    34.2478    34.2528     7.2171    27.5376    27.5417    34.2480    27.5377    1445.10    1445.11    -0.8424  1027.8014    34.4135 0.0000e+00
       6223 309.612410  -62.26958  -58.43784      0.667    1444.17     55.000     54.464    -0.8406    -0.8400     0.0006    -0.8421    -0.8416     0.0006   2.778959   2.779396   0.000434    34.2487    34.2540     7.1941    27.5383    27.5426    34.2490    27.5386    1445.12    1445.13    -0.8421  1027.8071    34.4146 0.0000e+00
       6264 309.612430  -62.26958  -58.43784      0.588    1444.64     56.000     55.455    -0.8395    -0.8391     0.0005    -0.8410    -0.8406     0.0005   2.779141   2.779549   0.000408    34.2494    34.2544     7.1754    27.5388    27.5429    34.2496    27.5391    1445.14    1445.15    -0.8410  1027.8123    34.4152 0.0000e+00
       6305 309.612450  -62.26958  -58.43784      0.581    1444.65     57.000     56.445    -0.8400    -0.8398     0.0001    -0.8415    -0.8414     0.0001   2.779203   2.779602   0.000400    34.2502    34.2555     7.1661    27.5395    27.5438    34.2504    27.5397    1445.16    1445.17    -0.8415  1027.8178    34.4159 0.0000e+00
       6341 309.612467  -62.26958  -58.43784      0.660    1444.65     58.000     57.435    -0.8400    -0.8398     0.0002    -0.8416    -0.8414     0.0002   2.779332   2.779734   0.000402    34.2513    34.2565     7.1606    27.5404    27.5446    34.2515    27.5406    1445.18    1445.18    -0.8416  1027.8235    34.4171 0.0000e+00
       6379 309.612485  -62.26958  -58.43786      0.642    1444.65     59.000     58.425    -0.8392    -0.8390     0.0002    -0.8408    -0.8407     0.0002   2.779480   2.779883   0.000402    34.2519    34.2572     7.1549    27.5409    27.5452    34.2520    27.5410    1445.20    1445.20    -0.8408  1027.8287    34.4176 0.0000e+00
       6428 309.612509  -62.26958  -58.43786      0.489    1444.65     60.000     59.415    -0.8393    -0.8392     0.0001    -0.8409    -0.8408     0.0001   2.779522   2.779921   0.000400    34.2519    34.2573     7.1508    27.5409    27.5452    34.2521    27.5410    1445.21    1445.22    -0.8409  1027.8335    34.4176 0.0000e+00
       6479 309.612534  -62.26958  -58.43786      0.469    1444.65     61.000     60.405    -0.8390    -0.8388     0.0001    -0.8406    -0.8405     0.0001   2.779644   2.780038   0.000394    34.2525    34.2578     7.1487    27.5414    27.5456    34.2527    27.5415    1445.23    1445.24    -0.8406  1027.8388    34.4183 0.0000e+00
       6525 309.612556  -62.26958  -58.43786      0.523    1444.65     62.000     61.392    -0.8383    -0.8381     0.0001    -0.8400    -0.8399     0.0001   2.779800   2.780202   0.000401    34.2534    34.2587     7.1464    27.5420    27.5463    34.2535    27.5421    1445.25    1445.26    -0.8400  1027.8442    34.4191 0.0000e+00
       6569 309.612577  -62.26958  -58.43786      0.541    1444.65     63.000     62.389    -0.8388    -0.8383     0.0005    -0.8405    -0.8400     0.0005   2.779830   2.780244   0.000416    34.2538    34.2588     7.1423    27.5424    27.5464    34.2539    27.5425    1445.27    1445.27    -0.8405  1027.8493    34.4195 0.0000e+00
       6610 309.612597  -62.26958  -58.43786      0.580    1444.65     64.000     63.376    -0.8390    -0.8389     0.0001    -0.8408    -0.8407     0.0001   2.779873   2.780271   0.000398    34.2540    34.2593     7.1381    27.5426    27.5469    34.2541    27.5426    1445.28    1445.29    -0.8407  1027.8543    34.4197 0.0000e+00
       6681 309.612631  -62.26958  -58.43786      0.340    1444.65     65.000     64.362    -0.8394    -0.8393     0.0002    -0.8412    -0.8411     0.0002   2.779900   2.780307   0.000405    34.2543    34.2596     7.1339    27.5428    27.5471    34.2543    27.5428    1445.30    1445.30    -0.8412  1027.8594    34.4200 0.0000e+00
       6818 309.612697  -62.26958  -58.43787      0.200    1444.65     66.000     65.356    -0.8388    -0.8388     0.0000    -0.8406    -0.8406     0.0000   2.780222   2.780592   0.000366    34.2570    34.2620     7.1302    27.5450    27.5490    34.2573    27.5452    1445.32    1445.32    -0.8406  1027.8664    34.4229 0.0000e+00
       6898 309.612736  -62.26958  -58.43787      0.298    1444.65     67.000     66.343    -0.8361    -0.8357     0.0004    -0.8380    -0.8376     0.0004   2.780621   2.781079   0.000460    34.2590    34.2648     7.1106    27.5465    27.5512    34.2590    27.5465    1445.35    1445.36    -0.8379  1027.8726    34.4247 0.0000e+00
       6984 309.612777  -62.26958  -58.43788      0.271    1444.65     68.000     67.338    -0.8359    -0.8355     0.0004    -0.8378    -0.8374     0.0004   2.780721   2.781172   0.000447    34.2595    34.2651     7.0925    27.5469    27.5514    34.2596    27.5470    1445.37    1445.38    -0.8377  1027.8778    34.4252 0.0000e+00
       7079 309.612823  -62.26958  -58.43788      0.256    1444.65     69.000     68.324    -0.8348    -0.8343     0.0005    -0.8367    -0.8362     0.0005   2.780967   2.781430   0.000462    34.2608    34.2666     7.0963    27.5479    27.5526    34.2610    27.5481    1445.39    1445.40    -0.8367  1027.8837    34.4267 0.0000e+00
       7175 309.612869  -62.26958  -58.43788      0.232    1444.65     70.000     69.317    -0.8339    -0.8339     0.0000    -0.8358    -0.8358     0.0000   2.781153   2.781552   0.000400    34.2618    34.2672     7.0814    27.5487    27.5531    34.2618    27.5487    1445.41    1445.42    -0.8358  1027.8891    34.4275 0.0000e+00
       7264 309.612913  -62.26958  -58.43788      0.309    1444.65     71.000     70.306    -0.8337    -0.8336     0.0001    -0.8357    -0.8356     0.0001   2.781242   2.781630   0.000391    34.2621    34.2673     7.0787    27.5489    27.5531    34.2622    27.5490    1445.43    1445.44    -0.8356  1027.8942    34.4279 0.0000e+00
       7348 309.612953  -62.26958  -58.43788      0.332    1444.65     72.000     71.293    -0.8337    -0.8335     0.0001    -0.8357    -0.8356     0.0001   2.781349   2.781753   0.000405    34.2630    34.2684     7.0792    27.5496    27.5540    34.2630    27.5497    1445.45    1445.45    -0.8356  1027.8996    34.4288 0.0000e+00
      11402 309.614908  -62.26958  -58.43787     -0.093    1444.65     73.000     72.288    -0.8422    -0.8417     0.0005    -0.8442    -0.8437     0.0005   2.780424   2.780844   0.000417    34.2596    34.2646     7.1206    27.5472    27.5513    34.2595    27.5472    1445.42    1445.43    -0.8442  1027.9011    34.4242 0.0000e+00
