Pos-Processados/process_op38/Processamento_split/down/doperantar38_016.cnv
* Sea-Bird SBE 9 Data File:
* FileName = D:\OPERANTAR_XXXVIII\DADOS\OP38_016.hdr
* Software Version Seasave V 7.18c
* Temperature SN = 4808
* Conductivity SN = 3380
* Number of Bytes Per Scan = 34
* Number of Voltage Words = 3
* Number of Scans Averaged by the Deck Unit = 1
* NMEA Latitude = 62 13.34 S
* NMEA Longitude = 058 12.68 W
* NMEA UTC (Time) = Nov 05 2019 11:56:34
** H41
** NAVIO POLAR ALMIRANTE MAXIMIANO
** CRUZEIRO:
** OPERANTAR XXXVIII
** ESTAÇÃO: OP38_016
** LAT 62 13,33' S
** LONG 058 12,65' W
** 09P73767-1155_A
** PROFUNDIDADE: 310
** DATA/HORA: 051157Z/NOV/2019
** OPERADOR: SO-HN CHAVES
# nquan = 32
# nvalues = 285                         
# units = specified
# name 0 = scan: Scan Count
# name 1 = timeJ: Julian Days
# name 2 = latitude: Latitude [deg]
# name 3 = longitude: Longitude [deg]
# name 4 = dz/dtM: Descent Rate [m/s]
# name 5 = avgsvCM: Average Sound Velocity [Chen-Millero, m/s]
# name 6 = prDM: Pressure, Digiquartz [db]
# name 7 = depSM: Depth [salt water, m]
# name 8 = t090C: Temperature [ITS-90, deg C]
# name 9 = t190C: Temperature, 2 [ITS-90, deg C]
# name 10 = T2-T190C: Temperature Difference, 2 - 1 [ITS-90, deg C]
# name 11 = potemp090C: Potential Temperature [ITS-90, deg C]
# name 12 = potemp190C: Potential Temperature, 2 [ITS-90, deg C]
# name 13 = potemp90Cdiff: Potential Temperature, Diff, 2 - 1 [ITS-90, deg C]
# name 14 = c0S/m: Conductivity [S/m]
# name 15 = c1S/m: Conductivity, 2 [S/m]
# name 16 = C2-C1S/m: Conductivity Difference, 2 - 1 [S/m]
# name 17 = sal00: Salinity, Practical [PSU]
# name 18 = sal11: Salinity, Practical, 2 [PSU]
# name 19 = sbeox0ML/L: Oxygen, SBE 43 [ml/l]
# name 20 = sbeox1ML/L: Oxygen, SBE 43, 2 [ml/l]
# name 21 = sbeox0ML/Ldiff: Oxygen, SBE 43, Diff, 2 - 1 [ml/l]
# name 22 = sigma-é00: Density [sigma-theta, kg/m^3]
# name 23 = sigma-é11: Density, 2 [sigma-theta, kg/m^3]
# name 24 = sal00: Salinity, Practical [PSU]
# name 25 = sigma-é00: Density [sigma-theta, kg/m^3]
# name 26 = svCM: Sound Velocity [Chen-Millero, m/s]
# name 27 = svCM1: Sound Velocity, 2 [Chen-Millero, m/s]
# name 28 = gsw_ptA0: potential temperature [ITS-90, deg C]
# name 29 = gsw_densityA0: density, TEOS-10 [density, kg/m^3]
# name 30 = gsw_saA0: Absolute Salinity [g/kg]
# name 31 = flag:
# span 0 =       3411,      15070       
# span 1 = 309.499260, 309.504883       
# span 2 =  -62.22236,  -62.22234       
# span 3 =  -58.21135,  -58.21132       
# span 4 =     -0.096,      1.283       
# span 5 =       0.00,    1446.63       
# span 6 =      1.000,    285.000       
# span 7 =      0.986,    282.064       
# span 8 =    -0.9473,    -0.1654       
# span 9 =    -0.9467,    -0.1602       
# span 10 =    -0.0075,     0.0194      
# span 11 =    -0.9506,    -0.1757      
# span 12 =    -0.9501,    -0.1705      
# span 13 =    -0.0074,     0.0194      
# span 14 =   2.769017,   2.860464      
# span 15 =   2.769448,   2.861454      
# span 16 =  -0.000251,   0.001881      
# span 17 =    34.1572,    34.4389      
# span 18 =    34.1633,    34.4453      
# span 19 =     5.9192,     7.6371      
# span 20 =     5.6602,     7.3564      
# span 21 =    -0.3372,    -0.1867      
# span 22 =    27.4601,    27.6623      
# span 23 =    27.4647,    27.6671      
# span 24 =    34.1560,    34.4393      
# span 25 =    27.4596,    27.6631      
# span 26 =    1444.49,    1452.26      
# span 27 =    1444.50,    1452.30      
# span 28 =    -0.9505,    -0.1755      
# span 29 =  1027.4691,  1029.0243      
# span 30 =    34.3207,    34.6076      
# span 31 = 0.0000e+00, 0.0000e+00      
# interval = decibars: 1                
# start_time = Nov 05 2019 11:56:34 [NMEA time, header]
# bad_flag = -9.990e-29
*END*
[from data line 136]
       9318 309.502109  -62.22236  -58.21134      0.795    1444.91    137.000    135.640    -0.9254    -0.9248     0.0005    -0.9292    -0.9286     0.0005   2.774440   2.774847   0.000423    34.2334    34.2385     7.3622     7.0662    -0.2961    27.5293    27.5335    34.2330    27.5290    1446.03    1446.04    -0.9291  1028.1911    34.3995 0.0000e+00
       9346 309.502123  -62.22236  -58.21134      0.819    1444.91    138.000    136.630    -0.9308    -0.9318    -0.0011    -0.9346    -0.9356    -0.0011   2.774172   2.774522   0.000338    34.2349    34.2408     7.3646     7.0634    -0.3012    27.5308    27.5356    34.2348    27.5307    1446.02    1446.03    -0.9345  1028.1976    34.4013 0.0000e+00
       9374 309.502136  -62.22236  -58.21134      0.867    1444.91    139.000    137.619    -0.9328    -0.9338    -0.0010    -0.9367    -0.9376    -0.0010   2.774046   2.774381   0.000335    34.2353    34.2409     7.3518     7.0604    -0.2914    27.5312    27.5358    34.2348    27.5308    1446.03    1446.03    -0.9365  1028.2025    34.4013 0.0000e+00
       9403 309.502150  -62.22236  -58.21134      0.835    1444.91    140.000    138.609    -0.9362    -0.9366    -0.0004    -0.9401    -0.9405    -0.0004   2.773902   2.774327   0.000424    34.2364    34.2426     7.3322     7.0507    -0.2815    27.5322    27.5373    34.2361    27.5320    1446.03    1446.04    -0.9400  1028.2085    34.4026 0.0000e+00
       9438 309.502167  -62.22236  -58.21134      0.718    1444.91    141.000    139.598    -0.9369    -0.9366     0.0002    -0.9408    -0.9405     0.0002   2.774000   2.774411   0.000412    34.2376    34.2430     7.3228     7.0280    -0.2948    27.5332    27.5375    34.2375    27.5331    1446.05    1446.06    -0.9407  1028.2145    34.4041 0.0000e+00
       9470 309.502182  -62.22236  -58.21134      0.714    1444.91    142.000    140.589    -0.9358    -0.9356     0.0001    -0.9397    -0.9396     0.0001   2.774184   2.774593   0.000414    34.2382    34.2436     7.3084     7.0039    -0.3045    27.5337    27.5381    34.2382    27.5336    1446.07    1446.08    -0.9396  1028.2206    34.4058 0.0000e+00
       9498 309.502196  -62.22236 -9.990e-29      0.824    1444.91    143.000    141.578    -0.9347    -0.9347     0.0000    -0.9387    -0.9387     0.0000   2.774355   2.774768   0.000412    34.2387    34.2443     7.3026     6.9961    -0.3065    27.5341    27.5386    34.2387    27.5340    1446.09    1446.10    -0.9385  1028.2262    34.4069 0.0000e+00
       9524 309.502208  -62.22236 -9.990e-29      0.905    1444.91    144.000    142.567    -0.9356    -0.9355     0.0000    -0.9396    -0.9395     0.0000   2.774286   2.774691   0.000394    34.2383    34.2437     7.3075     7.0005    -0.3070    27.5338    27.5381    34.2381    27.5336    1446.10    1446.11    -0.9395  1028.2306    34.4064 0.0000e+00
       9554 309.502222  -62.22236  -58.21132      0.858    1444.91    145.000    143.557    -0.9360    -0.9363    -0.0003    -0.9400    -0.9404    -0.0003   2.774298   2.774670   0.000375    34.2383    34.2437     7.3080     6.9928    -0.3152    27.5337    27.5382    34.2381    27.5336    1446.12    1446.12    -0.9399  1028.2353    34.4062 0.0000e+00
       9587 309.502238  -62.22236  -58.21134      0.737    1444.91    146.000    144.547    -0.9350    -0.9351    -0.0001    -0.9390    -0.9391    -0.0001   2.774462   2.774856   0.000402    34.2385    34.2440     7.2979     6.9933    -0.3045    27.5338    27.5383    34.2386    27.5339    1446.14    1446.15    -0.9389  1028.2392    34.4051 0.0000e+00
       9616 309.502253  -62.22236  -58.21134      0.768    1444.91    147.000    145.537    -0.9356    -0.9356     0.0000    -0.9397    -0.9397     0.0000   2.774424   2.774825   0.000395    34.2385    34.2438     7.2948     6.9840    -0.3107    27.5340    27.5382    34.2382    27.5336    1446.15    1446.16    -0.9396  1028.2437    34.4048 0.0000e+00
       9642 309.502265  -62.22236  -58.21134      0.892    1444.91    148.000    146.527    -0.9391    -0.9388     0.0003    -0.9432    -0.9429     0.0003   2.774189   2.774624   0.000438    34.2384    34.2440     7.2982     6.9889    -0.3093    27.5340    27.5385    34.2383    27.5339    1446.15    1446.16    -0.9431  1028.2487    34.4049 0.0000e+00
       9665 309.502276  -62.22236  -58.21134      1.001    1444.91    149.000    147.516    -0.9384    -0.9387    -0.0003    -0.9425    -0.9428    -0.0003   2.774337   2.774703   0.000368    34.2389    34.2443     7.2959     6.9943    -0.3016    27.5343    27.5387    34.2389    27.5343    1446.17    1446.18    -0.9424  1028.2540    34.4055 0.0000e+00
       9688 309.502287  -62.22236  -58.21133      1.038    1444.91    150.000    148.506    -0.9392    -0.9392 8.7610e-07    -0.9433    -0.9433 8.7610e-07   2.774280   2.774670   0.000387    34.2385    34.2438     7.2937     6.9887    -0.3050    27.5341    27.5383    34.2384    27.5339    1446.18    1446.19    -0.9432  1028.2584    34.4050 0.0000e+00
       9718 309.502302  -62.22236  -58.21132      0.891    1444.91    151.000    149.495    -0.9394    -0.9394     0.0000    -0.9436    -0.9435     0.0000   2.774297   2.774698   0.000402    34.2383    34.2437     7.2998     6.9740    -0.3259    27.5339    27.5382    34.2382    27.5338    1446.20    1446.21    -0.9435  1028.2631    34.4049 0.0000e+00
       9755 309.502320  -62.22236  -58.21132      0.658    1444.91    152.000    150.485    -0.9393    -0.9396    -0.0003    -0.9435    -0.9438    -0.0003   2.774346   2.774707   0.000363    34.2382    34.2436     7.3030     6.9679    -0.3351    27.5338    27.5382    34.2381    27.5337    1446.22    1446.22    -0.9434  1028.2678    34.4048 0.0000e+00
       9790 309.502337  -62.22236  -58.21132      0.661 -9.990e-29    153.000    151.475    -0.9383    -0.9384    -0.0000    -0.9426    -0.9426    -0.0000   2.774534   2.774936   0.000402    34.2388    34.2443     7.2941     6.9700    -0.3241    27.5343    27.5387    34.2390    27.5344    1446.24    1446.24    -0.9424  1028.2732    34.4056 0.0000e+00
       9819 309.502350  -62.22236  -58.21134      0.797 -9.990e-29    154.000    152.465    -0.9375    -0.9375    -0.0000    -0.9418    -0.9418    -0.0000   2.774700   2.775085   0.000383    34.2395    34.2448     7.2894     6.9663    -0.3231    27.5348    27.5391    34.2397    27.5349    1446.26    1446.27    -0.9416  1028.2785    34.4063 0.0000e+00
       9843 309.502362  -62.22236  -58.21134      0.918 -9.990e-29    155.000    153.454    -0.9368    -0.9368    -0.0000    -0.9411    -0.9411    -0.0000   2.774853   2.775252   0.000397    34.2402    34.2456     7.2920     6.9686    -0.3234    27.5353    27.5397    34.2403    27.5354    1446.28    1446.29    -0.9410  1028.2838    34.4070 0.0000e+00
       9867 309.502374  -62.22236  -58.21134      0.990    1445.24    156.000    154.425    -0.9364    -0.9364    -0.0000    -0.9407    -0.9407    -0.0000   2.774958   2.775351   0.000395    34.2406    34.2460     7.2987     6.9728    -0.3259    27.5356    27.5400    34.2407    27.5357    1446.30    1446.31    -0.9406  1028.2889    34.4074 0.0000e+00
       9890 309.502385  -62.22236  -58.21134      1.025    1445.25    157.000    155.446    -0.9359    -0.9358     0.0001    -0.9402    -0.9401     0.0001   2.775096   2.775500   0.000404    34.2411    34.2465     7.3002     6.9706    -0.3297    27.5360    27.5404    34.2413    27.5362    1446.32    1446.33    -0.9401  1028.2942    34.4080 0.0000e+00
       9914 309.502396  -62.22236  -58.21134      1.019    1445.25    158.000    156.424    -0.9351    -0.9352    -0.0001    -0.9395    -0.9396    -0.0002   2.775237   2.775621   0.000387    34.2415    34.2469     7.2977     6.9611    -0.3366    27.5363    27.5407    34.2417    27.5365    1446.34    1446.35    -0.9394  1028.2992    34.4084 0.0000e+00
       9938 309.502408  -62.22236  -58.21134      1.001    1445.25    159.000    157.413    -0.9347    -0.9346     0.0002    -0.9392    -0.9390     0.0001   2.775306   2.775705   0.000398    34.2416    34.2469     7.2878     6.9612    -0.3266    27.5364    27.5407    34.2417    27.5365    1446.36    1446.36    -0.9390  1028.3040    34.4084 0.0000e+00
       9964 309.502421  -62.22236  -58.21134      0.960    1445.25    160.000    158.403    -0.9346    -0.9346     0.0000    -0.9391    -0.9391     0.0000   2.775439   2.775833   0.000401    34.2424    34.2479     7.2803     6.9515    -0.3288    27.5371    27.5415    34.2427    27.5373    1446.37    1446.38    -0.9389  1028.3096    34.4095 0.0000e+00
       9993 309.502434  -62.22236  -58.21134      0.880    1445.25    161.000    159.392    -0.9333    -0.9335    -0.0002    -0.9378    -0.9380    -0.0002   2.775749   2.776131   0.000375    34.2445    34.2498     7.2733     6.9489    -0.3244    27.5387    27.5430    34.2448    27.5389    1446.40    1446.41    -0.9376  1028.3160    34.4115 0.0000e+00
      10023 309.502449  -62.22236  -58.21132      0.793    1445.25    162.000    160.382    -0.9304    -0.9307    -0.0003    -0.9349    -0.9352    -0.0003   2.776195   2.776555   0.000362    34.2462    34.2514     7.2772     6.9517    -0.3255    27.5400    27.5442    34.2470    27.5406    1446.43    1446.44    -0.9348  1028.3224    34.4138 0.0000e+00
      10052 309.502463  -62.22236  -58.21132      0.801    1445.25    163.000    161.372    -0.9264    -0.9269    -0.0005    -0.9310    -0.9315    -0.0005   2.776596   2.776949   0.000355    34.2471    34.2525     7.2748     6.9513    -0.3235    27.5405    27.5449    34.2473    27.5407    1446.47    1446.47    -0.9308  1028.3273    34.4141 0.0000e+00
      10076 309.502475  -62.22236  -58.21132      0.918    1445.25    164.000    162.361    -0.9243    -0.9248    -0.0005    -0.9289    -0.9293    -0.0005   2.776855   2.777196   0.000339    34.2471    34.2522     7.2632     6.9473    -0.3159    27.5405    27.5446    34.2478    27.5410    1446.50    1446.50    -0.9287  1028.3323    34.4145 0.0000e+00
      10098 309.502485  -62.22236  -58.21132      1.051    1445.25    165.000    163.350    -0.9228    -0.9227     0.0002    -0.9274    -0.9273     0.0002   2.777074   2.777499   0.000428    34.2480    34.2536     7.2607     6.9430    -0.3177    27.5411    27.5457    34.2485    27.5415    1446.52    1446.53    -0.9273  1028.3376    34.4152 0.0000e+00
      10119 309.502495  -62.22236  -58.21132      1.120    1445.25    166.000    164.340    -0.9228    -0.9225     0.0002    -0.9274    -0.9272     0.0002   2.777148   2.777557   0.000408    34.2484    34.2537     7.2543     6.9332    -0.3211    27.5415    27.5457    34.2488    27.5418    1446.54    1446.54    -0.9273  1028.3427    34.4156 0.0000e+00
      10143 309.502507  -62.22236  -58.21133      1.075    1445.25    167.000    165.330    -0.9225    -0.9222     0.0003    -0.9272    -0.9269     0.0003   2.777178   2.777617   0.000443    34.2479    34.2536     7.2469     6.9244    -0.3225    27.5410    27.5457    34.2482    27.5413    1446.55    1446.56    -0.9270  1028.3470    34.4150 0.0000e+00
      10171 309.502520  -62.22236  -58.21134      0.915    1445.25    168.000    166.319    -0.9210    -0.9211    -0.0001    -0.9257    -0.9258    -0.0001   2.777400   2.777820   0.000410    34.2484    34.2541     7.2472     6.9186    -0.3286    27.5414    27.5460    34.2490    27.5418    1446.58    1446.58    -0.9256  1028.3534    34.4172 0.0000e+00
      10201 309.502535  -62.22236 -9.990e-29      0.811    1445.25    169.000    167.309    -0.9217    -0.9218    -0.0000    -0.9265    -0.9265    -0.0000   2.777932   2.778325   0.000396    34.2560    34.2614     7.2425     6.9082    -0.3344    27.5476    27.5520    34.2564    27.5479    1446.60    1446.61    -0.9263  1028.3647    34.4252 0.0000e+00
      10230 309.502549  -62.22236 -9.990e-29      0.803    1445.25    170.000    168.299    -0.9221    -0.9221     0.0000    -0.9269    -0.9269     0.0000   2.778104   2.778501   0.000394    34.2584    34.2637     7.2393     6.9068    -0.3325    27.5495    27.5538    34.2586    27.5497    1446.62    1446.62    -0.9267  1028.3713    34.4274 0.0000e+00
      10256 309.502561  -62.22236  -58.21132      0.877    1445.25    171.000    169.288    -0.9217    -0.9217     0.0000    -0.9265    -0.9265     0.0000   2.778452   2.778814   0.000378    34.2604    34.2656     7.2256     6.8993    -0.3262    27.5512    27.5554    34.2622    27.5526    1446.64    1446.65    -0.9264  1028.3788    34.4308 0.0000e+00
      10278 309.502572  -62.22236  -58.21132      1.003    1445.25    172.000    170.278    -0.9119    -0.9122    -0.0003    -0.9167    -0.9170    -0.0003   2.780132   2.780516   0.000367    34.2719    34.2772     7.1977     6.8785    -0.3192    27.5601    27.5644    34.2733    27.5612    1446.72    1446.72    -0.9166  1028.3907    34.4402 0.0000e+00
      10298 309.502582  -62.22236  -58.21132      1.127    1445.25    173.000    171.268    -0.9049    -0.9045     0.0004    -0.9098    -0.9094     0.0004   2.781325   2.781774   0.000454    34.2787    34.2844     7.1779     6.8570    -0.3210    27.5653    27.5699    34.2809    27.5671    1446.78    1446.79    -0.9096  1028.4013    34.4479 0.0000e+00
      10318 309.502591  -62.22236  -58.21132      1.201    1445.25    174.000    172.257    -0.9006    -0.9006    -0.0001    -0.9055    -0.9056    -0.0001   2.781815   2.782215   0.000394    34.2812    34.2867     7.1652     6.8476    -0.3176    27.5672    27.5716    34.2820    27.5679    1446.82    1446.82    -0.9054  1028.4068    34.4490 0.0000e+00
      10338 309.502601  -62.22236  -58.21132      1.217    1445.25    175.000    173.247    -0.9003    -0.9002     0.0001    -0.9052    -0.9052     0.0001   2.781900   2.782298   0.000398    34.2815    34.2868     7.1437     6.8350    -0.3086    27.5674    27.5717    34.2822    27.5680    1446.83    1446.84    -0.9051  1028.4118    34.4492 0.0000e+00
      10360 309.502611  -62.22236  -58.21132      1.155    1445.25    176.000    174.236    -0.8997    -0.8996     0.0002    -0.9047    -0.9046     0.0002   2.782016   2.782430   0.000412    34.2819    34.2873     7.1034     6.8046    -0.2989    27.5677    27.5721    34.2826    27.5683    1446.85    1446.86    -0.9046  1028.4168    34.4496 0.0000e+00
      10384 309.502623  -62.22236  -58.21132      1.038    1445.25    177.000    175.226    -0.8994    -0.8992     0.0002    -0.9044    -0.9042     0.0002   2.782098   2.782497   0.000399    34.2821    34.2873     7.0590     6.7738    -0.2851    27.5679    27.5721    34.2827    27.5683    1446.87    1446.88    -0.9043  1028.4216    34.4497 0.0000e+00
      10409 309.502635  -62.22236  -58.21132      0.981    1445.25    178.000    176.215    -0.8990    -0.8990    -0.0000    -0.9041    -0.9041    -0.0000   2.782197   2.782591   0.000394    34.2823    34.2877     7.0393     6.7475    -0.2918    27.5680    27.5724    34.2830    27.5686    1446.89    1446.90    -0.9039  1028.4267    34.4500 0.0000e+00
      10432 309.502646  -62.22236  -58.21132      0.993    1445.25    179.000    177.205    -0.8978    -0.8978     0.0000    -0.9028    -0.9028     0.0000   2.782421   2.782826   0.000408    34.2833    34.2888     7.0346     6.7259    -0.3087    27.5688    27.5733    34.2840    27.5693    1446.91    1446.92    -0.9027  1028.4322    34.4510 0.0000e+00
      10456 309.502658  -62.22236  -58.21132      1.018    1445.25    180.000    178.194    -0.8967    -0.8967    -0.0000    -0.9018    -0.9018    -0.0000   2.782608   2.783006   0.000393    34.2841    34.2895     7.0407     6.7157    -0.3250    27.5694    27.5737    34.2846    27.5698    1446.94    1446.94    -0.9017  1028.4374    34.4517 0.0000e+00
      10478 309.502668  -62.22236  -58.21132      1.047    1445.25    181.000    179.184    -0.8957    -0.8957     0.0000    -0.9009    -0.9008     0.0000   2.782800   2.783213   0.000415    34.2848    34.2904     7.0481     6.7110    -0.3372    27.5699    27.5745    34.2855    27.5705    1446.96    1446.97    -0.9007  1028.4429    34.4526 0.0000e+00
