Pos-Processados/process_op38/Processamento_split/down/doperantar38_010.cnv
* Sea-Bird SBE 9 Data File:
* FileName = D:\OPERANTAR_XXXVIII\DADOS\OP38_010.hdr
* Software Version Seasave V 7.18c
* Temperature SN = 4808
* Conductivity SN = 3380
* Number of Bytes Per Scan = 31
* Number of Voltage Words = 2
* Number of Scans Averaged by the Deck Unit = 1
* NMEA Latitude = 43 58.12 S
* NMEA Longitude = 053 08.81 W
* NMEA UTC (Time) = Oct 20 2019 12:04:22
** H41
** NAVIO POLAR ALMIRANTE MAXIMIANO
** CRUZEIRO:
** OPERANTAR XXXVIII
** ESTAÇÃO: OP38_010
** LAT 43 58,10'S
** LONG 053 08,81'W
** 09P73767-1155
** PROFUNDIDADE: 5740
** DATA/HORA: 201205Z/OUT/19
** OPERADOR: SO-HN CHAVES
# nquan = 30
# nvalues = 1057                        
# units = specified
# name 0 = scan: Scan Count
# name 1 = timeJ: Julian Days
# name 2 = latitude: Latitude [deg]
# name 3 = longitude: Longitude [deg]
# name 4 = dz/dtM: Descent Rate [m/s]
# name 5 = avgsvCM: Average Sound Velocity [Chen-Millero, m/s]
# name 6 = prDM: Pressure, Digiquartz [db]
# name 7 = depSM: Depth [salt water, m]
# name 8 = t090C: Temperature [ITS-90, deg C]
# name 9 = t190C: Temperature, 2 [ITS-90, deg C]
# name 10 = T2-T190C: Temperature Difference, 2 - 1 [ITS-90, deg C]
# name 11 = potemp090C: Potential Temperature [ITS-90, deg C]
# name 12 = potemp190C: Potential Temperature, 2 [ITS-90, deg C]
# name 13 = potemp90Cdiff: Potential Temperature, Diff, 2 - 1 [ITS-90, deg C]
# name 14 = c0S/m: Conductivity [S/m]
# name 15 = c1S/m: Conductivity, 2 [S/m]
# name 16 = C2-C1S/m: Conductivity Difference, 2 - 1 [S/m]
# name 17 = sal00: Salinity, Practical [PSU]
# name 18 = sal11: Salinity, Practical, 2 [PSU]
# name 19 = sbeox0ML/L: Oxygen, SBE 43 [ml/l]
# name 20 = sigma-é00: Density [sigma-theta, kg/m^3]
# name 21 = sigma-é11: Density, 2 [sigma-theta, kg/m^3]
# name 22 = sal00: Salinity, Practical [PSU]
# name 23 = sigma-é00: Density [sigma-theta, kg/m^3]
# name 24 = svCM: Sound Velocity [Chen-Millero, m/s]
# name 25 = svCM1: Sound Velocity, 2 [Chen-Millero, m/s]
# name 26 = gsw_ptA0: potential temperature [ITS-90, deg C]
# name 27 = gsw_densityA0: density, TEOS-10 [density, kg/m^3]
# name 28 = gsw_saA0: Absolute Salinity [g/kg]
# name 29 = flag:
# span 0 =       2352,      33975       
# span 1 = 293.504166, 293.519417       
# span 2 =  -43.97338,  -43.96866       
# span 3 =  -53.14692,  -53.14556       
# span 4 =     -0.166,      1.453       
# span 5 =       0.00,    1508.42       
# span 6 =      3.000,   1059.000       
# span 7 =      2.971,   1047.827       
# span 8 =     3.7707,    14.2144       
# span 9 =     3.7720,    14.2153       
# span 10 =    -0.0202,     0.0100      
# span 11 =     3.6925,    14.2091      
# span 12 =     3.6937,    14.2080      
# span 13 =    -0.0201,     0.0100      
# span 14 =   3.216293,   4.295014      
# span 15 =   3.216781,   4.295667      
# span 16 =  -0.001691,   0.001819      
# span 17 =    34.1936,    35.6743      
# span 18 =    34.1978,    35.6801      
# span 19 =     4.8322,     5.8359      
# span 20 =    26.6621,    27.1971      
# span 21 =    26.6670,    27.2003      
# span 22 =    34.1902,    35.6743      
# span 23 =    26.6621,    27.1968      
# span 24 =    1481.81,    1511.00      
# span 25 =    1481.82,    1511.02      
# span 26 =     3.6923,    14.2091      
# span 27 =  1026.6793,  1032.0808      
# span 28 =    34.3548,    35.8431      
# span 29 = 0.0000e+00, 0.0000e+00      
# interval = decibars: 1                
# start_time = Oct 20 2019 12:04:22 [NMEA time, header]
# bad_flag = -9.990e-29
*END*
[from data line 967]
      30603 293.517790  -43.97230  -53.14588      1.024    1498.04    970.000    959.974     4.1319     4.1336     0.0017     4.0582     4.0599     0.0017   3.243777   3.244279   0.000505    34.2157    34.2199     5.4198    27.1562    27.1594    34.2146    27.1554    1482.11    1482.12     4.0580  1031.6242    34.3795 0.0000e+00
      30624 293.517801  -43.97231  -53.14587      1.105    1498.04    971.000    960.962     4.1331     4.1346     0.0016     4.0593     4.0608     0.0015   3.243966   3.244456   0.000489    34.2161    34.2202     5.4164    27.1564    27.1596    34.2151    27.1557    1482.14    1482.15     4.0591  1031.6291    34.3800 0.0000e+00
      30648 293.517812  -43.97232  -53.14586      1.067    1498.04    972.000    961.949     4.1244     4.1261     0.0017     4.0506     4.0523     0.0017   3.243052   3.243561   0.000507    34.2152    34.2194     5.4165    27.1566    27.1598    34.2129    27.1548    1482.11    1482.13     4.0504  1031.6329    34.3778 0.0000e+00
      30675 293.517825  -43.97232  -53.14586      0.937    1498.04    973.000    962.937     4.1172     4.1189     0.0016     4.0434     4.0450     0.0016   3.242759   3.243252   0.000496    34.2168    34.2210     5.4211    27.1587    27.1618    34.2163    27.1583    1482.10    1482.12     4.0432  1031.6412    34.3812 0.0000e+00
      30699 293.517837  -43.97234  -53.14586      0.926    1498.04    974.000    963.924     4.1149     4.1166     0.0017     4.0409     4.0427     0.0017   3.242445   3.242975   0.000527    34.2174    34.2218     5.4162    27.1594    27.1626    34.2146    27.1571    1482.11    1482.12     4.0408  1031.6447    34.3795 0.0000e+00
      30721 293.517847  -43.97234  -53.14586      1.031    1498.04    975.000    964.911     4.0970     4.0986     0.0016     4.0231     4.0247     0.0016   3.240994   3.241483   0.000491    34.2172    34.2214     5.4155    27.1611    27.1642    34.2155    27.1597    1482.05    1482.06     4.0229  1031.6522    34.3804 0.0000e+00
      30741 293.517857  -43.97234  -53.14586      1.136    1498.04    976.000    965.899     4.0955     4.0972     0.0017     4.0215     4.0233     0.0017   3.240973   3.241476   0.000501    34.2175    34.2216     5.4027    27.1615    27.1646    34.2163    27.1605    1482.06    1482.07     4.0214  1031.6576    34.3812 0.0000e+00
      30760 293.517866  -43.97235  -53.14586      1.203    1498.04    977.000    966.886     4.0958     4.0972     0.0013     4.0218     4.0231     0.0013   3.241041   3.241503   0.000469    34.2182    34.2223     5.3888    27.1620    27.1651    34.2163    27.1605    1482.08    1482.09     4.0216  1031.6621    34.3812 0.0000e+00
      30779 293.517875  -43.97236  -53.14586      1.248    1498.04    978.000    967.874     4.0737     4.0749     0.0011     3.9998     4.0009     0.0011   3.238758   3.239223   0.000461    34.2161    34.2204     5.3925    27.1626    27.1659    34.2118    27.1592    1482.00    1482.01     3.9996  1031.6660    34.3767 0.0000e+00
      30797 293.517884  -43.97236  -53.14586      1.302    1498.04    979.000    968.861     4.0615     4.0633     0.0018     3.9876     3.9894     0.0018   3.237956   3.238463   0.000504    34.2167    34.2208     5.3937    27.1643    27.1674    34.2145    27.1625    1481.97    1481.98     3.9874  1031.6732    34.3781 0.0000e+00
      30815 293.517892 -9.990e-29  -53.14586      1.339    1498.04    980.000    969.848     4.0600     4.0619     0.0019     3.9861     3.9879     0.0019   3.237871   3.238393   0.000522    34.2164    34.2205     5.3878    27.1642    27.1673    34.2145    27.1627    1481.98    1481.99     3.9859  1031.6764    34.3762 0.0000e+00
      30834 293.517902 -9.990e-29  -53.14586      1.309    1498.04    981.000    970.835     4.0583     4.0599     0.0016     3.9842     3.9859     0.0016   3.237732   3.238223   0.000495    34.2160    34.2201     5.3830    27.1641    27.1672    34.2142    27.1627    1481.99    1482.00     3.9840  1031.6810    34.3759 0.0000e+00
      30859 293.517914 -9.990e-29  -53.14585      1.112    1498.04    982.000    971.823     4.0568     4.0583     0.0015     3.9827     3.9842     0.0015   3.237659   3.238141   0.000482    34.2158    34.2199     5.3858    27.1641    27.1672    34.2143    27.1629    1482.00    1482.01     3.9825  1031.6858    34.3760 0.0000e+00
      30890 293.517929  -43.97238  -53.14584      0.815    1498.04    983.000    972.810     4.0556     4.0571     0.0015     3.9814     3.9829     0.0015   3.237574   3.238063   0.000489    34.2154    34.2197     5.3980    27.1639    27.1671    34.2141    27.1629    1482.01    1482.02     3.9812  1031.6909    34.3764 0.0000e+00
      30918 293.517942  -43.97240  -53.14584      0.808    1498.04    984.000    973.798     4.0529     4.0542     0.0013     3.9786     3.9799     0.0013   3.237337   3.237804   0.000472    34.2151    34.2193     5.4046    27.1640    27.1672    34.2136    27.1628    1482.01    1482.02     3.9784  1031.6975    34.3786 0.0000e+00
      30939 293.517952  -43.97240  -53.14584      0.975    1498.04    985.000    974.785     4.0442     4.0459     0.0017     3.9699     3.9716     0.0017   3.236460   3.236974   0.000504    34.2143    34.2185     5.4068    27.1643    27.1674    34.2118    27.1622    1481.99    1482.00     3.9697  1031.7017    34.3767 0.0000e+00
      30958 293.517962  -43.97241  -53.14584      1.149    1498.04    986.000    975.772     4.0333     4.0351     0.0017     3.9591     3.9608     0.0017   3.235568   3.236082   0.000511    34.2140    34.2182     5.4092    27.1651    27.1683    34.2120    27.1635    1481.96    1481.97     3.9588  1031.7078    34.3770 0.0000e+00
      30976 293.517970  -43.97242  -53.14584      1.285    1498.04    987.000    976.759     4.0299     4.0320     0.0020     3.9556     3.9576     0.0020   3.235346   3.235874   0.000533    34.2140    34.2181     5.4087    27.1654    27.1685    34.2124    27.1642    1481.97    1481.98     3.9554  1031.7132    34.3774 0.0000e+00
      30994 293.517979  -43.97242  -53.14584      1.352    1498.04    988.000    977.747     4.0280     4.0296     0.0016     3.9536     3.9552     0.0015   3.235244   3.235732   0.000489    34.2143    34.2184     5.4089    27.1658    27.1690    34.2127    27.1646    1481.97    1481.99     3.9534  1031.7182    34.3777 0.0000e+00
      31013 293.517988  -43.97242  -53.14584      1.328    1498.04    989.000    978.734     4.0256     4.0273     0.0016     3.9512     3.9528     0.0016   3.235169   3.235656   0.000496    34.2148    34.2189     5.4131    27.1665    27.1696    34.2138    27.1657    1481.98    1482.00     3.9510  1031.7239    34.3788 0.0000e+00
      31034 293.517998  -43.97244  -53.14584      1.208    1498.04    990.000    979.721     4.0326     4.0342     0.0016     3.9580     3.9596     0.0015   3.236097   3.236581   0.000476    34.2170    34.2210     5.4141    27.1676    27.1706    34.2170    27.1676    1482.03    1482.04     3.9578  1031.7301    34.3820 0.0000e+00
      31059 293.518010  -43.97244  -53.14584      1.029    1498.04    991.000    980.708     4.0470     4.0486     0.0016     3.9722     3.9738     0.0016   3.237873   3.238347   0.000474    34.2210    34.2249     5.4130    27.1693    27.1723    34.2224    27.1704    1482.11    1482.13     3.9720  1031.7371    34.3875 0.0000e+00
      31084 293.518022  -43.97246  -53.14582      0.949    1498.04    992.000    981.696     4.0537     4.0557     0.0019     3.9788     3.9807     0.0019   3.238528   3.239056   0.000526    34.2231    34.2273     5.4057    27.1703    27.1734    34.2227    27.1700    1482.16    1482.18     3.9786  1031.7411    34.3878 0.0000e+00
      31105 293.518033  -43.97246  -53.14582      1.032    1498.04    993.000    982.683     4.0518     4.0533     0.0015     3.9768     3.9783     0.0015   3.238389   3.238891   0.000497    34.2231    34.2274     5.3925    27.1705    27.1738    34.2226    27.1701    1482.17    1482.18     3.9766  1031.7458    34.3876 0.0000e+00
      31125 293.518042  -43.97246  -53.14582      1.162    1498.04    994.000    983.670     4.0466     4.0482     0.0017     3.9715     3.9732     0.0017   3.238020   3.238519   0.000505    34.2235    34.2277     5.3654    27.1714    27.1745    34.2231    27.1711    1482.16    1482.18     3.9713  1031.7515    34.3882 0.0000e+00
      31143 293.518051  -43.97247  -53.14582      1.254    1498.04    995.000    984.658     4.0456     4.0472     0.0015     3.9705     3.9720     0.0015   3.237997   3.238478   0.000479    34.2237    34.2278     5.3370    27.1716    27.1747    34.2234    27.1714    1482.18    1482.19     3.9703  1031.7563    34.3884 0.0000e+00
      31164 293.518061  -43.97248  -53.14582      1.229    1498.04    996.000    985.645     4.0444     4.0459     0.0015     3.9692     3.9707     0.0015   3.237949   3.238430   0.000480    34.2239    34.2279     5.3176    27.1719    27.1750    34.2236    27.1717    1482.19    1482.20     3.9690  1031.7612    34.3886 0.0000e+00
      31190 293.518073  -43.97248  -53.14582      1.047    1498.04    997.000    986.632     4.0431     4.0447     0.0016     3.9678     3.9694     0.0016   3.237864   3.238356   0.000492    34.2239    34.2280     5.3125    27.1721    27.1752    34.2234    27.1717    1482.20    1482.21     3.9676  1031.7659    34.3885 0.0000e+00
      31216 293.518086  -43.97249  -53.14582      0.907    1498.04    998.000    987.619     4.0393     4.0410     0.0016     3.9640     3.9656     0.0016   3.237612   3.238111   0.000498    34.2243    34.2284     5.3149    27.1728    27.1759    34.2238    27.1724    1482.20    1482.21     3.9638  1031.7712    34.3889 0.0000e+00
      31238 293.518097  -43.97250  -53.14582      0.983    1498.04    999.000    988.606     4.0346     4.0362     0.0016     3.9593     3.9608     0.0015   3.237196   3.237691   0.000497    34.2243    34.2286     5.3146    27.1733    27.1765    34.2233    27.1725    1482.20    1482.21     3.9590  1031.7760    34.3884 0.0000e+00
      31258 293.518106  -43.97250  -53.14582      1.125    1498.04   1000.000    989.594     4.0283     4.0297     0.0014     3.9529     3.9543     0.0014   3.236695   3.237184   0.000489    34.2246    34.2289     5.3156    27.1741    27.1774    34.2235    27.1732    1482.19    1482.20     3.9527  1031.7815    34.3885 0.0000e+00
      31277 293.518115  -43.97252  -53.14582      1.228    1498.04   1001.000    990.581     4.0235     4.0250     0.0015     3.9481     3.9495     0.0015   3.236356   3.236851   0.000493    34.2248    34.2290     5.3134    27.1748    27.1780    34.2239    27.1741    1482.18    1482.20     3.9478  1031.7870    34.3890 0.0000e+00
      31297 293.518125  -43.97252  -53.14580      1.232    1498.04   1002.000    991.568     4.0220     4.0235     0.0015     3.9465     3.9479     0.0015   3.236324   3.236820   0.000497    34.2252    34.2295     5.3103    27.1753    27.1786    34.2246    27.1748    1482.20    1482.21     3.9463  1031.7923    34.3897 0.0000e+00
      31320 293.518136  -43.97252  -53.14580      1.117    1498.04   1003.000    992.555     4.0221     4.0236     0.0016     3.9464     3.9480     0.0016   3.236416   3.236912   0.000496    34.2256    34.2298     5.3085    27.1756    27.1788    34.2251    27.1752    1482.21    1482.23     3.9463  1031.7972    34.3902 0.0000e+00
      31344 293.518148  -43.97253  -53.14580      1.015    1498.04   1004.000    993.543     4.0212     4.0228     0.0016     3.9455     3.9471     0.0016   3.236431   3.236927   0.000494    34.2262    34.2304     5.3047    27.1762    27.1793    34.2257    27.1758    1482.23    1482.24     3.9453  1031.8024    34.3908 0.0000e+00
      31366 293.518158  -43.97254  -53.14580      1.045    1498.04   1005.000    994.530     4.0206     4.0223     0.0017     3.9449     3.9466     0.0017   3.236436   3.236932   0.000499    34.2263    34.2304     5.3027    27.1763    27.1794    34.2258    27.1759    1482.24    1482.26     3.9447  1031.8071    34.3909 0.0000e+00
      31387 293.518169  -43.97254  -53.14580      1.108    1498.04   1006.000    995.517     4.0138     4.0159     0.0021     3.9379     3.9401     0.0021   3.235689   3.236213   0.000528    34.2254    34.2294     5.3063    27.1763    27.1793    34.2237    27.1749    1482.23    1482.24     3.9378  1031.8109    34.3888 0.0000e+00
      31411 293.518180  -43.97255  -53.14580      1.070    1498.04   1007.000    996.504     4.0033     4.0053     0.0021     3.9274     3.9295     0.0020   3.234779   3.235289   0.000540    34.2247    34.2289     5.3020    27.1768    27.1800    34.2233    27.1757    1482.20    1482.21     3.9273  1031.8165    34.3884 0.0000e+00
      31441 293.518194  -43.97256  -53.14580      0.874    1498.04   1008.000    997.491     3.9868     3.9865    -0.0003     3.9110     3.9107    -0.0003   3.233152   3.233510   0.000332    34.2230    34.2272     5.2969    27.1772    27.1805    34.2207    27.1753    1482.14    1482.15     3.9108  1031.8211    34.3858 0.0000e+00
      31469 293.518208  -43.97256  -53.14580      0.804    1498.04   1009.000    998.479     3.9783     3.9799     0.0016     3.9026     3.9041     0.0016   3.232496   3.232993   0.000502    34.2227    34.2270     5.2992    27.1778    27.1810    34.2212    27.1766    1482.13    1482.14     3.9023  1031.8272    34.3863 0.0000e+00
      31492 293.518219  -43.97258  -53.14580      0.938    1498.04   1010.000    999.466     3.9766     3.9781     0.0015     3.9008     3.9022     0.0015   3.232357   3.232848   0.000486    34.2224    34.2266     5.3056    27.1778    27.1809    34.2209    27.1765    1482.13    1482.15     3.9006  1031.8317    34.3860 0.0000e+00
      31513 293.518229  -43.97258  -53.14580      1.088    1498.04   1011.000   1000.453     3.9675     3.9689     0.0015     3.8916     3.8931     0.0015   3.231558   3.232056   0.000497    34.2222    34.2266     5.3184    27.1785    27.1818    34.2204    27.1771    1482.11    1482.12     3.8914  1031.8370    34.3855 0.0000e+00
      31533 293.518239  -43.97259  -53.14580      1.169    1498.04   1012.000   1001.440     3.9652     3.9669     0.0017     3.8893     3.8910     0.0017   3.231450   3.231991   0.000519    34.2225    34.2268     5.3290    27.1790    27.1823    34.2210    27.1777    1482.12    1482.13     3.8891  1031.8423    34.3861 0.0000e+00
      31553 293.518249  -43.97260  -53.14579      1.191    1498.04   1013.000   1002.427     3.9594     3.9613     0.0019     3.8835     3.8853     0.0019   3.230949   3.231456   0.000529    34.2221    34.2264     5.3300    27.1792    27.1824    34.2206    27.1780    1482.11    1482.13     3.8833  1031.8473    34.3857 0.0000e+00
      31572 293.518258  -43.97260  -53.14578      1.222    1498.04   1014.000   1003.414     3.9563     3.9574     0.0011     3.8803     3.8814     0.0011   3.230674   3.231115   0.000441    34.2219    34.2259     5.3270    27.1794    27.1825    34.2200    27.1779    1482.12    1482.12     3.8801  1031.8518    34.3851 0.0000e+00
      31590 293.518266  -43.97260  -53.14578      1.287    1498.04   1015.000   1004.402     3.9503     3.9517     0.0015     3.8742     3.8757     0.0015   3.230167   3.230661   0.000493    34.2215    34.2258     5.3217    27.1797    27.1830    34.2198    27.1784    1482.11    1482.12     3.8740  1031.8570    34.3850 0.0000e+00
      31608 293.518275  -43.97262  -53.14578      1.328    1498.04   1016.000   1005.389     3.9465     3.9482     0.0017     3.8704     3.8721     0.0017   3.229874   3.230384   0.000508    34.2213    34.2255     5.3209    27.1799    27.1831    34.2198    27.1787    1482.11    1482.12     3.8702  1031.8620    34.3849 0.0000e+00
      31629 293.518285  -43.97262  -53.14578      1.254    1498.04   1017.000   1006.376     3.9441     3.9456     0.0015     3.8680     3.8694     0.0015   3.229709   3.230192   0.000483    34.2212    34.2253     5.3208    27.1801    27.1832    34.2198    27.1790    1482.11    1482.12     3.8678  1031.8669    34.3849 0.0000e+00
