Pos-Processados/process_op38/Processamento_split/down/doperantar38_016.cnv
* Sea-Bird SBE 9 Data File:
* FileName = D:\OPERANTAR_XXXVIII\DADOS\OP38_016.hdr
* Software Version Seasave V 7.18c
* Temperature SN = 4808
* Conductivity SN = 3380
* Number of Bytes Per Scan = 34
* Number of Voltage Words = 3
* Number of Scans Averaged by the Deck Unit = 1
* NMEA Latitude = 62 13.34 S
* NMEA Longitude = 058 12.68 W
* NMEA UTC (Time) = Nov 05 2019 11:56:34
** H41
** NAVIO POLAR ALMIRANTE MAXIMIANO
** CRUZEIRO:
** OPERANTAR XXXVIII
** ESTAÇÃO: OP38_016
** LAT 62 13,33' S
** LONG 058 12,65' W
** 09P73767-1155_A
** PROFUNDIDADE: 310
** DATA/HORA: 051157Z/NOV/2019
** OPERADOR: SO-HN CHAVES
# nquan = 32
# nvalues = 285                         
# units = specified
# name 0 = scan: Scan Count
# name 1 = timeJ: Julian Days
# name 2 = latitude: Latitude [deg]
# name 3 = longitude: Longitude [deg]
# name 4 = dz/dtM: Descent Rate [m/s]
# name 5 = avgsvCM: Average Sound Velocity [Chen-Millero, m/s]
# name 6 = prDM: Pressure, Digiquartz [db]
# name 7 = depSM: Depth [salt water, m]
# name 8 = t090C: Temperature [ITS-90, deg C]
# name 9 = t190C: Temperature, 2 [ITS-90, deg C]
# name 10 = T2-T190C: Temperature Difference, 2 - 1 [ITS-90, deg C]
# name 11 = potemp090C: Potential Temperature [ITS-90, deg C]
# name 12 = potemp190C: Potential Temperature, 2 [ITS-90, deg C]
# name 13 = potemp90Cdiff: Potential Temperature, Diff, 2 - 1 [ITS-90, deg C]
# name 14 = c0S/m: Conductivity [S/m]
# name 15 = c1S/m: Conductivity, 2 [S/m]
# name 16 = C2-C1S/m: Conductivity Difference, 2 - 1 [S/m]
# name 17 = sal00: Salinity, Practical [PSU]
# name 18 = sal11: Salinity, Practical, 2 [PSU]
# name 19 = sbeox0ML/L: Oxygen, SBE 43 [ml/l]
# name 20 = sbeox1ML/L: Oxygen, SBE 43, 2 [ml/l]
# name 21 = sbeox0ML/Ldiff: Oxygen, SBE 43, Diff, 2 - 1 [ml/l]
# name 22 = sigma-é00: Density [sigma-theta, kg/m^3]
# name 23 = sigma-é11: Density, 2 [sigma-theta, kg/m^3]
# name 24 = sal00: Salinity, Practical [PSU]
# name 25 = sigma-é00: Density [sigma-theta, kg/m^3]
# name 26 = svCM: Sound Velocity [Chen-Millero, m/s]
# name 27 = svCM1: Sound Velocity, 2 [Chen-Millero, m/s]
# name 28 = gsw_ptA0: potential temperature [ITS-90, deg C]
# name 29 = gsw_densityA0: density, TEOS-10 [density, kg/m^3]
# name 30 = gsw_saA0: Absolute Salinity [g/kg]
# name 31 = flag:
# span 0 =       3411,      15070       
# span 1 = 309.499260, 309.504883       
# span 2 =  -62.22236,  -62.22234       
# span 3 =  -58.21135,  -58.21132       
# span 4 =     -0.096,      1.283       
# span 5 =       0.00,    1446.63       
# span 6 =      1.000,    285.000       
# span 7 =      0.986,    282.064       
# span 8 =    -0.9473,    -0.1654       
# span 9 =    -0.9467,    -0.1602       
# span 10 =    -0.0075,     0.0194      
# span 11 =    -0.9506,    -0.1757      
# span 12 =    -0.9501,    -0.1705      
# span 13 =    -0.0074,     0.0194      
# span 14 =   2.769017,   2.860464      
# span 15 =   2.769448,   2.861454      
# span 16 =  -0.000251,   0.001881      
# span 17 =    34.1572,    34.4389      
# span 18 =    34.1633,    34.4453      
# span 19 =     5.9192,     7.6371      
# span 20 =     5.6602,     7.3564      
# span 21 =    -0.3372,    -0.1867      
# span 22 =    27.4601,    27.6623      
# span 23 =    27.4647,    27.6671      
# span 24 =    34.1560,    34.4393      
# span 25 =    27.4596,    27.6631      
# span 26 =    1444.49,    1452.26      
# span 27 =    1444.50,    1452.30      
# span 28 =    -0.9505,    -0.1755      
# span 29 =  1027.4691,  1029.0243      
# span 30 =    34.3207,    34.6076      
# span 31 = 0.0000e+00, 0.0000e+00      
# interval = decibars: 1                
# start_time = Nov 05 2019 11:56:34 [NMEA time, header]
# bad_flag = -9.990e-29
*END*
[from data line 272]
      13033 309.503901  -62.22236  -58.21132      0.426    1446.63    273.000    270.201    -0.2709    -0.2721    -0.0012    -0.2805    -0.2817    -0.0012   2.850010   2.850343   0.000319    34.4271    34.4327     6.0156     5.7464    -0.2692    27.6579    27.6625    34.4263    27.6572    1451.56    1451.56    -0.2803  1028.9629    34.5945 0.0000e+00
      13093 309.503930  -62.22236  -58.21132      0.395    1446.63    274.000    271.190    -0.2805    -0.2805    -0.0000    -0.2900    -0.2900    -0.0000   2.849252   2.849653   0.000413    34.4269    34.4325     6.0283     5.7494    -0.2790    27.6582    27.6627    34.4263    27.6577    1451.53    1451.54    -0.2899  1028.9682    34.5945 0.0000e+00
      13453 309.504103  -62.22236  -58.21133      0.265    1446.63    275.000    272.181    -0.2698    -0.2730    -0.0033    -0.2794    -0.2827    -0.0033   2.850404   2.850494   0.000096    34.4285    34.4335     6.0403     5.7649    -0.2754    27.6589    27.6631    34.4290    27.6594    1451.60    1451.59    -0.2792  1028.9745    34.5972 0.0000e+00
      13902 309.504319  -62.22236  -58.21134      0.351    1446.63    276.000    273.168    -0.2422    -0.2396     0.0026    -0.2519    -0.2493     0.0026   2.853115   2.853793   0.000664    34.4315    34.4374     6.0216     5.7646    -0.2570    27.6600    27.6647    34.4334    27.6616    1451.75    1451.77    -0.2517  1028.9812    34.6016 0.0000e+00
      13978 309.504356  -62.22236  -58.21133      0.303    1446.63    277.000    274.157    -0.2242    -0.2242     0.0000    -0.2340    -0.2340     0.0000   2.854824   2.855231   0.000420    34.4338    34.4394     5.9836     5.7298    -0.2539    27.6610    27.6655    34.4353    27.6623    1451.86    1451.86    -0.2338  1028.9865    34.6035 0.0000e+00
      14046 309.504389  -62.22236  -58.21132      0.380    1446.63    278.000    275.146    -0.2135    -0.2018     0.0117    -0.2234    -0.2117     0.0117   2.855716   2.857284   0.001479    34.4343    34.4408     5.9674     5.6973    -0.2701    27.6609    27.6655    34.4346    27.6611    1451.92    1451.99    -0.2232  1028.9900    34.6028 0.0000e+00
      14110 309.504420  -62.22236  -58.21132      0.359    1446.63    279.000    276.135    -0.2173    -0.2170     0.0003    -0.2271    -0.2269     0.0002   2.855578   2.855958   0.000431    34.4349    34.4404     5.9546     5.6842    -0.2704    27.6616    27.6660    34.4363    27.6627    1451.92    1451.93    -0.2270  1028.9964    34.6046 0.0000e+00
      14185 309.504456  -62.22236  -58.21132      0.332    1446.63    280.000    277.125    -0.1966    -0.2041    -0.0075    -0.2066    -0.2141    -0.0074   2.857502   2.857229  -0.000251    34.4363    34.4414     5.9602     5.6842    -0.2760    27.6617    27.6662    34.4381    27.6631    1452.04    1452.01    -0.2065  1029.0014    34.6063 0.0000e+00
      14232 309.504479  -62.22236  -58.21132      0.501    1446.63    281.000    278.113    -0.1986    -0.2003    -0.0017    -0.2086    -0.2103    -0.0017   2.857239   2.857475   0.000251    34.4361    34.4413     5.9453     5.6837    -0.2616    27.6616    27.6659    34.4362    27.6617    1452.04    1452.04    -0.2085  1029.0047    34.6045 0.0000e+00
      14305 309.504514  -62.22236  -58.21132      0.293    1446.63    282.000    279.102    -0.1987    -0.2014    -0.0027    -0.2087    -0.2114    -0.0027   2.857336   2.857521   0.000175    34.4365    34.4419     5.9329     5.6662    -0.2667    27.6619    27.6665    34.4370    27.6623    1452.06    1452.05    -0.2086  1029.0101    34.6052 0.0000e+00
      14364 309.504542  -62.22236  -58.21132      0.457    1446.63    283.000    280.091    -0.2007    -0.1996     0.0011    -0.2108    -0.2097     0.0010   2.857151   2.857697   0.000510    34.4362    34.4418     5.9351     5.6750    -0.2601    27.6618    27.6663    34.4362    27.6618    1452.06    1452.08    -0.2106  1029.0143    34.6044 0.0000e+00
      14404 309.504562  -62.22236  -58.21132      0.588    1446.63    284.000    281.080    -0.2129    -0.2098     0.0031    -0.2230    -0.2199     0.0031   2.856178   2.856839   0.000660    34.4361    34.4413     5.9360     5.6682    -0.2678    27.6623    27.6664    34.4364    27.6626    1452.02    1452.05    -0.2229  1029.0200    34.6047 0.0000e+00
      15070 309.504883  -62.22236  -58.21132     -0.021    1446.63    285.000    282.064    -0.1654    -0.1602     0.0052    -0.1757    -0.1705     0.0052   2.860464   2.861454   0.000922    34.4389    34.4453     5.9192     5.6602    -0.2590    27.6622    27.6671    34.4393    27.6626    1452.26    1452.30    -0.1755  1029.0243    34.6076 0.0000e+00
