Pos-Processados/process_op42/Processamento_split/down/doperantar42_010.cnv
* Sea-Bird SBE 9 Data File:
* FileName = C:\Users\Hidrografia\Desktop\OPXLII\Brutos\OP42010.hdr
* Software Version Seasave V 7.26.7.107
* Temperature SN = 6502
* Conductivity SN = 4998
* Number of Bytes Per Scan = 31
* Number of Voltage Words = 2
* Number of Scans Averaged by the Deck Unit = 1
* NMEA Latitude = 44 13.49 S
* NMEA Longitude = 056 00.10 W
* NMEA UTC (Time) = Oct 19 2023 00:22:47
* NMEA baud rate = 4800
** H41
** NPOALTEMAXIMIANO
** NUMERO DA ESTACAO (XXX) 010
** LAT (XX XX.XX S/N) 44 13.210 S
** LONG (XXX XX.XX W/E) 055 59.942 W
** DATAHORA (dd/mm/aaaa hh:mm Z) 18/10/2023 0022Z
** PROFUNDIDADE (m) 5179
** OPERADOR CT FABIREZA
# nquan = 30
# nvalues = 1013                        
# units = specified
# name 0 = scan: Scan Count
# name 1 = timeJ: Julian Days
# name 2 = latitude: Latitude [deg]
# name 3 = longitude: Longitude [deg]
# name 4 = dz/dtM: Descent Rate [m/s]
# name 5 = avgsvCM: Average Sound Velocity [Chen-Millero, m/s]
# name 6 = prDM: Pressure, Digiquartz [db]
# name 7 = depSM: Depth [salt water, m]
# name 8 = t090C: Temperature [ITS-90, deg C]
# name 9 = t190C: Temperature, 2 [ITS-90, deg C]
# name 10 = T2-T190C: Temperature Difference, 2 - 1 [ITS-90, deg C]
# name 11 = potemp090C: Potential Temperature [ITS-90, deg C]
# name 12 = potemp190C: Potential Temperature, 2 [ITS-90, deg C]
# name 13 = potemp90Cdiff: Potential Temperature, Diff, 2 - 1 [ITS-90, deg C]
# name 14 = c0S/m: Conductivity [S/m]
# name 15 = c1S/m: Conductivity, 2 [S/m]
# name 16 = C2-C1S/m: Conductivity Difference, 2 - 1 [S/m]
# name 17 = sal00: Salinity, Practical [PSU]
# name 18 = sal11: Salinity, Practical, 2 [PSU]
# name 19 = sbeox0ML/L: Oxygen, SBE 43 [ml/l]
# name 20 = sigma-é00: Density [sigma-theta, kg/m^3]
# name 21 = sigma-é11: Density, 2 [sigma-theta, kg/m^3]
# name 22 = sal00: Salinity, Practical [PSU]
# name 23 = sigma-é00: Density [sigma-theta, kg/m^3]
# name 24 = svCM: Sound Velocity [Chen-Millero, m/s]
# name 25 = svCM1: Sound Velocity, 2 [Chen-Millero, m/s]
# name 26 = gsw_ptA0: potential temperature [ITS-90, deg C]
# name 27 = gsw_densityA0: density, TEOS-10 [density, kg/m^3]
# name 28 = gsw_saA0: Absolute Salinity [g/kg]
# name 29 = flag:
# span 0 =       2814,      30655       
# span 1 = 292.017178, 292.030605       
# span 2 =  -44.23053,  -44.22546       
# span 3 =  -56.00561,  -56.00222       
# span 4 =     -0.131,      1.491       
# span 5 =       0.00,    1499.70       
# span 6 =      1.000,   1013.000       
# span 7 =      0.997,   1002.394       
# span 8 =     3.0521,    13.1216       
# span 9 =     3.0531,    13.1221       
# span 10 =    -0.0441,     0.0145      
# span 11 =     2.9845,    13.1204      
# span 12 =     2.9854,    13.1209      
# span 13 =    -0.0440,     0.0145      
# span 14 =   3.163075,   4.126437      
# span 15 =   3.163094,   4.126571      
# span 16 =  -0.011344,   0.003346      
# span 17 =    34.1219,    35.1906      
# span 18 =    34.1218,    35.1701      
# span 19 =     4.3479,     6.5547      
# span 20 =    26.4996,    27.3940      
# span 21 =    26.5002,    27.3937      
# span 22 =    34.1199,    35.1698      
# span 23 =    26.4998,    27.3939      
# span 24 =    1473.81,    1500.95      
# span 25 =    1473.81,    1500.96      
# span 26 =     2.9844,    13.1204      
# span 27 =  1026.5090,  1032.0855      
# span 28 =    34.2822,    35.3359      
# span 29 = 0.0000e+00, 0.0000e+00      
# interval = decibars: 1                
# start_time = Oct 19 2023 00:22:47 [NMEA time, header]
# bad_flag = -9.990e-29
*END*
[from data line 726]
      22667 292.026752  -44.22908  -56.00486      1.039    1480.59    727.000    719.887     3.4262     3.4266     0.0004     3.3763     3.3767     0.0004   3.170736   3.171039   0.000290    34.2040    34.2070     5.4261    27.2147    27.2171    34.2063    27.2166    1475.12    1475.12     3.3762  1030.5887    34.3707 0.0000e+00
      22693 292.026765  -44.22908  -56.00486      0.961    1480.59    728.000    720.876     3.4374     3.4382     0.0008     3.3874     3.3882     0.0008   3.172077   3.172252   0.000179    34.2085    34.2098     5.4188    27.2172    27.2182    34.2101    27.2185    1475.19    1475.19     3.3873  1030.5950    34.3745 0.0000e+00
      22723 292.026779  -44.22909  -56.00486      0.838    1480.59    729.000    721.864     3.4482     3.4493     0.0011     3.3981     3.3992     0.0011   3.173266   3.173468   0.000201    34.2107    34.2119     5.4091    27.2179    27.2188    34.2125    27.2194    1475.25    1475.26     3.3979  1030.6003    34.3770 0.0000e+00
      22750 292.026793  -44.22910  -56.00486      0.840    1480.59    730.000    722.853     3.4641     3.4650     0.0009     3.4137     3.4146     0.0009   3.174922   3.175195   0.000273    34.2128    34.2151     5.3741    27.2181    27.2198    34.2152    27.2201    1475.34    1475.35     3.4136  1030.6052    34.3797 0.0000e+00
      22775 292.026805  -44.22910  -56.00486      0.928    1480.59    731.000    723.841     3.4742     3.4751     0.0009     3.4238     3.4247     0.0009   3.176116   3.176277   0.000166    34.2161    34.2171     5.3477    27.2198    27.2205    34.2183    27.2216    1475.40    1475.41     3.4237  1030.6111    34.3828 0.0000e+00
      22798 292.026816  -44.22911  -56.00487      1.006    1480.59    732.000    724.830     3.4758     3.4764     0.0007     3.4252     3.4259     0.0007   3.176430   3.176423   0.000016    34.2193    34.2188     5.3310    27.2222    27.2218    34.2200    27.2228    1475.43    1475.43     3.4251  1030.6168    34.3845 0.0000e+00
      22821 292.026827  -44.22912  -56.00488      1.036    1480.59    733.000    725.818     3.4622     3.4629     0.0007     3.4116     3.4123     0.0007   3.175377   3.175288  -0.000102    34.2210    34.2191     5.3128    27.2249    27.2233    34.2211    27.2249    1475.39    1475.39     3.4116  1030.6238    34.3855 0.0000e+00
      22845 292.026839  -44.22912  -56.00488      1.018    1480.59    734.000    726.806     3.4588     3.4596     0.0007     3.4083     3.4090     0.0007   3.175040   3.175048   0.000005    34.2197    34.2190     5.2839    27.2242    27.2235    34.2200    27.2244    1475.39    1475.39     3.4081  1030.6280    34.3845 0.0000e+00
      22872 292.026851  -44.22912  -56.00488      0.942    1480.59    735.000    727.795     3.4571     3.4578     0.0007     3.4064     3.4071     0.0007   3.174915   3.174917   0.000007    34.2196    34.2189     5.2662    27.2242    27.2237    34.2198    27.2245    1475.40    1475.40     3.4063  1030.6327    34.3843 0.0000e+00
      22899 292.026865  -44.22914  -56.00488      0.873    1480.59    736.000    728.783     3.4489     3.4509     0.0020     3.3982     3.4002     0.0020   3.174223   3.174261   0.000037    34.2203    34.2187     5.2643    27.2256    27.2241    34.2196    27.2250    1475.38    1475.39     3.3981  1030.6380    34.3841 0.0000e+00
      22924 292.026876  -44.22914  -56.00488      0.930    1480.59    737.000    729.772     3.4388     3.4398     0.0010     3.3881     3.3891     0.0010   3.173305   3.173256  -0.000049    34.2198    34.2181     5.2713    27.2261    27.2247    34.2186    27.2252    1475.35    1475.36     3.3880  1030.6430    34.3831 0.0000e+00
      22946 292.026887  -44.22914  -56.00488      1.038    1480.59    738.000    730.760     3.4285     3.4294     0.0009     3.3778     3.3787     0.0009   3.172325   3.172281  -0.000038    34.2190    34.2176     5.2747    27.2265    27.2253    34.2172    27.2251    1475.32    1475.33     3.3777  1030.6477    34.3817 0.0000e+00
      22968 292.026898  -44.22914  -56.00488      1.092    1480.59    739.000    731.749     3.3991     3.3995     0.0004     3.3485     3.3489     0.0004   3.169703   3.169477  -0.000228    34.2198    34.2167     5.2804    27.2299    27.2274    34.2160    27.2269    1475.21    1475.21     3.3484  1030.6547    34.3805 0.0000e+00
      22995 292.026911  -44.22914  -56.00490      0.974    1480.59    740.000    732.737     3.3819     3.3825     0.0006     3.3313     3.3319     0.0006   3.168162   3.168072  -0.000092    34.2173    34.2156     5.2870    27.2296    27.2281    34.2151    27.2278    1475.16    1475.15     3.3312  1030.6605    34.3796 0.0000e+00
      23030 292.026928  -44.22916  -56.00490      0.701    1480.59    741.000    733.726     3.3718     3.3712    -0.0007     3.3212     3.3206    -0.0007   3.167372   3.167074  -0.000277    34.2178    34.2152     5.3022    27.2310    27.2290    34.2156    27.2292    1475.13    1475.12     3.3211  1030.6667    34.3801 0.0000e+00
      23062 292.026943  -44.22916  -56.00490      0.715    1480.59    742.000    734.714     3.3577     3.3589     0.0011     3.3071     3.3082     0.0011   3.166129   3.166048  -0.000121    34.2176    34.2150     5.3274    27.2321    27.2299    34.2150    27.2300    1475.09    1475.09     3.3070  1030.6724    34.3795 0.0000e+00
      23085 292.026954  -44.22916  -56.00490      0.918    1480.59    743.000    735.703     3.3535     3.3547     0.0012     3.3028     3.3040     0.0012   3.165678   3.165731   0.000062    34.2154    34.2148     5.3321    27.2307    27.2302    34.2135    27.2292    1475.08    1475.09     3.3027  1030.6764    34.3780 0.0000e+00
      23104 292.026963  -44.22916  -56.00490      1.106    1480.59    744.000    736.691     3.3523     3.3530     0.0007     3.3016     3.3023     0.0006   3.165609   3.165665   0.000045    34.2150    34.2148     5.3314    27.2305    27.2303    34.2133    27.2292    1475.09    1475.10     3.3015  1030.6810    34.3779 0.0000e+00
      23123 292.026972  -44.22916  -56.00490      1.228    1480.59    745.000    737.679     3.3518     3.3527     0.0009     3.3010     3.3019     0.0009   3.165616   3.165679   0.000068    34.2148    34.2146     5.3338    27.2304    27.2302    34.2135    27.2294    1475.11    1475.11     3.3009  1030.6857    34.3780 0.0000e+00
      23143 292.026982  -44.22918  -56.00490      1.244    1480.59    746.000    738.668     3.3518     3.3527     0.0009     3.3009     3.3018     0.0009   3.165656   3.165717   0.000062    34.2146    34.2145     5.3333    27.2303    27.2301    34.2134    27.2294    1475.13    1475.13     3.3008  1030.6903    34.3780 0.0000e+00
      23168 292.026994  -44.22918  -56.00490      1.093    1480.59    747.000    739.656     3.3517     3.3526     0.0008     3.3008     3.3016     0.0008   3.165718   3.165758   0.000041    34.2148    34.2144     5.3352    27.2304    27.2301    34.2137    27.2296    1475.14    1475.14     3.3007  1030.6951    34.3782 0.0000e+00
      23198 292.027009  -44.22919  -56.00490      0.835    1480.59    748.000    740.644     3.3511     3.3518     0.0007     3.3001     3.3008     0.0007   3.165726   3.165752   0.000026    34.2149    34.2144     5.3369    27.2306    27.2301    34.2140    27.2299    1475.15    1475.16     3.3000  1030.7000    34.3785 0.0000e+00
      23230 292.027024  -44.22920  -56.00491      0.759    1480.59    749.000    741.632     3.3513     3.3521     0.0008     3.3002     3.3010     0.0008   3.165783   3.165816   0.000033    34.2146    34.2141     5.3354    27.2304    27.2299    34.2139    27.2298    1475.17    1475.18     3.3001  1030.7046    34.3784 0.0000e+00
      23260 292.027039  -44.22920  -56.00492      0.784    1480.59    750.000    742.622     3.3508     3.3517     0.0009     3.2997     3.3006     0.0009   3.165779   3.165826   0.000049    34.2145    34.2142     5.3323    27.2304    27.2300    34.2138    27.2298    1475.19    1475.19     3.2996  1030.7092    34.3784 0.0000e+00
      23289 292.027053  -44.22920  -56.00492      0.805    1480.59    751.000    743.610     3.3468     3.3474     0.0006     3.2956     3.2962     0.0006   3.165528   3.165497  -0.000028    34.2154    34.2144     5.3371    27.2314    27.2306    34.2145    27.2307    1475.19    1475.19     3.2955  1030.7147    34.3790 0.0000e+00
      23315 292.027065  -44.22920  -56.00492      0.891    1480.59    752.000    744.598     3.3458     3.3468     0.0010     3.2946     3.2956     0.0010   3.165535   3.165615   0.000074    34.2155    34.2154     5.3310    27.2317    27.2314    34.2151    27.2313    1475.20    1475.20     3.2944  1030.7200    34.3797 0.0000e+00
      23337 292.027076  -44.22922  -56.00492      0.997    1480.59    753.000    745.586     3.3469     3.3477     0.0008     3.2956     3.2964     0.0008   3.165691   3.165747   0.000062    34.2156    34.2155     5.3291    27.2316    27.2315    34.2153    27.2313    1475.22    1475.22     3.2955  1030.7246    34.3799 0.0000e+00
      23359 292.027086  -44.22922  -56.00492      1.081    1480.59    754.000    746.575     3.3491     3.3495     0.0005     3.2976     3.2981     0.0005   3.165973   3.166009   0.000035    34.2160    34.2159     5.3290    27.2317    27.2316    34.2159    27.2317    1475.25    1475.25     3.2975  1030.7282    34.3788 0.0000e+00
      23379 292.027096 -9.990e-29  -56.00494      1.153    1480.59    755.000    747.563     3.3512     3.3522     0.0011     3.2996     3.3007     0.0011   3.166210   3.166313   0.000102    34.2161    34.2162     5.3264    27.2316    27.2316    34.2161    27.2316    1475.27    1475.28     3.2995  1030.7314    34.3774 0.0000e+00
      23400 292.027106 -9.990e-29  -56.00494      1.178    1480.59    756.000    748.552     3.3526     3.3535     0.0009     3.3010     3.3019     0.0009   3.166457   3.166522   0.000064    34.2170    34.2168     5.3169    27.2322    27.2320    34.2170    27.2322    1475.30    1475.30     3.3009  1030.7366    34.3784 0.0000e+00
      23425 292.027118 -9.990e-29  -56.00494      1.053    1480.59    757.000    749.540     3.3533     3.3541     0.0009     3.3016     3.3024     0.0009   3.166570   3.166636   0.000068    34.2172    34.2171     5.3118    27.2323    27.2321    34.2171    27.2323    1475.32    1475.32     3.3015  1030.7412    34.3785 0.0000e+00
      23455 292.027133  -44.22924  -56.00494      0.837    1480.59    758.000    750.528     3.3533     3.3542     0.0009     3.3016     3.3024     0.0008   3.166633   3.166684   0.000051    34.2173    34.2171     5.3076    27.2324    27.2321    34.2173    27.2324    1475.33    1475.34     3.3014  1030.7470    34.3799 0.0000e+00
      23484 292.027147  -44.22924  -56.00494      0.800    1480.59    759.000    751.516     3.3544     3.3553     0.0008     3.3026     3.3034     0.0008   3.166826   3.166887   0.000062    34.2178    34.2177     5.2983    27.2327    27.2325    34.2180    27.2328    1475.36    1475.36     3.3025  1030.7535    34.3826 0.0000e+00
      23510 292.027159  -44.22925  -56.00494      0.884    1480.59    760.000    752.505     3.3553     3.3560     0.0007     3.3034     3.3041     0.0007   3.167015   3.167072   0.000053    34.2187    34.2185     5.2968    27.2333    27.2331    34.2188    27.2334    1475.38    1475.38     3.3033  1030.7587    34.3834 0.0000e+00
      23534 292.027171  -44.22926  -56.00494      0.965    1480.59    761.000    753.493     3.3568     3.3574     0.0006     3.3048     3.3054     0.0006   3.167295   3.167334   0.000041    34.2197    34.2196     5.2920    27.2340    27.2338    34.2200    27.2342    1475.40    1475.40     3.3047  1030.7641    34.3847 0.0000e+00
      23557 292.027182  -44.22926  -56.00494      1.025    1480.59    762.000    754.482     3.3595     3.3601     0.0006     3.3074     3.3080     0.0006   3.167651   3.167725   0.000071    34.2206    34.2208     5.2918    27.2345    27.2346    34.2210    27.2348    1475.43    1475.43     3.3073  1030.7692    34.3856 0.0000e+00
      23580 292.027193  -44.22926  -56.00494      1.042    1480.59    763.000    755.470     3.3573     3.3581     0.0008     3.3051     3.3059     0.0008   3.167643   3.167660   0.000032    34.2231    34.2227     5.2928    27.2367    27.2363    34.2227    27.2363    1475.44    1475.44     3.3050  1030.7753    34.3873 0.0000e+00
      23605 292.027205  -44.22927  -56.00495      1.004    1480.59    764.000    756.458     3.3488     3.3496     0.0008     3.2966     3.2974     0.0008   3.167109   3.167097  -0.000019    34.2253    34.2242     5.2815    27.2392    27.2382    34.2247    27.2387    1475.42    1475.43     3.2965  1030.7825    34.3893 0.0000e+00
      23631 292.027217  -44.22928  -56.00496      0.947    1480.59    765.000    757.447     3.3372     3.3379     0.0007     3.2850     3.2857     0.0007   3.166187   3.166101  -0.000088    34.2265    34.2247     5.2657    27.2413    27.2397    34.2252    27.2403    1475.39    1475.39     3.2849  1030.7889    34.3899 0.0000e+00
      23656 292.027229  -44.22928  -56.00496      0.941    1480.59    766.000    758.435     3.3280     3.3291     0.0011     3.2758     3.2769     0.0011   3.165418   3.165383  -0.000030    34.2266    34.2251     5.2580    27.2422    27.2409    34.2251    27.2411    1475.37    1475.37     3.2757  1030.7934    34.3885 0.0000e+00
      23681 292.027242 -9.990e-29  -56.00496      0.959    1480.59    767.000    759.423     3.3252     3.3257     0.0006     3.2729     3.2735     0.0006   3.165275   3.165333   0.000047    34.2259    34.2259     5.2493    27.2419    27.2419    34.2258    27.2419    1475.37    1475.38     3.2728  1030.7973    34.3872 0.0000e+00
      23709 292.027255 -9.990e-29  -56.00496      0.897    1480.59    768.000    760.411     3.3386     3.3402     0.0015     3.2862     3.2877     0.0015   3.166682   3.166976   0.000287    34.2273    34.2291     5.2402    27.2418    27.2431    34.2281    27.2424    1475.45    1475.46     3.2861  1030.8022    34.3895 0.0000e+00
      23738 292.027269 -9.990e-29  -56.00496      0.825    1480.36    769.000    761.400     3.3655     3.3665     0.0010     3.3129     3.3138     0.0010   3.169380   3.169874   0.000460    34.2282    34.2327     5.2404    27.2400    27.2435    34.2317    27.2428    1475.59    1475.60     3.3128  1030.8066    34.3931 0.0000e+00
      23769 292.027284  -44.22930  -56.00496      0.803    1480.18    770.000    762.388     3.3950     3.3961     0.0010     3.3421     3.3431     0.0010   3.172293   3.172690   0.000428    34.2329    34.2370     5.2297    27.2410    27.2441    34.2352    27.2428    1475.73    1475.74     3.3420  1030.8127    34.3994 0.0000e+00
      23803 292.027300  -44.22930  -56.00498      0.720    1480.18    771.000    763.376     3.4079     3.4101     0.0022     3.3548     3.3570     0.0022   3.173870   3.174296   0.000408    34.2375    34.2401     5.1923    27.2435    27.2453    34.2402    27.2456    1475.81    1475.82     3.3547  1030.8202    34.4049 0.0000e+00
      23837 292.027317  -44.22932  -56.00498      0.690    1480.18    772.000    764.365     3.4167     3.4174     0.0007     3.3635     3.3642     0.0007   3.175039   3.175128   0.000117    34.2429    34.2435     5.1417    27.2469    27.2474    34.2443    27.2481    1475.87    1475.87     3.3634  1030.8271    34.4092 0.0000e+00
      23868 292.027332  -44.22932  -56.00498      0.756    1480.18    773.000    765.353     3.4113     3.4119     0.0007     3.3580     3.3587     0.0007   3.174688   3.174657  -0.000027    34.2447    34.2437     5.1109    27.2489    27.2480    34.2453    27.2494    1475.86    1475.87     3.3579  1030.8331    34.4102 0.0000e+00
