Pos-Processados/process_op42/Processamento_split/down/doperantar42_005.cnv
* Sea-Bird SBE 9 Data File:
* FileName = C:\Users\Hidrografia\Desktop\OPXLII\Brutos\OP42005.hdr
* Software Version Seasave V 7.26.7.107
* Temperature SN = 6502
* Conductivity SN = 4998
* Number of Bytes Per Scan = 31
* Number of Voltage Words = 2
* Number of Scans Averaged by the Deck Unit = 1
* NMEA Latitude = 39 18.87 S
* NMEA Longitude = 053 09.31 W
* NMEA UTC (Time) = Oct 17 2023 00:39:31
* NMEA baud rate = 4800
** H41
** NPOALTEMAXIMIANO
** NUMERO DA ESTACAO (XXX) 005
** LAT (XX XX.XX S/N) 39 19.919 S
** LONG (XXX XX.XX W/E) 053 09.46 W
** DATAHORA (dd/mm/aaaa hh:mm Z) 17/10/2023 0025Z
** PROFUNDIDADE (m) 4727
** OPERADOR ZAMITH
# nquan = 30
# nvalues = 1003                        
# units = specified
# name 0 = scan: Scan Count
# name 1 = timeJ: Julian Days
# name 2 = latitude: Latitude [deg]
# name 3 = longitude: Longitude [deg]
# name 4 = dz/dtM: Descent Rate [m/s]
# name 5 = avgsvCM: Average Sound Velocity [Chen-Millero, m/s]
# name 6 = prDM: Pressure, Digiquartz [db]
# name 7 = depSM: Depth [salt water, m]
# name 8 = t090C: Temperature [ITS-90, deg C]
# name 9 = t190C: Temperature, 2 [ITS-90, deg C]
# name 10 = T2-T190C: Temperature Difference, 2 - 1 [ITS-90, deg C]
# name 11 = potemp090C: Potential Temperature [ITS-90, deg C]
# name 12 = potemp190C: Potential Temperature, 2 [ITS-90, deg C]
# name 13 = potemp90Cdiff: Potential Temperature, Diff, 2 - 1 [ITS-90, deg C]
# name 14 = c0S/m: Conductivity [S/m]
# name 15 = c1S/m: Conductivity, 2 [S/m]
# name 16 = C2-C1S/m: Conductivity Difference, 2 - 1 [S/m]
# name 17 = sal00: Salinity, Practical [PSU]
# name 18 = sal11: Salinity, Practical, 2 [PSU]
# name 19 = sbeox0ML/L: Oxygen, SBE 43 [ml/l]
# name 20 = sigma-é00: Density [sigma-theta, kg/m^3]
# name 21 = sigma-é11: Density, 2 [sigma-theta, kg/m^3]
# name 22 = sal00: Salinity, Practical [PSU]
# name 23 = sigma-é00: Density [sigma-theta, kg/m^3]
# name 24 = svCM: Sound Velocity [Chen-Millero, m/s]
# name 25 = svCM1: Sound Velocity, 2 [Chen-Millero, m/s]
# name 26 = gsw_ptA0: potential temperature [ITS-90, deg C]
# name 27 = gsw_densityA0: density, TEOS-10 [density, kg/m^3]
# name 28 = gsw_saA0: Absolute Salinity [g/kg]
# name 29 = flag:
# span 0 =       2807,      32186       
# span 1 = 290.028795, 290.042963       
# span 2 =  -39.31441,  -39.31288       
# span 3 =  -53.15490,  -53.15060       
# span 4 =     -0.039,      1.529       
# span 5 =       0.00,    1484.10       
# span 6 =      3.000,   1005.000       
# span 7 =      2.987,    994.947       
# span 8 =     2.6988,     9.5573       
# span 9 =     2.6997,     9.5594       
# span 10 =    -0.0566,     0.0188      
# span 11 =     2.6328,     9.5570      
# span 12 =     2.6337,     9.5591      
# span 13 =    -0.0566,     0.0188      
# span 14 =   3.094396,   3.665812      
# span 15 =   3.094464,   3.666033      
# span 16 =  -0.007395,   0.001864      
# span 17 =    33.9516,    34.5402      
# span 18 =    33.9517,    34.5398      
# span 19 =     3.9135,     6.7886      
# span 20 =    26.2072,    27.5508      
# span 21 =    26.2069,    27.5504      
# span 22 =    33.9519,    34.5402      
# span 23 =    26.2074,    27.5508      
# span 24 =    1465.89,    1487.06      
# span 25 =    1465.89,    1487.08      
# span 26 =     2.6327,     9.5570      
# span 27 =  1026.2246,  1032.2140      
# span 28 =    34.1133,    34.7060      
# span 29 = 0.0000e+00, 0.0000e+00      
# interval = decibars: 1                
# start_time = Oct 17 2023 00:39:31 [NMEA time, header]
# bad_flag = -9.990e-29
*END*
[from data line 967]
      30453 290.042127  -39.31298  -53.15089      1.024    1471.59    970.000    960.384     2.7012     2.7022     0.0009     2.6379     2.6388     0.0009   3.144080   3.144126   0.000041    34.5231    34.5225     3.9287    27.5367    27.5362    34.5229    27.5365    1476.45    1476.45     2.6377  1032.0391    34.6885 0.0000e+00
      30479 290.042140  -39.31298  -53.15088      0.927    1471.59    971.000    961.372     2.7000     2.7011     0.0011     2.6366     2.6376     0.0011   3.144073   3.144120   0.000052    34.5235    34.5230     3.9231    27.5371    27.5366    34.5236    27.5372    1476.46    1476.46     2.6365  1032.0444    34.6891 0.0000e+00
      30502 290.042151  -39.31298  -53.15088      0.963    1471.59    972.000    962.360     2.7018     2.7026     0.0008     2.6382     2.6390     0.0008   3.144466   3.144539   0.000073    34.5257    34.5258     3.9174    27.5388    27.5387    34.5260    27.5389    1476.49    1476.49     2.6381  1032.0507    34.6916 0.0000e+00
      30521 290.042160  -39.31298  -53.15088      1.116    1471.59    973.000    963.347     2.7027     2.7033     0.0006     2.6390     2.6397     0.0006   3.144642   3.144668   0.000024    34.5265    34.5261     3.9163    27.5393    27.5389    34.5267    27.5394    1476.51    1476.51     2.6389  1032.0557    34.6923 0.0000e+00
      30538 290.042169  -39.31298  -53.15088      1.278    1471.59    974.000    964.335     2.7028     2.7037     0.0009     2.6391     2.6400     0.0009   3.144710   3.144777   0.000065    34.5268    34.5266     3.9210    27.5395    27.5393    34.5268    27.5396    1476.53    1476.53     2.6390  1032.0604    34.6924 0.0000e+00
      30556 290.042177  -39.31298  -53.15088      1.355    1471.59    975.000    965.323     2.7027     2.7037     0.0010     2.6389     2.6399     0.0010   3.144763   3.144829   0.000060    34.5270    34.5267     3.9227    27.5397    27.5394    34.5270    27.5397    1476.54    1476.55     2.6388  1032.0652    34.6926 0.0000e+00
      30585 290.042191  -39.31298  -53.15088      1.054    1471.59    976.000    966.311     2.7024     2.7033     0.0009     2.6386     2.6394     0.0009   3.144738   3.144773   0.000037    34.5265    34.5260     3.9191    27.5394    27.5389    34.5265    27.5393    1476.56    1476.56     2.6385  1032.0694    34.6921 0.0000e+00
      30629 290.042212  -39.31298 -9.990e-29      0.481    1471.59    977.000    967.299     2.7050     2.7055     0.0006     2.6410     2.6416     0.0006   3.145135   3.145190   0.000052    34.5274    34.5275     3.9201    27.5399    27.5399    34.5281    27.5404    1476.59    1476.59     2.6409  1032.0749    34.6936 0.0000e+00
      30657 290.042226  -39.31296 -9.990e-29      0.735    1471.59    978.000    968.287     2.7094     2.7103     0.0009     2.6454     2.6463     0.0009   3.145776   3.145839   0.000066    34.5304    34.5302     3.9224    27.5419    27.5416    34.5307    27.5421    1476.63    1476.63     2.6452  1032.0811    34.6962 0.0000e+00
      30677 290.042236  -39.31296  -53.15086      0.992    1471.59    979.000    969.274     2.7093     2.7102     0.0009     2.6452     2.6461     0.0009   3.145828   3.145879   0.000049    34.5307    34.5303     3.9232    27.5421    27.5418    34.5309    27.5423    1476.64    1476.65     2.6451  1032.0858    34.6965 0.0000e+00
      30696 290.042245  -39.31296  -53.15084      1.181    1471.59    980.000    970.262     2.7091     2.7100     0.0009     2.6449     2.6458     0.0009   3.145876   3.145927   0.000052    34.5310    34.5306     3.9222    27.5424    27.5420    34.5312    27.5425    1476.66    1476.66     2.6448  1032.0907    34.6968 0.0000e+00
      30715 290.042254  -39.31296  -53.15084      1.278    1471.59    981.000    971.250     2.7085     2.7092     0.0008     2.6442     2.6450     0.0008   3.145883   3.145918   0.000035    34.5313    34.5309     3.9212    27.5427    27.5423    34.5314    27.5428    1476.67    1476.68     2.6441  1032.0956    34.6971 0.0000e+00
      30741 290.042266  -39.31296  -53.15084      1.103    1471.68    982.000    972.237     2.7073     2.7080     0.0008     2.6429     2.6437     0.0008   3.145852   3.145896   0.000042    34.5317    34.5314     3.9216    27.5431    27.5428    34.5318    27.5432    1476.68    1476.69     2.6429  1032.1006    34.6974 0.0000e+00
      30775 290.042283  -39.31296  -53.15084      0.710    1471.79    983.000    973.225     2.7068     2.7077     0.0009     2.6424     2.6433     0.0009   3.145896   3.145954   0.000057    34.5322    34.5319     3.9188    27.5436    27.5433    34.5322    27.5436    1476.70    1476.70     2.6423  1032.1057    34.6979 0.0000e+00
      30801 290.042296  -39.31296  -53.15082      0.807    1471.79    984.000    974.213     2.7065     2.7074     0.0008     2.6421     2.6429     0.0008   3.145954   3.146001   0.000052    34.5327    34.5324     3.9178    27.5440    27.5437    34.5327    27.5440    1476.72    1476.72     2.6419  1032.1107    34.6984 0.0000e+00
      30822 290.042306  -39.31296  -53.15082      1.020    1471.79    985.000    975.201     2.7051     2.7059     0.0008     2.6405     2.6414     0.0008   3.145930   3.145975   0.000042    34.5335    34.5331     3.9218    27.5448    27.5444    34.5335    27.5447    1476.73    1476.73     2.6404  1032.1160    34.6992 0.0000e+00
      30840 290.042314  -39.31296  -53.15082      1.195    1471.79    986.000    976.188     2.7055     2.7064     0.0009     2.6409     2.6418     0.0009   3.146070   3.146142   0.000073    34.5341    34.5339     3.9213    27.5452    27.5450    34.5342    27.5453    1476.75    1476.75     2.6408  1032.1212    34.6999 0.0000e+00
      30858 290.042323  -39.31296  -53.15082      1.307    1471.79    987.000    977.176     2.7057     2.7066     0.0009     2.6411     2.6419     0.0009   3.146253   3.146336   0.000083    34.5355    34.5355     3.9185    27.5463    27.5462    34.5357    27.5465    1476.77    1476.77     2.6409  1032.1269    34.7014 0.0000e+00
      30879 290.042333  -39.31296  -53.15082      1.266    1471.79    988.000    978.164     2.7056     2.7065     0.0009     2.6408     2.6418     0.0009   3.146327   3.146387   0.000057    34.5362    34.5359     3.9173    27.5469    27.5466    34.5362    27.5469    1476.78    1476.79     2.6407  1032.1319    34.7019 0.0000e+00
      30914 290.042350  -39.31296  -53.15082      0.799    1471.79    989.000    979.152     2.7056     2.7064     0.0009     2.6407     2.6416     0.0009   3.146355   3.146425   0.000070    34.5360    34.5359     3.9182    27.5468    27.5466    34.5360    27.5468    1476.80    1476.80     2.6406  1032.1364    34.7018 0.0000e+00
      30950 290.042367  -39.31294  -53.15081      0.622    1471.79    990.000    980.139     2.7055     2.7063     0.0008     2.6406     2.6414     0.0008   3.146429   3.146478   0.000050    34.5365    34.5362     3.9156    27.5472    27.5468    34.5365    27.5472    1476.82    1476.82     2.6405  1032.1414    34.7022 0.0000e+00
      30974 290.042379  -39.31294  -53.15080      0.872    1471.79    991.000    981.127     2.7054     2.7062     0.0009     2.6404     2.6412     0.0009   3.146490   3.146537   0.000045    34.5369    34.5365     3.9190    27.5475    27.5471    34.5369    27.5475    1476.83    1476.83     2.6403  1032.1463    34.7026 0.0000e+00
      30994 290.042388  -39.31294  -53.15080      1.074    1471.79    992.000    982.114     2.7053     2.7062     0.0009     2.6402     2.6411     0.0009   3.146528   3.146581   0.000054    34.5368    34.5365     3.9245    27.5475    27.5471    34.5369    27.5475    1476.85    1476.85     2.6401  1032.1509    34.7026 0.0000e+00
      31012 290.042397  -39.31294  -53.15080      1.224    1471.79    993.000    983.102     2.7051     2.7060     0.0009     2.6399     2.6408     0.0009   3.146555   3.146610   0.000056    34.5369    34.5366     3.9226    27.5476    27.5472    34.5369    27.5476    1476.86    1476.87     2.6398  1032.1555    34.7027 0.0000e+00
      31032 290.042407  -39.31294  -53.15080      1.256    1471.79    994.000    984.090     2.7046     2.7056     0.0009     2.6395     2.6403     0.0009   3.146576   3.146634   0.000058    34.5371    34.5368     3.9194    27.5477    27.5475    34.5371    27.5477    1476.88    1476.88     2.6393  1032.1603    34.7028 0.0000e+00
      31063 290.042422  -39.31294  -53.15078      0.941    1471.79    995.000    985.077     2.7038     2.7043     0.0005     2.6385     2.6390     0.0005   3.146583   3.146611   0.000032    34.5376    34.5375     3.9164    27.5482    27.5481    34.5375    27.5482    1476.89    1476.89     2.6384  1032.1654    34.7033 0.0000e+00
      31099 290.042439  -39.31294  -53.15078      0.620    1471.79    996.000    986.065     2.7023     2.7032     0.0009     2.6370     2.6379     0.0009   3.146541   3.146589   0.000044    34.5382    34.5378     3.9169    27.5489    27.5484    34.5381    27.5488    1476.90    1476.91     2.6369  1032.1706    34.7039 0.0000e+00
      31124 290.042451  -39.31294  -53.15078      0.832    1471.79    997.000    987.053     2.7021     2.7031     0.0010     2.6367     2.6377     0.0010   3.146579   3.146631   0.000053    34.5383    34.5379     3.9192    27.5490    27.5485    34.5383    27.5489    1476.92    1476.92     2.6366  1032.1754    34.7040 0.0000e+00
      31145 290.042462  -39.31294  -53.15078      1.034    1471.79    998.000    988.041     2.7018     2.7026     0.0008     2.6363     2.6371     0.0008   3.146580   3.146635   0.000057    34.5382    34.5380     3.9211    27.5489    27.5487    34.5381    27.5488    1476.93    1476.94     2.6362  1032.1799    34.7039 0.0000e+00
      31586 290.042674  -39.31291  -53.15070      0.456    1471.79    999.000    989.035     2.7005     2.7013     0.0008     2.6350     2.6358     0.0008   3.146581   3.146630   0.000048    34.5390    34.5386     3.9184    27.5496    27.5493    34.5389    27.5496    1476.95    1476.95     2.6349  1032.1853    34.7047 0.0000e+00
      31785 290.042770  -39.31290  -53.15066      0.537    1471.79   1000.000    990.016     2.6996     2.7005     0.0009     2.6340     2.6349     0.0009   3.146597   3.146638   0.000041    34.5396    34.5391     3.9191    27.5502    27.5498    34.5396    27.5502    1476.96    1476.96     2.6339  1032.1905    34.7054 0.0000e+00
      31807 290.042781  -39.31290  -53.15066      0.816    1471.79   1001.000    991.004     2.6995     2.7004     0.0009     2.6339     2.6347     0.0009   3.146644   3.146689   0.000044    34.5397    34.5393     3.9155    27.5503    27.5499    34.5397    27.5503    1476.98    1476.98     2.6338  1032.1952    34.7055 0.0000e+00
      31897 290.042824  -39.31289  -53.15065      0.502    1471.79   1002.000    992.004     2.6994     2.7002     0.0009     2.6336     2.6345     0.0008   3.146673   3.146726   0.000051    34.5397    34.5394     3.9160    27.5503    27.5500    34.5397    27.5503    1476.99    1476.99     2.6335  1032.1998    34.7055 0.0000e+00
      31965 290.042857  -39.31288  -53.15064      0.693    1471.79   1003.000    992.979     2.6991     2.6999     0.0008     2.6333     2.6341     0.0008   3.146714   3.146762   0.000049    34.5400    34.5397     3.9158    27.5506    27.5503    34.5400    27.5506    1477.01    1477.01     2.6332  1032.2046    34.7058 0.0000e+00
      32017 290.042882  -39.31288  -53.15063      0.614    1471.79   1004.000    993.965     2.6991     2.6999     0.0008     2.6332     2.6340     0.0008   3.146755   3.146805   0.000051    34.5400    34.5397     3.9155    27.5506    27.5503    34.5400    27.5506    1477.02    1477.03     2.6331  1032.2092    34.7057 0.0000e+00
      32186 290.042963  -39.31288  -53.15060      0.104    1471.85   1005.000    994.947     2.6988     2.6997     0.0009     2.6328     2.6337     0.0009   3.146787   3.146843   0.000055    34.5402    34.5398     3.9135    27.5508    27.5504    34.5402    27.5508    1477.04    1477.04     2.6327  1032.2140    34.7060 0.0000e+00
