Pos-Processados/process_op42/Processamento_split/down/doperantar42_052.cnv
* Sea-Bird SBE 9 Data File:
* FileName = C:\Users\Hidrografia\Desktop\OPXLII\Brutos\OP42052.hdr
* Software Version Seasave V 7.26.7.107
* Temperature SN = 6502
* Conductivity SN = 4998
* Number of Bytes Per Scan = 37
* Number of Voltage Words = 4
* Number of Scans Averaged by the Deck Unit = 1
* NMEA Latitude = 62 08.45 S
* NMEA Longitude = 058 26.37 W
* NMEA UTC (Time) = Nov 10 2023 03:08:21
* NMEA baud rate = 4800
** H41
** NPOALTEMAXIMIANO
** NUMERO DA ESTACAO (XXX) 052
** LAT (XX XX.XX S/N) 62 08.443 S
** LONG (XXX XX.XX W/E) 058 26.408 W
** DATAHORA (dd/mm/aaaa hh:mm Z) 10/11/2023 0307Z
** PROFUNDIDADE (m) 424
** OPERADOR CT FABIREZA
# nquan = 30
# nvalues = 387                         
# units = specified
# name 0 = scan: Scan Count
# name 1 = timeJ: Julian Days
# name 2 = latitude: Latitude [deg]
# name 3 = longitude: Longitude [deg]
# name 4 = dz/dtM: Descent Rate [m/s]
# name 5 = avgsvCM: Average Sound Velocity [Chen-Millero, m/s]
# name 6 = prDM: Pressure, Digiquartz [db]
# name 7 = depSM: Depth [salt water, m]
# name 8 = t090C: Temperature [ITS-90, deg C]
# name 9 = t190C: Temperature, 2 [ITS-90, deg C]
# name 10 = T2-T190C: Temperature Difference, 2 - 1 [ITS-90, deg C]
# name 11 = potemp090C: Potential Temperature [ITS-90, deg C]
# name 12 = potemp190C: Potential Temperature, 2 [ITS-90, deg C]
# name 13 = potemp90Cdiff: Potential Temperature, Diff, 2 - 1 [ITS-90, deg C]
# name 14 = c0S/m: Conductivity [S/m]
# name 15 = c1S/m: Conductivity, 2 [S/m]
# name 16 = C2-C1S/m: Conductivity Difference, 2 - 1 [S/m]
# name 17 = sal00: Salinity, Practical [PSU]
# name 18 = sal11: Salinity, Practical, 2 [PSU]
# name 19 = sbeox0ML/L: Oxygen, SBE 43 [ml/l]
# name 20 = sigma-é00: Density [sigma-theta, kg/m^3]
# name 21 = sigma-é11: Density, 2 [sigma-theta, kg/m^3]
# name 22 = sal00: Salinity, Practical [PSU]
# name 23 = sigma-é00: Density [sigma-theta, kg/m^3]
# name 24 = svCM: Sound Velocity [Chen-Millero, m/s]
# name 25 = svCM1: Sound Velocity, 2 [Chen-Millero, m/s]
# name 26 = gsw_ptA0: potential temperature [ITS-90, deg C]
# name 27 = gsw_densityA0: density, TEOS-10 [density, kg/m^3]
# name 28 = gsw_saA0: Absolute Salinity [g/kg]
# name 29 = flag:
# span 0 =       4508,      16271       
# span 1 = 314.132972, 314.138645       
# span 2 =  -62.14389,  -62.14179       
# span 3 =  -58.43788,  -58.43307       
# span 4 =     -0.007,      1.014       
# span 5 =       0.00,    1448.28       
# span 6 =      2.000,    388.000       
# span 7 =      1.987,    383.914       
# span 8 =    -0.8046,    -0.5034       
# span 9 =    -0.8038,    -0.5027       
# span 10 =    -0.0037,     0.0045      
# span 11 =    -0.8117,    -0.5166      
# span 12 =    -0.8109,    -0.5159      
# span 13 =    -0.0036,     0.0045      
# span 14 =   2.792896,   2.835155      
# span 15 =   2.792886,   2.835168      
# span 16 =  -0.000589,   0.000245      
# span 17 =    34.2727,    34.4206      
# span 18 =    34.2724,    34.4200      
# span 19 =     6.5830,     7.6589      
# span 20 =    27.5463,    27.6636      
# span 21 =    27.5460,    27.6632      
# span 22 =    34.2729,    34.4207      
# span 23 =    27.5465,    27.6637      
# span 24 =    1445.57,    1452.35      
# span 25 =    1445.57,    1452.35      
# span 26 =    -0.8115,    -0.5163      
# span 27 =  1027.5599,  1029.5170      
# span 28 =    34.4345,    34.5882      
# span 29 = 0.0000e+00, 0.0000e+00      
# interval = decibars: 1                
# start_time = Nov 10 2023 03:08:21 [NMEA time, header]
# bad_flag = -9.990e-29
*END*
[from data line 194]
      10108 314.135673  -62.14284  -58.43588      0.928    1446.86    196.000    194.027    -0.8014    -0.8001     0.0013    -0.8072    -0.8059     0.0013   2.792970   2.793032   0.000062    34.3076    34.3070     7.4927    27.5846    27.5841    34.3071    27.5842    1447.67    1447.68    -0.8070  1028.5276    34.4742 0.0000e+00
      10140 314.135688  -62.14284  -58.43586      0.792    1446.86    197.000    195.017    -0.7995    -0.7987     0.0008    -0.8053    -0.8045     0.0008   2.793218   2.793247   0.000031    34.3080    34.3076     7.4897    27.5849    27.5845    34.3076    27.5846    1447.70    1447.70    -0.8052  1028.5327    34.4748 0.0000e+00
      10174 314.135704  -62.14285  -58.43585      0.704    1446.86    198.000    196.007    -0.8002    -0.7999     0.0004    -0.8061    -0.8057     0.0004   2.793179   2.793125  -0.000049    34.3078    34.3067     7.4758    27.5848    27.5839    34.3073    27.5844    1447.71    1447.71    -0.8059  1028.5373    34.4745 0.0000e+00
      10204 314.135719  -62.14286  -58.43584      0.762    1446.86    199.000    196.996    -0.7990    -0.7985     0.0004    -0.8048    -0.8044     0.0004   2.793383   2.793373  -0.000014    34.3082    34.3075     7.4774    27.5850    27.5844    34.3081    27.5849    1447.73    1447.74    -0.8047  1028.5425    34.4752 0.0000e+00
      10232 314.135733  -62.14286  -58.43582      0.833    1446.86    200.000    197.985    -0.7986    -0.7978     0.0008    -0.8045    -0.8037     0.0008   2.793511   2.793526   0.000016    34.3089    34.3083     7.4756    27.5856    27.5850    34.3087    27.5854    1447.75    1447.76    -0.8043  1028.5479    34.4759 0.0000e+00
      10261 314.135746  -62.14287  -58.43581      0.856    1446.86    201.000    198.975    -0.7987    -0.7982     0.0005    -0.8046    -0.8041     0.0005   2.793546   2.793521  -0.000024    34.3089    34.3080     7.4805    27.5856    27.5849    34.3087    27.5855    1447.77    1447.77    -0.8045  1028.5526    34.4759 0.0000e+00
      10289 314.135760  -62.14288  -58.43580      0.850    1446.86    202.000    199.964    -0.7987    -0.7979     0.0008    -0.8046    -0.8039     0.0008   2.793602   2.793602  -0.000002    34.3090    34.3081     7.4697    27.5856    27.5849    34.3088    27.5855    1447.79    1447.79    -0.8045  1028.5575    34.4760 0.0000e+00
      10316 314.135773  -62.14288  -58.43579      0.866    1446.86    203.000    200.954    -0.7987    -0.7980     0.0007    -0.8047    -0.8040     0.0007   2.793641   2.793632  -0.000008    34.3090    34.3081     7.4665    27.5857    27.5849    34.3088    27.5855    1447.80    1447.80    -0.8045  1028.5622    34.4760 0.0000e+00
      10343 314.135786  -62.14288  -58.43578      0.897    1446.86    204.000    201.943    -0.7981    -0.7977     0.0004    -0.8042    -0.8038     0.0004   2.793771   2.793722  -0.000044    34.3091    34.3081     7.4646    27.5857    27.5849    34.3093    27.5859    1447.82    1447.82    -0.8040  1028.5674    34.4765 0.0000e+00
      10370 314.135799  -62.14289  -58.43577      0.889    1446.86    205.000    202.932    -0.7924    -0.7919     0.0005    -0.7984    -0.7980     0.0005   2.794310   2.794394   0.000036    34.3092    34.3091     7.4645    27.5856    27.5855    34.3094    27.5858    1447.87    1447.87    -0.7983  1028.5720    34.4766 0.0000e+00
      10400 314.135813  -62.14290  -58.43574      0.828    1446.86    206.000    203.922    -0.7888    -0.7870     0.0018    -0.7949    -0.7931     0.0018   2.794745   2.794862   0.000141    34.3098    34.3097     7.4633    27.5859    27.5858    34.3106    27.5866    1447.90    1447.91    -0.7948  1028.5776    34.4779 0.0000e+00
      10430 314.135828  -62.14290  -58.43573      0.790    1446.86    207.000    204.911    -0.7878    -0.7864     0.0014    -0.7939    -0.7925     0.0014   2.794849   2.794963   0.000127    34.3105    34.3107     7.4580    27.5864    27.5865    34.3103    27.5863    1447.92    1447.93    -0.7938  1028.5820    34.4775 0.0000e+00
      10459 314.135842  -62.14291  -58.43572      0.815    1446.86    208.000    205.901    -0.7926    -0.7917     0.0009    -0.7988    -0.7979     0.0009   2.794528   2.794526  -0.000011    34.3108    34.3097     7.4554    27.5869    27.5859    34.3108    27.5869    1447.92    1447.92    -0.7986  1028.5874    34.4780 0.0000e+00
      10487 314.135855  -62.14292  -58.43571      0.856    1446.86    209.000    206.890    -0.7914    -0.7891     0.0023    -0.7976    -0.7953     0.0023   2.794686   2.794869   0.000170    34.3104    34.3101     7.4522    27.5865    27.5862    34.3110    27.5870    1447.94    1447.95    -0.7975  1028.5923    34.4782 0.0000e+00
      10513 314.135868  -62.14292  -58.43570      0.900    1446.86    210.000    207.880    -0.7866    -0.7853     0.0013    -0.7928    -0.7915     0.0013   2.795243   2.795335   0.000102    34.3120    34.3119     7.4490    27.5876    27.5875    34.3124    27.5879    1447.98    1447.98    -0.7927  1028.5980    34.4796 0.0000e+00
      10539 314.135880  -62.14292  -58.43570      0.925    1446.86    211.000    208.869    -0.7875    -0.7867     0.0008    -0.7938    -0.7930     0.0008   2.795319   2.795299  -0.000019    34.3137    34.3125     7.4520    27.5890    27.5880    34.3138    27.5892    1447.99    1447.99    -0.7936  1028.6040    34.4811 0.0000e+00
      10565 314.135893  -62.14292  -58.43568      0.921    1446.86    212.000    209.858    -0.7871    -0.7862     0.0009    -0.7934    -0.7925     0.0009   2.795387   2.795387  -0.000002    34.3135    34.3125     7.4529    27.5889    27.5880    34.3137    27.5890    1448.01    1448.01    -0.7932  1028.6068    34.4787 0.0000e+00
      10592 314.135906 -9.990e-29  -58.43568      0.898    1446.86    213.000    210.848    -0.7873    -0.7860     0.0013    -0.7937    -0.7924     0.0013   2.795406   2.795435   0.000032    34.3136    34.3125     7.4414    27.5889    27.5880    34.3136    27.5889    1448.03    1448.03    -0.7935  1028.6089    34.4754 0.0000e+00
      10619 314.135919 -9.990e-29  -58.43566      0.886    1446.86    214.000    211.837    -0.7901    -0.7894     0.0007    -0.7964    -0.7957     0.0007   2.795255   2.795225  -0.000032    34.3142    34.3130     7.4339    27.5895    27.5885    34.3140    27.5894    1448.03    1448.03    -0.7963  1028.6142    34.4758 0.0000e+00
      10646 314.135932 -9.990e-29  -58.43565      0.886    1446.86    215.000    212.827    -0.7917    -0.7911     0.0006    -0.7981    -0.7975     0.0006   2.795148   2.795122  -0.000025    34.3139    34.3129     7.4347    27.5894    27.5886    34.3138    27.5893    1448.04    1448.04    -0.7979  1028.6189    34.4756 0.0000e+00
      10674 314.135946  -62.14295  -58.43563      0.868    1446.86    216.000    213.816    -0.7936    -0.7928     0.0008    -0.8000    -0.7992     0.0008   2.795053   2.795030  -0.000016    34.3142    34.3131     7.4325    27.5897    27.5887    34.3141    27.5896    1448.04    1448.05    -0.7998  1028.6272    34.4799 0.0000e+00
      10702 314.135959  -62.14296  -58.43562      0.862    1446.86    217.000    214.805    -0.7951    -0.7944     0.0006    -0.8015    -0.8009     0.0006   2.794957   2.794932  -0.000026    34.3141    34.3130     7.4338    27.5897    27.5888    34.3139    27.5895    1448.05    1448.06    -0.8014  1028.6330    34.4811 0.0000e+00
      10729 314.135972  -62.14296  -58.43561      0.871    1446.86    218.000    215.794    -0.7962    -0.7954     0.0008    -0.8027    -0.8019     0.0008   2.794911   2.794891  -0.000029    34.3142    34.3129     7.4294    27.5898    27.5887    34.3139    27.5896    1448.07    1448.07    -0.8025  1028.6379    34.4812 0.0000e+00
      10756 314.135985  -62.14298  -58.43560      0.885    1446.86    219.000    216.784    -0.7982    -0.7974     0.0008    -0.8048    -0.8039     0.0008   2.794787   2.794764  -0.000015    34.3141    34.3130     7.4228    27.5898    27.5889    34.3139    27.5896    1448.07    1448.07    -0.8046  1028.6428    34.4812 0.0000e+00
      10783 314.135998  -62.14298  -58.43558      0.905    1446.86    220.000    217.773    -0.7995    -0.7984     0.0011    -0.8061    -0.8050     0.0011   2.794712   2.794730   0.000015    34.3141    34.3130     7.4205    27.5898    27.5889    34.3137    27.5896    1448.08    1448.09    -0.8059  1028.6475    34.4810 0.0000e+00
      10810 314.136011  -62.14298  -58.43556      0.889    1446.86    221.000    218.762    -0.8015    -0.8003     0.0012    -0.8081    -0.8069     0.0012   2.794609   2.794619   0.000012    34.3142    34.3130     7.4312    27.5900    27.5890    34.3140    27.5899    1448.09    1448.09    -0.8079  1028.6526    34.4813 0.0000e+00
      10838 314.136025  -62.14298  -58.43556      0.868    1446.86    222.000    219.752    -0.8003    -0.7996     0.0007    -0.8069    -0.8062     0.0007   2.794725   2.794724 7.6798e-07    34.3136    34.3128     7.4369    27.5895    27.5888    34.3136    27.5895    1448.11    1448.11    -0.8067  1028.6569    34.4809 0.0000e+00
      10867 314.136039  -62.14299  -58.43555      0.839    1446.86    223.000    220.741    -0.8005    -0.7998     0.0007    -0.8071    -0.8064     0.0007   2.794768   2.794746  -0.000021    34.3139    34.3129     7.4383    27.5897    27.5889    34.3137    27.5896    1448.12    1448.13    -0.8069  1028.6618    34.4810 0.0000e+00
      10895 314.136052  -62.14300  -58.43554      0.840    1446.86    224.000    221.731    -0.8009    -0.7998     0.0011    -0.8076    -0.8065     0.0011   2.794782   2.794792   0.000010    34.3139    34.3128     7.4410    27.5897    27.5888    34.3138    27.5896    1448.14    1448.14    -0.8074  1028.6667    34.4811 0.0000e+00
      10921 314.136065  -62.14300  -58.43553      0.890    1446.86    225.000    222.720    -0.8023    -0.8011     0.0012    -0.8089    -0.8078     0.0011   2.794732   2.794739   0.000004    34.3142    34.3130     7.4404    27.5901    27.5890    34.3140    27.5899    1448.15    1448.15    -0.8088  1028.6717    34.4814 0.0000e+00
      10945 314.136076  -62.14300  -58.43551      0.970    1446.86    226.000    223.709    -0.8024    -0.8012     0.0011    -0.8091    -0.8079     0.0011   2.794763   2.794773   0.000010    34.3141    34.3129     7.4399    27.5900    27.5890    34.3140    27.5899    1448.17    1448.17    -0.8089  1028.6764    34.4813 0.0000e+00
      10970 314.136088  -62.14301  -58.43550      0.977    1446.86    227.000    224.699    -0.8027    -0.8019     0.0008    -0.8094    -0.8087     0.0008   2.794781   2.794767  -0.000013    34.3140    34.3130     7.4357    27.5899    27.5890    34.3140    27.5899    1448.18    1448.18    -0.8093  1028.6786    34.4780 0.0000e+00
      10998 314.136102 -9.990e-29  -58.43548      0.901    1446.95    228.000    225.688    -0.8022    -0.8015     0.0007    -0.8090    -0.8083     0.0007   2.794846   2.794838  -0.000007    34.3138    34.3129     7.4292    27.5897    27.5890    34.3137    27.5897    1448.20    1448.20    -0.8088  1028.6813    34.4755 0.0000e+00
      11026 314.136115 -9.990e-29  -58.43548      0.855    1447.13    229.000    226.677    -0.8034    -0.8026     0.0008    -0.8102    -0.8094     0.0008   2.794822   2.794811  -0.000010    34.3142    34.3131     7.4282    27.5901    27.5892    34.3141    27.5901    1448.21    1448.21    -0.8100  1028.6865    34.4759 0.0000e+00
      11054 314.136129  -62.14304  -58.43546      0.851    1447.13    230.000    227.667    -0.8038    -0.8030     0.0008    -0.8106    -0.8098     0.0008   2.794833   2.794830  -0.000004    34.3141    34.3132     7.4218    27.5900    27.5892    34.3140    27.5900    1448.22    1448.23    -0.8105  1028.6913    34.4760 0.0000e+00
      11082 314.136143  -62.14304  -58.43545      0.848    1447.13    231.000    228.656    -0.8035    -0.8027     0.0007    -0.8103    -0.8096     0.0007   2.794898   2.794892  -0.000007    34.3140    34.3131     7.4270    27.5899    27.5892    34.3139    27.5899    1448.24    1448.24    -0.8102  1028.7003    34.4812 0.0000e+00
      11113 314.136157  -62.14304  -58.43544      0.808    1447.13    232.000    229.645    -0.8028    -0.8021     0.0007    -0.8097    -0.8091     0.0007   2.794996   2.794981  -0.000013    34.3140    34.3130     7.4345    27.5899    27.5891    34.3140    27.5899    1448.26    1448.26    -0.8095  1028.7051    34.4813 0.0000e+00
      11143 314.136172  -62.14304  -58.43542      0.791    1447.13    233.000    230.635    -0.8031    -0.8023     0.0007    -0.8100    -0.8093     0.0007   2.795028   2.795010  -0.000016    34.3141    34.3130     7.4329    27.5900    27.5891    34.3141    27.5900    1448.28    1448.28    -0.8099  1028.7100    34.4814 0.0000e+00
      11170 314.136185  -62.14306  -58.43542      0.850    1447.13    234.000    231.624    -0.8032    -0.8024     0.0007    -0.8101    -0.8094     0.0007   2.795060   2.795053  -0.000009    34.3140    34.3131     7.4300    27.5899    27.5891    34.3140    27.5899    1448.29    1448.29    -0.8100  1028.7147    34.4814 0.0000e+00
      11194 314.136197  -62.14306  -58.43540      0.941    1447.13    235.000    232.613    -0.8036    -0.8024     0.0012    -0.8106    -0.8094     0.0012   2.795068   2.795088   0.000019    34.3140    34.3129     7.4241    27.5900    27.5890    34.3140    27.5899    1448.31    1448.31    -0.8104  1028.7195    34.4813 0.0000e+00
      11218 314.136208  -62.14306  -58.43540      0.999    1447.13    236.000    233.602    -0.8040    -0.8032     0.0008    -0.8110    -0.8102     0.0008   2.795082   2.795072  -0.000005    34.3140    34.3130     7.4332    27.5899    27.5891    34.3139    27.5899    1448.32    1448.32    -0.8108  1028.7242    34.4813 0.0000e+00
      11244 314.136221  -62.14306  -58.43538      0.969    1447.13    237.000    234.592    -0.8042    -0.8035     0.0007    -0.8113    -0.8106     0.0007   2.795118   2.795096  -0.000024    34.3142    34.3130     7.4357    27.5901    27.5892    34.3141    27.5901    1448.34    1448.34    -0.8111  1028.7292    34.4815 0.0000e+00
      11272 314.136234  -62.14307  -58.43537      0.881    1447.13    238.000    235.581    -0.8046    -0.8038     0.0008    -0.8117    -0.8109     0.0008   2.795142   2.795133  -0.000011    34.3142    34.3132     7.4323    27.5902    27.5893    34.3142    27.5902    1448.35    1448.35    -0.8115  1028.7340    34.4816 0.0000e+00
      11301 314.136248  -62.14308  -58.43535      0.835    1447.13    239.000    236.570    -0.8042    -0.8035     0.0008    -0.8114    -0.8106     0.0008   2.795205   2.795200  -0.000004    34.3141    34.3131     7.4405    27.5901    27.5892    34.3141    27.5900    1448.37    1448.37    -0.8112  1028.7387    34.4815 0.0000e+00
      11328 314.136261  -62.14308  -58.43534      0.864    1447.13    240.000    237.560    -0.8042    -0.8035     0.0008    -0.8114    -0.8106     0.0008   2.795256   2.795250  -0.000005    34.3141    34.3132     7.4388    27.5901    27.5893    34.3141    27.5901    1448.39    1448.39    -0.8112  1028.7435    34.4815 0.0000e+00
      11356 314.136275  -62.14308  -58.43532      0.865    1447.13    241.000    238.548    -0.8042    -0.8035     0.0007    -0.8114    -0.8107     0.0007   2.795300   2.795287  -0.000011    34.3140    34.3131     7.4390    27.5900    27.5893    34.3141    27.5900    1448.40    1448.40    -0.8112  1028.7482    34.4815 0.0000e+00
      11388 314.136290  -62.14310  -58.43531      0.790    1447.13    242.000    239.538    -0.8042    -0.8035     0.0007    -0.8114    -0.8107     0.0007   2.795351   2.795334  -0.000017    34.3141    34.3131     7.4380    27.5901    27.5892    34.3141    27.5901    1448.42    1448.42    -0.8112  1028.7530    34.4816 0.0000e+00
