Pos-Processados/process_op42/Processamento_split/down/doperantar42_047.cnv
* Sea-Bird SBE 9 Data File:
* FileName = C:\Users\Hidrografia\Desktop\OPXLII\Brutos\OP42047.hdr
* Software Version Seasave V 7.26.7.107
* Temperature SN = 6502
* Conductivity SN = 4998
* Number of Bytes Per Scan = 37
* Number of Voltage Words = 4
* Number of Scans Averaged by the Deck Unit = 1
* NMEA Latitude = 62 08.18 S
* NMEA Longitude = 058 26.60 W
* NMEA UTC (Time) = Nov 09 2023 22:04:48
* NMEA baud rate = 4800
** H41
** NPOALTEMAXIMIANO
** NUMERO DA ESTACAO (XXX) 047
** LAT (XX XX.XX S/N) 62 08. S
** LONG (XXX XX.XX W/E) 058 26. W
** DATAHORA (dd/mm/aaaa hh:mm Z) 09/11/2023 2205Z
** PROFUNDIDADE (m) 424
** OPERADOR 1T ZAMITH
# nquan = 30
# nvalues = 379                         
# units = specified
# name 0 = scan: Scan Count
# name 1 = timeJ: Julian Days
# name 2 = latitude: Latitude [deg]
# name 3 = longitude: Longitude [deg]
# name 4 = dz/dtM: Descent Rate [m/s]
# name 5 = avgsvCM: Average Sound Velocity [Chen-Millero, m/s]
# name 6 = prDM: Pressure, Digiquartz [db]
# name 7 = depSM: Depth [salt water, m]
# name 8 = t090C: Temperature [ITS-90, deg C]
# name 9 = t190C: Temperature, 2 [ITS-90, deg C]
# name 10 = T2-T190C: Temperature Difference, 2 - 1 [ITS-90, deg C]
# name 11 = potemp090C: Potential Temperature [ITS-90, deg C]
# name 12 = potemp190C: Potential Temperature, 2 [ITS-90, deg C]
# name 13 = potemp90Cdiff: Potential Temperature, Diff, 2 - 1 [ITS-90, deg C]
# name 14 = c0S/m: Conductivity [S/m]
# name 15 = c1S/m: Conductivity, 2 [S/m]
# name 16 = C2-C1S/m: Conductivity Difference, 2 - 1 [S/m]
# name 17 = sal00: Salinity, Practical [PSU]
# name 18 = sal11: Salinity, Practical, 2 [PSU]
# name 19 = sbeox0ML/L: Oxygen, SBE 43 [ml/l]
# name 20 = sigma-é00: Density [sigma-theta, kg/m^3]
# name 21 = sigma-é11: Density, 2 [sigma-theta, kg/m^3]
# name 22 = sal00: Salinity, Practical [PSU]
# name 23 = sigma-é00: Density [sigma-theta, kg/m^3]
# name 24 = svCM: Sound Velocity [Chen-Millero, m/s]
# name 25 = svCM1: Sound Velocity, 2 [Chen-Millero, m/s]
# name 26 = gsw_ptA0: potential temperature [ITS-90, deg C]
# name 27 = gsw_densityA0: density, TEOS-10 [density, kg/m^3]
# name 28 = gsw_saA0: Absolute Salinity [g/kg]
# name 29 = flag:
# span 0 =       3680,      14163       
# span 1 = 313.921774, 313.926830       
# span 2 =  -62.13872,  -62.13700       
# span 3 =  -58.44264,  -58.43989       
# span 4 =     -0.349,      1.101       
# span 5 =      -0.00,    1448.34       
# span 6 =      4.000,    382.000       
# span 7 =      3.988,    377.967       
# span 8 =    -0.7990,    -0.4888       
# span 9 =    -0.7986,    -0.4882       
# span 10 =    -0.0133,     0.0040      
# span 11 =    -0.8055,    -0.5018      
# span 12 =    -0.8051,    -0.5012      
# span 13 =    -0.0132,     0.0040      
# span 14 =   2.794599,   2.834954      
# span 15 =   2.794591,   2.834921      
# span 16 =  -0.000924,   0.000209      
# span 17 =    34.2747,    34.4052      
# span 18 =    34.2741,    34.4041      
# span 19 =     6.6502,     7.8420      
# span 20 =    27.5464,    27.6505      
# span 21 =    27.5459,    27.6496      
# span 22 =    34.2749,    34.4052      
# span 23 =    27.5466,    27.6505      
# span 24 =    1445.75,    1452.30      
# span 25 =    1445.75,    1452.30      
# span 26 =    -0.8053,    -0.5016      
# span 27 =  1027.5703,  1029.4716      
# span 28 =    34.4368,    34.5740      
# span 29 = 0.0000e+00, 0.0000e+00      
# interval = decibars: 1                
# start_time = Nov 09 2023 22:04:48 [NMEA time, header]
# bad_flag = -9.990e-29
*END*
[from data line 97]
       6231 313.923004  -62.13742  -58.44200      0.982    1446.43    101.000    100.007    -0.6203    -0.6192     0.0010    -0.6233    -0.6223     0.0010   2.801757   2.801741  -0.000014    34.2796    34.2783     7.6288    27.5542    27.5531    34.2791    27.5538    1446.94    1446.94    -0.6233  1028.0421    34.4453 0.0000e+00
       6255 313.923016  -62.13742  -58.44199      1.001    1446.43    102.000    100.997    -0.6245    -0.6232     0.0013    -0.6276    -0.6263     0.0013   2.801402   2.801436   0.000036    34.2796    34.2786     7.6198    27.5544    27.5536    34.2785    27.5535    1446.93    1446.94    -0.6275  1028.0466    34.4447 0.0000e+00
       6280 313.923028  -62.13742  -58.44198      0.986    1446.43    103.000    101.986    -0.6272    -0.6265     0.0007    -0.6303    -0.6296     0.0007   2.801231   2.801221  -0.000014    34.2793    34.2783     7.6260    27.5543    27.5534    34.2786    27.5537    1446.94    1446.94    -0.6302  1028.0516    34.4449 0.0000e+00
       6305 313.923040  -62.13743  -58.44198      0.971    1446.43    104.000    102.976    -0.6273    -0.6266     0.0007    -0.6304    -0.6297     0.0007   2.801245   2.801254   0.000010    34.2788    34.2781     7.6310    27.5539    27.5533    34.2783    27.5535    1446.96    1446.96    -0.6303  1028.0561    34.4445 0.0000e+00
       6329 313.923052  -62.13744  -58.44197      0.969    1446.43    105.000    103.966    -0.6282    -0.6274     0.0008    -0.6313    -0.6305     0.0008   2.801249   2.801239  -0.000014    34.2792    34.2781     7.6368    27.5543    27.5533    34.2787    27.5539    1446.97    1446.97    -0.6313  1028.0613    34.4450 0.0000e+00
       6354 313.923064  -62.13744  -58.44196      0.970    1446.43    106.000    104.956    -0.6284    -0.6275     0.0009    -0.6316    -0.6307     0.0009   2.801276   2.801263  -0.000016    34.2792    34.2780     7.6270    27.5543    27.5533    34.2787    27.5539    1446.98    1446.98    -0.6315  1028.0661    34.4450 0.0000e+00
       6379 313.923076  -62.13744  -58.44196      0.960    1446.43    107.000    105.946    -0.6290    -0.6281     0.0009    -0.6322    -0.6313     0.0009   2.801265   2.801266   0.000002    34.2790    34.2780     7.6158    27.5541    27.5533    34.2786    27.5538    1446.99    1447.00    -0.6321  1028.0709    34.4449 0.0000e+00
       6405 313.923088  -62.13745  -58.44195      0.940    1446.43    108.000    106.936    -0.6291    -0.6282     0.0008    -0.6323    -0.6315     0.0008   2.801313   2.801303  -0.000007    34.2790    34.2780     7.6217    27.5542    27.5533    34.2788    27.5540    1447.01    1447.01    -0.6323  1028.0758    34.4451 0.0000e+00
       6431 313.923101  -62.13746  -58.44194      0.933    1446.43    109.000    107.926    -0.6294    -0.6285     0.0009    -0.6327    -0.6318     0.0009   2.801324   2.801322  -0.000002    34.2790    34.2779     7.6222    27.5542    27.5533    34.2787    27.5539    1447.03    1447.03    -0.6326  1028.0805    34.4450 0.0000e+00
       6456 313.923113  -62.13746  -58.44194      0.948    1446.43    110.000    108.916    -0.6293    -0.6285     0.0007    -0.6326    -0.6318     0.0007   2.801379   2.801368  -0.000007    34.2788    34.2778     7.6202    27.5540    27.5532    34.2786    27.5539    1447.04    1447.05    -0.6325  1028.0852    34.4450 0.0000e+00
       6480 313.923124  -62.13746  -58.44193      0.978    1446.43    111.000    109.905    -0.6294    -0.6285     0.0010    -0.6328    -0.6318     0.0010   2.801404   2.801420   0.000012    34.2788    34.2778     7.6139    27.5540    27.5532    34.2785    27.5538    1447.06    1447.06    -0.6327  1028.0900    34.4449 0.0000e+00
       6504 313.923136  -62.13746  -58.44192      0.997    1446.43    112.000    110.895    -0.6296    -0.6287     0.0008    -0.6329    -0.6321     0.0008   2.801452   2.801445  -0.000010    34.2790    34.2779     7.6100    27.5542    27.5532    34.2787    27.5540    1447.07    1447.08    -0.6329  1028.0949    34.4451 0.0000e+00
       6528 313.923147  -62.13747  -58.44192      1.006    1446.43    113.000    111.885    -0.6308    -0.6299     0.0009    -0.6342    -0.6333     0.0009   2.801391   2.801400   0.000008    34.2790    34.2781     7.6093    27.5542    27.5535    34.2787    27.5540    1447.08    1447.09    -0.6341  1028.0997    34.4451 0.0000e+00
       6551 313.923159  -62.13748  -58.44192      1.012    1446.43    114.000    112.875    -0.6317    -0.6303     0.0014    -0.6351    -0.6337     0.0014   2.801370   2.801416   0.000047    34.2789    34.2780     7.6076    27.5542    27.5534    34.2787    27.5541    1447.10    1447.10    -0.6350  1028.1046    34.4451 0.0000e+00
       6576 313.923171  -62.13748  -58.44191      1.004    1446.43    115.000    113.865    -0.6322    -0.6313     0.0009    -0.6356    -0.6347     0.0009   2.801387   2.801393   0.000005    34.2790    34.2781     7.6128    27.5543    27.5535    34.2789    27.5542    1447.11    1447.11    -0.6355  1028.1095    34.4453 0.0000e+00
       6601 313.923183  -62.13748  -58.44190      0.965    1446.43    116.000    114.855    -0.6321    -0.6313     0.0008    -0.6356    -0.6348     0.0008   2.801455   2.801427  -0.000029    34.2793    34.2780     7.6203    27.5546    27.5535    34.2791    27.5544    1447.13    1447.13    -0.6355  1028.1145    34.4456 0.0000e+00
       6627 313.923195  -62.13748  -58.44190      0.932    1446.43    117.000    115.845    -0.6323    -0.6314     0.0010    -0.6359    -0.6349     0.0010   2.801475   2.801471  -0.000005    34.2792    34.2780     7.6096    27.5545    27.5535    34.2791    27.5544    1447.14    1447.15    -0.6357  1028.1192    34.4455 0.0000e+00
       6652 313.923207  -62.13750  -58.44188      0.945    1446.43    118.000    116.834    -0.6326    -0.6318     0.0009    -0.6362    -0.6353     0.0009   2.801491   2.801479  -0.000007    34.2791    34.2780     7.6080    27.5544    27.5535    34.2790    27.5543    1447.16    1447.16    -0.6361  1028.1240    34.4455 0.0000e+00
       6675 313.923219  -62.13750  -58.44188      0.988    1446.43    119.000    117.824    -0.6327    -0.6320     0.0007    -0.6363    -0.6355     0.0007   2.801522   2.801517  -0.000010    34.2790    34.2781     7.6068    27.5543    27.5535    34.2788    27.5542    1447.17    1447.18    -0.6362  1028.1286    34.4453 0.0000e+00
       6699 313.923230  -62.13750  -58.44188      1.021    1446.43    120.000    118.814    -0.6331    -0.6321     0.0010    -0.6367    -0.6357     0.0010   2.801542   2.801535  -0.000005    34.2791    34.2779     7.6023    27.5544    27.5535    34.2790    27.5543    1447.19    1447.19    -0.6366  1028.1336    34.4454 0.0000e+00
       6722 313.923241  -62.13750  -58.44186      1.034    1446.43    121.000    119.804    -0.6342    -0.6334     0.0008    -0.6378    -0.6371     0.0008   2.801513   2.801491  -0.000018    34.2793    34.2782     7.6022    27.5546    27.5537    34.2792    27.5546    1447.20    1447.20    -0.6378  1028.1386    34.4457 0.0000e+00
       6746 313.923253  -62.13750  -58.44186      1.013    1446.43    122.000    120.794    -0.6343    -0.6336     0.0007    -0.6380    -0.6373     0.0007   2.801527   2.801522  -0.000010    34.2791    34.2782     7.6031    27.5545    27.5537    34.2790    27.5544    1447.21    1447.22    -0.6379  1028.1407    34.4423 0.0000e+00
       6772 313.923266 -9.990e-29  -58.44186      0.943    1446.43    123.000    121.784    -0.6346    -0.6339     0.0007    -0.6383    -0.6376     0.0007   2.801565   2.801548  -0.000016    34.2793    34.2782     7.6059    27.5546    27.5537    34.2791    27.5545    1447.23    1447.23    -0.6382  1028.1442    34.4408 0.0000e+00
       6799 313.923278 -9.990e-29  -58.44184      0.911    1446.43    124.000    122.774    -0.6358    -0.6345     0.0014    -0.6396    -0.6382     0.0014   2.801549   2.801561   0.000012    34.2798    34.2784     7.6048    27.5551    27.5540    34.2797    27.5550    1447.24    1447.24    -0.6394  1028.1495    34.4413 0.0000e+00
       6824 313.923290 -9.990e-29  -58.44184      0.935    1446.43    125.000    123.763    -0.6356    -0.6347     0.0008    -0.6393    -0.6385     0.0008   2.801601   2.801588  -0.000014    34.2796    34.2785     7.5987    27.5549    27.5540    34.2795    27.5549    1447.26    1447.26    -0.6393  1028.1541    34.4411 0.0000e+00
       6848 313.923302 -9.990e-29  -58.44184      0.967    1446.43    126.000    124.753    -0.6363    -0.6353     0.0010    -0.6401    -0.6391     0.0010   2.801585   2.801582  -0.000005    34.2797    34.2785     7.5959    27.5550    27.5540    34.2795    27.5549    1447.27    1447.27    -0.6400  1028.1596    34.4420 0.0000e+00
       6873 313.923314 -9.990e-29 -9.990e-29      0.986    1446.43    127.000    125.743    -0.6369    -0.6359     0.0010    -0.6407    -0.6397     0.0010   2.801595   2.801592  -0.000005    34.2797    34.2786     7.6003    27.5551    27.5541    34.2797    27.5550    1447.28    1447.29    -0.6406  1028.1648    34.4425 0.0000e+00
       6896 313.923325 -9.990e-29 -9.990e-29      1.003    1446.43    128.000    126.733    -0.6367    -0.6358     0.0009    -0.6405    -0.6397     0.0009   2.801647   2.801648 -4.813e-07    34.2796    34.2786     7.5973    27.5550    27.5541    34.2795    27.5549    1447.30    1447.30    -0.6405  1028.1694    34.4424 0.0000e+00
       6920 313.923337 -9.990e-29 -9.990e-29      1.004    1446.43    129.000    127.723    -0.6369    -0.6359     0.0009    -0.6408    -0.6398     0.0009   2.801698   2.801677  -0.000021    34.2798    34.2785     7.5993    27.5552    27.5541    34.2798    27.5552    1447.32    1447.32    -0.6407  1028.1745    34.4426 0.0000e+00
       6944 313.923348  -62.13754  -58.44182      0.999    1446.43    130.000    128.712    -0.6367    -0.6361     0.0007    -0.6406    -0.6400     0.0007   2.801738   2.801724  -0.000011    34.2796    34.2786     7.5949    27.5550    27.5542    34.2796    27.5550    1447.33    1447.34    -0.6405  1028.1808    34.4446 0.0000e+00
       6969 313.923360  -62.13754  -58.44180      0.995    1446.43    131.000    129.702    -0.6370    -0.6364     0.0007    -0.6410    -0.6404     0.0007   2.801759   2.801739  -0.000025    34.2798    34.2787     7.5913    27.5552    27.5543    34.2796    27.5550    1447.35    1447.35    -0.6409  1028.1869    34.4462 0.0000e+00
       6993 313.923372  -62.13756  -58.44180      0.997    1446.43    132.000    130.692    -0.6388    -0.6378     0.0010    -0.6428    -0.6418     0.0010   2.801691   2.801678  -0.000005    34.2801    34.2789     7.5970    27.5555    27.5545    34.2801    27.5555    1447.36    1447.36    -0.6427  1028.1921    34.4467 0.0000e+00
       7017 313.923383  -62.13756  -58.44180      0.991    1446.43    133.000    131.682    -0.6403    -0.6392     0.0011    -0.6443    -0.6432     0.0011   2.801630   2.801635  -0.000002    34.2806    34.2794     7.5922    27.5560    27.5549    34.2803    27.5557    1447.37    1447.37    -0.6442  1028.1972    34.4469 0.0000e+00
       7042 313.923395  -62.13756  -58.44178      0.976    1446.43    134.000    132.672    -0.6426    -0.6417     0.0009    -0.6467    -0.6457     0.0009   2.801548   2.801534  -0.000011    34.2814    34.2802     7.5907    27.5567    27.5557    34.2812    27.5565    1447.37    1447.37    -0.6465  1028.2028    34.4478 0.0000e+00
       7067 313.923407  -62.13756  -58.44178      0.965    1446.43    135.000    133.661    -0.6430    -0.6418     0.0013    -0.6471    -0.6458     0.0013   2.801559   2.801583   0.000021    34.2814    34.2803     7.5940    27.5567    27.5557    34.2812    27.5566    1447.39    1447.39    -0.6470  1028.2076    34.4478 0.0000e+00
       7092 313.923420  -62.13756  -58.44178      0.961    1446.43    136.000    134.651    -0.6437    -0.6425     0.0012    -0.6478    -0.6466     0.0012   2.801540   2.801572   0.000029    34.2813    34.2803     7.5959    27.5567    27.5558    34.2811    27.5565    1447.40    1447.41    -0.6477  1028.2123    34.4477 0.0000e+00
       7116 313.923431  -62.13758  -58.44178      0.969    1446.43    137.000    135.640    -0.6459    -0.6446     0.0013    -0.6500    -0.6487     0.0013   2.801416   2.801441   0.000026    34.2817    34.2806     7.5944    27.5571    27.5561    34.2813    27.5568    1447.41    1447.41    -0.6499  1028.2174    34.4479 0.0000e+00
       7140 313.923443  -62.13758  -58.44176      0.991    1446.44    138.000    136.630    -0.6467    -0.6458     0.0009    -0.6509    -0.6500     0.0009   2.801406   2.801400  -0.000003    34.2816    34.2805     7.5824    27.5571    27.5562    34.2815    27.5569    1447.42    1447.42    -0.6508  1028.2223    34.4481 0.0000e+00
       7164 313.923454  -62.13758  -58.44176      1.007    1446.78    139.000    137.620    -0.6478    -0.6472     0.0006    -0.6520    -0.6514     0.0006   2.801352   2.801319  -0.000030    34.2816    34.2806     7.5785    27.5571    27.5563    34.2813    27.5569    1447.43    1447.43    -0.6519  1028.2270    34.4480 0.0000e+00
       7188 313.923466  -62.13758  -58.44176      1.001    1446.78    140.000    138.610    -0.6488    -0.6477     0.0011    -0.6530    -0.6519     0.0011   2.801309   2.801322   0.000014    34.2815    34.2805     7.5843    27.5571    27.5562    34.2813    27.5569    1447.44    1447.45    -0.6529  1028.2318    34.4480 0.0000e+00
       7213 313.923478  -62.13758  -58.44174      0.986    1446.78    141.000    139.599    -0.6505    -0.6493     0.0012    -0.6547    -0.6535     0.0012   2.801235   2.801242   0.000007    34.2820    34.2807     7.5859    27.5576    27.5564    34.2816    27.5572    1447.45    1447.46    -0.6547  1028.2370    34.4483 0.0000e+00
       7237 313.923490  -62.13760  -58.44174      0.975    1446.78    142.000    140.589    -0.6547    -0.6539     0.0008    -0.6590    -0.6581     0.0008   2.800937   2.800926  -0.000011    34.2825    34.2814     7.5826    27.5581    27.5572    34.2817    27.5574    1447.45    1447.45    -0.6589  1028.2420    34.4484 0.0000e+00
       7261 313.923501  -62.13760  -58.44174      0.983    1446.78    143.000    141.579    -0.6593    -0.6587     0.0007    -0.6637    -0.6630     0.0007   2.800637   2.800619  -0.000013    34.2828    34.2818     7.5837    27.5585    27.5577    34.2823    27.5582    1447.44    1447.44    -0.6635  1028.2475    34.4490 0.0000e+00
       7285 313.923513  -62.13760  -58.44173      0.998    1446.78    144.000    142.569    -0.6743    -0.6729     0.0014    -0.6787    -0.6772     0.0014   2.799448   2.799505   0.000043    34.2854    34.2843     7.5913    27.5613    27.5604    34.2826    27.5591    1447.39    1447.40    -0.6785  1028.2533    34.4494 0.0000e+00
       7309 313.923524  -62.13760  -58.44172      1.011    1446.78    145.000    143.558    -0.6894    -0.6853     0.0040    -0.6937    -0.6897     0.0040   2.798367   2.798590   0.000209    34.2865    34.2847     7.5953    27.5628    27.5612    34.2844    27.5612    1447.34    1447.36    -0.6936  1028.2602    34.4512 0.0000e+00
       7333 313.923536  -62.13762  -58.44172      1.004    1446.78    146.000    144.548    -0.7009    -0.6982     0.0028    -0.7053    -0.7025     0.0028   2.797471   2.797592   0.000127    34.2872    34.2858     7.5811    27.5639    27.5627    34.2848    27.5620    1447.30    1447.31    -0.7051  1028.2654    34.4510 0.0000e+00
       7358 313.923548 -9.990e-29  -58.44171      0.973    1446.78    147.000    145.538    -0.7091    -0.7074     0.0017    -0.7135    -0.7117     0.0017   2.796864   2.796907   0.000056    34.2871    34.2858     7.5724    27.5641    27.5631    34.2853    27.5627    1447.28    1447.29    -0.7134  1028.2674    34.4470 0.0000e+00
       7384 313.923560 -9.990e-29  -58.44170      0.950    1446.78    148.000    146.528    -0.7111    -0.7106     0.0005    -0.7155    -0.7150     0.0005   2.796690   2.796694  -0.000009    34.2862    34.2855     7.5673    27.5635    27.5630    34.2846    27.5622    1447.28    1447.29    -0.7154  1028.2716    34.4462 0.0000e+00
