Pos-Processados/process_op42/Processamento_split/down/doperantar42_007.cnv
* Sea-Bird SBE 9 Data File:
* FileName = C:\Users\Hidrografia\Desktop\OPXLII\Brutos\OP42006.hdr
* Software Version Seasave V 7.26.7.107
* Temperature SN = 6502
* Conductivity SN = 4998
* Number of Bytes Per Scan = 31
* Number of Voltage Words = 2
* Number of Scans Averaged by the Deck Unit = 1
* NMEA Latitude = 41 49.29 S
* NMEA Longitude = 054 31.41 W
* NMEA UTC (Time) = Oct 18 2023 00:54:10
* NMEA baud rate = 4800
** H41
** NPOALTEMAXIMIANO
** NUMERO DA ESTACAO (XXX) 006
** LAT (XX XX.XX S/N) 41 49.31 S
** LONG (XXX XX.XX W/E) 054 31.42 W
** DATAHORA (dd/mm/aaaa hh:mm Z) 17/10/2023 0025Z
** PROFUNDIDADE (m) 5071
** OPERADOR CT FILIPE LOPES
# nquan = 30
# nvalues = 1015                        
# units = specified
# name 0 = scan: Scan Count
# name 1 = timeJ: Julian Days
# name 2 = latitude: Latitude [deg]
# name 3 = longitude: Longitude [deg]
# name 4 = dz/dtM: Descent Rate [m/s]
# name 5 = avgsvCM: Average Sound Velocity [Chen-Millero, m/s]
# name 6 = prDM: Pressure, Digiquartz [db]
# name 7 = depSM: Depth [salt water, m]
# name 8 = t090C: Temperature [ITS-90, deg C]
# name 9 = t190C: Temperature, 2 [ITS-90, deg C]
# name 10 = T2-T190C: Temperature Difference, 2 - 1 [ITS-90, deg C]
# name 11 = potemp090C: Potential Temperature [ITS-90, deg C]
# name 12 = potemp190C: Potential Temperature, 2 [ITS-90, deg C]
# name 13 = potemp90Cdiff: Potential Temperature, Diff, 2 - 1 [ITS-90, deg C]
# name 14 = c0S/m: Conductivity [S/m]
# name 15 = c1S/m: Conductivity, 2 [S/m]
# name 16 = C2-C1S/m: Conductivity Difference, 2 - 1 [S/m]
# name 17 = sal00: Salinity, Practical [PSU]
# name 18 = sal11: Salinity, Practical, 2 [PSU]
# name 19 = sbeox0ML/L: Oxygen, SBE 43 [ml/l]
# name 20 = sigma-é00: Density [sigma-theta, kg/m^3]
# name 21 = sigma-é11: Density, 2 [sigma-theta, kg/m^3]
# name 22 = sal00: Salinity, Practical [PSU]
# name 23 = sigma-é00: Density [sigma-theta, kg/m^3]
# name 24 = svCM: Sound Velocity [Chen-Millero, m/s]
# name 25 = svCM1: Sound Velocity, 2 [Chen-Millero, m/s]
# name 26 = gsw_ptA0: potential temperature [ITS-90, deg C]
# name 27 = gsw_densityA0: density, TEOS-10 [density, kg/m^3]
# name 28 = gsw_saA0: Absolute Salinity [g/kg]
# name 29 = flag:
# span 0 =       5829,      33500       
# span 1 = 291.040426, 291.053771       
# span 2 =  -41.82056,  -41.81616       
# span 3 =  -54.52299,  -54.52039       
# span 4 =     -0.093,      1.484       
# span 5 =       0.00,    1502.65       
# span 6 =      2.000,   1016.000       
# span 7 =      2.019,   1005.581       
# span 8 =     3.0698,    13.5553       
# span 9 =     3.0706,    13.5547       
# span 10 =    -0.0222,     0.1456      
# span 11 =     3.0038,    13.5491      
# span 12 =     3.0046,    13.5482      
# span 13 =    -0.0221,     0.1454      
# span 14 =   3.155142,   4.186066      
# span 15 =   3.155159,   4.186218      
# span 16 =  -0.002992,   0.009261      
# span 17 =    34.1191,    35.3186      
# span 18 =    34.1214,    35.3190      
# span 19 =     4.6816,     6.4864      
# span 20 =    26.5266,    27.3265      
# span 21 =    26.5277,    27.3263      
# span 22 =    34.1140,    35.3189      
# span 23 =    26.5247,    27.3264      
# span 24 =    1475.77,    1503.20      
# span 25 =    1475.77,    1503.20      
# span 26 =     3.0037,    13.5491      
# span 27 =  1026.5452,  1032.0304      
# span 28 =    34.2756,    35.4858      
# span 29 = 0.0000e+00, 0.0000e+00      
# interval = decibars: 1                
# start_time = Oct 18 2023 00:54:10 [NMEA time, header]
# bad_flag = -9.990e-29
*END*
[from data line 436]
      17767 291.046183  -41.81880  -54.52190      1.435    1490.27    438.000    434.112     4.8461     4.8431    -0.0030     4.8121     4.8092    -0.0030   3.277756   3.277357  -0.000413    34.1532    34.1514     6.1292    27.0252    27.0241    34.1451    27.0188    1476.20    1476.18     4.8121  1029.0406    34.3074 0.0000e+00
      17788 291.046193  -41.81878  -54.52190      1.297    1490.27    439.000    435.103     4.8147     4.8132    -0.0014     4.7808     4.7793    -0.0014   3.274674   3.274316  -0.000349    34.1498    34.1472     6.1579    27.0261    27.0241    34.1411    27.0191    1476.08    1476.07     4.7807  1029.0459    34.3034 0.0000e+00
      17812 291.046205  -41.81878  -54.52188      1.078    1490.27    440.000    436.093     4.7988     4.7992     0.0003     4.7649     4.7653     0.0003   3.273187   3.273113  -0.000101    34.1456    34.1440     6.2438    27.0245    27.0232    34.1396    27.0197    1476.03    1476.03     4.7648  1029.0512    34.3018 0.0000e+00
      17838 291.046218  -41.81878  -54.52188      0.952    1490.27    441.000    437.082     4.8004     4.8013     0.0009     4.7664     4.7673     0.0009   3.273306   3.273416   0.000090    34.1429    34.1430     6.3468    27.0222    27.0222    34.1388    27.0189    1476.05    1476.05     4.7663  1029.0546    34.3005 0.0000e+00
      17866 291.046231 -9.990e-29  -54.52188      0.879    1490.27    442.000    438.072     4.8071     4.8085     0.0015     4.7730     4.7745     0.0015   3.273884   3.274160   0.000261    34.1419    34.1434     6.4110    27.0206    27.0217    34.1382    27.0177    1476.09    1476.10     4.7729  1029.0575    34.2995 0.0000e+00
      17896 291.046246 -9.990e-29  -54.52188      0.820    1490.27    443.000    439.062     4.8057     4.8071     0.0014     4.7715     4.7729     0.0014   3.273992   3.274130   0.000167    34.1437    34.1442     6.4282    27.0222    27.0224    34.1403    27.0195    1476.11    1476.11     4.7714  1029.0640    34.3016 0.0000e+00
      17933 291.046264  -41.81876  -54.52188      0.650    1490.27    444.000    440.052     4.7981     4.7988     0.0008     4.7638     4.7646     0.0008   3.273419   3.273463   0.000030    34.1437    34.1432     6.4181    27.0230    27.0226    34.1410    27.0209    1476.09    1476.09     4.7638  1029.0704    34.3027 0.0000e+00
      17963 291.046278  -41.81876  -54.52188      0.733    1490.27    445.000    441.043     4.8022     4.8029     0.0007     4.7679     4.7686     0.0007   3.273818   3.273939   0.000122    34.1429    34.1436     6.4028    27.0220    27.0224    34.1408    27.0203    1476.13    1476.13     4.7678  1029.0748    34.3031 0.0000e+00
      17986 291.046289  -41.81876  -54.52188      0.933    1490.27    446.000    442.033     4.7972     4.7985     0.0013     4.7628     4.7641     0.0013   3.273450   3.273541   0.000086    34.1437    34.1434     6.3891    27.0232    27.0228    34.1412    27.0212    1476.12    1476.13     4.7627  1029.0803    34.3035 0.0000e+00
      18008 291.046300  -41.81876  -54.52188      1.070    1490.27    447.000    443.023     4.7934     4.7941     0.0007     4.7590     4.7597     0.0007   3.273127   3.273165   0.000052    34.1430    34.1428     6.3832    27.0230    27.0228    34.1408    27.0213    1476.12    1476.13     4.7589  1029.0851    34.3031 0.0000e+00
      18033 291.046312  -41.81876  -54.52188      1.043    1490.27    448.000    444.013     4.7910     4.7901    -0.0009     4.7565     4.7556    -0.0009   3.272917   3.272800  -0.000090    34.1422    34.1421     6.3816    27.0227    27.0227    34.1404    27.0213    1476.13    1476.12     4.7564  1029.0893    34.3023 0.0000e+00
      18063 291.046326 -9.990e-29  -54.52188      0.848    1490.27    449.000    445.003     4.7730     4.7702    -0.0028     4.7385     4.7357    -0.0028   3.271089   3.270676  -0.000378    34.1423    34.1408     6.3835    27.0248    27.0239    34.1371    27.0207    1476.07    1476.05     4.7383  1029.0931    34.2984 0.0000e+00
      18090 291.046339 -9.990e-29  -54.52188      0.819    1490.27    450.000    445.993     4.7194     4.7196     0.0002     4.6850     4.6852     0.0002   3.266198   3.265848  -0.000396    34.1407    34.1359     6.3932    27.0295    27.0256    34.1348    27.0248    1475.86    1475.86     4.6849  1029.1024    34.2961 0.0000e+00
      18112 291.046350 -9.990e-29  -54.52187      0.991    1490.27    451.000    446.983     4.6951     4.6957     0.0006     4.6607     4.6613     0.0006   3.263595   3.263594  -0.000035    34.1341    34.1331     6.3970    27.0269    27.0260    34.1290    27.0229    1475.77    1475.77     4.6606  1029.1053    34.2903 0.0000e+00
      18131 291.046359 -9.990e-29  -54.52186      1.162    1490.27    452.000    447.973     4.6927     4.6936     0.0009     4.6582     4.6591     0.0009   3.263389   3.263499   0.000098    34.1317    34.1319     6.4071    27.0253    27.0254    34.1286    27.0228    1475.78    1475.78     4.6581  1029.1099    34.2898 0.0000e+00
      18152 291.046369 -9.990e-29  -54.52186      1.200    1490.27    453.000    448.963     4.6940     4.6954     0.0014     4.6595     4.6608     0.0013   3.263540   3.263698   0.000152    34.1311    34.1315     6.4352    27.0247    27.0248    34.1284    27.0226    1475.80    1475.80     4.6594  1029.1143    34.2897 0.0000e+00
      18206 291.046395  -41.81871  -54.52186      0.467    1490.27    454.000    449.956     4.7024     4.7042     0.0017     4.6677     4.6695     0.0017   3.264339   3.264599   0.000250    34.1304    34.1315     6.4864    27.0232    27.0239    34.1286    27.0218    1475.85    1475.86     4.6677  1029.1180    34.2899 0.0000e+00
      18256 291.046419  -41.81870  -54.52186      0.512    1490.27    455.000    450.943     4.7143     4.7186     0.0043     4.6795     4.6838     0.0043   3.265968   3.266546   0.000562    34.1312    34.1333     6.4826    27.0226    27.0238    34.1349    27.0254    1475.92    1475.94     4.6794  1029.1269    34.2972 0.0000e+00
      18279 291.046430  -41.81870  -54.52186      0.842    1490.27    456.000    451.933     4.7737     4.7756     0.0019     4.7386     4.7405     0.0019   3.271993   3.272389   0.000430    34.1404    34.1435     6.4640    27.0233    27.0255    34.1433    27.0256    1476.19    1476.21     4.7385  1029.1309    34.3057 0.0000e+00
      18298 291.046440  -41.81870  -54.52186      1.102    1490.27    457.000    452.923     4.7810     4.7822     0.0012     4.7458     4.7470     0.0012   3.272980   3.273077   0.000102    34.1452    34.1452     6.4738    27.0263    27.0261    34.1467    27.0275    1476.24    1476.25     4.7457  1029.1373    34.3091 0.0000e+00
      18317 291.046449  -41.81870  -54.52186      1.251    1490.27    458.000    453.913     4.7876     4.7878     0.0002     4.7523     4.7525     0.0002   3.273757   3.273860   0.000081    34.1459    34.1467     6.4675    27.0261    27.0267    34.1485    27.0282    1476.29    1476.29     4.7522  1029.1425    34.3109 0.0000e+00
      18339 291.046459  -41.81870  -54.52186      1.213    1490.27    459.000    454.903     4.7959     4.7982     0.0024     4.7604     4.7628     0.0024   3.274737   3.274982   0.000254    34.1496    34.1501     6.4137    27.0282    27.0283    34.1509    27.0292    1476.34    1476.35     4.7603  1029.1479    34.3132 0.0000e+00
      18364 291.046471  -41.81868  -54.52186      1.032    1490.27    460.000    455.893     4.7969     4.7973     0.0004     4.7614     4.7617     0.0004   3.275011   3.275090   0.000066    34.1502    34.1506     6.3461    27.0285    27.0288    34.1524    27.0303    1476.36    1476.37     4.7613  1029.1537    34.3149 0.0000e+00
      18392 291.046485  -41.81868  -54.52186      0.894    1490.27    461.000    456.883     4.8137     4.8148     0.0011     4.7781     4.7792     0.0011   3.276639   3.276829   0.000211    34.1518    34.1531     6.3054    27.0279    27.0288    34.1536    27.0293    1476.45    1476.46     4.7780  1029.1571    34.3160 0.0000e+00
      18423 291.046500  -41.81868  -54.52184      0.791    1490.27    462.000    457.873     4.8165     4.8174     0.0010     4.7808     4.7817     0.0010   3.277048   3.277174   0.000120    34.1536    34.1540     6.2963    27.0290    27.0292    34.1549    27.0301    1476.48    1476.49     4.7806  1029.1624    34.3174 0.0000e+00
      18450 291.046513  -41.81868  -54.52184      0.824    1490.27    463.000    458.863     4.8166     4.8176     0.0010     4.7808     4.7818     0.0010   3.277122   3.277219   0.000109    34.1541    34.1543     6.2824    27.0294    27.0295    34.1551    27.0303    1476.50    1476.51     4.7807  1029.1672    34.3176 0.0000e+00
      18473 291.046524  -41.81868  -54.52184      0.969    1490.27    464.000    459.853     4.8118     4.8137     0.0018     4.7759     4.7778     0.0018   3.276690   3.276814   0.000144    34.1544    34.1542     6.2711    27.0302    27.0298    34.1545    27.0303    1476.50    1476.50     4.7758  1029.1719    34.3170 0.0000e+00
      18493 291.046533  -41.81868  -54.52184      1.115    1490.27    465.000    460.842     4.7947     4.7993     0.0046     4.7588     4.7633     0.0046   3.274941   3.275446   0.000396    34.1530    34.1528     6.2711    27.0310    27.0304    34.1514    27.0297    1476.44    1476.46     4.7587  1029.1761    34.3138 0.0000e+00
      18512 291.046543  -41.81866  -54.52184      1.206    1490.27    466.000    461.833     4.7880     4.7863    -0.0016     4.7520     4.7504    -0.0016   3.274163   3.273767  -0.000305    34.1522    34.1504     6.2669    27.0311    27.0299    34.1487    27.0284    1476.42    1476.41     4.7519  1029.1794    34.3111 0.0000e+00
      18535 291.046554  -41.81866  -54.52184      1.167    1490.22    467.000    462.823     4.7395     4.7463     0.0068     4.7036     4.7104     0.0068   3.269545   3.270000   0.000494    34.1480    34.1467     6.2784    27.0332    27.0314    34.1444    27.0303    1476.24    1476.26     4.7035  1029.1866    34.3068 0.0000e+00
      18563 291.046568  -41.81866  -54.52184      0.912 -9.990e-29    468.000    463.812     4.7232     4.7253     0.0021     4.6873     4.6894     0.0021   3.268179   3.268168  -0.000047    34.1467    34.1441     6.2949    27.0340    27.0316    34.1447    27.0324    1476.18    1476.19     4.6872  1029.1934    34.3071 0.0000e+00
      18595 291.046583  -41.81865  -54.52183      0.755 -9.990e-29    469.000    464.803     4.7026     4.7029     0.0003     4.6667     4.6671     0.0003   3.266167   3.265941  -0.000257    34.1456    34.1423     6.3338    27.0354    27.0327    34.1420    27.0325    1476.11    1476.11     4.6666  1029.1983    34.3044 0.0000e+00
      18625 291.046597  -41.81864  -54.52182      0.788    1488.73    470.000    465.792     4.6981     4.7013     0.0033     4.6622     4.6654     0.0032   3.265728   3.265920   0.000257    34.1420    34.1416     6.3615    27.0330    27.0324    34.1410    27.0322    1476.11    1476.12     4.6620  1029.2027    34.3034 0.0000e+00
      18653 291.046611  -41.81864  -54.52182      0.847    1488.52    471.000    466.782     4.7393     4.7344    -0.0049     4.7031     4.6982    -0.0049   3.269609   3.269594  -0.000066    34.1413    34.1457     6.3668    27.0280    27.0319    34.1433    27.0295    1476.30    1476.29     4.7030  1029.2041    34.3057 0.0000e+00
      18679 291.046623  -41.81864  -54.52182      0.905    1488.52    472.000    467.772     4.7371     4.7388     0.0017     4.7009     4.7025     0.0017   3.269717   3.269867   0.000170    34.1469    34.1471     6.3855    27.0326    27.0326    34.1462    27.0321    1476.31    1476.32     4.7008  1029.2113    34.3086 0.0000e+00
      18703 291.046635  -41.81864  -54.52182      0.952    1488.52    473.000    468.762     4.7388     4.7390     0.0002     4.7024     4.7026     0.0002   3.269985   3.270014   0.000040    34.1468    34.1470     6.3798    27.0323    27.0325    34.1472    27.0327    1476.33    1476.34     4.7023  1029.2164    34.3096 0.0000e+00
      18726 291.046646  -41.81862  -54.52182      1.007    1488.52    474.000    469.752     4.7571     4.7514    -0.0057     4.7206     4.7149    -0.0057   3.272017   3.271521  -0.000474    34.1480    34.1484     6.3549    27.0313    27.0322    34.1514    27.0340    1476.43    1476.41     4.7205  1029.2221    34.3138 0.0000e+00
      18747 291.046656  -41.81862  -54.52182      1.096    1488.52    475.000    470.742     4.7911     4.7913     0.0002     4.7544     4.7547     0.0002   3.275618   3.275810   0.000127    34.1521    34.1534     6.3375    27.0308    27.0318    34.1577    27.0353    1476.60    1476.60     4.7543  1029.2276    34.3202 0.0000e+00
      18767 291.046666  -41.81862  -54.52182      1.174    1488.52    476.000    471.732     4.8585     4.8603     0.0018     4.8214     4.8232     0.0018   3.283123   3.283404   0.000323    34.1632    34.1651     6.3248    27.0321    27.0334    34.1751    27.0415    1476.91    1476.92     4.8213  1029.2375    34.3377 0.0000e+00
      18787 291.046675  -41.81862  -54.52182      1.194    1488.52    477.000    472.722     4.8971     4.8965    -0.0007     4.8598     4.8592    -0.0006   3.286755   3.286677  -0.000064    34.1736    34.1735     6.3176    27.0360    27.0360    34.1770    27.0387    1477.09    1477.08     4.8597  1029.2388    34.3396 0.0000e+00
      18811 291.046687  -41.81862  -54.52182      1.094    1488.52    478.000    473.712     4.8853     4.8872     0.0019     4.8480     4.8499     0.0019   3.285878   3.285913   0.000033    34.1756    34.1740     6.2879    27.0389    27.0375    34.1785    27.0412    1477.06    1477.06     4.8479  1029.2460    34.3411 0.0000e+00
      18841 291.046701  -41.81861  -54.52182      0.875    1488.52    479.000    474.702     4.8753     4.8755     0.0002     4.8379     4.8381     0.0002   3.284876   3.284742  -0.000141    34.1751    34.1733     6.1753    27.0397    27.0382    34.1767    27.0409    1477.03    1477.03     4.8378  1029.2504    34.3392 0.0000e+00
      18873 291.046717  -41.81860  -54.52182      0.749    1488.52    480.000    475.691     4.8709     4.8714     0.0005     4.8335     4.8340     0.0005   3.284532   3.284546   0.000003    34.1746    34.1742     6.0935    27.0398    27.0394    34.1766    27.0414    1477.03    1477.03     4.8334  1029.2555    34.3392 0.0000e+00
      18900 291.046730  -41.81860  -54.52182      0.825    1488.52    481.000    476.681     4.8686     4.8691     0.0005     4.8311     4.8316     0.0005   3.284450   3.284444   0.000004    34.1764    34.1759     6.0911    27.0414    27.0410    34.1775    27.0423    1477.04    1477.04     4.8310  1029.2611    34.3401 0.0000e+00
      18924 291.046741  -41.81860  -54.52182      0.946    1488.52    482.000    477.671     4.8637     4.8644     0.0007     4.8261     4.8268     0.0007   3.284004   3.284015   0.000005    34.1762    34.1756     6.1044    27.0419    27.0413    34.1769    27.0424    1477.03    1477.04     4.8260  1029.2659    34.3395 0.0000e+00
      18949 291.046753  -41.81860  -54.52180      0.988    1488.52    483.000    478.661     4.8544     4.8557     0.0013     4.8168     4.8181     0.0013   3.283107   3.283144   0.000050    34.1756    34.1749     6.1055    27.0425    27.0418    34.1755    27.0424    1477.01    1477.01     4.8167  1029.2705    34.3381 0.0000e+00
      18975 291.046766  -41.81859  -54.52180      0.934    1488.52    484.000    479.651     4.8446     4.8451     0.0005     4.8070     4.8074     0.0005   3.282150   3.282137  -0.000028    34.1746    34.1738     6.0943    27.0428    27.0421    34.1740    27.0423    1476.98    1476.98     4.8069  1029.2751    34.3365 0.0000e+00
