Pos-Processados/process_op42/Processamento_split/down/doperantar42_005.cnv
* Sea-Bird SBE 9 Data File:
* FileName = C:\Users\Hidrografia\Desktop\OPXLII\Brutos\OP42005.hdr
* Software Version Seasave V 7.26.7.107
* Temperature SN = 6502
* Conductivity SN = 4998
* Number of Bytes Per Scan = 31
* Number of Voltage Words = 2
* Number of Scans Averaged by the Deck Unit = 1
* NMEA Latitude = 39 18.87 S
* NMEA Longitude = 053 09.31 W
* NMEA UTC (Time) = Oct 17 2023 00:39:31
* NMEA baud rate = 4800
** H41
** NPOALTEMAXIMIANO
** NUMERO DA ESTACAO (XXX) 005
** LAT (XX XX.XX S/N) 39 19.919 S
** LONG (XXX XX.XX W/E) 053 09.46 W
** DATAHORA (dd/mm/aaaa hh:mm Z) 17/10/2023 0025Z
** PROFUNDIDADE (m) 4727
** OPERADOR ZAMITH
# nquan = 30
# nvalues = 1003                        
# units = specified
# name 0 = scan: Scan Count
# name 1 = timeJ: Julian Days
# name 2 = latitude: Latitude [deg]
# name 3 = longitude: Longitude [deg]
# name 4 = dz/dtM: Descent Rate [m/s]
# name 5 = avgsvCM: Average Sound Velocity [Chen-Millero, m/s]
# name 6 = prDM: Pressure, Digiquartz [db]
# name 7 = depSM: Depth [salt water, m]
# name 8 = t090C: Temperature [ITS-90, deg C]
# name 9 = t190C: Temperature, 2 [ITS-90, deg C]
# name 10 = T2-T190C: Temperature Difference, 2 - 1 [ITS-90, deg C]
# name 11 = potemp090C: Potential Temperature [ITS-90, deg C]
# name 12 = potemp190C: Potential Temperature, 2 [ITS-90, deg C]
# name 13 = potemp90Cdiff: Potential Temperature, Diff, 2 - 1 [ITS-90, deg C]
# name 14 = c0S/m: Conductivity [S/m]
# name 15 = c1S/m: Conductivity, 2 [S/m]
# name 16 = C2-C1S/m: Conductivity Difference, 2 - 1 [S/m]
# name 17 = sal00: Salinity, Practical [PSU]
# name 18 = sal11: Salinity, Practical, 2 [PSU]
# name 19 = sbeox0ML/L: Oxygen, SBE 43 [ml/l]
# name 20 = sigma-é00: Density [sigma-theta, kg/m^3]
# name 21 = sigma-é11: Density, 2 [sigma-theta, kg/m^3]
# name 22 = sal00: Salinity, Practical [PSU]
# name 23 = sigma-é00: Density [sigma-theta, kg/m^3]
# name 24 = svCM: Sound Velocity [Chen-Millero, m/s]
# name 25 = svCM1: Sound Velocity, 2 [Chen-Millero, m/s]
# name 26 = gsw_ptA0: potential temperature [ITS-90, deg C]
# name 27 = gsw_densityA0: density, TEOS-10 [density, kg/m^3]
# name 28 = gsw_saA0: Absolute Salinity [g/kg]
# name 29 = flag:
# span 0 =       2807,      32186       
# span 1 = 290.028795, 290.042963       
# span 2 =  -39.31441,  -39.31288       
# span 3 =  -53.15490,  -53.15060       
# span 4 =     -0.039,      1.529       
# span 5 =       0.00,    1484.10       
# span 6 =      3.000,   1005.000       
# span 7 =      2.987,    994.947       
# span 8 =     2.6988,     9.5573       
# span 9 =     2.6997,     9.5594       
# span 10 =    -0.0566,     0.0188      
# span 11 =     2.6328,     9.5570      
# span 12 =     2.6337,     9.5591      
# span 13 =    -0.0566,     0.0188      
# span 14 =   3.094396,   3.665812      
# span 15 =   3.094464,   3.666033      
# span 16 =  -0.007395,   0.001864      
# span 17 =    33.9516,    34.5402      
# span 18 =    33.9517,    34.5398      
# span 19 =     3.9135,     6.7886      
# span 20 =    26.2072,    27.5508      
# span 21 =    26.2069,    27.5504      
# span 22 =    33.9519,    34.5402      
# span 23 =    26.2074,    27.5508      
# span 24 =    1465.89,    1487.06      
# span 25 =    1465.89,    1487.08      
# span 26 =     2.6327,     9.5570      
# span 27 =  1026.2246,  1032.2140      
# span 28 =    34.1133,    34.7060      
# span 29 = 0.0000e+00, 0.0000e+00      
# interval = decibars: 1                
# start_time = Oct 17 2023 00:39:31 [NMEA time, header]
# bad_flag = -9.990e-29
*END*
[from data line 677]
      21759 290.037935  -39.31344  -53.15228      1.166    1470.53    680.000    673.726     2.8525     2.8533     0.0008     2.8090     2.8098     0.0008   3.131123   3.131163   0.000045    34.3574    34.3571     4.4027    27.3893    27.3889    34.3575    27.3893    1472.09    1472.09     2.8089  1030.5536    34.5210 0.0000e+00
      21780 290.037945  -39.31344  -53.15228      1.187    1470.53    681.000    674.715     2.8523     2.8532     0.0009     2.8088     2.8097     0.0009   3.131173   3.131217   0.000042    34.3577    34.3573     4.3989    27.3895    27.3891    34.3578    27.3896    1472.11    1472.11     2.8087  1030.5585    34.5213 0.0000e+00
      21806 290.037958  -39.31344  -53.15226      1.054    1470.53    682.000    675.700     2.8519     2.8527     0.0008     2.8083     2.8091     0.0008   3.131239   3.131295   0.000055    34.3585    34.3582     4.3957    27.3902    27.3899    34.3585    27.3902    1472.12    1472.13     2.8082  1030.5637    34.5220 0.0000e+00
      21846 290.037977  -39.31344  -53.15226      0.614    1470.53    683.000    676.696     2.8515     2.8523     0.0008     2.8078     2.8086     0.0008   3.131317   3.131365   0.000048    34.3593    34.3590     4.3880    27.3909    27.3906    34.3593    27.3909    1472.14    1472.14     2.8078  1030.5690    34.5228 0.0000e+00
      21882 290.037994  -39.31344  -53.15225      0.633    1470.53    684.000    677.683     2.8513     2.8521     0.0008     2.8076     2.8084     0.0008   3.131394   3.131442   0.000052    34.3598    34.3597     4.3904    27.3913    27.3911    34.3599    27.3914    1472.15    1472.16     2.8075  1030.5741    34.5234 0.0000e+00
      21906 290.038006  -39.31344  -53.15224      0.860    1470.53    685.000    678.672     2.8508     2.8516     0.0008     2.8069     2.8078     0.0008   3.131438   3.131489   0.000051    34.3605    34.3602     4.3873    27.3919    27.3916    34.3605    27.3919    1472.17    1472.17     2.8069  1030.5793    34.5240 0.0000e+00
      21924 290.038015  -39.31344  -53.15224      1.105    1470.53    686.000    679.661     2.8508     2.8517     0.0009     2.8069     2.8078     0.0009   3.131494   3.131538   0.000047    34.3606    34.3602     4.3900    27.3920    27.3916    34.3607    27.3920    1472.19    1472.19     2.8068  1030.5840    34.5242 0.0000e+00
      21940 290.038022  -39.31344  -53.15226      1.323    1470.53    687.000    680.650     2.8508     2.8517     0.0010     2.8068     2.8078     0.0009   3.131542   3.131587   0.000044    34.3607    34.3602     4.3858    27.3921    27.3916    34.3607    27.3921    1472.20    1472.21     2.8068  1030.5887    34.5242 0.0000e+00
      21956 290.038030  -39.31344  -53.15225      1.466    1470.53    688.000    681.640     2.8505     2.8513     0.0008     2.8064     2.8072     0.0008   3.131568   3.131622   0.000052    34.3608    34.3606     4.3860    27.3922    27.3919    34.3608    27.3922    1472.22    1472.22     2.8064  1030.5935    34.5244 0.0000e+00
      21990 290.038046  -39.31344  -53.15224      1.077    1470.53    689.000    682.637     2.8503     2.8514     0.0010     2.8063     2.8073     0.0010   3.131640   3.131688   0.000047    34.3613    34.3608     4.3840    27.3926    27.3921    34.3613    27.3926    1472.23    1472.24     2.8062  1030.5985    34.5249 0.0000e+00
      22069 290.038084  -39.31344  -53.15222      0.289    1470.53    690.000    683.622     2.8497     2.8508     0.0011     2.8055     2.8066     0.0011   3.131770   3.131786   0.000015    34.3630    34.3621     4.3755    27.3940    27.3932    34.3631    27.3941    1472.25    1472.25     2.8054  1030.6046    34.5266 0.0000e+00
      22088 290.038094  -39.31344  -53.15222      0.873    1470.54    691.000    684.606     2.8483     2.8492     0.0009     2.8040     2.8050     0.0009   3.131862   3.131915   0.000054    34.3651    34.3648     4.3777    27.3959    27.3955    34.3651    27.3959    1472.26    1472.27     2.8040  1030.6110    34.5287 0.0000e+00
      22105 290.038102  -39.31344  -53.15222      1.189 -9.990e-29    692.000    685.596     2.8479     2.8489     0.0010     2.8036     2.8046     0.0010   3.131929   3.131980   0.000051    34.3657    34.3653     4.3776    27.3964    27.3960    34.3658    27.3964    1472.28    1472.28     2.8036  1030.6161    34.5294 0.0000e+00
      22121 290.038110  -39.31344  -53.15222      1.377 -9.990e-29    693.000    686.585     2.8460     2.8468     0.0008     2.8017     2.8025     0.0008   3.131908   3.131935   0.000028    34.3673    34.3668     4.3774    27.3978    27.3973    34.3670    27.3976    1472.29    1472.29     2.8016  1030.6220    34.5306 0.0000e+00
      22138 290.038118  -39.31344  -53.15222      1.454 -9.990e-29    694.000    687.574     2.8439     2.8448     0.0008     2.7995     2.8003     0.0008   3.131847   3.131882   0.000033    34.3681    34.3676     4.3736    27.3987    27.3982    34.3680    27.3985    1472.30    1472.30     2.7994  1030.6276    34.5316 0.0000e+00
      22161 290.038129  -39.31344  -53.15222      1.272 -9.990e-29    695.000    688.563     2.8439     2.8446     0.0008     2.7994     2.8001     0.0008   3.131951   3.132000   0.000049    34.3688    34.3686     4.3629    27.3992    27.3990    34.3688    27.3992    1472.32    1472.32     2.7993  1030.6328    34.5324 0.0000e+00
      22205 290.038150  -39.31344  -53.15220      0.579    1470.63    696.000    689.553     2.8457     2.8466     0.0009     2.8011     2.8020     0.0009   3.132184   3.132229   0.000047    34.3690    34.3687     4.3490    27.3993    27.3989    34.3691    27.3993    1472.34    1472.34     2.8011  1030.6375    34.5327 0.0000e+00
      22248 290.038171  -39.31344 -9.990e-29      0.536    1470.63    697.000    690.541     2.8497     2.8508     0.0011     2.8050     2.8061     0.0011   3.132688   3.132813   0.000120    34.3701    34.3704     4.3426    27.3998    27.3999    34.3705    27.4001    1472.38    1472.38     2.8050  1030.6428    34.5341 0.0000e+00
      22275 290.038184  -39.31344 -9.990e-29      0.783    1470.63    698.000    691.530     2.8505     2.8514     0.0009     2.8058     2.8066     0.0009   3.132860   3.132892   0.000039    34.3711    34.3707     4.3413    27.4005    27.4001    34.3711    27.4005    1472.40    1472.40     2.8057  1030.6478    34.5347 0.0000e+00
      22295 290.038193  -39.31344  -53.15221      1.029    1470.63    699.000    692.520     2.8497     2.8506     0.0010     2.8049     2.8058     0.0009   3.132794   3.132842   0.000052    34.3706    34.3703     4.3355    27.4002    27.3998    34.3707    27.4002    1472.41    1472.41     2.8048  1030.6522    34.5344 0.0000e+00
      22311 290.038201  -39.31344  -53.15220      1.250    1470.63    700.000    693.508     2.8526     2.8534     0.0008     2.8077     2.8085     0.0008   3.133193   3.133261   0.000057    34.3712    34.3710     4.3287    27.4004    27.4002    34.3720    27.4010    1472.44    1472.44     2.8076  1030.6576    34.5356 0.0000e+00
      22329 290.038210  -39.31344  -53.15220      1.378    1470.63    701.000    694.497     2.8543     2.8553     0.0010     2.8093     2.8103     0.0010   3.133422   3.133495   0.000071    34.3721    34.3719     4.3255    27.4009    27.4007    34.3724    27.4012    1472.46    1472.47     2.8092  1030.6624    34.5361 0.0000e+00
      22370 290.038230  -39.31344  -53.15219      0.751    1470.63    702.000    695.489     2.8533     2.8557     0.0024     2.8082     2.8106     0.0024   3.133324   3.133571   0.000243    34.3717    34.3721     4.3268    27.4007    27.4008    34.3718    27.4008    1472.48    1472.49     2.8082  1030.6666    34.5354 0.0000e+00
      22421 290.038254  -39.31344  -53.15218      0.430    1470.63    703.000    696.475     2.8565     2.8575     0.0010     2.8113     2.8123     0.0010   3.133785   3.133899   0.000114    34.3728    34.3731     4.3322    27.4014    27.4016    34.3734    27.4019    1472.51    1472.51     2.8113  1030.6722    34.5371 0.0000e+00
      22442 290.038264  -39.31344  -53.15218      0.857    1470.63    704.000    697.465     2.8569     2.8577     0.0008     2.8116     2.8124     0.0008   3.134076   3.134115   0.000049    34.3760    34.3757     4.3339    27.4039    27.4036    34.3760    27.4039    1472.53    1472.53     2.8116  1030.6788    34.5397 0.0000e+00
      22460 290.038273  -39.31344  -53.15218      1.154    1470.63    705.000    698.453     2.8528     2.8538     0.0009     2.8076     2.8085     0.0009   3.133947   3.133988   0.000033    34.3783    34.3777     4.3327    27.4061    27.4055    34.3782    27.4060    1472.53    1472.54     2.8075  1030.6856    34.5419 0.0000e+00
      22476 290.038281  -39.31344  -53.15218      1.354    1470.63    706.000    699.443     2.8512     2.8521     0.0009     2.8059     2.8068     0.0009   3.133907   3.133947   0.000043    34.3790    34.3785     4.3305    27.4068    27.4063    34.3789    27.4067    1472.54    1472.54     2.8058  1030.6909    34.5426 0.0000e+00
      22493 290.038289  -39.31344  -53.15218      1.443    1470.63    707.000    700.432     2.8490     2.8498     0.0008     2.8036     2.8044     0.0008   3.133838   3.133877   0.000043    34.3801    34.3797     4.3288    27.4078    27.4075    34.3799    27.4077    1472.55    1472.55     2.8035  1030.6966    34.5437 0.0000e+00
      22545 290.038314  -39.31344  -53.15217      0.583    1470.63    708.000    701.421     2.8512     2.8520     0.0009     2.8057     2.8066     0.0009   3.133954   3.134004   0.000053    34.3784    34.3781     4.3124    27.4064    27.4060    34.3785    27.4064    1472.57    1472.58     2.8057  1030.6999    34.5422 0.0000e+00
      22599 290.038340  -39.31342  -53.15216      0.488    1470.63    709.000    702.410     2.8476     2.8488     0.0013     2.8020     2.8033     0.0013   3.133870   3.133923   0.000053    34.3809    34.3802     4.3083    27.4086    27.4080    34.3808    27.4085    1472.58    1472.58     2.8020  1030.7066    34.5444 0.0000e+00
      22622 290.038351  -39.31342 -9.990e-29      0.870    1470.63    710.000    703.399     2.8477     2.8486     0.0009     2.8022     2.8030     0.0009   3.133909   3.133958   0.000051    34.3806    34.3803     4.3042    27.4083    27.4081    34.3805    27.4083    1472.60    1472.60     2.8021  1030.7111    34.5442 0.0000e+00
      22641 290.038360  -39.31342 -9.990e-29      1.091    1470.63    711.000    704.388     2.8474     2.8484     0.0009     2.8018     2.8027     0.0009   3.133944   3.133995   0.000055    34.3807    34.3804     4.3032    27.4085    27.4082    34.3807    27.4085    1472.61    1472.61     2.8017  1030.7158    34.5444 0.0000e+00
      22660 290.038369  -39.31342 -9.990e-29      1.231    1470.63    712.000    705.377     2.8472     2.8482     0.0009     2.8015     2.8025     0.0009   3.133982   3.134017   0.000038    34.3809    34.3803     4.2956    27.4087    27.4081    34.3809    27.4087    1472.63    1472.63     2.8014  1030.7206    34.5445 0.0000e+00
      22679 290.038379  -39.31343  -53.15214      1.274    1470.63    713.000    706.366     2.8472     2.8480     0.0008     2.8014     2.8023     0.0008   3.134031   3.134074   0.000041    34.3810    34.3806     4.2897    27.4088    27.4084    34.3810    27.4088    1472.64    1472.65     2.8013  1030.7253    34.5447 0.0000e+00
      22701 290.038389  -39.31344  -53.15214      1.208    1470.63    714.000    707.355     2.8470     2.8479     0.0008     2.8012     2.8020     0.0008   3.134065   3.134107   0.000043    34.3811    34.3807     4.2977    27.4089    27.4085    34.3810    27.4088    1472.66    1472.66     2.8011  1030.7301    34.5448 0.0000e+00
      22730 290.038403  -39.31344  -53.15214      0.928    1470.63    715.000    708.344     2.8466     2.8474     0.0009     2.8007     2.8015     0.0009   3.134090   3.134124   0.000035    34.3814    34.3808     4.2933    27.4091    27.4087    34.3813    27.4091    1472.67    1472.68     2.8006  1030.7349    34.5450 0.0000e+00
      22773 290.038424  -39.31344  -53.15214      0.567    1470.63    716.000    709.333     2.8461     2.8468     0.0007     2.8001     2.8008     0.0007   3.134111   3.134147   0.000035    34.3816    34.3813     4.2924    27.4094    27.4091    34.3815    27.4093    1472.69    1472.69     2.8000  1030.7398    34.5453 0.0000e+00
      22814 290.038444  -39.31343  -53.15212      0.561    1470.63    717.000    710.322     2.8449     2.8458     0.0008     2.7989     2.7997     0.0008   3.134098   3.134141   0.000045    34.3821    34.3818     4.2950    27.4099    27.4096    34.3820    27.4098    1472.70    1472.70     2.7988  1030.7450    34.5458 0.0000e+00
      22841 290.038457  -39.31342  -53.15212      0.785    1470.63    718.000    711.311     2.8444     2.8453     0.0008     2.7983     2.7991     0.0008   3.134123   3.134165   0.000041    34.3824    34.3821     4.2965    27.4102    27.4098    34.3824    27.4101    1472.72    1472.72     2.7982  1030.7499    34.5461 0.0000e+00
      22861 290.038467  -39.31342  -53.15212      1.013    1470.63    719.000    712.300     2.8431     2.8440     0.0008     2.7970     2.7978     0.0008   3.134110   3.134140   0.000031    34.3832    34.3827     4.2958    27.4109    27.4104    34.3830    27.4108    1472.73    1472.73     2.7969  1030.7552    34.5468 0.0000e+00
      22880 290.038476  -39.31342  -53.15212      1.185    1470.63    720.000    713.289     2.8419     2.8427     0.0008     2.7957     2.7965     0.0008   3.134090   3.134119   0.000030    34.3837    34.3832     4.2899    27.4115    27.4110    34.3835    27.4113    1472.74    1472.74     2.7956  1030.7604    34.5473 0.0000e+00
      22900 290.038485  -39.31342  -53.15210      1.243    1470.63    721.000    714.278     2.8410     2.8419     0.0009     2.7947     2.7956     0.0009   3.134080   3.134124   0.000041    34.3841    34.3836     4.2890    27.4118    27.4114    34.3839    27.4117    1472.75    1472.76     2.7946  1030.7654    34.5477 0.0000e+00
      22926 290.038498  -39.31342  -53.15210      1.075    1470.63    722.000    715.267     2.8402     2.8410     0.0008     2.7938     2.7946     0.0008   3.134092   3.134126   0.000034    34.3845    34.3841     4.2862    27.4122    27.4118    34.3843    27.4121    1472.77    1472.77     2.7938  1030.7704    34.5481 0.0000e+00
      22959 290.038514  -39.31342  -53.15210      0.758    1470.63    723.000    716.256     2.8399     2.8407     0.0008     2.7934     2.7943     0.0008   3.134112   3.134156   0.000045    34.3845    34.3842     4.2790    27.4123    27.4119    34.3844    27.4122    1472.78    1472.78     2.7934  1030.7751    34.5482 0.0000e+00
      22992 290.038530  -39.31342  -53.15210      0.711    1470.63    724.000    717.245     2.8392     2.8399     0.0008     2.7927     2.7934     0.0008   3.134136   3.134187   0.000052    34.3850    34.3848     4.2703    27.4128    27.4126    34.3849    27.4127    1472.79    1472.80     2.7926  1030.7802    34.5487 0.0000e+00
      23022 290.038544  -39.31342  -53.15210      0.787    1470.63    725.000    718.233     2.8383     2.8391     0.0008     2.7917     2.7925     0.0008   3.134192   3.134238   0.000042    34.3862    34.3858     4.2722    27.4138    27.4134    34.3860    27.4137    1472.81    1472.81     2.7916  1030.7858    34.5499 0.0000e+00
      23050 290.038558  -39.31342  -53.15210      0.842    1470.63    726.000    719.222     2.8377     2.8385     0.0008     2.7910     2.7919     0.0008   3.134242   3.134293   0.000052    34.3868    34.3866     4.2795    27.4143    27.4141    34.3867    27.4143    1472.82    1472.83     2.7910  1030.7911    34.5506 0.0000e+00
      23081 290.038572  -39.31342  -53.15208      0.803    1470.63    727.000    720.211     2.8372     2.8380     0.0009     2.7905     2.7913     0.0009   3.134303   3.134353   0.000050    34.3876    34.3873     4.2801    27.4150    27.4147    34.3875    27.4149    1472.84    1472.84     2.7904  1030.7963    34.5513 0.0000e+00
