Pos-Processados/process_op42/Processamento_split/down/doperantar42_031.cnv
* Sea-Bird SBE 9 Data File:
* FileName = C:\Users\Hidrografia\Desktop\OPXLII\Brutos\OP42031.hdr
* Software Version Seasave V 7.26.7.107
* Temperature SN = 6502
* Conductivity SN = 4998
* Number of Bytes Per Scan = 37
* Number of Voltage Words = 4
* Number of Scans Averaged by the Deck Unit = 1
* NMEA Latitude = 62 08.51 S
* NMEA Longitude = 058 26.69 W
* NMEA UTC (Time) = Nov 09 2023 06:07:33
* NMEA baud rate = 4800
** H41
** NPOALTEMAXIMIANO
** NUMERO DA ESTACAO (XXX) 031
** LAT (XX XX.XX S/N) 62 08.5 S
** LONG (XXX XX.XX W/E) 058 26.7 W
** DATAHORA (dd/mm/aaaa hh:mm Z) 09/11/2023 0606Z
** PROFUNDIDADE (m) 410
** OPERADOR CT FILIPE LOPES
# nquan = 30
# nvalues = 369                         
# units = specified
# name 0 = scan: Scan Count
# name 1 = timeJ: Julian Days
# name 2 = latitude: Latitude [deg]
# name 3 = longitude: Longitude [deg]
# name 4 = dz/dtM: Descent Rate [m/s]
# name 5 = avgsvCM: Average Sound Velocity [Chen-Millero, m/s]
# name 6 = prDM: Pressure, Digiquartz [db]
# name 7 = depSM: Depth [salt water, m]
# name 8 = t090C: Temperature [ITS-90, deg C]
# name 9 = t190C: Temperature, 2 [ITS-90, deg C]
# name 10 = T2-T190C: Temperature Difference, 2 - 1 [ITS-90, deg C]
# name 11 = potemp090C: Potential Temperature [ITS-90, deg C]
# name 12 = potemp190C: Potential Temperature, 2 [ITS-90, deg C]
# name 13 = potemp90Cdiff: Potential Temperature, Diff, 2 - 1 [ITS-90, deg C]
# name 14 = c0S/m: Conductivity [S/m]
# name 15 = c1S/m: Conductivity, 2 [S/m]
# name 16 = C2-C1S/m: Conductivity Difference, 2 - 1 [S/m]
# name 17 = sal00: Salinity, Practical [PSU]
# name 18 = sal11: Salinity, Practical, 2 [PSU]
# name 19 = sbeox0ML/L: Oxygen, SBE 43 [ml/l]
# name 20 = sigma-é00: Density [sigma-theta, kg/m^3]
# name 21 = sigma-é11: Density, 2 [sigma-theta, kg/m^3]
# name 22 = sal00: Salinity, Practical [PSU]
# name 23 = sigma-é00: Density [sigma-theta, kg/m^3]
# name 24 = svCM: Sound Velocity [Chen-Millero, m/s]
# name 25 = svCM1: Sound Velocity, 2 [Chen-Millero, m/s]
# name 26 = gsw_ptA0: potential temperature [ITS-90, deg C]
# name 27 = gsw_densityA0: density, TEOS-10 [density, kg/m^3]
# name 28 = gsw_saA0: Absolute Salinity [g/kg]
# name 29 = flag:
# span 0 =       6615,      18156       
# span 1 = 313.258433, 313.263999       
# span 2 =  -62.14377,  -62.14281       
# span 3 =  -58.44361,  -58.43981       
# span 4 =     -0.498,      1.082       
# span 5 =       0.00,    1448.56       
# span 6 =      4.000,    372.000       
# span 7 =      3.968,    368.104       
# span 8 =    -0.8357,    -0.5460       
# span 9 =    -0.8349,    -0.5452       
# span 10 =    -0.0041,     0.0048      
# span 11 =    -0.8432,    -0.5468      
# span 12 =    -0.8424,    -0.5460      
# span 13 =    -0.0041,     0.0048      
# span 14 =   2.792391,   2.825564      
# span 15 =   2.792391,   2.825246      
# span 16 =  -0.000794,   0.000212      
# span 17 =    34.2818,    34.4000      
# span 18 =    34.2821,    34.3945      
# span 19 =     6.7252,     7.6536      
# span 20 =    27.5533,    27.6508      
# span 21 =    27.5529,    27.6463      
# span 22 =    34.2825,    34.3998      
# span 23 =    27.5533,    27.6506      
# span 24 =    1445.70,    1451.65      
# span 25 =    1445.70,    1451.66      
# span 26 =    -0.8430,    -0.5468      
# span 27 =  1027.5772,  1029.4298      
# span 28 =    34.4442,    34.5680      
# span 29 = 0.0000e+00, 0.0000e+00      
# interval = decibars: 1                
# start_time = Nov 09 2023 06:07:33 [NMEA time, header]
# bad_flag = -9.990e-29
*END*
[from data line 97]
       9509 313.259828  -62.14312  -58.44282      0.929    1446.35    101.000    100.006    -0.6772    -0.6750     0.0022    -0.6802    -0.6780     0.0022   2.797434   2.797532   0.000119    34.2857    34.2849     7.5554    27.5617    27.5608    34.2853    27.5613    1446.68    1446.69    -0.6801  1028.0497    34.4516 0.0000e+00
       9535 313.259841  -62.14312  -58.44282      0.933    1446.35    102.000    100.996    -0.6751    -0.6751     0.0000    -0.6781    -0.6781     0.0000   2.797627   2.797592  -0.000033    34.2852    34.2848     7.5596    27.5611    27.5608    34.2848    27.5608    1446.71    1446.71    -0.6780  1028.0541    34.4511 0.0000e+00
       9565 313.259855  -62.14312  -58.44281      0.849    1446.35    103.000    101.986    -0.6778    -0.6765     0.0013    -0.6808    -0.6795     0.0013   2.797491   2.797511   0.000014    34.2862    34.2849     7.5587    27.5621    27.5610    34.2854    27.5614    1446.71    1446.72    -0.6808  1028.0595    34.4517 0.0000e+00
       9595 313.259870  -62.14313  -58.44280      0.786    1446.35    104.000    102.976    -0.6871    -0.6859     0.0012    -0.6902    -0.6890     0.0012   2.796931   2.796895  -0.000027    34.2888    34.2871     7.5553    27.5646    27.5631    34.2878    27.5638    1446.69    1446.69    -0.6901  1028.0666    34.4542 0.0000e+00
       9624 313.259884  -62.14314  -58.44279      0.820    1446.35    105.000    103.966    -0.6900    -0.6889     0.0011    -0.6931    -0.6920     0.0011   2.796767   2.796775   0.000004    34.2893    34.2881     7.5594    27.5651    27.5641    34.2883    27.5643    1446.69    1446.69    -0.6930  1028.0720    34.4547 0.0000e+00
       9651 313.259897  -62.14314  -58.44278      0.867    1446.35    106.000    104.956    -0.6966    -0.6959     0.0007    -0.6997    -0.6991     0.0007   2.796261   2.796243  -0.000028    34.2897    34.2885     7.5529    27.5657    27.5647    34.2883    27.5646    1446.68    1446.68    -0.6996  1028.0770    34.4547 0.0000e+00
       9679 313.259910  -62.14314  -58.44278      0.870    1446.35    107.000    105.946    -0.7069    -0.7069     0.0000    -0.7100    -0.7100     0.0000   2.795516   2.795419  -0.000096    34.2907    34.2894     7.5485    27.5669    27.5659    34.2893    27.5658    1446.65    1446.64    -0.7100  1028.0831    34.4557 0.0000e+00
       9709 313.259925  -62.14314  -58.44276      0.814    1446.35    108.000    106.936    -0.7072    -0.7060     0.0012    -0.7104    -0.7092     0.0012   2.795495   2.795520   0.000032    34.2895    34.2886     7.5308    27.5660    27.5652    34.2888    27.5654    1446.66    1446.66    -0.7103  1028.0875    34.4552 0.0000e+00
       9740 313.259940  -62.14314  -58.44276      0.779    1446.35    109.000    107.926    -0.7027    -0.7030    -0.0003    -0.7060    -0.7062    -0.0003   2.795907   2.795824  -0.000073    34.2887    34.2880     7.5278    27.5652    27.5646    34.2886    27.5651    1446.70    1446.69    -0.7058  1028.0919    34.4550 0.0000e+00
       9769 313.259954  -62.14315  -58.44275      0.803    1446.35    110.000    108.916    -0.7107    -0.7076     0.0031    -0.7140    -0.7109     0.0031   2.795388   2.795449   0.000057    34.2921    34.2894     7.5347    27.5682    27.5659    34.2900    27.5665    1446.68    1446.69    -0.7139  1028.0982    34.4565 0.0000e+00
       9796 313.259967  -62.14316  -58.44274      0.863    1446.35    111.000    109.906    -0.7222    -0.7215     0.0006    -0.7254    -0.7248     0.0006   2.794438   2.794431  -0.000016    34.2907    34.2898     7.5384    27.5676    27.5668    34.2895    27.5666    1446.64    1446.64    -0.7254  1028.1032    34.4560 0.0000e+00
       9822 313.259979  -62.14316  -58.44274      0.914    1446.35    112.000    110.895    -0.7226    -0.7218     0.0007    -0.7258    -0.7251     0.0007   2.794431   2.794434   0.000002    34.2901    34.2894     7.5279    27.5672    27.5665    34.2893    27.5664    1446.65    1446.66    -0.7258  1028.1078    34.4557 0.0000e+00
       9848 313.259992  -62.14316  -58.44274      0.936    1446.35    113.000    111.885    -0.7227    -0.7222     0.0005    -0.7260    -0.7255     0.0005   2.794445   2.794442  -0.000005    34.2898    34.2892     7.5352    27.5669    27.5663    34.2890    27.5662    1446.67    1446.67    -0.7259  1028.1123    34.4555 0.0000e+00
       9875 313.260005  -62.14316  -58.44272      0.899    1446.35    114.000    112.875    -0.7229    -0.7221     0.0008    -0.7262    -0.7254     0.0008   2.794491   2.794498   0.000011    34.2898    34.2890     7.5373    27.5669    27.5662    34.2892    27.5664    1446.68    1446.69    -0.7261  1028.1173    34.4557 0.0000e+00
       9906 313.260020  -62.14316  -58.44271      0.810    1446.35    115.000    113.865    -0.7235    -0.7226     0.0009    -0.7269    -0.7259     0.0009   2.794487   2.794503   0.000012    34.2899    34.2890     7.5362    27.5670    27.5662    34.2892    27.5664    1446.70    1446.70    -0.7268  1028.1221    34.4557 0.0000e+00
       9939 313.260036  -62.14316  -58.44270      0.733    1446.35    116.000    114.855    -0.7240    -0.7231     0.0010    -0.7274    -0.7265     0.0010   2.794504   2.794514   0.000010    34.2898    34.2889     7.5284    27.5670    27.5662    34.2895    27.5666    1446.71    1446.72    -0.7273  1028.1271    34.4559 0.0000e+00
       9971 313.260051  -62.14316  -58.44268      0.745    1446.35    117.000    115.845    -0.7217    -0.7209     0.0007    -0.7251    -0.7243     0.0007   2.794712   2.794728   0.000017    34.2891    34.2885     7.5319    27.5663    27.5657    34.2890    27.5662    1446.74    1446.74    -0.7250  1028.1314    34.4555 0.0000e+00
      10000 313.260065  -62.14318  -58.44268      0.805    1446.35    118.000    116.834    -0.7206    -0.7193     0.0013    -0.7241    -0.7228     0.0013   2.794861   2.794900   0.000039    34.2894    34.2884     7.5308    27.5665    27.5657    34.2892    27.5663    1446.76    1446.76    -0.7240  1028.1363    34.4557 0.0000e+00
      10028 313.260079  -62.14318  -58.44268      0.846    1446.35    119.000    117.824    -0.7213    -0.7203     0.0010    -0.7248    -0.7238     0.0010   2.794863   2.794885   0.000023    34.2895    34.2887     7.5387    27.5666    27.5659    34.2893    27.5664    1446.77    1446.78    -0.7247  1028.1419    34.4566 0.0000e+00
      10057 313.260093  -62.14318 -9.990e-29      0.837    1446.35    120.000    118.814    -0.7223    -0.7214     0.0010    -0.7259    -0.7249     0.0010   2.794838   2.794848   0.000007    34.2898    34.2888     7.5491    27.5669    27.5661    34.2896    27.5667    1446.78    1446.79    -0.7257  1028.1474    34.4574 0.0000e+00
      10087 313.260107  -62.14318 -9.990e-29      0.812    1446.39    121.000    119.804    -0.7225    -0.7214     0.0011    -0.7261    -0.7249     0.0011   2.794871   2.794892   0.000025    34.2898    34.2888     7.5427    27.5669    27.5660    34.2896    27.5667    1446.80    1446.80    -0.7260  1028.1522    34.4575 0.0000e+00
      10115 313.260120  -62.14318  -58.44264      0.837    1446.56    122.000    120.794    -0.7225    -0.7218     0.0007    -0.7260    -0.7253     0.0007   2.794912   2.794916   0.000005    34.2896    34.2889     7.5341    27.5667    27.5661    34.2895    27.5666    1446.82    1446.82    -0.7260  1028.1568    34.4573 0.0000e+00
      10141 313.260133  -62.14318  -58.44264      0.893    1446.56    123.000    121.783    -0.7226    -0.7218     0.0008    -0.7262    -0.7254     0.0008   2.794945   2.794955   0.000013    34.2895    34.2888     7.5322    27.5666    27.5660    34.2894    27.5666    1446.83    1446.83    -0.7261  1028.1606    34.4560 0.0000e+00
      10167 313.260146  -62.14318  -58.44264      0.920    1446.56    124.000    122.773    -0.7219    -0.7212     0.0007    -0.7256    -0.7248     0.0007   2.795047   2.795050   0.000003    34.2895    34.2887     7.5434    27.5666    27.5659    34.2895    27.5666    1446.85    1446.85    -0.7255  1028.1654    34.4561 0.0000e+00
      10196 313.260159  -62.14319  -58.44263      0.873    1446.56    125.000    123.763    -0.7214    -0.7208     0.0006    -0.7250    -0.7245     0.0006   2.795140   2.795126  -0.000015    34.2895    34.2886     7.5472    27.5665    27.5659    34.2895    27.5666    1446.87    1446.87    -0.7250  1028.1701    34.4561 0.0000e+00
      10229 313.260175  -62.14320  -58.44262      0.750    1446.56    126.000    124.753    -0.7213    -0.7206     0.0007    -0.7250    -0.7243     0.0007   2.795176   2.795191   0.000016    34.2893    34.2887     7.5492    27.5664    27.5659    34.2893    27.5664    1446.89    1446.89    -0.7249  1028.1748    34.4559 0.0000e+00
      10263 313.260192  -62.14320  -58.44260      0.693    1446.56    127.000    125.743    -0.7213    -0.7206     0.0007    -0.7250    -0.7244     0.0007   2.795236   2.795234  -0.000003    34.2895    34.2887     7.5461    27.5666    27.5659    34.2895    27.5666    1446.90    1446.90    -0.7250  1028.1797    34.4561 0.0000e+00
      10294 313.260207  -62.14320  -58.44260      0.755    1446.56    128.000    126.733    -0.7223    -0.7212     0.0011    -0.7260    -0.7250     0.0011   2.795216   2.795230   0.000013    34.2898    34.2887     7.5363    27.5669    27.5660    34.2897    27.5668    1446.91    1446.92    -0.7260  1028.1847    34.4563 0.0000e+00
      10322 313.260220  -62.14320  -58.44258      0.830    1446.56    129.000    127.722    -0.7245    -0.7235     0.0010    -0.7283    -0.7273     0.0010   2.795094   2.795105   0.000007    34.2902    34.2891     7.5302    27.5673    27.5664    34.2900    27.5671    1446.92    1446.92    -0.7282  1028.1898    34.4566 0.0000e+00
      10349 313.260234  -62.14320  -58.44258      0.872    1446.56    130.000    128.712    -0.7260    -0.7249     0.0011    -0.7299    -0.7288     0.0011   2.795037   2.795037   0.000002    34.2906    34.2894     7.5260    27.5677    27.5667    34.2903    27.5674    1446.93    1446.93    -0.7297  1028.1949    34.4569 0.0000e+00
      10376 313.260246  -62.14322  -58.44258      0.894    1446.56    131.000    129.702    -0.7296    -0.7289     0.0007    -0.7334    -0.7328     0.0007   2.794832   2.794826  -0.000005    34.2911    34.2903     7.5234    27.5683    27.5676    34.2909    27.5681    1446.93    1446.93    -0.7334  1028.2004    34.4576 0.0000e+00
      10402 313.260259  -62.14322  -58.44258      0.927    1446.56    132.000    130.692    -0.7294    -0.7286     0.0008    -0.7332    -0.7325     0.0008   2.794885   2.794882  -0.000004    34.2909    34.2900     7.5249    27.5681    27.5673    34.2908    27.5679    1446.95    1446.95    -0.7332  1028.2050    34.4574 0.0000e+00
      10426 313.260271  -62.14322  -58.44256      0.955    1446.56    133.000    131.682    -0.7298    -0.7290     0.0008    -0.7337    -0.7329     0.0008   2.794894   2.794905   0.000014    34.2910    34.2902     7.5277    27.5681    27.5675    34.2908    27.5680    1446.96    1446.96    -0.7336  1028.2098    34.4575 0.0000e+00
      10451 313.260282  -62.14322  -58.44256      0.986    1446.56    134.000    132.671    -0.7296    -0.7288     0.0008    -0.7336    -0.7328     0.0008   2.794994   2.795001   0.000005    34.2914    34.2906     7.5306    27.5685    27.5678    34.2913    27.5684    1446.98    1446.98    -0.7335  1028.2151    34.4580 0.0000e+00
      10477 313.260295  -62.14322  -58.44255      0.934    1446.56    135.000    133.661    -0.7300    -0.7294     0.0006    -0.7340    -0.7334     0.0006   2.795016   2.795007  -0.000010    34.2916    34.2908     7.5409    27.5687    27.5680    34.2914    27.5685    1447.00    1447.00    -0.7339  1028.2200    34.4581 0.0000e+00
      10504 313.260308  -62.14322  -58.44254      0.891    1446.56    136.000    134.651    -0.7315    -0.7304     0.0010    -0.7355    -0.7345     0.0010   2.794938   2.794953   0.000016    34.2916    34.2907     7.5456    27.5687    27.5679    34.2914    27.5686    1447.01    1447.01    -0.7354  1028.2248    34.4581 0.0000e+00
      10530 313.260321  -62.14322  -58.44254      0.899    1446.56    137.000    135.641    -0.7313    -0.7304     0.0009    -0.7353    -0.7344     0.0009   2.794980   2.795006   0.000021    34.2913    34.2906     7.5393    27.5685    27.5678    34.2912    27.5684    1447.02    1447.02    -0.7352  1028.2294    34.4579 0.0000e+00
      10557 313.260334  -62.14322  -58.44253      0.914    1446.56    138.000    136.630    -0.7345    -0.7323     0.0022    -0.7386    -0.7364     0.0022   2.794790   2.794893   0.000102    34.2919    34.2907     7.5358    27.5691    27.5681    34.2916    27.5689    1447.02    1447.03    -0.7385  1028.2347    34.4583 0.0000e+00
      10585 313.260347  -62.14323  -58.44252      0.874    1446.56    139.000    137.620    -0.7340    -0.7330     0.0010    -0.7381    -0.7371     0.0010   2.794862   2.794885   0.000025    34.2916    34.2907     7.5301    27.5688    27.5681    34.2914    27.5687    1447.04    1447.05    -0.7380  1028.2392    34.4581 0.0000e+00
      10614 313.260361  -62.14324  -58.44250      0.846    1446.56    140.000    138.610    -0.7356    -0.7344     0.0012    -0.7398    -0.7385     0.0012   2.794816   2.794842   0.000028    34.2923    34.2912     7.5309    27.5694    27.5685    34.2920    27.5692    1447.05    1447.06    -0.7396  1028.2446    34.4588 0.0000e+00
      10642 313.260375  -62.14324  -58.44250      0.830    1446.56    141.000    139.599    -0.7364    -0.7358     0.0006    -0.7406    -0.7400     0.0006   2.794830   2.794816  -0.000013    34.2925    34.2916     7.5344    27.5697    27.5689    34.2925    27.5696    1447.06    1447.07    -0.7405  1028.2498    34.4592 0.0000e+00
      10670 313.260388  -62.14324  -58.44249      0.850    1446.56    142.000    140.589    -0.7344    -0.7337     0.0007    -0.7386    -0.7379     0.0007   2.795056   2.795061 7.2869e-07    34.2926    34.2918     7.5266    27.5697    27.5690    34.2926    27.5697    1447.09    1447.09    -0.7385  1028.2546    34.4594 0.0000e+00
      10697 313.260401  -62.14324  -58.44248      0.886    1446.56    143.000    141.579    -0.7343    -0.7334     0.0009    -0.7385    -0.7376     0.0009   2.795126   2.795125   0.000006    34.2929    34.2919     7.5197    27.5699    27.5690    34.2928    27.5699    1447.11    1447.11    -0.7384  1028.2596    34.4596 0.0000e+00
      10724 313.260414  -62.14324  -58.44248      0.896    1446.56    144.000    142.568    -0.7325    -0.7321     0.0004    -0.7367    -0.7363     0.0004   2.795326   2.795302  -0.000025    34.2926    34.2919     7.5234    27.5696    27.5690    34.2929    27.5698    1447.13    1447.13    -0.7366  1028.2623    34.4572 0.0000e+00
      10752 313.260428 -9.990e-29  -58.44248      0.862    1446.56    145.000    143.558    -0.7306    -0.7297     0.0008    -0.7348    -0.7340     0.0008   2.795552   2.795575   0.000023    34.2929    34.2922     7.5255    27.5697    27.5692    34.2931    27.5699    1447.16    1447.16    -0.7348  1028.2651    34.4548 0.0000e+00
      10781 313.260442 -9.990e-29  -58.44246      0.832    1446.56    146.000    144.548    -0.7304    -0.7294     0.0009    -0.7347    -0.7338     0.0009   2.795669   2.795678   0.000007    34.2938    34.2929     7.5272    27.5705    27.5697    34.2938    27.5705    1447.18    1447.18    -0.7346  1028.2705    34.4556 0.0000e+00
      10809 313.260455 -9.990e-29  -58.44246      0.844    1446.56    147.000    145.538    -0.7319    -0.7312     0.0007    -0.7363    -0.7356     0.0007   2.795635   2.795614  -0.000020    34.2945    34.2934     7.5197    27.5711    27.5702    34.2945    27.5712    1447.19    1447.19    -0.7361  1028.2759    34.4563 0.0000e+00
      10837 313.260469  -62.14326  -58.44244      0.870    1446.56    148.000    146.528    -0.7320    -0.7309     0.0011    -0.7364    -0.7353     0.0011   2.795667   2.795677   0.000007    34.2946    34.2934     7.5117    27.5712    27.5702    34.2945    27.5711    1447.20    1447.21    -0.7363  1028.2845    34.4611 0.0000e+00
