Pos-Processados/process_op42/Processamento_split/down/doperantar42_049.cnv
* Sea-Bird SBE 9 Data File:
* FileName = C:\Users\Hidrografia\Desktop\OPXLII\Brutos\OP42049.hdr
* Software Version Seasave V 7.26.7.107
* Temperature SN = 6502
* Conductivity SN = 4998
* Number of Bytes Per Scan = 37
* Number of Voltage Words = 4
* Number of Scans Averaged by the Deck Unit = 1
* NMEA Latitude = 62 08.21 S
* NMEA Longitude = 058 26.69 W
* NMEA UTC (Time) = Nov 10 2023 00:06:10
* NMEA baud rate = 4800
** H41
** NPOALTEMAXIMIANO
** NUMERO DA ESTACAO (XXX) 049
** LAT (XX XX.XX S/N) 62 08. S
** LONG (XXX XX.XX W/E) 058 26. W
** DATAHORA (dd/mm/aaaa hh:mm Z) 10/11/2023 0005Z
** PROFUNDIDADE (m) 424
** OPERADOR CT FILIPE LOPES
# nquan = 30
# nvalues = 384                         
# units = specified
# name 0 = scan: Scan Count
# name 1 = timeJ: Julian Days
# name 2 = latitude: Latitude [deg]
# name 3 = longitude: Longitude [deg]
# name 4 = dz/dtM: Descent Rate [m/s]
# name 5 = avgsvCM: Average Sound Velocity [Chen-Millero, m/s]
# name 6 = prDM: Pressure, Digiquartz [db]
# name 7 = depSM: Depth [salt water, m]
# name 8 = t090C: Temperature [ITS-90, deg C]
# name 9 = t190C: Temperature, 2 [ITS-90, deg C]
# name 10 = T2-T190C: Temperature Difference, 2 - 1 [ITS-90, deg C]
# name 11 = potemp090C: Potential Temperature [ITS-90, deg C]
# name 12 = potemp190C: Potential Temperature, 2 [ITS-90, deg C]
# name 13 = potemp90Cdiff: Potential Temperature, Diff, 2 - 1 [ITS-90, deg C]
# name 14 = c0S/m: Conductivity [S/m]
# name 15 = c1S/m: Conductivity, 2 [S/m]
# name 16 = C2-C1S/m: Conductivity Difference, 2 - 1 [S/m]
# name 17 = sal00: Salinity, Practical [PSU]
# name 18 = sal11: Salinity, Practical, 2 [PSU]
# name 19 = sbeox0ML/L: Oxygen, SBE 43 [ml/l]
# name 20 = sigma-é00: Density [sigma-theta, kg/m^3]
# name 21 = sigma-é11: Density, 2 [sigma-theta, kg/m^3]
# name 22 = sal00: Salinity, Practical [PSU]
# name 23 = sigma-é00: Density [sigma-theta, kg/m^3]
# name 24 = svCM: Sound Velocity [Chen-Millero, m/s]
# name 25 = svCM1: Sound Velocity, 2 [Chen-Millero, m/s]
# name 26 = gsw_ptA0: potential temperature [ITS-90, deg C]
# name 27 = gsw_densityA0: density, TEOS-10 [density, kg/m^3]
# name 28 = gsw_saA0: Absolute Salinity [g/kg]
# name 29 = flag:
# span 0 =       3543,      18694       
# span 1 = 314.005990, 314.013297       
# span 2 =  -62.14161,  -62.13781       
# span 3 =  -58.44474,  -58.44452       
# span 4 =     -0.056,      0.943       
# span 5 =       0.00,    1448.33       
# span 6 =      3.000,    386.000       
# span 7 =      2.962,    381.938       
# span 8 =    -0.7925,    -0.5109       
# span 9 =    -0.7919,    -0.5099       
# span 10 =    -0.0023,     0.0044      
# span 11 =    -0.7989,    -0.5225      
# span 12 =    -0.7983,    -0.5215      
# span 13 =    -0.0022,     0.0044      
# span 14 =   2.794505,   2.831761      
# span 15 =   2.794492,   2.831742      
# span 16 =  -0.000273,   0.000296      
# span 17 =    34.2693,    34.3916      
# span 18 =    34.2685,    34.3906      
# span 19 =     6.7620,     7.7805      
# span 20 =    27.5433,    27.6408      
# span 21 =    27.5426,    27.6399      
# span 22 =    34.2697,    34.3916      
# span 23 =    27.5436,    27.6408      
# span 24 =    1445.61,    1452.22      
# span 25 =    1445.62,    1452.22      
# span 26 =    -0.7987,    -0.5223      
# span 27 =  1027.5625,  1029.4855      
# span 28 =    34.4350,    34.5598      
# span 29 = 0.0000e+00, 0.0000e+00      
# interval = decibars: 1                
# start_time = Nov 10 2023 00:06:10 [NMEA time, header]
# bad_flag = -9.990e-29
*END*
[from data line 339]
      15014 314.011523  -62.14068  -58.44460      0.867    1447.61    342.000    338.439    -0.5443    -0.5455    -0.0012    -0.5557    -0.5568    -0.0012   2.826496   2.826329  -0.000128    34.3766    34.3762     6.9132    27.6298    27.6295    34.3786    27.6314    1451.35    1451.35    -0.5555  1029.2677    34.5466 0.0000e+00
      15041 314.011535  -62.14069  -58.44460      0.895    1447.61    343.000    339.428    -0.5306    -0.5300     0.0007    -0.5420    -0.5414     0.0007   2.827848   2.828010   0.000158    34.3790    34.3804     6.9087    27.6311    27.6322    34.3807    27.6325    1451.44    1451.44    -0.5418  1029.2733    34.5487 0.0000e+00
      15067 314.011548  -62.14070  -58.44460      0.906    1447.61    344.000    340.416    -0.5259    -0.5264    -0.0004    -0.5374    -0.5379    -0.0004   2.828509   2.828480  -0.000077    34.3826    34.3821     6.9039    27.6338    27.6334    34.3836    27.6346    1451.48    1451.48    -0.5372  1029.2801    34.5516 0.0000e+00
      15095 314.011562  -62.14070  -58.44460      0.883    1447.61    345.000    341.405    -0.5222    -0.5199     0.0023    -0.5337    -0.5314     0.0023   2.829122   2.829246   0.000136    34.3850    34.3842     6.8809    27.6356    27.6349    34.3870    27.6372    1451.52    1451.53    -0.5335  1029.2874    34.5550 0.0000e+00
      15125 314.011576  -62.14072  -58.44460      0.820    1447.61    346.000    342.394    -0.5153    -0.5129     0.0024    -0.5269    -0.5244     0.0024   2.829893   2.830076   0.000183    34.3877    34.3874     6.8465    27.6375    27.6371    34.3890    27.6385    1451.57    1451.58    -0.5267  1029.2934    34.5570 0.0000e+00
      15156 314.011591  -62.14072  -58.44460      0.775    1447.61    347.000    343.383    -0.5109    -0.5099     0.0010    -0.5225    -0.5215     0.0010   2.830423   2.830449   0.000021    34.3892    34.3883     6.8224    27.6385    27.6378    34.3905    27.6395    1451.61    1451.61    -0.5223  1029.2991    34.5585 0.0000e+00
      15183 314.011604  -62.14073  -58.44460      0.837    1447.61    348.000    344.371    -0.5112    -0.5102     0.0010    -0.5229    -0.5219     0.0009   2.830451   2.830444  -0.000019    34.3900    34.3886     6.8141    27.6391    27.6380    34.3906    27.6396    1451.62    1451.62    -0.5226  1029.3039    34.5587 0.0000e+00
      15218 314.011621  -62.14074  -58.44460      0.755    1447.61    349.000    345.360    -0.5159    -0.5150     0.0009    -0.5276    -0.5267     0.0009   2.830007   2.829951  -0.000048    34.3889    34.3873     6.7911    27.6385    27.6371    34.3893    27.6388    1451.61    1451.62    -0.5274  1029.3079    34.5574 0.0000e+00
      15262 314.011642  -62.14075  -58.44460      0.526    1448.01    350.000    346.349    -0.5166    -0.5157     0.0010    -0.5284    -0.5274     0.0010   2.829944   2.829937   0.000002    34.3884    34.3873     6.7859    27.6381    27.6372    34.3888    27.6384    1451.63    1451.63    -0.5281  1029.3123    34.5568 0.0000e+00
      15301 314.011661  -62.14076  -58.44460      0.612    1448.12    351.000    347.328    -0.5186    -0.5177     0.0009    -0.5304    -0.5295     0.0009   2.829761   2.829745  -0.000029    34.3878    34.3864     6.7844    27.6378    27.6366    34.3879    27.6378    1451.63    1451.64    -0.5301  1029.3164    34.5560 0.0000e+00
      16117 314.012054  -62.14097  -58.44460      0.341    1448.12    352.000    348.328    -0.5165    -0.5157     0.0008    -0.5283    -0.5275     0.0008   2.830028   2.830010  -0.000017    34.3884    34.3872     6.8237    27.6381    27.6371    34.3885    27.6382    1451.66    1451.66    -0.5281  1029.3216    34.5566 0.0000e+00
      16200 314.012095  -62.14099  -58.44460      0.386    1448.12    353.000    349.317    -0.5180    -0.5171     0.0008    -0.5298    -0.5290     0.0008   2.829885   2.829886  -0.000001    34.3877    34.3868     6.8064    27.6377    27.6368    34.3876    27.6376    1451.67    1451.67    -0.5296  1029.3257    34.5557 0.0000e+00
      16255 314.012121  -62.14101  -58.44460      0.438    1448.12    354.000    350.304    -0.5152    -0.5146     0.0006    -0.5270    -0.5265     0.0006   2.830253   2.830238  -0.000014    34.3885    34.3876     6.7979    27.6381    27.6374    34.3888    27.6384    1451.70    1451.70    -0.5268  1029.3312    34.5569 0.0000e+00
      16309 314.012147  -62.14102  -58.44460      0.444    1448.12    355.000    351.292    -0.5127    -0.5120     0.0006    -0.5246    -0.5240     0.0006   2.830589   2.830562  -0.000027    34.3898    34.3887     6.7960    27.6391    27.6382    34.3899    27.6391    1451.73    1451.73    -0.5244  1029.3367    34.5580 0.0000e+00
      16362 314.012173  -62.14104  -58.44460      0.455    1448.12    356.000    352.281    -0.5147    -0.5140     0.0006    -0.5266    -0.5260     0.0006   2.830412   2.830390  -0.000022    34.3891    34.3881     6.7947    27.6386    27.6377    34.3892    27.6387    1451.73    1451.74    -0.5264  1029.3410    34.5572 0.0000e+00
      16405 314.012193  -62.14105  -58.44460      0.558    1448.12    357.000    353.270    -0.5141    -0.5135     0.0006    -0.5261    -0.5255     0.0006   2.830520   2.830500  -0.000020    34.3893    34.3883     6.7824    27.6387    27.6379    34.3894    27.6388    1451.75    1451.75    -0.5259  1029.3458    34.5574 0.0000e+00
      16448 314.012214  -62.14106  -58.44460      0.552    1448.12    358.000    354.258    -0.5143    -0.5134     0.0009    -0.5263    -0.5254     0.0009   2.830542   2.830554   0.000004    34.3893    34.3884     6.7862    27.6388    27.6379    34.3893    27.6387    1451.77    1451.77    -0.5261  1029.3505    34.5573 0.0000e+00
      16489 314.012234  -62.14107  -58.44460      0.593    1448.12    359.000    355.247    -0.5138    -0.5133     0.0005    -0.5259    -0.5253     0.0005   2.830644   2.830608  -0.000028    34.3894    34.3884     6.7812    27.6388    27.6380    34.3895    27.6389    1451.79    1451.79    -0.5256  1029.3555    34.5576 0.0000e+00
      16529 314.012253  -62.14108  -58.44460      0.596    1448.12    360.000    356.236    -0.5139    -0.5135     0.0004    -0.5260    -0.5256     0.0004   2.830669   2.830631  -0.000042    34.3893    34.3883     6.7694    27.6387    27.6379    34.3893    27.6387    1451.80    1451.80    -0.5258  1029.3601    34.5574 0.0000e+00
      16568 314.012272  -62.14110  -58.44460      0.611    1448.12    361.000    357.224    -0.5199    -0.5203    -0.0004    -0.5320    -0.5325    -0.0004   2.830034   2.829891  -0.000152    34.3877    34.3862     6.7869    27.6377    27.6365    34.3870    27.6372    1451.79    1451.78    -0.5318  1029.3633    34.5551 0.0000e+00
      16608 314.012291  -62.14110  -58.44460      0.596    1448.12    362.000    358.213    -0.5206    -0.5208    -0.0002    -0.5328    -0.5329    -0.0002   2.830033   2.829929  -0.000081    34.3867    34.3857     6.7970    27.6369    27.6362    34.3872    27.6373    1451.80    1451.80    -0.5325  1029.3682    34.5553 0.0000e+00
      16645 314.012309  -62.14112  -58.44460      0.635    1448.12    363.000    359.202    -0.5125    -0.5121     0.0005    -0.5247    -0.5243     0.0005   2.830933   2.830926  -0.000016    34.3893    34.3885     6.7993    27.6387    27.6380    34.3895    27.6389    1451.86    1451.86    -0.5245  1029.3744    34.5576 0.0000e+00
      16680 314.012326  -62.14112  -58.44460      0.691    1448.12    364.000    360.190    -0.5132    -0.5122     0.0010    -0.5255    -0.5244     0.0010   2.830948   2.830977   0.000026    34.3898    34.3890     6.8110    27.6391    27.6384    34.3899    27.6392    1451.87    1451.88    -0.5252  1029.3795    34.5580 0.0000e+00
      16715 314.012343  -62.14114  -58.44460      0.681    1448.12    365.000    361.179    -0.5170    -0.5145     0.0026    -0.5293    -0.5268     0.0025   2.830518   2.830717   0.000198    34.3883    34.3881     6.7912    27.6381    27.6378    34.3878    27.6377    1451.87    1451.88    -0.5290  1029.3828    34.5559 0.0000e+00
      16754 314.012361  -62.14114  -58.44460      0.635    1448.12    366.000    362.168    -0.5199    -0.5201    -0.0003    -0.5322    -0.5324    -0.0003   2.830296   2.830150  -0.000144    34.3873    34.3857     6.7822    27.6374    27.6361    34.3874    27.6375    1451.87    1451.87    -0.5319  1029.3874    34.5555 0.0000e+00
      16792 314.012380  -62.14116  -58.44460      0.624    1448.12    367.000    363.156    -0.5180    -0.5167     0.0013    -0.5303    -0.5290     0.0013   2.830529   2.830585   0.000059    34.3879    34.3872     6.7846    27.6378    27.6372    34.3878    27.6378    1451.90    1451.90    -0.5301  1029.3923    34.5559 0.0000e+00
      16826 314.012397  -62.14116  -58.44460      0.681    1448.12    368.000    364.145    -0.5172    -0.5170     0.0002    -0.5296    -0.5294     0.0002   2.830661   2.830621  -0.000047    34.3880    34.3871     6.8031    27.6378    27.6371    34.3881    27.6380    1451.92    1451.92    -0.5294  1029.3973    34.5562 0.0000e+00
      16862 314.012414  -62.14118  -58.44460      0.686    1448.12    369.000    365.134    -0.5167    -0.5155     0.0013    -0.5292    -0.5279     0.0013   2.830790   2.830827   0.000040    34.3887    34.3878     6.7910    27.6384    27.6376    34.3887    27.6384    1451.94    1451.94    -0.5289  1029.4025    34.5568 0.0000e+00
      16900 314.012432  -62.14118  -58.44460      0.642    1448.26    370.000    366.122    -0.5162    -0.5161     0.0001    -0.5287    -0.5286     0.0001   2.830915   2.830793  -0.000122    34.3891    34.3873     6.7846    27.6387    27.6373    34.3892    27.6388    1451.96    1451.95    -0.5284  1029.4076    34.5573 0.0000e+00
      16938 314.012450  -62.14119  -58.44460      0.618    1448.33    371.000    367.111    -0.5139    -0.5137     0.0003    -0.5264    -0.5262     0.0003   2.831192   2.831126  -0.000060    34.3894    34.3883     6.7872    27.6388    27.6379    34.3897    27.6391    1451.98    1451.98    -0.5262  1029.4126    34.5578 0.0000e+00
      16974 314.012467  -62.14120  -58.44460      0.667    1448.33    372.000    368.100    -0.5129    -0.5117     0.0012    -0.5255    -0.5243     0.0012   2.831339   2.831387   0.000039    34.3898    34.3890     6.7873    27.6391    27.6384    34.3899    27.6392    1452.00    1452.01    -0.5252  1029.4175    34.5580 0.0000e+00
      17007 314.012484  -62.14122  -58.44458      0.711    1448.33    373.000    369.088    -0.5126    -0.5120     0.0006    -0.5252    -0.5246     0.0006   2.831428   2.831404  -0.000023    34.3900    34.3890     6.7905    27.6393    27.6384    34.3902    27.6394    1452.02    1452.03    -0.5250  1029.4185    34.5534 0.0000e+00
      17041 314.012500 -9.990e-29  -58.44458      0.711    1448.33    374.000    370.077    -0.5118    -0.5103     0.0016    -0.5244    -0.5229     0.0016   2.831609   2.831663   0.000051    34.3908    34.3897     6.7790    27.6399    27.6389    34.3911    27.6401    1452.04    1452.05    -0.5242  1029.4231    34.5533 0.0000e+00
      17096 314.012527  -62.14124  -58.44458      0.430    1448.33    375.000    371.065    -0.5116    -0.5105     0.0011    -0.5242    -0.5231     0.0011   2.831622   2.831657   0.000033    34.3904    34.3896     6.7761    27.6396    27.6389    34.3904    27.6395    1452.06    1452.06    -0.5240  1029.4296    34.5555 0.0000e+00
      17222 314.012587  -62.14127  -58.44458      0.290    1448.33    376.000    372.052    -0.5135    -0.5126     0.0009    -0.5262    -0.5253     0.0009   2.831421   2.831439   0.000016    34.3893    34.3885     6.7755    27.6388    27.6381    34.3893    27.6388    1452.07    1452.07    -0.5260  1029.4360    34.5575 0.0000e+00
      17716 314.012826  -62.14139  -58.44456      0.265    1448.33    377.000    373.046    -0.5178    -0.5166     0.0012    -0.5305    -0.5293     0.0012   2.830958   2.831000   0.000039    34.3875    34.3866     6.7966    27.6375    27.6367    34.3874    27.6374    1452.06    1452.07    -0.5303  1029.4394    34.5555 0.0000e+00
      17803 314.012867  -62.14140  -58.44456      0.324    1448.33    378.000    374.030    -0.5178    -0.5171     0.0007    -0.5305    -0.5299     0.0007   2.831031   2.831018  -0.000012    34.3877    34.3868     6.7903    27.6376    27.6369    34.3877    27.6376    1452.08    1452.08    -0.5303  1029.4444    34.5558 0.0000e+00
      17862 314.012896  -62.14142  -58.44456      0.415    1448.33    379.000    375.021    -0.5177    -0.5173     0.0004    -0.5305    -0.5301     0.0004   2.831123   2.831074  -0.000047    34.3881    34.3870     6.7994    27.6379    27.6371    34.3882    27.6380    1452.09    1452.10    -0.5302  1029.4496    34.5563 0.0000e+00
      17919 314.012924  -62.14144  -58.44456      0.417    1448.33    380.000    376.009    -0.5171    -0.5165     0.0006    -0.5300    -0.5294     0.0006   2.831278   2.831262  -0.000018    34.3890    34.3881     6.7950    27.6387    27.6379    34.3891    27.6387    1452.11    1452.12    -0.5297  1029.4550    34.5572 0.0000e+00
      17972 314.012949  -62.14144  -58.44456      0.459    1448.33    381.000    376.997    -0.5173    -0.5166     0.0008    -0.5302    -0.5295     0.0008   2.831394   2.831349  -0.000037    34.3902    34.3888     6.7879    27.6396    27.6385    34.3902    27.6397    1452.13    1452.13    -0.5299  1029.4607    34.5584 0.0000e+00
      18018 314.012971  -62.14146  -58.44456      0.515    1448.33    382.000    377.984    -0.5193    -0.5188     0.0004    -0.5322    -0.5317     0.0004   2.831246   2.831221  -0.000027    34.3900    34.3891     6.7856    27.6395    27.6388    34.3898    27.6394    1452.14    1452.14    -0.5319  1029.4652    34.5580 0.0000e+00
      18074 314.012998  -62.14147  -58.44456      0.421    1448.33    383.000    378.975    -0.5184    -0.5179     0.0005    -0.5314    -0.5309     0.0005   2.831353   2.831320  -0.000033    34.3896    34.3886     6.7795    27.6392    27.6384    34.3897    27.6393    1452.16    1452.16    -0.5311  1029.4699    34.5579 0.0000e+00
      18121 314.013021  -62.14148  -58.44456      0.515    1448.33    384.000    379.963    -0.5158    -0.5152     0.0006    -0.5288    -0.5282     0.0006   2.831594   2.831580  -0.000013    34.3892    34.3884     6.7781    27.6388    27.6381    34.3893    27.6389    1452.19    1452.19    -0.5285  1029.4741    34.5575 0.0000e+00
      18176 314.013047  -62.14149  -58.44454      0.513    1448.33    385.000    380.943    -0.5156    -0.5149     0.0007    -0.5286    -0.5279     0.0007   2.831679   2.831664  -0.000014    34.3895    34.3886     6.7729    27.6390    27.6382    34.3897    27.6391    1452.20    1452.21    -0.5284  1029.4791    34.5578 0.0000e+00
      18694 314.013297  -62.14161  -58.44452     -0.012    1448.33    386.000    381.938    -0.5169    -0.5162     0.0007    -0.5299    -0.5292     0.0007   2.831761   2.831742  -0.000018    34.3916    34.3906     6.7620    27.6408    27.6399    34.3916    27.6408    1452.22    1452.22    -0.5297  1029.4855    34.5598 0.0000e+00
