Pos-Processados/process_op42/Processamento_split/down/doperantar42_032.cnv
* Sea-Bird SBE 9 Data File:
* FileName = C:\Users\Hidrografia\Desktop\OPXLII\Brutos\OP42032.hdr
* Software Version Seasave V 7.26.7.107
* Temperature SN = 6502
* Conductivity SN = 4998
* Number of Bytes Per Scan = 37
* Number of Voltage Words = 4
* Number of Scans Averaged by the Deck Unit = 1
* NMEA Latitude = 62 08.42 S
* NMEA Longitude = 058 26.62 W
* NMEA UTC (Time) = Nov 09 2023 07:09:23
* NMEA baud rate = 4800
** H41
** NPOALTEMAXIMIANO
** NUMERO DA ESTACAO (XXX) 032
** LAT (XX XX.XX S/N) 62 08.4 S
** LONG (XXX XX.XX W/E) 058 26.6 W
** DATAHORA (dd/mm/aaaa hh:mm Z) 09/11/2023 0708Z
** PROFUNDIDADE (m) 425
** OPERADOR CT FABIREZA
# nquan = 30
# nvalues = 388                         
# units = specified
# name 0 = scan: Scan Count
# name 1 = timeJ: Julian Days
# name 2 = latitude: Latitude [deg]
# name 3 = longitude: Longitude [deg]
# name 4 = dz/dtM: Descent Rate [m/s]
# name 5 = avgsvCM: Average Sound Velocity [Chen-Millero, m/s]
# name 6 = prDM: Pressure, Digiquartz [db]
# name 7 = depSM: Depth [salt water, m]
# name 8 = t090C: Temperature [ITS-90, deg C]
# name 9 = t190C: Temperature, 2 [ITS-90, deg C]
# name 10 = T2-T190C: Temperature Difference, 2 - 1 [ITS-90, deg C]
# name 11 = potemp090C: Potential Temperature [ITS-90, deg C]
# name 12 = potemp190C: Potential Temperature, 2 [ITS-90, deg C]
# name 13 = potemp90Cdiff: Potential Temperature, Diff, 2 - 1 [ITS-90, deg C]
# name 14 = c0S/m: Conductivity [S/m]
# name 15 = c1S/m: Conductivity, 2 [S/m]
# name 16 = C2-C1S/m: Conductivity Difference, 2 - 1 [S/m]
# name 17 = sal00: Salinity, Practical [PSU]
# name 18 = sal11: Salinity, Practical, 2 [PSU]
# name 19 = sbeox0ML/L: Oxygen, SBE 43 [ml/l]
# name 20 = sigma-é00: Density [sigma-theta, kg/m^3]
# name 21 = sigma-é11: Density, 2 [sigma-theta, kg/m^3]
# name 22 = sal00: Salinity, Practical [PSU]
# name 23 = sigma-é00: Density [sigma-theta, kg/m^3]
# name 24 = svCM: Sound Velocity [Chen-Millero, m/s]
# name 25 = svCM1: Sound Velocity, 2 [Chen-Millero, m/s]
# name 26 = gsw_ptA0: potential temperature [ITS-90, deg C]
# name 27 = gsw_densityA0: density, TEOS-10 [density, kg/m^3]
# name 28 = gsw_saA0: Absolute Salinity [g/kg]
# name 29 = flag:
# span 0 =       3138,      16115       
# span 1 = 313.299696, 313.305954       
# span 2 =  -62.14331,  -62.14094       
# span 3 =  -58.44358,  -58.44199       
# span 4 =     -0.145,      1.086       
# span 5 =       0.00,    1448.41       
# span 6 =      1.000,    388.000       
# span 7 =      1.015,    383.910       
# span 8 =    -0.8302,    -0.5351       
# span 9 =    -0.8293,    -0.5285       
# span 10 =    -0.0027,     0.0133      
# span 11 =    -0.8376,    -0.5351      
# span 12 =    -0.8367,    -0.5286      
# span 13 =    -0.0027,     0.0133      
# span 14 =   2.792313,   2.827590      
# span 15 =   2.792308,   2.827571      
# span 16 =  -0.000425,   0.000667      
# span 17 =    34.2794,    34.4128      
# span 18 =    34.2803,    34.4117      
# span 19 =     6.6579,     7.7205      
# span 20 =    27.5523,    27.6612      
# span 21 =    27.5528,    27.6604      
# span 22 =    34.2820,    34.4130      
# span 23 =    27.5532,    27.6613      
# span 24 =    1445.66,    1451.92      
# span 25 =    1445.67,    1451.93      
# span 26 =    -0.8374,    -0.5351      
# span 27 =  1027.5625,  1029.5126      
# span 28 =    34.4437,    34.5812      
# span 29 = 0.0000e+00, 0.0000e+00      
# interval = decibars: 1                
# start_time = Nov 09 2023 07:09:23 [NMEA time, header]
# bad_flag = -9.990e-29
*END*
[from data line 146]
       7069 313.301592 -9.990e-29  -58.44317      1.041    1446.51    147.000    145.538    -0.7402    -0.7394     0.0008    -0.7446    -0.7438     0.0008   2.794717   2.794728   0.000002    34.2917    34.2908     7.5266    27.5692    27.5684    34.2916    27.5691    1447.14    1447.15    -0.7444  1028.2739    34.4533 0.0000e+00
       7094 313.301604  -62.14166  -58.44316      1.001    1446.51    148.000    146.527    -0.7410    -0.7400     0.0011    -0.7454    -0.7444     0.0011   2.794718   2.794725   0.000011    34.2919    34.2909     7.5295    27.5694    27.5685    34.2918    27.5693    1447.15    1447.16    -0.7453  1028.2793    34.4541 0.0000e+00
       7121 313.301617  -62.14167  -58.44316      0.909    1446.51    149.000    147.517    -0.7444    -0.7431     0.0014    -0.7488    -0.7474     0.0014   2.794485   2.794512   0.000028    34.2925    34.2912     7.5327    27.5700    27.5689    34.2919    27.5696    1447.16    1447.16    -0.7487  1028.2880    34.4588 0.0000e+00
       7150 313.301630  -62.14168  -58.44316      0.851    1446.51    150.000    148.507    -0.7455    -0.7448     0.0007    -0.7499    -0.7492     0.0007   2.794444   2.794422  -0.000021    34.2922    34.2911     7.5231    27.5698    27.5689    34.2920    27.5696    1447.17    1447.17    -0.7498  1028.2929    34.4588 0.0000e+00
       7176 313.301643  -62.14168  -58.44316      0.879    1446.51    151.000    149.497    -0.7455    -0.7446     0.0009    -0.7500    -0.7491     0.0009   2.794476   2.794479   0.000003    34.2920    34.2910     7.5248    27.5697    27.5688    34.2918    27.5695    1447.18    1447.18    -0.7498  1028.2976    34.4587 0.0000e+00
       7202 313.301655  -62.14168  -58.44316      0.935    1446.51    152.000    150.486    -0.7456    -0.7447     0.0009    -0.7501    -0.7492     0.0009   2.794509   2.794515   0.000006    34.2919    34.2909     7.5237    27.5696    27.5688    34.2917    27.5694    1447.20    1447.20    -0.7500  1028.3029    34.4594 0.0000e+00
       7228 313.301668  -62.14168 -9.990e-29      0.928    1446.51    153.000    151.476    -0.7454    -0.7446     0.0008    -0.7499    -0.7491     0.0008   2.794567   2.794571 7.1975e-07    34.2918    34.2909     7.5301    27.5695    27.5687    34.2917    27.5694    1447.21    1447.22    -0.7498  1028.3085    34.4604 0.0000e+00
       7256 313.301681  -62.14170 -9.990e-29      0.888    1446.51    154.000    152.466    -0.7460    -0.7450     0.0009    -0.7505    -0.7496     0.0009   2.794587   2.794584  -0.000002    34.2921    34.2910     7.5307    27.5697    27.5688    34.2920    27.5697    1447.23    1447.23    -0.7504  1028.3136    34.4608 0.0000e+00
       7285 313.301696  -62.14170 -9.990e-29      0.827    1446.51    155.000    153.455    -0.7461    -0.7452     0.0009    -0.7506    -0.7498     0.0009   2.794608   2.794617   0.000010    34.2918    34.2910     7.5293    27.5695    27.5688    34.2918    27.5695    1447.25    1447.25    -0.7505  1028.3182    34.4605 0.0000e+00
       7316 313.301711  -62.14170 -9.990e-29      0.784    1446.51    156.000    154.445    -0.7466    -0.7460     0.0006    -0.7512    -0.7506     0.0006   2.794614   2.794605  -0.000009    34.2920    34.2912     7.5337    27.5697    27.5690    34.2918    27.5696    1447.26    1447.26    -0.7511  1028.3231    34.4606 0.0000e+00
       7344 313.301724  -62.14171 -9.990e-29      0.815    1446.51    157.000    155.435    -0.7482    -0.7471     0.0011    -0.7528    -0.7517     0.0011   2.794568   2.794577   0.000008    34.2926    34.2914     7.5279    27.5703    27.5693    34.2924    27.5701    1447.27    1447.27    -0.7527  1028.3284    34.4612 0.0000e+00
       7370 313.301737  -62.14172 -9.990e-29      0.896    1446.51    158.000    156.424    -0.7512    -0.7500     0.0012    -0.7558    -0.7546     0.0012   2.794450   2.794454   0.000004    34.2940    34.2927     7.5239    27.5715    27.5704    34.2936    27.5712    1447.27    1447.28    -0.7557  1028.3343    34.4624 0.0000e+00
       7395 313.301749  -62.14172  -58.44312      0.958    1446.51    159.000    157.414    -0.7532    -0.7521     0.0011    -0.7579    -0.7568     0.0011   2.794349   2.794356   0.000006    34.2942    34.2930     7.5267    27.5717    27.5707    34.2938    27.5715    1447.28    1447.28    -0.7578  1028.3392    34.4625 0.0000e+00
       7421 313.301761  -62.14172  -58.44312      0.953    1446.51    160.000    158.404    -0.7544    -0.7533     0.0011    -0.7591    -0.7580     0.0011   2.794303   2.794315   0.000010    34.2943    34.2932     7.5251    27.5719    27.5709    34.2940    27.5716    1447.29    1447.29    -0.7590  1028.3428    34.4609 0.0000e+00
       7448 313.301774  -62.14174  -58.44312      0.896    1446.51    161.000    159.393    -0.7584    -0.7565     0.0019    -0.7631    -0.7612     0.0019   2.794086   2.794138   0.000046    34.2957    34.2942     7.5258    27.5732    27.5719    34.2949    27.5726    1447.29    1447.29    -0.7630  1028.3485    34.4619 0.0000e+00
       7476 313.301788  -62.14174  -58.44312      0.873    1446.51    162.000    160.383    -0.7650    -0.7632     0.0017    -0.7697    -0.7680     0.0017   2.793711   2.793750   0.000043    34.2974    34.2960     7.5221    27.5748    27.5736    34.2967    27.5743    1447.28    1447.28    -0.7696  1028.3550    34.4637 0.0000e+00
       7506 313.301802  -62.14174  -58.44312      0.808    1446.51    163.000    161.372    -0.7661    -0.7657     0.0004    -0.7708    -0.7705     0.0004   2.793652   2.793616  -0.000037    34.2970    34.2961     7.5237    27.5746    27.5738    34.2966    27.5742    1447.29    1447.29    -0.7708  1028.3597    34.4635 0.0000e+00
       7534 313.301816  -62.14175  -58.44311      0.841    1446.51    164.000    162.362    -0.7665    -0.7657     0.0008    -0.7713    -0.7705     0.0008   2.793645   2.793649   0.000004    34.2967    34.2959     7.5185    27.5743    27.5737    34.2963    27.5740    1447.30    1447.30    -0.7712  1028.3643    34.4632 0.0000e+00
       7561 313.301829  -62.14176  -58.44310      0.877    1446.51    165.000    163.352    -0.7664    -0.7655     0.0009    -0.7712    -0.7703     0.0009   2.793716   2.793713  -0.000003    34.2969    34.2958     7.5187    27.5745    27.5736    34.2966    27.5742    1447.32    1447.32    -0.7711  1028.3693    34.4635 0.0000e+00
       7589 313.301842  -62.14176  -58.44310      0.862    1446.51    166.000    164.341    -0.7663    -0.7655     0.0008    -0.7711    -0.7704     0.0008   2.793767   2.793759  -0.000008    34.2967    34.2958     7.5171    27.5744    27.5735    34.2965    27.5742    1447.34    1447.34    -0.7711  1028.3740    34.4635 0.0000e+00
       7620 313.301857  -62.14176  -58.44310      0.806    1446.51    167.000    165.331    -0.7677    -0.7669     0.0007    -0.7726    -0.7718     0.0007   2.793713   2.793697  -0.000012    34.2971    34.2961     7.5200    27.5747    27.5739    34.2967    27.5744    1447.35    1447.35    -0.7725  1028.3790    34.4637 0.0000e+00
       7649 313.301871  -62.14177  -58.44310      0.794    1446.51    168.000    166.320    -0.7690    -0.7682     0.0008    -0.7740    -0.7732     0.0008   2.793660   2.793652  -0.000011    34.2972    34.2962     7.5202    27.5749    27.5740    34.2969    27.5746    1447.36    1447.36    -0.7738  1028.3841    34.4639 0.0000e+00
       7676 313.301884  -62.14178  -58.44310      0.860    1446.51    169.000    167.310    -0.7711    -0.7699     0.0012    -0.7761    -0.7749     0.0012   2.793543   2.793573   0.000028    34.2977    34.2967     7.5185    27.5753    27.5744    34.2971    27.5749    1447.36    1447.37    -0.7760  1028.3891    34.4641 0.0000e+00
       7700 313.301896  -62.14178  -58.44310      0.952    1446.51    170.000    168.300    -0.7762    -0.7744     0.0019    -0.7812    -0.7794     0.0019   2.793255   2.793293   0.000031    34.2992    34.2975     7.5214    27.5768    27.5753    34.2984    27.5761    1447.36    1447.37    -0.7811  1028.3957    34.4661 0.0000e+00
       7724 313.301907  -62.14178 -9.990e-29      1.009    1446.51    171.000    169.289    -0.7815    -0.7805     0.0011    -0.7866    -0.7855     0.0011   2.792894   2.792921   0.000026    34.2999    34.2990     7.5228    27.5775    27.5768    34.2989    27.5768    1447.35    1447.35    -0.7864  1028.4022    34.4680 0.0000e+00
       7748 313.301919  -62.14178 -9.990e-29      1.006    1446.51    172.000    170.279    -0.7849    -0.7838     0.0012    -0.7900    -0.7888     0.0012   2.792719   2.792738   0.000021    34.3005    34.2995     7.5156    27.5782    27.5773    34.2998    27.5776    1447.35    1447.35    -0.7898  1028.4079    34.4689 0.0000e+00
       7776 313.301932  -62.14179 -9.990e-29      0.914    1446.51    173.000    171.269    -0.7891    -0.7877     0.0014    -0.7942    -0.7928     0.0014   2.792457   2.792488   0.000028    34.3012    34.3000     7.5022    27.5789    27.5779    34.3003    27.5782    1447.35    1447.35    -0.7940  1028.4133    34.4694 0.0000e+00
       7805 313.301946  -62.14180  -58.44308      0.836    1446.51    174.000    172.258    -0.7915    -0.7905     0.0010    -0.7966    -0.7956     0.0010   2.792316   2.792337   0.000017    34.3013    34.3004     7.5076    27.5791    27.5783    34.3006    27.5785    1447.35    1447.36    -0.7965  1028.4176    34.4687 0.0000e+00
       7832 313.301959  -62.14180  -58.44308      0.855    1446.51    175.000    173.248    -0.7921    -0.7912     0.0010    -0.7972    -0.7963     0.0010   2.792327   2.792334   0.000011    34.3013    34.3003     7.5009    27.5791    27.5783    34.3008    27.5787    1447.37    1447.37    -0.7971  1028.4217    34.4678 0.0000e+00
       7857 313.301971  -62.14180  -58.44308      0.928    1446.51    176.000    174.237    -0.7914    -0.7908     0.0007    -0.7966    -0.7959     0.0007   2.792388   2.792397   0.000015    34.3006    34.3000     7.4963    27.5785    27.5780    34.3002    27.5782    1447.38    1447.39    -0.7964  1028.4260    34.4673 0.0000e+00
       7881 313.301983  -62.14182  -58.44308      0.986    1446.51    177.000    175.227    -0.7915    -0.7908     0.0008    -0.7967    -0.7960     0.0008   2.792442   2.792449 4.0066e-07    34.3009    34.3001     7.4949    27.5788    27.5781    34.3004    27.5784    1447.40    1447.41    -0.7966  1028.4310    34.4675 0.0000e+00
       7906 313.301995  -62.14182  -58.44306      0.967    1446.51    178.000    176.216    -0.7946    -0.7935     0.0011    -0.7998    -0.7987     0.0011   2.792331   2.792322  -0.000008    34.3023    34.3009     7.4970    27.5800    27.5789    34.3018    27.5796    1447.41    1447.41    -0.7997  1028.4377    34.4698 0.0000e+00
       7934 313.302009  -62.14182  -58.44306      0.890    1446.51    179.000    177.206    -0.7952    -0.7943     0.0008    -0.8004    -0.7996     0.0008   2.792313   2.792308  -0.000005    34.3019    34.3009     7.4909    27.5798    27.5789    34.3016    27.5795    1447.42    1447.42    -0.8003  1028.4416    34.4687 0.0000e+00
       7961 313.302022  -62.14183  -58.44306      0.868    1446.51    180.000    178.196    -0.7955    -0.7947     0.0008    -0.8008    -0.8000     0.0008   2.792339   2.792332  -0.000008    34.3020    34.3010     7.5043    27.5799    27.5790    34.3017    27.5796    1447.43    1447.44    -0.8007  1028.4465    34.4688 0.0000e+00
       7986 313.302034  -62.14184  -58.44306      0.926    1446.51    181.000    179.185    -0.7958    -0.7951     0.0008    -0.8011    -0.8004     0.0008   2.792383   2.792386   0.000004    34.3023    34.3015     7.5027    27.5801    27.5794    34.3021    27.5799    1447.45    1447.45    -0.8010  1028.4516    34.4691 0.0000e+00
       8010 313.302045  -62.14184  -58.44306      0.998    1446.51    182.000    180.175    -0.7960    -0.7952     0.0008    -0.8013    -0.8006     0.0008   2.792414   2.792423   0.000009    34.3023    34.3015     7.4982    27.5801    27.5795    34.3021    27.5799    1447.46    1447.47    -0.8012  1028.4564    34.4691 0.0000e+00
       8033 313.302056  -62.14184  -58.44306      1.035    1446.51    183.000    181.164    -0.7960    -0.7951     0.0008    -0.8013    -0.8005     0.0008   2.792476   2.792477   0.000004    34.3024    34.3015     7.4948    27.5802    27.5795    34.3022    27.5800    1447.48    1447.48    -0.8012  1028.4613    34.4693 0.0000e+00
       8058 313.302068  -62.14184  -58.44306      1.003    1446.51    184.000    182.153    -0.7961    -0.7953     0.0008    -0.8015    -0.8008     0.0008   2.792523   2.792530   0.000005    34.3027    34.3019     7.4988    27.5804    27.5797    34.3025    27.5802    1447.50    1447.50    -0.8014  1028.4662    34.4695 0.0000e+00
       8086 313.302082  -62.14184  -58.44306      0.900    1446.51    185.000    183.143    -0.7963    -0.7954     0.0009    -0.8017    -0.8009     0.0009   2.792556   2.792563   0.000008    34.3026    34.3017     7.4961    27.5804    27.5796    34.3025    27.5803    1447.51    1447.52    -0.8016  1028.4711    34.4696 0.0000e+00
       8114 313.302095  -62.14184  -58.44306      0.839    1446.53    186.000    184.133    -0.7966    -0.7959     0.0007    -0.8021    -0.8014     0.0007   2.792638   2.792623  -0.000015    34.3034    34.3024     7.4902    27.5810    27.5802    34.3033    27.5810    1447.53    1447.53    -0.8019  1028.4738    34.4670 0.0000e+00
       8141 313.302108 -9.990e-29 -9.990e-29      0.868    1446.75    187.000    185.122    -0.7944    -0.7936     0.0008    -0.7999    -0.7991     0.0008   2.792938   2.792932  -0.000008    34.3039    34.3029     7.4962    27.5814    27.5805    34.3042    27.5816    1447.56    1447.56    -0.7998  1028.4788    34.4674 0.0000e+00
       8165 313.302120 -9.990e-29 -9.990e-29      0.950    1446.75    188.000    186.112    -0.7921    -0.7914     0.0007    -0.7977    -0.7970     0.0007   2.793212   2.793202  -0.000006    34.3046    34.3037     7.5007    27.5818    27.5811    34.3048    27.5820    1447.58    1447.59    -0.7975  1028.4839    34.4679 0.0000e+00
       8188 313.302131 -9.990e-29 -9.990e-29      1.015    1446.75    189.000    187.101    -0.7914    -0.7907     0.0008    -0.7970    -0.7963     0.0008   2.793328   2.793324  -0.000007    34.3049    34.3039     7.4948    27.5820    27.5812    34.3049    27.5821    1447.60    1447.61    -0.7968  1028.4887    34.4681 0.0000e+00
       8212 313.302143  -62.14188  -58.44304      1.028    1446.75    190.000    188.090    -0.7915    -0.7907     0.0008    -0.7971    -0.7963     0.0008   2.793361   2.793360 5.5521e-07    34.3047    34.3039     7.4814    27.5819    27.5812    34.3048    27.5819    1447.62    1447.62    -0.7969  1028.4960    34.4712 0.0000e+00
       8238 313.302155  -62.14188  -58.44304      0.970    1446.75    191.000    189.080    -0.7914    -0.7907     0.0007    -0.7970    -0.7964     0.0007   2.793411   2.793410   0.000003    34.3047    34.3040     7.4765    27.5818    27.5813    34.3048    27.5819    1447.64    1447.64    -0.7969  1028.5013    34.4719 0.0000e+00
       8266 313.302169  -62.14188  -58.44304      0.881    1446.75    192.000    190.070    -0.7921    -0.7912     0.0008    -0.7977    -0.7969     0.0008   2.793425   2.793419  -0.000009    34.3052    34.3041     7.4697    27.5823    27.5814    34.3051    27.5822    1447.65    1447.65    -0.7976  1028.5064    34.4722 0.0000e+00
       8294 313.302182  -62.14188  -58.44302      0.850    1446.75    193.000    191.059    -0.7929    -0.7918     0.0012    -0.7986    -0.7974     0.0012   2.793410   2.793427   0.000018    34.3053    34.3042     7.4741    27.5824    27.5815    34.3053    27.5824    1447.66    1447.67    -0.7984  1028.5113    34.4724 0.0000e+00
