Pos-Processados/process_op42/Processamento_split/down/doperantar42_043.cnv
* Sea-Bird SBE 9 Data File:
* FileName = C:\Users\Hidrografia\Desktop\OPXLII\Brutos\OP42043.hdr
* Software Version Seasave V 7.26.7.107
* Temperature SN = 6502
* Conductivity SN = 4998
* Number of Bytes Per Scan = 37
* Number of Voltage Words = 4
* Number of Scans Averaged by the Deck Unit = 1
* NMEA Latitude = 62 08.44 S
* NMEA Longitude = 058 25.74 W
* NMEA UTC (Time) = Nov 09 2023 18:18:47
* NMEA baud rate = 4800
** H41
** NPOALTEMAXIMIANO
** NUMERO DA ESTACAO (XXX) 043
** LAT (XX XX.XX S/N) 62 08.430 S
** LONG (XXX XX.XX W/E) 058 26.773 W
** DATAHORA (dd/mm/aaaa hh:mm Z) 09/11/2023 1818Z
** PROFUNDIDADE (m) 400
** OPERADOR CT FABIREZA
# nquan = 30
# nvalues = 386                         
# units = specified
# name 0 = scan: Scan Count
# name 1 = timeJ: Julian Days
# name 2 = latitude: Latitude [deg]
# name 3 = longitude: Longitude [deg]
# name 4 = dz/dtM: Descent Rate [m/s]
# name 5 = avgsvCM: Average Sound Velocity [Chen-Millero, m/s]
# name 6 = prDM: Pressure, Digiquartz [db]
# name 7 = depSM: Depth [salt water, m]
# name 8 = t090C: Temperature [ITS-90, deg C]
# name 9 = t190C: Temperature, 2 [ITS-90, deg C]
# name 10 = T2-T190C: Temperature Difference, 2 - 1 [ITS-90, deg C]
# name 11 = potemp090C: Potential Temperature [ITS-90, deg C]
# name 12 = potemp190C: Potential Temperature, 2 [ITS-90, deg C]
# name 13 = potemp90Cdiff: Potential Temperature, Diff, 2 - 1 [ITS-90, deg C]
# name 14 = c0S/m: Conductivity [S/m]
# name 15 = c1S/m: Conductivity, 2 [S/m]
# name 16 = C2-C1S/m: Conductivity Difference, 2 - 1 [S/m]
# name 17 = sal00: Salinity, Practical [PSU]
# name 18 = sal11: Salinity, Practical, 2 [PSU]
# name 19 = sbeox0ML/L: Oxygen, SBE 43 [ml/l]
# name 20 = sigma-é00: Density [sigma-theta, kg/m^3]
# name 21 = sigma-é11: Density, 2 [sigma-theta, kg/m^3]
# name 22 = sal00: Salinity, Practical [PSU]
# name 23 = sigma-é00: Density [sigma-theta, kg/m^3]
# name 24 = svCM: Sound Velocity [Chen-Millero, m/s]
# name 25 = svCM1: Sound Velocity, 2 [Chen-Millero, m/s]
# name 26 = gsw_ptA0: potential temperature [ITS-90, deg C]
# name 27 = gsw_densityA0: density, TEOS-10 [density, kg/m^3]
# name 28 = gsw_saA0: Absolute Salinity [g/kg]
# name 29 = flag:
# span 0 =       2147,      14673       
# span 1 = 313.764079, 313.770120       
# span 2 =  -62.14383,  -62.14129       
# span 3 =  -58.42838,  -58.42265       
# span 4 =      0.185,      0.990       
# span 5 =      -0.01,    1448.44       
# span 6 =      3.000,    388.000       
# span 7 =      2.977,    383.885       
# span 8 =    -0.8208,    -0.5119       
# span 9 =    -0.8199,    -0.5104       
# span 10 =    -0.0033,     0.0042      
# span 11 =    -0.8265,    -0.5120      
# span 12 =    -0.8255,    -0.5105      
# span 13 =    -0.0033,     0.0042      
# span 14 =   2.791144,   2.824558      
# span 15 =   2.791170,   2.824647      
# span 16 =  -0.000335,   0.000136      
# span 17 =    34.2752,    34.3942      
# span 18 =    34.2742,    34.3930      
# span 19 =     6.7827,     7.6642      
# span 20 =    27.5458,    27.6469      
# span 21 =    27.5449,    27.6459      
# span 22 =    34.2753,    34.3941      
# span 23 =    27.5459,    27.6468      
# span 24 =    1445.85,    1451.82      
# span 25 =    1445.86,    1451.83      
# span 26 =    -0.8263,    -0.5120      
# span 27 =  1027.5647,  1029.5021      
# span 28 =    34.4386,    34.5622      
# span 29 = 0.0000e+00, 0.0000e+00      
# interval = decibars: 1                
# start_time = Nov 09 2023 18:18:47 [NMEA time, header]
# bad_flag = -9.990e-29
*END*
[from data line 146]
       6927 313.766384 -9.990e-29  -58.42662      0.900    1446.66    149.000    147.517    -0.6568    -0.6556     0.0013    -0.6613    -0.6601     0.0013   2.801249   2.801296   0.000031    34.2836    34.2826     7.5773    27.5591    27.5582    34.2840    27.5595    1447.55    1447.56    -0.6612  1028.2734    34.4457 0.0000e+00
       6954 313.766397 -9.990e-29  -58.42662      0.886    1446.66    150.000    148.507    -0.6459    -0.6463    -0.0004    -0.6504    -0.6508    -0.0004   2.802157   2.802110  -0.000028    34.2826    34.2827     7.5797    27.5579    27.5579    34.2833    27.5584    1447.62    1447.62    -0.6503  1028.2770    34.4449 0.0000e+00
       6981 313.766410 -9.990e-29  -58.42661      0.896    1446.66    151.000    149.497    -0.6429    -0.6451    -0.0023    -0.6474    -0.6497    -0.0023   2.802573   2.802347  -0.000219    34.2838    34.2835     7.5858    27.5587    27.5585    34.2848    27.5595    1447.65    1447.64    -0.6474  1028.2829    34.4465 0.0000e+00
       7008 313.766423  -62.14242  -58.42660      0.891    1446.66    152.000    150.486    -0.6399    -0.6393     0.0006    -0.6445    -0.6439     0.0006   2.802942   2.802926  -0.000011    34.2852    34.2844     7.5791    27.5597    27.5590    34.2859    27.5602    1447.68    1447.69    -0.6444  1028.2922    34.4523 0.0000e+00
       7037 313.766437  -62.14244  -58.42658      0.849    1446.66    153.000    151.476    -0.6412    -0.6399     0.0012    -0.6458    -0.6446     0.0012   2.803001   2.802991  -0.000008    34.2872    34.2857     7.5701    27.5614    27.5601    34.2875    27.5616    1447.70    1447.70    -0.6457  1028.2987    34.4543 0.0000e+00
       7066 313.766451  -62.14244  -58.42658      0.823    1446.66    154.000    152.466    -0.6465    -0.6454     0.0011    -0.6512    -0.6501     0.0011   2.802629   2.802580  -0.000055    34.2884    34.2864     7.5710    27.5626    27.5609    34.2879    27.5621    1447.69    1447.69    -0.6511  1028.3040    34.4547 0.0000e+00
       7094 313.766465  -62.14245  -58.42656      0.842    1446.66    155.000    153.455    -0.6551    -0.6542     0.0009    -0.6598    -0.6589     0.0009   2.802058   2.801974  -0.000088    34.2897    34.2876     7.5698    27.5640    27.5622    34.2893    27.5636    1447.67    1447.67    -0.6597  1028.3103    34.4561 0.0000e+00
       7123 313.766479  -62.14246  -58.42655      0.839    1446.66    156.000    154.445    -0.6535    -0.6530     0.0005    -0.6583    -0.6578     0.0005   2.802184   2.802154  -0.000024    34.2886    34.2877     7.5667    27.5630    27.5623    34.2886    27.5630    1447.69    1447.69    -0.6581  1028.3145    34.4555 0.0000e+00
       7153 313.766493  -62.14246  -58.42654      0.812    1446.66    157.000    155.435    -0.6541    -0.6532     0.0009    -0.6589    -0.6580     0.0009   2.802248   2.802268   0.000015    34.2897    34.2888     7.5709    27.5639    27.5632    34.2895    27.5638    1447.70    1447.71    -0.6588  1028.3200    34.4564 0.0000e+00
       7183 313.766507  -62.14248  -58.42652      0.809    1446.66    158.000    156.424    -0.6530    -0.6523     0.0007    -0.6577    -0.6571     0.0007   2.802396   2.802373  -0.000022    34.2895    34.2884     7.5673    27.5637    27.5629    34.2896    27.5638    1447.73    1447.73    -0.6577  1028.3247    34.4563 0.0000e+00
       7213 313.766522 -9.990e-29  -58.42650      0.806    1446.66    159.000    157.414    -0.6519    -0.6513     0.0006    -0.6567    -0.6561     0.0006   2.802555   2.802535  -0.000020    34.2899    34.2890     7.5615    27.5640    27.5632    34.2899    27.5640    1447.75    1447.75    -0.6566  1028.3256    34.4515 0.0000e+00
       7240 313.766535 -9.990e-29  -58.42650      0.834    1446.66    160.000    158.403    -0.6530    -0.6522     0.0008    -0.6579    -0.6571     0.0008   2.802527   2.802513  -0.000009    34.2902    34.2892     7.5634    27.5644    27.5635    34.2902    27.5643    1447.76    1447.76    -0.6577  1028.3307    34.4519 0.0000e+00
       7265 313.766547 -9.990e-29  -58.42649      0.929    1446.66    161.000    159.393    -0.6548    -0.6536     0.0012    -0.6597    -0.6585     0.0012   2.802429   2.802430  -0.000007    34.2907    34.2893     7.5574    27.5648    27.5636    34.2902    27.5644    1447.77    1447.77    -0.6596  1028.3356    34.4519 0.0000e+00
       7289 313.766559  -62.14250  -58.42648      0.990    1446.66    162.000    160.383    -0.6610    -0.6596     0.0015    -0.6659    -0.6645     0.0015   2.802007   2.802008  -0.000002    34.2916    34.2899     7.5574    27.5658    27.5644    34.2910    27.5653    1447.76    1447.76    -0.6658  1028.3422    34.4538 0.0000e+00
       7318 313.766573  -62.14250  -58.42647      0.891    1446.66    163.000    161.372    -0.6659    -0.6653     0.0006    -0.6708    -0.6702     0.0006   2.801641   2.801587  -0.000045    34.2916    34.2903     7.5507    27.5660    27.5650    34.2909    27.5655    1447.75    1447.75    -0.6707  1028.3503    34.4577 0.0000e+00
       7353 313.766589  -62.14250  -58.42646      0.702    1446.66    164.000    162.362    -0.6760    -0.6742     0.0018    -0.6809    -0.6792     0.0018   2.800879   2.800905   0.000020    34.2931    34.2914     7.5558    27.5677    27.5662    34.2915    27.5664    1447.72    1447.73    -0.6808  1028.3561    34.4584 0.0000e+00
       7383 313.766604  -62.14251  -58.42644      0.755    1446.95    165.000    163.352    -0.6914    -0.6897     0.0017    -0.6963    -0.6947     0.0017   2.799770   2.799764  -0.000014    34.2949    34.2928     7.5519    27.5697    27.5680    34.2933    27.5685    1447.67    1447.67    -0.6962  1028.3631    34.4603 0.0000e+00
       7411 313.766617 -9.990e-29  -58.42643      0.855    1446.95    166.000    164.341    -0.6983    -0.6960     0.0022    -0.7032    -0.7010     0.0022   2.799218   2.799275   0.000050    34.2950    34.2931     7.5450    27.5701    27.5685    34.2931    27.5686    1447.65    1447.66    -0.7032  1028.3639    34.4549 0.0000e+00
       7442 313.766632 -9.990e-29  -58.42642      0.797    1446.95    167.000    165.331    -0.7238    -0.7215     0.0023    -0.7288    -0.7265     0.0023   2.797373   2.797388   0.000021    34.2997    34.2973     7.5457    27.5750    27.5730    34.2965    27.5724    1447.55    1447.56    -0.7287  1028.3726    34.4582 0.0000e+00
       7473 313.766648 -9.990e-29  -58.42642      0.751    1446.95    168.000    166.320    -0.7360    -0.7351     0.0009    -0.7410    -0.7401     0.0009   2.796504   2.796483  -0.000023    34.2999    34.2986     7.5350    27.5757    27.5746    34.2980    27.5741    1447.51    1447.51    -0.7409  1028.3791    34.4597 0.0000e+00
       7500 313.766661  -62.14254  -58.42640      0.843    1446.95    169.000    167.310    -0.7360    -0.7345     0.0015    -0.7410    -0.7396     0.0015   2.796501   2.796567   0.000067    34.2988    34.2981     7.5283    27.5748    27.5741    34.2973    27.5736    1447.53    1447.53    -0.7409  1028.3860    34.4624 0.0000e+00
       7526 313.766673  -62.14254  -58.42639      0.919    1446.95    170.000    168.300    -0.7352    -0.7345     0.0007    -0.7402    -0.7395     0.0007   2.796613   2.796621   0.000011    34.2985    34.2978     7.5174    27.5745    27.5739    34.2973    27.5735    1447.55    1447.55    -0.7401  1028.3923    34.4642 0.0000e+00
       7554 313.766686  -62.14254  -58.42638      0.893    1446.95    171.000    169.290    -0.7369    -0.7361     0.0008    -0.7420    -0.7412     0.0008   2.796567   2.796554  -0.000012    34.2994    34.2983     7.5051    27.5753    27.5744    34.2980    27.5742    1447.56    1447.56    -0.7419  1028.3977    34.4650 0.0000e+00
       7584 313.766701  -62.14255  -58.42637      0.815    1446.95    172.000    170.279    -0.7410    -0.7402     0.0008    -0.7461    -0.7453     0.0008   2.796334   2.796319  -0.000005    34.3000    34.2990     7.5016    27.5760    27.5751    34.2988    27.5750    1447.55    1447.56    -0.7460  1028.4032    34.4657 0.0000e+00
       7611 313.766714 -9.990e-29  -58.42636      0.842    1446.95    173.000    171.268    -0.7414    -0.7405     0.0010    -0.7466    -0.7456     0.0009   2.796330   2.796338   0.000003    34.2997    34.2987     7.4966    27.5758    27.5749    34.2987    27.5749    1447.57    1447.57    -0.7464  1028.4038    34.4604 0.0000e+00
       7640 313.766728 -9.990e-29  -58.42634      0.867    1446.95    174.000    172.258    -0.7444    -0.7434     0.0010    -0.7495    -0.7486     0.0010   2.796166   2.796160  -0.000005    34.3002    34.2990     7.5038    27.5763    27.5753    34.2992    27.5755    1447.57    1447.57    -0.7494  1028.4091    34.4609 0.0000e+00
       7672 313.766744 -9.990e-29  -58.42633      0.758    1446.95    175.000    173.248    -0.7444    -0.7436     0.0009    -0.7496    -0.7488     0.0009   2.796186   2.796192   0.000009    34.2997    34.2989     7.4956    27.5759    27.5752    34.2989    27.5752    1447.59    1447.59    -0.7495  1028.4137    34.4606 0.0000e+00
       7703 313.766759  -62.14258  -58.42631      0.751    1446.95    176.000    174.237    -0.7454    -0.7449     0.0005    -0.7506    -0.7501     0.0005   2.796167   2.796143  -0.000026    34.2998    34.2989     7.4964    27.5760    27.5752    34.2991    27.5754    1447.60    1447.60    -0.7505  1028.4218    34.4647 0.0000e+00
       7732 313.766772  -62.14258  -58.42630      0.816    1446.95    177.000    175.227    -0.7467    -0.7459     0.0008    -0.7519    -0.7511     0.0008   2.796102   2.796109   0.000007    34.2997    34.2989     7.4984    27.5760    27.5753    34.2991    27.5755    1447.61    1447.61    -0.7518  1028.4277    34.4661 0.0000e+00
       7763 313.766787  -62.14259  -58.42628      0.805    1446.95    178.000    176.216    -0.7477    -0.7469     0.0009    -0.7530    -0.7522     0.0009   2.796066   2.796075   0.000017    34.2997    34.2989     7.4924    27.5760    27.5754    34.2992    27.5756    1447.62    1447.63    -0.7529  1028.4326    34.4662 0.0000e+00
       7795 313.766803  -62.14260  -58.42627      0.741    1446.95    179.000    177.206    -0.7485    -0.7480     0.0004    -0.7538    -0.7533     0.0004   2.796054   2.796036  -0.000024    34.2997    34.2989     7.4979    27.5760    27.5754    34.2992    27.5757    1447.63    1447.63    -0.7537  1028.4375    34.4663 0.0000e+00
       7824 313.766816  -62.14260  -58.42626      0.806    1446.95    180.000    178.195    -0.7521    -0.7505     0.0016    -0.7575    -0.7559     0.0016   2.795821   2.795864   0.000036    34.3006    34.2993     7.4961    27.5769    27.5758    34.2996    27.5761    1447.63    1447.64    -0.7573  1028.4427    34.4666 0.0000e+00
       7849 313.766829  -62.14260  -58.42626      0.912    1446.95    181.000    179.185    -0.7643    -0.7628     0.0015    -0.7697    -0.7681     0.0015   2.794945   2.794945   0.000014    34.3029    34.3014     7.5065    27.5793    27.5780    34.3010    27.5777    1447.60    1447.60    -0.7695  1028.4492    34.4680 0.0000e+00
       7877 313.766842  -62.14262  -58.42624      0.901    1446.95    182.000    180.174    -0.7782    -0.7776     0.0006    -0.7836    -0.7830     0.0006   2.793953   2.793877  -0.000087    34.3044    34.3025     7.4924    27.5811    27.5795    34.3027    27.5797    1447.55    1447.55    -0.7834  1028.4561    34.4698 0.0000e+00
       7908 313.766857  -62.14262  -58.42622      0.787    1446.95    183.000    181.164    -0.7822    -0.7813     0.0009    -0.7876    -0.7867     0.0009   2.793626   2.793621  -0.000002    34.3033    34.3023     7.4806    27.5804    27.5795    34.3021    27.5794    1447.55    1447.55    -0.7874  1028.4606    34.4692 0.0000e+00
       7938 313.766871  -62.14262  -58.42621      0.791    1446.95    184.000    182.153    -0.7828    -0.7821     0.0007    -0.7882    -0.7875     0.0007   2.793605   2.793610   0.000003    34.3029    34.3021     7.4798    27.5800    27.5794    34.3019    27.5793    1447.56    1447.56    -0.7881  1028.4652    34.4690 0.0000e+00
       7966 313.766885  -62.14263  -58.42620      0.844    1446.95    185.000    183.143    -0.7839    -0.7829     0.0010    -0.7894    -0.7884     0.0010   2.793548   2.793582   0.000032    34.3028    34.3021     7.4905    27.5800    27.5794    34.3018    27.5792    1447.57    1447.57    -0.7892  1028.4699    34.4689 0.0000e+00
       7997 313.766900  -62.14264  -58.42618      0.799    1446.95    186.000    184.133    -0.7890    -0.7880     0.0010    -0.7944    -0.7935     0.0010   2.793232   2.793234   0.000006    34.3037    34.3028     7.4962    27.5810    27.5801    34.3027    27.5801    1447.56    1447.57    -0.7943  1028.4756    34.4698 0.0000e+00
       8026 313.766914  -62.14264  -58.42618      0.794    1446.95    187.000    185.122    -0.7923    -0.7911     0.0012    -0.7978    -0.7966     0.0012   2.793032   2.793043   0.000009    34.3042    34.3029     7.4902    27.5815    27.5804    34.3031    27.5806    1447.56    1447.57    -0.7977  1028.4809    34.4702 0.0000e+00
       8054 313.766927  -62.14265  -58.42616      0.855    1446.95    188.000    186.111    -0.7976    -0.7962     0.0014    -0.8031    -0.8017     0.0014   2.792681   2.792702   0.000021    34.3050    34.3037     7.4960    27.5824    27.5812    34.3038    27.5814    1447.56    1447.56    -0.8030  1028.4865    34.4709 0.0000e+00
       8084 313.766942  -62.14266  -58.42615      0.827    1446.95    189.000    187.101    -0.8063    -0.8047     0.0016    -0.8118    -0.8102     0.0016   2.792086   2.792096   0.000013    34.3066    34.3049     7.4850    27.5840    27.5826    34.3050    27.5827    1447.53    1447.54    -0.8117  1028.4922    34.4716 0.0000e+00
       8115 313.766957 -9.990e-29  -58.42612      0.770    1446.95    190.000    188.090    -0.8151    -0.8141     0.0009    -0.8206    -0.8197     0.0009   2.791481   2.791441  -0.000044    34.3076    34.3059     7.4882    27.5851    27.5838    34.3062    27.5840    1447.51    1447.51    -0.8205  1028.4944    34.4678 0.0000e+00
       8142 313.766970 -9.990e-29  -58.42612      0.843    1446.95    191.000    189.080    -0.8178    -0.8167     0.0011    -0.8234    -0.8223     0.0011   2.791287   2.791301   0.000011    34.3071    34.3061     7.4905    27.5849    27.5840    34.3060    27.5840    1447.51    1447.52    -0.8232  1028.4992    34.4677 0.0000e+00
       8168 313.766983 -9.990e-29  -58.42610      0.909    1446.95    192.000    190.069    -0.8195    -0.8185     0.0011    -0.8251    -0.8241     0.0011   2.791176   2.791209   0.000034    34.3069    34.3062     7.4802    27.5848    27.5842    34.3058    27.5839    1447.52    1447.53    -0.8250  1028.5040    34.4676 0.0000e+00
       8200 313.766998  -62.14268  -58.42609      0.810    1446.95    193.000    191.059    -0.8208    -0.8199     0.0009    -0.8265    -0.8255     0.0009   2.791144   2.791170   0.000024    34.3070    34.3063     7.4823    27.5850    27.5843    34.3063    27.5843    1447.53    1447.54    -0.8263  1028.5117    34.4712 0.0000e+00
       8233 313.767014  -62.14268  -58.42608      0.717    1446.95    194.000    192.049    -0.8194    -0.8185     0.0008    -0.8250    -0.8242     0.0008   2.791344   2.791364   0.000024    34.3072    34.3066     7.4894    27.5851    27.5845    34.3067    27.5846    1447.56    1447.56    -0.8249  1028.5186    34.4739 0.0000e+00
       8261 313.767027  -62.14270  -58.42606      0.802    1446.95    195.000    193.038    -0.8191    -0.8184     0.0007    -0.8249    -0.8242     0.0007   2.791434   2.791432 1.1693e-09    34.3075    34.3067     7.4844    27.5853    27.5846    34.3070    27.5849    1447.57    1447.58    -0.8247  1028.5236    34.4742 0.0000e+00
