Pos-Processados/process_op42/Processamento_split/down/doperantar42_046.cnv
* Sea-Bird SBE 9 Data File:
* FileName = C:\Users\Hidrografia\Desktop\OPXLII\Brutos\OP42046.hdr
* Software Version Seasave V 7.26.7.107
* Temperature SN = 6502
* Conductivity SN = 4998
* Number of Bytes Per Scan = 37
* Number of Voltage Words = 4
* Number of Scans Averaged by the Deck Unit = 1
* NMEA Latitude = 62 08.52 S
* NMEA Longitude = 058 26.59 W
* NMEA UTC (Time) = Nov 09 2023 21:09:08
* NMEA baud rate = 4800
** H41
** NPOALTEMAXIMIANO
** NUMERO DA ESTACAO (XXX) 046
** LAT (XX XX.XX S/N) 62 08. S
** LONG (XXX XX.XX W/E) 058 26. W
** DATAHORA (dd/mm/aaaa hh:mm Z) 09/11/2023 2105Z
** PROFUNDIDADE (m)
** OPERADOR 1T ZAMITH
# nquan = 30
# nvalues = 358                         
# units = specified
# name 0 = scan: Scan Count
# name 1 = timeJ: Julian Days
# name 2 = latitude: Latitude [deg]
# name 3 = longitude: Longitude [deg]
# name 4 = dz/dtM: Descent Rate [m/s]
# name 5 = avgsvCM: Average Sound Velocity [Chen-Millero, m/s]
# name 6 = prDM: Pressure, Digiquartz [db]
# name 7 = depSM: Depth [salt water, m]
# name 8 = t090C: Temperature [ITS-90, deg C]
# name 9 = t190C: Temperature, 2 [ITS-90, deg C]
# name 10 = T2-T190C: Temperature Difference, 2 - 1 [ITS-90, deg C]
# name 11 = potemp090C: Potential Temperature [ITS-90, deg C]
# name 12 = potemp190C: Potential Temperature, 2 [ITS-90, deg C]
# name 13 = potemp90Cdiff: Potential Temperature, Diff, 2 - 1 [ITS-90, deg C]
# name 14 = c0S/m: Conductivity [S/m]
# name 15 = c1S/m: Conductivity, 2 [S/m]
# name 16 = C2-C1S/m: Conductivity Difference, 2 - 1 [S/m]
# name 17 = sal00: Salinity, Practical [PSU]
# name 18 = sal11: Salinity, Practical, 2 [PSU]
# name 19 = sbeox0ML/L: Oxygen, SBE 43 [ml/l]
# name 20 = sigma-é00: Density [sigma-theta, kg/m^3]
# name 21 = sigma-é11: Density, 2 [sigma-theta, kg/m^3]
# name 22 = sal00: Salinity, Practical [PSU]
# name 23 = sigma-é00: Density [sigma-theta, kg/m^3]
# name 24 = svCM: Sound Velocity [Chen-Millero, m/s]
# name 25 = svCM1: Sound Velocity, 2 [Chen-Millero, m/s]
# name 26 = gsw_ptA0: potential temperature [ITS-90, deg C]
# name 27 = gsw_densityA0: density, TEOS-10 [density, kg/m^3]
# name 28 = gsw_saA0: Absolute Salinity [g/kg]
# name 29 = flag:
# span 0 =       2310,      13699       
# span 1 = 313.882456, 313.887948       
# span 2 =  -62.14466,  -62.14246       
# span 3 =  -58.44468,  -58.44356       
# span 4 =     -0.175,      1.135       
# span 5 =       0.00,    1448.02       
# span 6 =      5.000,    362.000       
# span 7 =      4.963,    358.186       
# span 8 =    -0.7940,    -0.4771       
# span 9 =    -0.7947,    -0.4924       
# span 10 =    -0.0153,     0.0036      
# span 11 =    -0.8013,    -0.4894      
# span 12 =    -0.8020,    -0.5046      
# span 13 =    -0.0152,     0.0036      
# span 14 =   2.792599,   2.834178      
# span 15 =   2.792603,   2.832699      
# span 16 =  -0.001454,   0.000156      
# span 17 =    34.2793,    34.3931      
# span 18 =    34.2790,    34.3908      
# span 19 =     6.7293,     7.6139      
# span 20 =    27.5511,    27.6402      
# span 21 =    27.5507,    27.6390      
# span 22 =    34.2766,    34.3936      
# span 23 =    27.5509,    27.6406      
# span 24 =    1445.68,    1452.01      
# span 25 =    1445.70,    1451.94      
# span 26 =    -0.8010,    -0.4892      
# span 27 =  1027.5793,  1029.3739      
# span 28 =    34.4429,    34.5655      
# span 29 = 0.0000e+00, 0.0000e+00      
# interval = decibars: 1                
# start_time = Nov 09 2023 21:09:08 [NMEA time, header]
# bad_flag = -9.990e-29
*END*
[from data line 146]
       6371 313.884415  -62.14328  -58.44410      0.958    1446.56    151.000    149.496    -0.7546    -0.7536     0.0011    -0.7591    -0.7580     0.0011   2.793950   2.793966   0.000009    34.2953    34.2942     7.5180    27.5727    27.5717    34.2951    27.5725    1447.15    1447.15    -0.7589  1028.3006    34.4619 0.0000e+00
       6395 313.884426  -62.14328  -58.44410      0.991    1446.56    152.000    150.486    -0.7565    -0.7554     0.0011    -0.7610    -0.7599     0.0011   2.793870   2.793880   0.000016    34.2957    34.2947     7.5263    27.5731    27.5722    34.2955    27.5730    1447.15    1447.16    -0.7609  1028.3058    34.4624 0.0000e+00
       6418 313.884437  -62.14330  -58.44412      1.021    1446.56    153.000    151.476    -0.7573    -0.7563     0.0010    -0.7618    -0.7608     0.0010   2.793854   2.793864   0.000011    34.2958    34.2948     7.5235    27.5732    27.5724    34.2955    27.5730    1447.16    1447.17    -0.7617  1028.3107    34.4624 0.0000e+00
       6441 313.884448  -62.14330  -58.44412      1.044    1446.56    154.000    152.466    -0.7590    -0.7583     0.0008    -0.7636    -0.7628     0.0008   2.793787   2.793780  -0.000007    34.2963    34.2953     7.5152    27.5737    27.5729    34.2960    27.5734    1447.18    1447.18    -0.7634  1028.3159    34.4629 0.0000e+00
       6465 313.884460  -62.14330  -58.44412      1.032    1446.56    155.000    153.455    -0.7618    -0.7607     0.0011    -0.7664    -0.7653     0.0011   2.793640   2.793654   0.000015    34.2970    34.2960     7.5113    27.5744    27.5735    34.2965    27.5740    1447.18    1447.18    -0.7662  1028.3212    34.4634 0.0000e+00
       6488 313.884471  -62.14330  -58.44412      1.017    1446.56    156.000    154.445    -0.7633    -0.7627     0.0006    -0.7678    -0.7673     0.0006   2.793588   2.793577  -0.000009    34.2971    34.2963     7.5098    27.5745    27.5738    34.2969    27.5743    1447.19    1447.19    -0.7678  1028.3263    34.4638 0.0000e+00
       6511 313.884482  -62.14332  -58.44412      1.025    1446.56    157.000    155.434    -0.7632    -0.7625     0.0006    -0.7678    -0.7671     0.0006   2.793655   2.793635  -0.000019    34.2972    34.2962     7.5115    27.5746    27.5738    34.2970    27.5745    1447.20    1447.21    -0.7677  1028.3312    34.4639 0.0000e+00
       6535 313.884493  -62.14332  -58.44412      1.036    1446.56    158.000    156.424    -0.7631    -0.7621     0.0010    -0.7678    -0.7668     0.0010   2.793685   2.793706   0.000015    34.2971    34.2961     7.5117    27.5745    27.5737    34.2968    27.5743    1447.22    1447.23    -0.7676  1028.3358    34.4637 0.0000e+00
       6558 313.884505  -62.14332  -58.44414      1.028    1446.56    159.000    157.414    -0.7657    -0.7646     0.0010    -0.7703    -0.7693     0.0010   2.793568   2.793575   0.000013    34.2977    34.2968     7.5150    27.5751    27.5743    34.2974    27.5749    1447.23    1447.23    -0.7702  1028.3413    34.4644 0.0000e+00
       6582 313.884516  -62.14332  -58.44414      1.010    1446.56    160.000    158.403    -0.7674    -0.7665     0.0009    -0.7721    -0.7712     0.0009   2.793475   2.793482   0.000011    34.2980    34.2971     7.5122    27.5754    27.5747    34.2976    27.5751    1447.23    1447.24    -0.7720  1028.3462    34.4645 0.0000e+00
       6607 313.884528  -62.14334  -58.44414      0.990    1446.56    161.000    159.393    -0.7694    -0.7689     0.0005    -0.7741    -0.7736     0.0005   2.793404   2.793383  -0.000025    34.2985    34.2976     7.5140    27.5759    27.5752    34.2982    27.5756    1447.24    1447.24    -0.7740  1028.3516    34.4651 0.0000e+00
       6632 313.884540  -62.14334  -58.44414      0.970    1446.56    162.000    160.383    -0.7757    -0.7721     0.0036    -0.7805    -0.7769     0.0036   2.793045   2.793176   0.000125    34.3010    34.2986     7.5175    27.5782    27.5761    34.2999    27.5773    1447.23    1447.24    -0.7803  1028.3581    34.4669 0.0000e+00
       6656 313.884552  -62.14334  -58.44414      0.979    1446.56    163.000    161.373    -0.7805    -0.7798     0.0007    -0.7853    -0.7846     0.0007   2.792737   2.792722  -0.000009    34.3013    34.3003     7.5167    27.5786    27.5778    34.3006    27.5781    1447.23    1447.23    -0.7852  1028.3636    34.4676 0.0000e+00
       6678 313.884563  -62.14334  -58.44414      1.025    1446.56    164.000    162.362    -0.7823    -0.7819     0.0004    -0.7871    -0.7867     0.0004   2.792638   2.792618  -0.000022    34.3013    34.3006     7.5135    27.5787    27.5781    34.3006    27.5781    1447.23    1447.23    -0.7870  1028.3685    34.4676 0.0000e+00
       6701 313.884574  -62.14336  -58.44416      1.066    1446.56    165.000    163.351    -0.7837    -0.7829     0.0009    -0.7885    -0.7877     0.0009   2.792599   2.792603   0.000005    34.3017    34.3008     7.5062    27.5791    27.5783    34.3011    27.5786    1447.25    1447.25    -0.7884  1028.3737    34.4681 0.0000e+00
       6723 313.884584  -62.14336  -58.44416      1.071    1446.56    166.000    164.341    -0.7827    -0.7819     0.0009    -0.7876    -0.7867     0.0009   2.792698   2.792718   0.000020    34.3009    34.3002     7.5040    27.5784    27.5778    34.3007    27.5783    1447.26    1447.27    -0.7874  1028.3782    34.4677 0.0000e+00
       6746 313.884595  -62.14336  -58.44416      1.059    1446.56    167.000    165.331    -0.7810    -0.7801     0.0010    -0.7859    -0.7850     0.0009   2.792865   2.792879   0.000010    34.3008    34.2998     7.4969    27.5782    27.5774    34.3004    27.5779    1447.29    1447.29    -0.7858  1028.3814    34.4658 0.0000e+00
       6770 313.884607 -9.990e-29  -58.44416      1.027    1446.56    168.000    166.320    -0.7816    -0.7806     0.0010    -0.7865    -0.7855     0.0010   2.792873   2.792892   0.000022    34.3008    34.3000     7.4944    27.5783    27.5776    34.3005    27.5781    1447.30    1447.31    -0.7864  1028.3833    34.4623 0.0000e+00
       6794 313.884619 -9.990e-29  -58.44416      0.994    1446.56    169.000    167.310    -0.7813    -0.7806     0.0007    -0.7862    -0.7856     0.0007   2.792956   2.792938  -0.000016    34.3009    34.2999     7.4913    27.5783    27.5775    34.3007    27.5782    1447.32    1447.32    -0.7861  1028.3882    34.4624 0.0000e+00
       6817 313.884630 -9.990e-29  -58.44418      1.010    1446.56    170.000    168.300    -0.7830    -0.7809     0.0020    -0.7879    -0.7859     0.0020   2.792888   2.792953   0.000064    34.3014    34.3000     7.4957    27.5789    27.5776    34.3011    27.5786    1447.33    1447.33    -0.7878  1028.3934    34.4628 0.0000e+00
       6841 313.884641  -62.14338  -58.44418      1.036    1446.56    171.000    169.289    -0.7841    -0.7839     0.0001    -0.7891    -0.7889     0.0001   2.792867   2.792815  -0.000052    34.3015    34.3007     7.4975    27.5790    27.5783    34.3014    27.5789    1447.34    1447.34    -0.7890  1028.3989    34.4636 0.0000e+00
       6865 313.884653  -62.14339  -58.44418      1.005    1446.56    172.000    170.279    -0.7813    -0.7805     0.0008    -0.7863    -0.7855     0.0008   2.793079   2.793075  -0.000003    34.3006    34.2997     7.4925    27.5781    27.5773    34.3005    27.5780    1447.37    1447.37    -0.7862  1028.4066    34.4675 0.0000e+00
       6889 313.884664  -62.14340  -58.44418      0.982    1446.56    173.000    171.269    -0.7815    -0.7808     0.0008    -0.7866    -0.7858     0.0008   2.793117   2.793117   0.000003    34.3008    34.2999     7.4952    27.5783    27.5775    34.3007    27.5782    1447.38    1447.38    -0.7865  1028.4116    34.4677 0.0000e+00
       6912 313.884676  -62.14340  -58.44418      1.017    1446.56    174.000    172.258    -0.7860    -0.7857     0.0003    -0.7911    -0.7908     0.0003   2.792880   2.792847  -0.000031    34.3026    34.3018     7.5037    27.5799    27.5792    34.3019    27.5794    1447.38    1447.38    -0.7910  1028.4176    34.4690 0.0000e+00
       6934 313.884686  -62.14340  -58.44418      1.061    1446.56    175.000    173.248    -0.7877    -0.7870     0.0008    -0.7929    -0.7921     0.0008   2.792826   2.792839   0.000013    34.3027    34.3021     7.4939    27.5801    27.5795    34.3026    27.5800    1447.39    1447.39    -0.7927  1028.4230    34.4696 0.0000e+00
       6956 313.884697  -62.14340  -58.44419      1.090    1446.56    176.000    174.237    -0.7862    -0.7856     0.0007    -0.7914    -0.7907     0.0007   2.793036   2.793035  -0.000002    34.3031    34.3023     7.4841    27.5803    27.5797    34.3031    27.5803    1447.41    1447.42    -0.7912  1028.4281    34.4701 0.0000e+00
       6978 313.884707  -62.14341  -58.44420      1.112    1446.56    177.000    175.227    -0.7840    -0.7832     0.0009    -0.7893    -0.7884     0.0009   2.793285   2.793313   0.000023    34.3031    34.3025     7.4864    27.5803    27.5797    34.3034    27.5805    1447.44    1447.44    -0.7891  1028.4330    34.4704 0.0000e+00
       6999 313.884717  -62.14342  -58.44420      1.130    1446.56    178.000    176.216    -0.7821    -0.7813     0.0008    -0.7874    -0.7866     0.0008   2.793511   2.793532   0.000025    34.3036    34.3030     7.4825    27.5806    27.5801    34.3036    27.5806    1447.47    1447.47    -0.7872  1028.4379    34.4707 0.0000e+00
       7021 313.884728  -62.14342  -58.44420      1.109    1446.56    179.000    177.206    -0.7824    -0.7817     0.0007    -0.7876    -0.7870     0.0007   2.793562   2.793549  -0.000011    34.3039    34.3030     7.4807    27.5808    27.5801    34.3040    27.5809    1447.48    1447.48    -0.7875  1028.4430    34.4711 0.0000e+00
       7045 313.884740  -62.14342  -58.44420      1.040    1446.56    180.000    178.196    -0.7817    -0.7809     0.0007    -0.7870    -0.7863     0.0007   2.793707   2.793704   0.000002    34.3044    34.3036     7.4872    27.5812    27.5805    34.3045    27.5813    1447.50    1447.50    -0.7869  1028.4481    34.4716 0.0000e+00
       7069 313.884751  -62.14343  -58.44420      0.994    1446.56    181.000    179.185    -0.7767    -0.7762     0.0006    -0.7821    -0.7815     0.0006   2.794218   2.794216  -0.000006    34.3045    34.3037     7.4876    27.5811    27.5804    34.3052    27.5817    1447.54    1447.54    -0.7819  1028.4532    34.4723 0.0000e+00
       7092 313.884762  -62.14344  -58.44420      1.015    1446.56    182.000    180.174    -0.7742    -0.7735     0.0007    -0.7796    -0.7789     0.0007   2.794488   2.794487   0.000002    34.3050    34.3043     7.4836    27.5814    27.5808    34.3054    27.5817    1447.57    1447.57    -0.7794  1028.4580    34.4725 0.0000e+00
       7115 313.884773  -62.14344  -58.44422      1.049    1446.56    183.000    181.164    -0.7736    -0.7726     0.0010    -0.7790    -0.7780     0.0010   2.794622   2.794622  -0.000005    34.3055    34.3043     7.4754    27.5818    27.5808    34.3059    27.5821    1447.59    1447.59    -0.7789  1028.4632    34.4730 0.0000e+00
       7137 313.884784  -62.14344  -58.44422      1.067    1446.56    184.000    182.153    -0.7719    -0.7711     0.0008    -0.7774    -0.7766     0.0008   2.794825   2.794820   0.000002    34.3057    34.3048     7.4676    27.5819    27.5811    34.3062    27.5822    1447.61    1447.62    -0.7772  1028.4681    34.4733 0.0000e+00
       7160 313.884795  -62.14346  -58.44422      1.075    1446.56    185.000    183.143    -0.7704    -0.7697     0.0007    -0.7758    -0.7752     0.0007   2.795053   2.795032  -0.000030    34.3063    34.3052     7.4612    27.5823    27.5814    34.3068    27.5827    1447.64    1447.64    -0.7757  1028.4733    34.4739 0.0000e+00
       7182 313.884806  -62.14346  -58.44422      1.074    1446.56    186.000    184.133    -0.7692    -0.7682     0.0010    -0.7747    -0.7737     0.0010   2.795205   2.795221   0.000023    34.3066    34.3057     7.4540    27.5825    27.5818    34.3070    27.5828    1447.66    1447.67    -0.7746  1028.4782    34.4741 0.0000e+00
       7204 313.884816  -62.14346  -58.44422      1.072    1446.56    187.000    185.122    -0.7675    -0.7666     0.0009    -0.7731    -0.7721     0.0009   2.795421   2.795448   0.000023    34.3068    34.3061     7.4591    27.5826    27.5819    34.3074    27.5831    1447.69    1447.69    -0.7729  1028.4832    34.4745 0.0000e+00
       7226 313.884827  -62.14346  -58.44422      1.079    1446.56    188.000    186.112    -0.7669    -0.7662     0.0007    -0.7725    -0.7718     0.0007   2.795549   2.795535  -0.000012    34.3074    34.3065     7.4673    27.5831    27.5823    34.3078    27.5834    1447.71    1447.71    -0.7723  1028.4883    34.4749 0.0000e+00
       7248 313.884838  -62.14346  -58.44422      1.094    1446.57    189.000    187.101    -0.7668    -0.7661     0.0007    -0.7724    -0.7717     0.0007   2.795605   2.795593  -0.000008    34.3074    34.3065     7.4562    27.5831    27.5823    34.3078    27.5834    1447.72    1447.72    -0.7723  1028.4914    34.4729 0.0000e+00
       7269 313.884848 -9.990e-29  -58.44423      1.117 -9.990e-29    190.000    188.091    -0.7672    -0.7664     0.0008    -0.7729    -0.7721     0.0008   2.795650   2.795627  -0.000020    34.3080    34.3068     7.4426    27.5835    27.5825    34.3083    27.5838    1447.74    1447.74    -0.7727  1028.4939    34.4700 0.0000e+00
       7290 313.884858 -9.990e-29  -58.44424      1.135 -9.990e-29    191.000    189.080    -0.7675    -0.7668     0.0007    -0.7732    -0.7725     0.0007   2.795656   2.795625  -0.000032    34.3079    34.3067     7.4361    27.5835    27.5825    34.3080    27.5836    1447.75    1447.75    -0.7730  1028.4985    34.4698 0.0000e+00
       7312 313.884868 -9.990e-29  -58.44424      1.135 -9.990e-29    192.000    190.070    -0.7676    -0.7670     0.0006    -0.7733    -0.7727     0.0006   2.795706   2.795674  -0.000030    34.3080    34.3069     7.4337    27.5835    27.5826    34.3082    27.5837    1447.77    1447.77    -0.7732  1028.5034    34.4700 0.0000e+00
       7333 313.884879 -9.990e-29  -58.44424      1.117 -9.990e-29    193.000    191.059    -0.7668    -0.7666     0.0002    -0.7725    -0.7723     0.0002   2.795821   2.795764  -0.000053    34.3079    34.3069     7.4341    27.5834    27.5826    34.3082    27.5837    1447.79    1447.79    -0.7724  1028.5082    34.4700 0.0000e+00
       7356 313.884889  -62.14348  -58.44424      1.089    1446.81    194.000    192.048    -0.7656    -0.7650     0.0006    -0.7713    -0.7708     0.0006   2.796006   2.796001  -0.000010    34.3083    34.3075     7.4353    27.5837    27.5831    34.3087    27.5841    1447.81    1447.81    -0.7712  1028.5165    34.4744 0.0000e+00
       7378 313.884900  -62.14348  -58.44424      1.084    1446.82    195.000    193.038    -0.7646    -0.7638     0.0008    -0.7704    -0.7696     0.0008   2.796185   2.796188   0.000006    34.3092    34.3084     7.4421    27.5844    27.5838    34.3095    27.5846    1447.83    1447.83    -0.7703  1028.5229    34.4766 0.0000e+00
       7400 313.884911  -62.14350  -58.44424      1.087    1446.82    196.000    194.028    -0.7648    -0.7639     0.0009    -0.7706    -0.7698     0.0009   2.796248   2.796236  -0.000011    34.3096    34.3085     7.4395    27.5848    27.5838    34.3099    27.5850    1447.85    1447.85    -0.7705  1028.5281    34.4771 0.0000e+00
       7422 313.884921  -62.14350  -58.44424      1.094    1446.82    197.000    195.017    -0.7668    -0.7651     0.0017    -0.7726    -0.7710     0.0017   2.796104   2.796166   0.000061    34.3098    34.3087     7.4390    27.5850    27.5841    34.3096    27.5849    1447.86    1447.86    -0.7725  1028.5327    34.4768 0.0000e+00
