Pos-Processados/process_op42/Processamento_split/down/doperantar42_043.cnv
* Sea-Bird SBE 9 Data File:
* FileName = C:\Users\Hidrografia\Desktop\OPXLII\Brutos\OP42043.hdr
* Software Version Seasave V 7.26.7.107
* Temperature SN = 6502
* Conductivity SN = 4998
* Number of Bytes Per Scan = 37
* Number of Voltage Words = 4
* Number of Scans Averaged by the Deck Unit = 1
* NMEA Latitude = 62 08.44 S
* NMEA Longitude = 058 25.74 W
* NMEA UTC (Time) = Nov 09 2023 18:18:47
* NMEA baud rate = 4800
** H41
** NPOALTEMAXIMIANO
** NUMERO DA ESTACAO (XXX) 043
** LAT (XX XX.XX S/N) 62 08.430 S
** LONG (XXX XX.XX W/E) 058 26.773 W
** DATAHORA (dd/mm/aaaa hh:mm Z) 09/11/2023 1818Z
** PROFUNDIDADE (m) 400
** OPERADOR CT FABIREZA
# nquan = 30
# nvalues = 386                         
# units = specified
# name 0 = scan: Scan Count
# name 1 = timeJ: Julian Days
# name 2 = latitude: Latitude [deg]
# name 3 = longitude: Longitude [deg]
# name 4 = dz/dtM: Descent Rate [m/s]
# name 5 = avgsvCM: Average Sound Velocity [Chen-Millero, m/s]
# name 6 = prDM: Pressure, Digiquartz [db]
# name 7 = depSM: Depth [salt water, m]
# name 8 = t090C: Temperature [ITS-90, deg C]
# name 9 = t190C: Temperature, 2 [ITS-90, deg C]
# name 10 = T2-T190C: Temperature Difference, 2 - 1 [ITS-90, deg C]
# name 11 = potemp090C: Potential Temperature [ITS-90, deg C]
# name 12 = potemp190C: Potential Temperature, 2 [ITS-90, deg C]
# name 13 = potemp90Cdiff: Potential Temperature, Diff, 2 - 1 [ITS-90, deg C]
# name 14 = c0S/m: Conductivity [S/m]
# name 15 = c1S/m: Conductivity, 2 [S/m]
# name 16 = C2-C1S/m: Conductivity Difference, 2 - 1 [S/m]
# name 17 = sal00: Salinity, Practical [PSU]
# name 18 = sal11: Salinity, Practical, 2 [PSU]
# name 19 = sbeox0ML/L: Oxygen, SBE 43 [ml/l]
# name 20 = sigma-é00: Density [sigma-theta, kg/m^3]
# name 21 = sigma-é11: Density, 2 [sigma-theta, kg/m^3]
# name 22 = sal00: Salinity, Practical [PSU]
# name 23 = sigma-é00: Density [sigma-theta, kg/m^3]
# name 24 = svCM: Sound Velocity [Chen-Millero, m/s]
# name 25 = svCM1: Sound Velocity, 2 [Chen-Millero, m/s]
# name 26 = gsw_ptA0: potential temperature [ITS-90, deg C]
# name 27 = gsw_densityA0: density, TEOS-10 [density, kg/m^3]
# name 28 = gsw_saA0: Absolute Salinity [g/kg]
# name 29 = flag:
# span 0 =       2147,      14673       
# span 1 = 313.764079, 313.770120       
# span 2 =  -62.14383,  -62.14129       
# span 3 =  -58.42838,  -58.42265       
# span 4 =      0.185,      0.990       
# span 5 =      -0.01,    1448.44       
# span 6 =      3.000,    388.000       
# span 7 =      2.977,    383.885       
# span 8 =    -0.8208,    -0.5119       
# span 9 =    -0.8199,    -0.5104       
# span 10 =    -0.0033,     0.0042      
# span 11 =    -0.8265,    -0.5120      
# span 12 =    -0.8255,    -0.5105      
# span 13 =    -0.0033,     0.0042      
# span 14 =   2.791144,   2.824558      
# span 15 =   2.791170,   2.824647      
# span 16 =  -0.000335,   0.000136      
# span 17 =    34.2752,    34.3942      
# span 18 =    34.2742,    34.3930      
# span 19 =     6.7827,     7.6642      
# span 20 =    27.5458,    27.6469      
# span 21 =    27.5449,    27.6459      
# span 22 =    34.2753,    34.3941      
# span 23 =    27.5459,    27.6468      
# span 24 =    1445.85,    1451.82      
# span 25 =    1445.86,    1451.83      
# span 26 =    -0.8263,    -0.5120      
# span 27 =  1027.5647,  1029.5021      
# span 28 =    34.4386,    34.5622      
# span 29 = 0.0000e+00, 0.0000e+00      
# interval = decibars: 1                
# start_time = Nov 09 2023 18:18:47 [NMEA time, header]
# bad_flag = -9.990e-29
*END*
[from data line 97]
       5472 313.765682  -62.14210  -58.42716      0.734    1446.36    100.000     99.016    -0.5849    -0.5842     0.0007    -0.5879    -0.5872     0.0007   2.804674   2.804667  -0.000005    34.2791    34.2782     7.6344    27.5523    27.5516    34.2790    27.5523    1447.09    1447.09    -0.5879  1028.0356    34.4453 0.0000e+00
       5505 313.765699  -62.14212  -58.42716      0.709    1446.36    101.000    100.006    -0.5849    -0.5842     0.0007    -0.5879    -0.5873     0.0007   2.804717   2.804723   0.000004    34.2789    34.2783     7.6283    27.5522    27.5516    34.2789    27.5522    1447.10    1447.11    -0.5879  1028.0374    34.4416 0.0000e+00
       5535 313.765713 -9.990e-29  -58.42714      0.785    1446.36    102.000    100.996    -0.5849    -0.5842     0.0008    -0.5880    -0.5873     0.0008   2.804800   2.804773  -0.000032    34.2796    34.2783     7.6185    27.5527    27.5516    34.2795    27.5526    1447.12    1447.12    -0.5879  1028.0418    34.4411 0.0000e+00
       5566 313.765728 -9.990e-29  -58.42713      0.798    1446.36    103.000    101.986    -0.5852    -0.5843     0.0009    -0.5884    -0.5874     0.0009   2.804807   2.804810   0.000005    34.2793    34.2783     7.6290    27.5525    27.5517    34.2793    27.5525    1447.13    1447.14    -0.5883  1028.0465    34.4409 0.0000e+00
       5596 313.765742  -62.14214  -58.42712      0.789    1446.36    104.000    102.976    -0.5859    -0.5850     0.0009    -0.5890    -0.5881     0.0009   2.804805   2.804796  -0.000005    34.2794    34.2783     7.6280    27.5526    27.5517    34.2794    27.5526    1447.15    1447.15    -0.5890  1028.0531    34.4433 0.0000e+00
       5624 313.765756  -62.14214  -58.42710      0.826    1446.36    105.000    103.966    -0.5860    -0.5852     0.0008    -0.5892    -0.5884     0.0008   2.804838   2.804839  -0.000004    34.2794    34.2785     7.6282    27.5526    27.5518    34.2794    27.5526    1447.16    1447.17    -0.5891  1028.0599    34.4457 0.0000e+00
       5652 313.765769  -62.14214  -58.42710      0.857    1446.36    106.000    104.956    -0.5862    -0.5852     0.0010    -0.5894    -0.5884     0.0010   2.804890   2.804873  -0.000015    34.2797    34.2783     7.6240    27.5529    27.5517    34.2797    27.5529    1447.18    1447.18    -0.5894  1028.0649    34.4460 0.0000e+00
       5681 313.765783  -62.14215  -58.42709      0.845    1446.36    107.000    105.946    -0.5859    -0.5853     0.0006    -0.5891    -0.5885     0.0006   2.804953   2.804926  -0.000026    34.2795    34.2784     7.6185    27.5527    27.5518    34.2796    27.5527    1447.20    1447.20    -0.5891  1028.0696    34.4459 0.0000e+00
       5712 313.765798  -62.14216  -58.42708      0.790    1446.36    108.000    106.936    -0.5860    -0.5853     0.0007    -0.5893    -0.5886     0.0007   2.804973   2.804961  -0.000011    34.2793    34.2784     7.6318    27.5526    27.5517    34.2794    27.5526    1447.21    1447.21    -0.5892  1028.0742    34.4457 0.0000e+00
       5746 313.765815  -62.14216  -58.42706      0.721    1446.36    109.000    107.926    -0.5863    -0.5856     0.0007    -0.5896    -0.5889     0.0007   2.805015   2.804996  -0.000019    34.2797    34.2787     7.6250    27.5529    27.5520    34.2796    27.5528    1447.23    1447.23    -0.5895  1028.0792    34.4459 0.0000e+00
       5780 313.765831  -62.14218  -58.42705      0.701    1446.36    110.000    108.916    -0.5877    -0.5871     0.0007    -0.5911    -0.5904     0.0007   2.804939   2.804917  -0.000020    34.2796    34.2786     7.6303    27.5529    27.5520    34.2796    27.5529    1447.24    1447.24    -0.5910  1028.0841    34.4460 0.0000e+00
       5811 313.765846  -62.14218  -58.42704      0.758    1446.36    111.000    109.906    -0.5870    -0.5862     0.0008    -0.5904    -0.5896     0.0008   2.805038   2.805031  -0.000009    34.2795    34.2785     7.6357    27.5528    27.5519    34.2795    27.5527    1447.26    1447.26    -0.5903  1028.0887    34.4458 0.0000e+00
       5840 313.765860  -62.14218  -58.42702      0.815    1446.36    112.000    110.895    -0.5878    -0.5868     0.0010    -0.5912    -0.5902     0.0010   2.805040   2.805020  -0.000021    34.2798    34.2785     7.6374    27.5530    27.5519    34.2798    27.5530    1447.27    1447.27    -0.5911  1028.0938    34.4462 0.0000e+00
       5871 313.765875  -62.14220  -58.42702      0.792    1446.36    113.000    111.885    -0.5882    -0.5875     0.0008    -0.5917    -0.5909     0.0008   2.805036   2.805021  -0.000014    34.2797    34.2786     7.6346    27.5530    27.5520    34.2796    27.5529    1447.28    1447.28    -0.5916  1028.0985    34.4460 0.0000e+00
       5899 313.765888  -62.14220  -58.42701      0.816    1446.36    114.000    112.875    -0.5898    -0.5884     0.0014    -0.5933    -0.5919     0.0014   2.804969   2.804988   0.000018    34.2801    34.2788     7.6296    27.5534    27.5522    34.2799    27.5532    1447.29    1447.30    -0.5932  1028.1035    34.4463 0.0000e+00
       5928 313.765902  -62.14220  -58.42700      0.855    1446.50    115.000    113.865    -0.5910    -0.5902     0.0007    -0.5945    -0.5937     0.0007   2.804906   2.804876  -0.000034    34.2799    34.2786     7.6269    27.5533    27.5522    34.2798    27.5531    1447.30    1447.31    -0.5944  1028.1083    34.4462 0.0000e+00
       5960 313.765918  -62.14222  -58.42700      0.764    1446.66    116.000    114.855    -0.5905    -0.5897     0.0008    -0.5940    -0.5932     0.0008   2.804968   2.804967  -0.000002    34.2795    34.2785     7.6314    27.5529    27.5521    34.2794    27.5528    1447.32    1447.32    -0.5940  1028.1128    34.4459 0.0000e+00
       5993 313.765933  -62.14222  -58.42698      0.727    1446.66    117.000    115.845    -0.5913    -0.5903     0.0011    -0.5949    -0.5938     0.0011   2.804954   2.804960   0.000008    34.2797    34.2786     7.6322    27.5531    27.5522    34.2796    27.5530    1447.34    1447.34    -0.5948  1028.1177    34.4460 0.0000e+00
       6024 313.765948  -62.14222  -58.42697      0.775    1446.66    118.000    116.834    -0.5924    -0.5918     0.0006    -0.5960    -0.5954     0.0006   2.804895   2.804880  -0.000014    34.2795    34.2786     7.6366    27.5530    27.5523    34.2793    27.5528    1447.35    1447.35    -0.5959  1028.1223    34.4458 0.0000e+00
       6057 313.765965  -62.14224  -58.42696      0.729    1446.66    119.000    117.824    -0.5901    -0.5901     0.0000    -0.5937    -0.5937     0.0000   2.805143   2.805077  -0.000067    34.2792    34.2783     7.6353    27.5527    27.5519    34.2795    27.5529    1447.37    1447.37    -0.5936  1028.1271    34.4460 0.0000e+00
       6090 313.765981  -62.14224  -58.42694      0.715    1446.66    120.000    118.814    -0.5888    -0.5884     0.0004    -0.5925    -0.5920     0.0004   2.805291   2.805259  -0.000034    34.2793    34.2784     7.6378    27.5527    27.5519    34.2793    27.5527    1447.40    1447.40    -0.5924  1028.1318    34.4458 0.0000e+00
       6120 313.765995  -62.14224  -58.42693      0.775    1446.66    121.000    119.804    -0.5882    -0.5875     0.0007    -0.5919    -0.5912     0.0007   2.805393   2.805376  -0.000019    34.2793    34.2783     7.6309    27.5527    27.5518    34.2794    27.5527    1447.41    1447.42    -0.5918  1028.1366    34.4459 0.0000e+00
       6149 313.766009  -62.14226  -58.42692      0.820    1446.66    122.000    120.794    -0.5919    -0.5905     0.0014    -0.5956    -0.5942     0.0014   2.805177   2.805173  -0.000002    34.2804    34.2788     7.6330    27.5537    27.5524    34.2801    27.5534    1447.41    1447.42    -0.5955  1028.1421    34.4466 0.0000e+00
       6180 313.766024  -62.14226  -58.42691      0.808    1446.66    123.000    121.783    -0.5947    -0.5940     0.0007    -0.5985    -0.5977     0.0007   2.804946   2.804915  -0.000027    34.2799    34.2787     7.6271    27.5534    27.5524    34.2796    27.5532    1447.41    1447.42    -0.5984  1028.1466    34.4461 0.0000e+00
       6210 313.766038  -62.14226  -58.42690      0.791    1446.66    124.000    122.773    -0.5965    -0.5967    -0.0001    -0.6003    -0.6004    -0.0001   2.804823   2.804749  -0.000079    34.2797    34.2788     7.6188    27.5533    27.5526    34.2794    27.5531    1447.42    1447.42    -0.6002  1028.1513    34.4459 0.0000e+00
       6238 313.766052  -62.14227  -58.42689      0.824    1446.66    125.000    123.763    -0.5961    -0.5954     0.0007    -0.5999    -0.5992     0.0007   2.804897   2.804894   0.000002    34.2792    34.2785     7.6170    27.5529    27.5523    34.2792    27.5529    1447.44    1447.44    -0.5998  1028.1559    34.4457 0.0000e+00
       6267 313.766066  -62.14228  -58.42688      0.836    1446.66    126.000    124.753    -0.5951    -0.5946     0.0005    -0.5989    -0.5984     0.0005   2.805027   2.805005  -0.000022    34.2793    34.2784     7.6216    27.5529    27.5522    34.2792    27.5529    1447.46    1447.46    -0.5989  1028.1607    34.4458 0.0000e+00
       6299 313.766081  -62.14228  -58.42686      0.784    1446.66    127.000    125.743    -0.5962    -0.5952     0.0010    -0.6001    -0.5991     0.0010   2.804987   2.804987 9.2677e-08    34.2796    34.2784     7.6236    27.5532    27.5523    34.2794    27.5531    1447.47    1447.48    -0.6000  1028.1657    34.4460 0.0000e+00
       6329 313.766096  -62.14229  -58.42685      0.770    1446.66    128.000    126.733    -0.5978    -0.5966     0.0012    -0.6017    -0.6005     0.0012   2.804900   2.804919   0.000013    34.2797    34.2785     7.6264    27.5534    27.5524    34.2794    27.5531    1447.48    1447.49    -0.6016  1028.1705    34.4459 0.0000e+00
       6358 313.766110  -62.14230  -58.42684      0.831    1446.66    129.000    127.723    -0.5990    -0.5982     0.0008    -0.6029    -0.6021     0.0008   2.804863   2.804840  -0.000020    34.2797    34.2785     7.6212    27.5534    27.5524    34.2796    27.5534    1447.50    1447.50    -0.6028  1028.1755    34.4462 0.0000e+00
       6389 313.766125  -62.14230  -58.42684      0.794    1446.66    130.000    128.712    -0.5999    -0.5990     0.0008    -0.6038    -0.6030     0.0008   2.804823   2.804803  -0.000019    34.2797    34.2785     7.6219    27.5535    27.5525    34.2794    27.5533    1447.51    1447.51    -0.6038  1028.1802    34.4460 0.0000e+00
       6420 313.766140  -62.14231  -58.42682      0.749    1446.66    131.000    129.702    -0.6012    -0.6005     0.0007    -0.6052    -0.6045     0.0007   2.804740   2.804734  -0.000005    34.2794    34.2785     7.6217    27.5533    27.5526    34.2793    27.5532    1447.52    1447.52    -0.6051  1028.1849    34.4459 0.0000e+00
       6447 313.766153  -62.14232  -58.42681      0.837    1446.66    132.000    130.692    -0.6019    -0.6008     0.0011    -0.6060    -0.6048     0.0011   2.804715   2.804720   0.000003    34.2797    34.2785     7.6048    27.5536    27.5525    34.2791    27.5531    1447.53    1447.53    -0.6058  1028.1896    34.4457 0.0000e+00
       6472 313.766165  -62.14232  -58.42680      0.942    1446.66    133.000    131.682    -0.6157    -0.6137     0.0019    -0.6198    -0.6178     0.0019   2.803701   2.803725   0.000016    34.2818    34.2798     7.6062    27.5559    27.5542    34.2804    27.5547    1447.48    1447.49    -0.6196  1028.1961    34.4470 0.0000e+00
       6499 313.766178  -62.14232  -58.42679      0.938    1446.66    134.000    132.671    -0.6230    -0.6212     0.0018    -0.6271    -0.6253     0.0018   2.803114   2.803109  -0.000002    34.2815    34.2794     7.6169    27.5560    27.5542    34.2802    27.5549    1447.46    1447.47    -0.6270  1028.2010    34.4468 0.0000e+00
       6529 313.766192  -62.14233  -58.42678      0.821    1446.66    135.000    133.661    -0.6280    -0.6261     0.0018    -0.6321    -0.6302     0.0018   2.802677   2.802731   0.000046    34.2804    34.2790     7.6178    27.5553    27.5540    34.2792    27.5543    1447.46    1447.46    -0.6320  1028.2053    34.4459 0.0000e+00
       6558 313.766206  -62.14234  -58.42676      0.806    1446.66    136.000    134.651    -0.6352    -0.6337     0.0016    -0.6393    -0.6378     0.0016   2.802105   2.802147   0.000018    34.2805    34.2790     7.6189    27.5557    27.5544    34.2791    27.5545    1447.44    1447.44    -0.6392  1028.2103    34.4457 0.0000e+00
       6587 313.766220  -62.14234  -58.42676      0.833    1446.66    137.000    135.640    -0.6535    -0.6493     0.0042    -0.6576    -0.6534     0.0042   2.800751   2.800872   0.000136    34.2833    34.2804     7.6114    27.5587    27.5562    34.2809    27.5568    1447.37    1447.39    -0.6575  1028.2174    34.4475 0.0000e+00
       6617 313.766235  -62.14235  -58.42675      0.803    1446.66    138.000    136.630    -0.6633    -0.6616     0.0018    -0.6675    -0.6657     0.0018   2.799895   2.799913   0.000021    34.2819    34.2801     7.6027    27.5580    27.5565    34.2799    27.5564    1447.34    1447.35    -0.6673  1028.2218    34.4465 0.0000e+00
       6646 313.766248  -62.14236  -58.42674      0.828    1446.66    139.000    137.620    -0.6698    -0.6687     0.0010    -0.6739    -0.6729     0.0010   2.799471   2.799413  -0.000048    34.2824    34.2806     7.5994    27.5587    27.5572    34.2808    27.5574    1447.33    1447.33    -0.6739  1028.2277    34.4475 0.0000e+00
       6673 313.766262  -62.14236  -58.42673      0.867    1446.66    140.000    138.610    -0.6650    -0.6654    -0.0005    -0.6692    -0.6697    -0.0005   2.799868   2.799821  -0.000053    34.2809    34.2807     7.5991    27.5573    27.5571    34.2802    27.5567    1447.37    1447.36    -0.6691  1028.2317    34.4469 0.0000e+00
       6703 313.766276  -62.14236  -58.42672      0.826    1446.66    141.000    139.599    -0.6642    -0.6626     0.0015    -0.6684    -0.6669     0.0015   2.800037   2.800117   0.000083    34.2817    34.2811     7.5944    27.5579    27.5573    34.2809    27.5572    1447.39    1447.39    -0.6683  1028.2371    34.4476 0.0000e+00
       6734 313.766291  -62.14237  -58.42670      0.783    1446.66    142.000    140.589    -0.6657    -0.6642     0.0016    -0.6700    -0.6685     0.0016   2.799991   2.800047   0.000059    34.2824    34.2814     7.5869    27.5585    27.5576    34.2815    27.5577    1447.40    1447.40    -0.6699  1028.2424    34.4482 0.0000e+00
       6761 313.766304  -62.14238  -58.42669      0.834    1446.66    143.000    141.579    -0.6643    -0.6643    -0.0000    -0.6686    -0.6686    -0.0000   2.800215   2.800122  -0.000084    34.2824    34.2813     7.5871    27.5585    27.5576    34.2822    27.5583    1447.42    1447.42    -0.6685  1028.2477    34.4490 0.0000e+00
       6789 313.766318  -62.14238  -58.42668      0.867    1446.66    144.000    142.568    -0.6609    -0.6601     0.0008    -0.6652    -0.6645     0.0008   2.800540   2.800579   0.000038    34.2824    34.2821     7.5876    27.5583    27.5580    34.2821    27.5581    1447.45    1447.46    -0.6651  1028.2522    34.4489 0.0000e+00
       6819 313.766332  -62.14240  -58.42666      0.830    1446.66    145.000    143.558    -0.6574    -0.6574    -0.0000    -0.6618    -0.6618    -0.0000   2.800942   2.800905  -0.000042    34.2827    34.2822     7.5807    27.5584    27.5580    34.2830    27.5587    1447.49    1447.49    -0.6617  1028.2576    34.4497 0.0000e+00
       6847 313.766346  -62.14240  -58.42666      0.822    1446.66    146.000    144.548    -0.6539    -0.6532     0.0007    -0.6583    -0.6576     0.0007   2.801304   2.801322   0.000019    34.2833    34.2828     7.5805    27.5588    27.5583    34.2833    27.5588    1447.52    1447.52    -0.6582  1028.2625    34.4501 0.0000e+00
       6874 313.766359  -62.14240  -58.42664      0.879    1446.66    147.000    145.538    -0.6543    -0.6535     0.0008    -0.6588    -0.6580     0.0008   2.801348   2.801354  -0.000005    34.2839    34.2830     7.5774    27.5593    27.5585    34.2838    27.5591    1447.53    1447.54    -0.6586  1028.2676    34.4505 0.0000e+00
