Pos-Processados/process_op42/Processamento_split/down/doperantar42_020.cnv
* Sea-Bird SBE 9 Data File:
* FileName = C:\Users\Hidrografia\Desktop\OPXLII\Brutos\OP42020.hdr
* Software Version Seasave V 7.26.7.107
* Temperature SN = 6502
* Conductivity SN = 4998
* Number of Bytes Per Scan = 37
* Number of Voltage Words = 4
* Number of Scans Averaged by the Deck Unit = 1
* NMEA Latitude = 62 08.28 S
* NMEA Longitude = 058 26.46 W
* NMEA UTC (Time) = Nov 07 2023 17:35:19
* NMEA baud rate = 4800
** H41
** NPOALTEMAXIMIANO
** NUMERO DA ESTACAO (XXX) 020
** LAT (XX XX.XX S/N) 62 08.46 S
** LONG (XXX XX.XX W/E) 058 26.12 W
** DATAHORA (dd/mm/aaaa hh:mm Z) 07/11/2023 1734Z
** PROFUNDIDADE (m) 423
** OPERADOR CT FILIPE LOPES
# nquan = 30
# nvalues = 373                         
# units = specified
# name 0 = scan: Scan Count
# name 1 = timeJ: Julian Days
# name 2 = latitude: Latitude [deg]
# name 3 = longitude: Longitude [deg]
# name 4 = dz/dtM: Descent Rate [m/s]
# name 5 = avgsvCM: Average Sound Velocity [Chen-Millero, m/s]
# name 6 = prDM: Pressure, Digiquartz [db]
# name 7 = depSM: Depth [salt water, m]
# name 8 = t090C: Temperature [ITS-90, deg C]
# name 9 = t190C: Temperature, 2 [ITS-90, deg C]
# name 10 = T2-T190C: Temperature Difference, 2 - 1 [ITS-90, deg C]
# name 11 = potemp090C: Potential Temperature [ITS-90, deg C]
# name 12 = potemp190C: Potential Temperature, 2 [ITS-90, deg C]
# name 13 = potemp90Cdiff: Potential Temperature, Diff, 2 - 1 [ITS-90, deg C]
# name 14 = c0S/m: Conductivity [S/m]
# name 15 = c1S/m: Conductivity, 2 [S/m]
# name 16 = C2-C1S/m: Conductivity Difference, 2 - 1 [S/m]
# name 17 = sal00: Salinity, Practical [PSU]
# name 18 = sal11: Salinity, Practical, 2 [PSU]
# name 19 = sbeox0ML/L: Oxygen, SBE 43 [ml/l]
# name 20 = sigma-é00: Density [sigma-theta, kg/m^3]
# name 21 = sigma-é11: Density, 2 [sigma-theta, kg/m^3]
# name 22 = sal00: Salinity, Practical [PSU]
# name 23 = sigma-é00: Density [sigma-theta, kg/m^3]
# name 24 = svCM: Sound Velocity [Chen-Millero, m/s]
# name 25 = svCM1: Sound Velocity, 2 [Chen-Millero, m/s]
# name 26 = gsw_ptA0: potential temperature [ITS-90, deg C]
# name 27 = gsw_densityA0: density, TEOS-10 [density, kg/m^3]
# name 28 = gsw_saA0: Absolute Salinity [g/kg]
# name 29 = flag:
# span 0 =       7172,      18653       
# span 1 = 311.736317, 311.741854       
# span 2 =  -62.13967,  -62.13878       
# span 3 =  -58.44138,  -58.44100       
# span 4 =     -0.339,      1.167       
# span 5 =       0.00,    1448.46       
# span 6 =      3.000,    375.000       
# span 7 =      2.969,    371.064       
# span 8 =    -0.8189,    -0.4525       
# span 9 =    -0.8195,    -0.4542       
# span 10 =    -0.0022,     0.0126      
# span 11 =    -0.8237,    -0.4654      
# span 12 =    -0.8243,    -0.4670      
# span 13 =    -0.0022,     0.0126      
# span 14 =   2.790474,   2.839313      
# span 15 =   2.790332,   2.839083      
# span 16 =  -0.000268,   0.000941      
# span 17 =    34.2743,    34.4268      
# span 18 =    34.2778,    34.4258      
# span 19 =     6.5110,     7.7408      
# span 20 =    27.5447,    27.6663      
# span 21 =    27.5472,    27.6656      
# span 22 =    34.2761,    34.4274      
# span 23 =    27.5462,    27.6668      
# span 24 =    1445.68,    1452.37      
# span 25 =    1445.68,    1452.36      
# span 26 =    -0.8236,    -0.4651      
# span 27 =  1027.5714,  1029.4568      
# span 28 =    34.4414,    34.5957      
# span 29 = 0.0000e+00, 0.0000e+00      
# interval = decibars: 1                
# start_time = Nov 07 2023 17:35:19 [NMEA time, header]
# bad_flag = -9.990e-29
*END*
[from data line 49]
       9319 311.737353  -62.13896  -58.44106      0.851    1445.71     52.000     51.495    -0.6450    -0.6434     0.0017    -0.6466    -0.6449     0.0017   2.797797   2.797849   0.000046    34.2845    34.2832     7.6632    27.5592    27.5581    34.2841    27.5589    1446.03    1446.04    -0.6465  1027.8124    34.4497 0.0000e+00
       9343 311.737364  -62.13896  -58.44106      0.939    1445.71     53.000     52.485    -0.6487    -0.6484     0.0003    -0.6502    -0.6499     0.0003   2.797518   2.797466  -0.000041    34.2845    34.2836     7.6565    27.5593    27.5586    34.2838    27.5588    1446.03    1446.03    -0.6502  1027.8172    34.4494 0.0000e+00
       9365 311.737375  -62.13896  -58.44106      1.040    1445.71     54.000     53.475    -0.6488    -0.6482     0.0007    -0.6504    -0.6498     0.0007   2.797561   2.797544  -0.000016    34.2842    34.2832     7.6454    27.5591    27.5583    34.2840    27.5589    1446.05    1446.05    -0.6504  1027.8221    34.4496 0.0000e+00
       9386 311.737385  -62.13896  -58.44106      1.115    1445.71     55.000     54.465    -0.6496    -0.6488     0.0009    -0.6512    -0.6504     0.0009   2.797518   2.797520  -0.000004    34.2842    34.2832     7.6525    27.5591    27.5583    34.2836    27.5587    1446.06    1446.06    -0.6512  1027.8267    34.4493 0.0000e+00
       9408 311.737395  -62.13896  -58.44106      1.131    1445.71     56.000     55.455    -0.6509    -0.6503     0.0006    -0.6526    -0.6519     0.0006   2.797453   2.797446 -9.897e-07    34.2841    34.2833     7.6594    27.5591    27.5585    34.2837    27.5588    1446.07    1446.07    -0.6525  1027.8315    34.4493 0.0000e+00
       9432 311.737407  -62.13896  -58.44106      1.064    1445.71     57.000     56.446    -0.6531    -0.6521     0.0009    -0.6547    -0.6538     0.0009   2.797348   2.797347 -5.073e-07    34.2843    34.2832     7.6618    27.5594    27.5585    34.2840    27.5591    1446.08    1446.08    -0.6547  1027.8367    34.4496 0.0000e+00
       9459 311.737420  -62.13896  -58.44106      0.926    1445.71     58.000     57.435    -0.6527    -0.6522     0.0004    -0.6544    -0.6539     0.0004   2.797407   2.797375  -0.000031    34.2840    34.2831     7.6558    27.5592    27.5584    34.2837    27.5589    1446.10    1446.10    -0.6544  1027.8413    34.4494 0.0000e+00
       9485 311.737433  -62.13896  -58.44106      0.887    1445.71     59.000     58.426    -0.6524    -0.6523     0.0001    -0.6541    -0.6540     0.0001   2.797482   2.797427  -0.000051    34.2840    34.2832     7.6600    27.5591    27.5585    34.2839    27.5590    1446.11    1446.11    -0.6541  1027.8461    34.4495 0.0000e+00
       9508 311.737444  -62.13898  -58.44106      0.976    1445.71     60.000     59.416    -0.6523    -0.6513     0.0010    -0.6541    -0.6531     0.0010   2.797545   2.797559   0.000013    34.2839    34.2830     7.6665    27.5590    27.5582    34.2839    27.5591    1446.13    1446.13    -0.6540  1027.8510    34.4496 0.0000e+00
       9530 311.737454  -62.13898  -58.44106      1.073    1445.71     61.000     60.406    -0.6509    -0.6503     0.0007    -0.6527    -0.6521     0.0007   2.797676   2.797679   0.000006    34.2836    34.2830     7.6663    27.5588    27.5583    34.2835    27.5587    1446.15    1446.15    -0.6527  1027.8554    34.4492 0.0000e+00
       9552 311.737465  -62.13898  -58.44106      1.108    1445.71     62.000     61.396    -0.6518    -0.6510     0.0008    -0.6536    -0.6529     0.0008   2.797658   2.797657  -0.000007    34.2840    34.2830     7.6715    27.5591    27.5583    34.2837    27.5589    1446.16    1446.17    -0.6536  1027.8603    34.4493 0.0000e+00
       9575 311.737476  -62.13898  -58.44106      1.062    1445.71     63.000     62.386    -0.6541    -0.6534     0.0008    -0.6560    -0.6552     0.0008   2.797571   2.797526  -0.000050    34.2847    34.2832     7.6709    27.5598    27.5585    34.2845    27.5596    1446.17    1446.17    -0.6559  1027.8659    34.4502 0.0000e+00
       9602 311.737489  -62.13898  -58.44106      0.948    1445.71     64.000     63.376    -0.6537    -0.6524     0.0014    -0.6556    -0.6543     0.0014   2.797598   2.797644   0.000046    34.2839    34.2830     7.6703    27.5591    27.5583    34.2838    27.5590    1446.19    1446.19    -0.6556  1027.8701    34.4495 0.0000e+00
       9628 311.737501  -62.13898  -58.44106      0.911    1445.71     65.000     64.366    -0.6535    -0.6523     0.0012    -0.6554    -0.6542     0.0012   2.797668   2.797696   0.000026    34.2840    34.2830     7.6764    27.5592    27.5584    34.2839    27.5591    1446.21    1446.21    -0.6554  1027.8749    34.4496 0.0000e+00
       9650 311.737512  -62.13898  -58.44106      0.997    1445.71     66.000     65.356    -0.6538    -0.6531     0.0007    -0.6557    -0.6550     0.0007   2.797706   2.797698  -0.000007    34.2840    34.2831     7.6767    27.5592    27.5585    34.2841    27.5593    1446.22    1446.22    -0.6557  1027.8799    34.4498 0.0000e+00
       9671 311.737522  -62.13898  -58.44106      1.100    1445.71     67.000     66.346    -0.6524    -0.6516     0.0008    -0.6544    -0.6536     0.0008   2.797867   2.797843  -0.000015    34.2842    34.2832     7.6710    27.5593    27.5584    34.2841    27.5592    1446.24    1446.25    -0.6543  1027.8846    34.4498 0.0000e+00
       9692 311.737532  -62.13898  -58.44106      1.154    1445.71     68.000     67.336    -0.6540    -0.6522     0.0017    -0.6560    -0.6543     0.0017   2.797805   2.797860   0.000029    34.2846    34.2830     7.6765    27.5597    27.5584    34.2844    27.5595    1446.25    1446.26    -0.6559  1027.8898    34.4501 0.0000e+00
       9714 311.737543  -62.13899  -58.44106      1.112    1445.71     69.000     68.327    -0.6552    -0.6540     0.0011    -0.6572    -0.6561     0.0011   2.797729   2.797736   0.000020    34.2842    34.2832     7.6763    27.5594    27.5586    34.2841    27.5594    1446.26    1446.27    -0.6572  1027.8944    34.4499 0.0000e+00
       9740 311.737556  -62.13900  -58.44106      0.983    1445.71     70.000     69.317    -0.6553    -0.6546     0.0007    -0.6574    -0.6566     0.0007   2.797764   2.797747  -0.000015    34.2841    34.2831     7.6919    27.5594    27.5585    34.2841    27.5593    1446.28    1446.28    -0.6573  1027.8991    34.4498 0.0000e+00
       9768 311.737569  -62.13900  -58.44106      0.886    1445.71     71.000     70.307    -0.6551    -0.6542     0.0009    -0.6572    -0.6563     0.0009   2.797811   2.797824   0.000010    34.2841    34.2831     7.6974    27.5593    27.5585    34.2839    27.5592    1446.30    1446.30    -0.6572  1027.9042    34.4501 0.0000e+00
       9793 311.737581  -62.13900 -9.990e-29      0.915    1445.71     72.000     71.297    -0.6553    -0.6545     0.0008    -0.6574    -0.6567     0.0008   2.797853   2.797845  -0.000003    34.2841    34.2832     7.6906    27.5594    27.5586    34.2841    27.5594    1446.31    1446.32    -0.6574  1027.9096    34.4510 0.0000e+00
       9816 311.737592  -62.13900 -9.990e-29      1.007    1445.71     73.000     72.287    -0.6556    -0.6550     0.0006    -0.6578    -0.6572     0.0006   2.797867   2.797866  -0.000007    34.2841    34.2833     7.7008    27.5593    27.5588    34.2840    27.5593    1446.33    1446.33    -0.6577  1027.9144    34.4509 0.0000e+00
       9838 311.737603  -62.13900 -9.990e-29      1.073    1445.96     74.000     73.277    -0.6560    -0.6553     0.0008    -0.6581    -0.6574     0.0007   2.797898   2.797887  -0.000008    34.2842    34.2832     7.6914    27.5594    27.5586    34.2842    27.5595    1446.34    1446.34    -0.6581  1027.9194    34.4511 0.0000e+00
       9860 311.737613  -62.13900  -58.44108      1.076    1446.02     75.000     74.267    -0.6556    -0.6546     0.0009    -0.6578    -0.6568     0.0009   2.797958   2.797968   0.000005    34.2840    34.2830     7.6871    27.5593    27.5584    34.2840    27.5593    1446.36    1446.36    -0.6578  1027.9238    34.4508 0.0000e+00
       9884 311.737625  -62.13900  -58.44108      1.029    1446.02     76.000     75.257    -0.6562    -0.6551     0.0011    -0.6584    -0.6573     0.0011   2.797958   2.797974   0.000018    34.2840    34.2831     7.6882    27.5593    27.5585    34.2840    27.5593    1446.37    1446.38    -0.6584  1027.9279    34.4498 0.0000e+00
       9909 311.737637  -62.13900  -58.44108      0.992    1446.02     77.000     76.247    -0.6564    -0.6554     0.0010    -0.6587    -0.6577     0.0010   2.797996   2.797999  -0.000002    34.2842    34.2831     7.7096    27.5595    27.5585    34.2842    27.5595    1446.39    1446.39    -0.6586  1027.9328    34.4500 0.0000e+00
       9932 311.737648  -62.13900  -58.44108      0.998    1446.02     78.000     77.237    -0.6567    -0.6557     0.0010    -0.6590    -0.6580     0.0010   2.798007   2.798017   0.000014    34.2841    34.2831     7.7273    27.5594    27.5586    34.2840    27.5593    1446.40    1446.41    -0.6589  1027.9375    34.4498 0.0000e+00
       9956 311.737660  -62.13900  -58.44108      1.006    1446.02     79.000     78.227    -0.6569    -0.6560     0.0010    -0.6592    -0.6583     0.0010   2.798055   2.798053   0.000005    34.2842    34.2832     7.7406    27.5595    27.5586    34.2843    27.5596    1446.42    1446.42    -0.6592  1027.9425    34.4501 0.0000e+00
       9981 311.737672  -62.13901  -58.44108      0.995    1446.02     80.000     79.217    -0.6639    -0.6630     0.0009    -0.6662    -0.6653     0.0009   2.797492   2.797478 7.6515e-07    34.2854    34.2844     7.7408    27.5608    27.5599    34.2839    27.5596    1446.40    1446.40    -0.6662  1027.9473    34.4498 0.0000e+00
      10005 311.737683  -62.13902  -58.44108      0.979    1446.02     81.000     80.207    -0.6752    -0.6751     0.0001    -0.6776    -0.6775     0.0001   2.796633   2.796549  -0.000096    34.2859    34.2845     7.7399    27.5617    27.5605    34.2846    27.5606    1446.36    1446.36    -0.6775  1027.9532    34.4505 0.0000e+00
      10029 311.737695  -62.13902  -58.44108      0.992    1446.02     82.000     81.197    -0.6833    -0.6823     0.0010    -0.6857    -0.6847     0.0010   2.796022   2.796042  -0.000021    34.2863    34.2848     7.7341    27.5624    27.5611    34.2849    27.5612    1446.34    1446.35    -0.6857  1027.9586    34.4508 0.0000e+00
      10052 311.737706  -62.13902  -58.44108      1.016    1446.02     83.000     82.187    -0.6998    -0.6948     0.0051    -0.7023    -0.6972     0.0051   2.794843   2.795058   0.000206    34.2897    34.2867     7.7210    27.5658    27.5631    34.2871    27.5636    1446.29    1446.31    -0.7022  1027.9659    34.4530 0.0000e+00
      10076 311.737717  -62.13902  -58.44108      1.032    1446.02     84.000     83.177    -0.7178    -0.7139     0.0039    -0.7203    -0.7164     0.0039   2.793584   2.793712   0.000153    34.2921    34.2898     7.7115    27.5685    27.5664    34.2898    27.5666    1446.22    1446.24    -0.7202  1027.9737    34.4558 0.0000e+00
      10100 311.737729  -62.13902  -58.44108      1.020    1446.02     85.000     84.167    -0.7197    -0.7177     0.0020    -0.7222    -0.7202     0.0020   2.793478   2.793590   0.000100    34.2913    34.2904     7.7035    27.5679    27.5671    34.2900    27.5668    1446.23    1446.24    -0.7221  1027.9787    34.4560 0.0000e+00
      10124 311.737741  -62.13902  -58.44108      0.990    1446.02     86.000     85.157    -0.7158    -0.7138     0.0020    -0.7183    -0.7163     0.0020   2.793740   2.793860   0.000132    34.2898    34.2892     7.7151    27.5665    27.5660    34.2884    27.5654    1446.26    1446.27    -0.7182  1027.9821    34.4544 0.0000e+00
      10148 311.737752  -62.13902  -58.44108      0.981    1446.02     87.000     86.147    -0.7187    -0.7143     0.0044    -0.7213    -0.7168     0.0044   2.793655   2.793876   0.000221    34.2910    34.2890     7.7314    27.5676    27.5658    34.2899    27.5668    1446.27    1446.28    -0.7212  1027.9883    34.4560 0.0000e+00
      10172 311.737764  -62.13902  -58.44108      1.005    1446.02     88.000     87.137    -0.7205    -0.7190     0.0015    -0.7230    -0.7215     0.0015   2.793598   2.793625   0.000027    34.2917    34.2903     7.7205    27.5683    27.5671    34.2905    27.5674    1446.28    1446.28    -0.7230  1027.9936    34.4566 0.0000e+00
      10195 311.737775  -62.13902  -58.44108      1.029    1446.02     89.000     88.127    -0.7191    -0.7191     0.0000    -0.7217    -0.7217     0.0000   2.793763   2.793706  -0.000046    34.2912    34.2905     7.6650    27.5678    27.5673    34.2906    27.5674    1446.30    1446.30    -0.7216  1027.9984    34.4567 0.0000e+00
      10218 311.737786  -62.13903  -58.44108      1.037    1446.02     90.000     89.117    -0.7225    -0.7223     0.0001    -0.7251    -0.7250     0.0001   2.793593   2.793537  -0.000064    34.2927    34.2917     7.6088    27.5692    27.5683    34.2915    27.5682    1446.30    1446.30    -0.7250  1028.0041    34.4576 0.0000e+00
      10242 311.737798  -62.13904  -58.44108      1.019    1446.02     91.000     90.107    -0.7264    -0.7256     0.0008    -0.7290    -0.7282     0.0008   2.793363   2.793369   0.000015    34.2931    34.2923     7.5690    27.5696    27.5690    34.2922    27.5689    1446.30    1446.30    -0.7290  1028.0096    34.4583 0.0000e+00
      10266 311.737809  -62.13904  -58.44108      0.994    1446.02     92.000     91.097    -0.7250    -0.7241     0.0010    -0.7277    -0.7267     0.0010   2.793505   2.793517   0.000006    34.2928    34.2917     7.5612    27.5693    27.5685    34.2920    27.5687    1446.32    1446.32    -0.7276  1028.0142    34.4581 0.0000e+00
      10291 311.737821  -62.13904  -58.44108      0.986    1446.02     93.000     92.087    -0.7236    -0.7238    -0.0002    -0.7264    -0.7265    -0.0002   2.793796   2.793763  -0.000033    34.2937    34.2934     7.5529    27.5700    27.5698    34.2937    27.5701    1446.35    1446.35    -0.7263  1028.0203    34.4599 0.0000e+00
      10315 311.737833  -62.13904  -58.44108      0.988    1446.02     94.000     93.077    -0.7241    -0.7253    -0.0012    -0.7268    -0.7280    -0.0012   2.793798   2.793634  -0.000116    34.2945    34.2943     7.5549    27.5707    27.5706    34.2937    27.5700    1446.36    1446.35    -0.7268  1028.0251    34.4598 0.0000e+00
      10338 311.737844  -62.13904  -58.44108      1.012    1446.02     95.000     94.067    -0.7141    -0.7154    -0.0012    -0.7169    -0.7181    -0.0012   2.794894   2.794821  -0.000110    34.2947    34.2946     7.5405    27.5705    27.5705    34.2965    27.5719    1446.43    1446.42    -0.7168  1028.0317    34.4627 0.0000e+00
      10361 311.737855  -62.13904  -58.44108      1.035    1446.02     96.000     95.057    -0.7080    -0.7073     0.0007    -0.7109    -0.7101     0.0007   2.795534   2.795543   0.000014    34.2975    34.2969     7.5359    27.5725    27.5720    34.2976    27.5726    1446.47    1446.47    -0.7107  1028.0372    34.4639 0.0000e+00
      10384 311.737866  -62.13904  -58.44108      1.048    1446.02     97.000     96.047    -0.7096    -0.7083     0.0013    -0.7124    -0.7112     0.0013   2.795478   2.795531   0.000053    34.2980    34.2972     7.5317    27.5730    27.5723    34.2981    27.5730    1446.48    1446.49    -0.7124  1028.0424    34.4643 0.0000e+00
      10408 311.737878  -62.13904  -58.44108      1.033    1446.02     98.000     97.037    -0.7074    -0.7075    -0.0001    -0.7102    -0.7103    -0.0001   2.795762   2.795676  -0.000090    34.2983    34.2972     7.5241    27.5731    27.5722    34.2987    27.5734    1446.51    1446.51    -0.7102  1028.0476    34.4650 0.0000e+00
