Pos-Processados/process_op42/Processamento_split/down/doperantar42_049.cnv
* Sea-Bird SBE 9 Data File:
* FileName = C:\Users\Hidrografia\Desktop\OPXLII\Brutos\OP42049.hdr
* Software Version Seasave V 7.26.7.107
* Temperature SN = 6502
* Conductivity SN = 4998
* Number of Bytes Per Scan = 37
* Number of Voltage Words = 4
* Number of Scans Averaged by the Deck Unit = 1
* NMEA Latitude = 62 08.21 S
* NMEA Longitude = 058 26.69 W
* NMEA UTC (Time) = Nov 10 2023 00:06:10
* NMEA baud rate = 4800
** H41
** NPOALTEMAXIMIANO
** NUMERO DA ESTACAO (XXX) 049
** LAT (XX XX.XX S/N) 62 08. S
** LONG (XXX XX.XX W/E) 058 26. W
** DATAHORA (dd/mm/aaaa hh:mm Z) 10/11/2023 0005Z
** PROFUNDIDADE (m) 424
** OPERADOR CT FILIPE LOPES
# nquan = 30
# nvalues = 384                         
# units = specified
# name 0 = scan: Scan Count
# name 1 = timeJ: Julian Days
# name 2 = latitude: Latitude [deg]
# name 3 = longitude: Longitude [deg]
# name 4 = dz/dtM: Descent Rate [m/s]
# name 5 = avgsvCM: Average Sound Velocity [Chen-Millero, m/s]
# name 6 = prDM: Pressure, Digiquartz [db]
# name 7 = depSM: Depth [salt water, m]
# name 8 = t090C: Temperature [ITS-90, deg C]
# name 9 = t190C: Temperature, 2 [ITS-90, deg C]
# name 10 = T2-T190C: Temperature Difference, 2 - 1 [ITS-90, deg C]
# name 11 = potemp090C: Potential Temperature [ITS-90, deg C]
# name 12 = potemp190C: Potential Temperature, 2 [ITS-90, deg C]
# name 13 = potemp90Cdiff: Potential Temperature, Diff, 2 - 1 [ITS-90, deg C]
# name 14 = c0S/m: Conductivity [S/m]
# name 15 = c1S/m: Conductivity, 2 [S/m]
# name 16 = C2-C1S/m: Conductivity Difference, 2 - 1 [S/m]
# name 17 = sal00: Salinity, Practical [PSU]
# name 18 = sal11: Salinity, Practical, 2 [PSU]
# name 19 = sbeox0ML/L: Oxygen, SBE 43 [ml/l]
# name 20 = sigma-é00: Density [sigma-theta, kg/m^3]
# name 21 = sigma-é11: Density, 2 [sigma-theta, kg/m^3]
# name 22 = sal00: Salinity, Practical [PSU]
# name 23 = sigma-é00: Density [sigma-theta, kg/m^3]
# name 24 = svCM: Sound Velocity [Chen-Millero, m/s]
# name 25 = svCM1: Sound Velocity, 2 [Chen-Millero, m/s]
# name 26 = gsw_ptA0: potential temperature [ITS-90, deg C]
# name 27 = gsw_densityA0: density, TEOS-10 [density, kg/m^3]
# name 28 = gsw_saA0: Absolute Salinity [g/kg]
# name 29 = flag:
# span 0 =       3543,      18694       
# span 1 = 314.005990, 314.013297       
# span 2 =  -62.14161,  -62.13781       
# span 3 =  -58.44474,  -58.44452       
# span 4 =     -0.056,      0.943       
# span 5 =       0.00,    1448.33       
# span 6 =      3.000,    386.000       
# span 7 =      2.962,    381.938       
# span 8 =    -0.7925,    -0.5109       
# span 9 =    -0.7919,    -0.5099       
# span 10 =    -0.0023,     0.0044      
# span 11 =    -0.7989,    -0.5225      
# span 12 =    -0.7983,    -0.5215      
# span 13 =    -0.0022,     0.0044      
# span 14 =   2.794505,   2.831761      
# span 15 =   2.794492,   2.831742      
# span 16 =  -0.000273,   0.000296      
# span 17 =    34.2693,    34.3916      
# span 18 =    34.2685,    34.3906      
# span 19 =     6.7620,     7.7805      
# span 20 =    27.5433,    27.6408      
# span 21 =    27.5426,    27.6399      
# span 22 =    34.2697,    34.3916      
# span 23 =    27.5436,    27.6408      
# span 24 =    1445.61,    1452.22      
# span 25 =    1445.62,    1452.22      
# span 26 =    -0.7987,    -0.5223      
# span 27 =  1027.5625,  1029.4855      
# span 28 =    34.4350,    34.5598      
# span 29 = 0.0000e+00, 0.0000e+00      
# interval = decibars: 1                
# start_time = Nov 10 2023 00:06:10 [NMEA time, header]
# bad_flag = -9.990e-29
*END*
[from data line 49]
       6205 314.007274  -62.13854  -58.44462      0.833    1445.87     52.000     51.495    -0.5706    -0.5699     0.0007    -0.5722    -0.5715     0.0007   2.803573   2.803628   0.000062    34.2775    34.2776     7.7204    27.5504    27.5504    34.2776    27.5505    1446.37    1446.38    -0.5721  1027.8039    34.4432 0.0000e+00
       6233 314.007288  -62.13854  -58.44462      0.845    1445.87     53.000     52.485    -0.5705    -0.5699     0.0007    -0.5721    -0.5714     0.0007   2.803748   2.803696  -0.000046    34.2790    34.2777     7.7271    27.5515    27.5504    34.2793    27.5518    1446.39    1446.39    -0.5720  1027.8099    34.4448 0.0000e+00
       6260 314.007301  -62.13854  -58.44462      0.871    1445.87     54.000     53.475    -0.5691    -0.5685     0.0005    -0.5707    -0.5702     0.0005   2.803892   2.803837  -0.000063    34.2789    34.2775     7.7354    27.5514    27.5502    34.2790    27.5515    1446.42    1446.41    -0.5707  1027.8145    34.4446 0.0000e+00
       6286 314.007313  -62.13855  -58.44462      0.911    1445.87     55.000     54.465    -0.5714    -0.5705     0.0009    -0.5731    -0.5722     0.0009   2.803809   2.803721  -0.000077    34.2799    34.2778     7.7409    27.5523    27.5506    34.2799    27.5523    1446.42    1446.42    -0.5730  1027.8201    34.4455 0.0000e+00
       6311 314.007325  -62.13856  -58.44462      0.943    1445.87     56.000     55.455    -0.5723    -0.5720     0.0003    -0.5740    -0.5737     0.0003   2.803756   2.803654  -0.000109    34.2799    34.2781     7.7409    27.5523    27.5509    34.2795    27.5520    1446.43    1446.43    -0.5739  1027.8246    34.4451 0.0000e+00
       6337 314.007338  -62.13856  -58.44462      0.943    1445.87     57.000     56.446    -0.5744    -0.5743     0.0001    -0.5761    -0.5760     0.0001   2.803633   2.803539  -0.000096    34.2797    34.2783     7.7407    27.5523    27.5511    34.2797    27.5523    1446.44    1446.44    -0.5761  1027.8296    34.4453 0.0000e+00
       6364 314.007351  -62.13858  -58.44462      0.901    1445.87     58.000     57.435    -0.5723    -0.5709     0.0013    -0.5740    -0.5727     0.0013   2.803770   2.803873   0.000095    34.2783    34.2781     7.7420    27.5510    27.5508    34.2785    27.5512    1446.46    1446.47    -0.5740  1027.8333    34.4441 0.0000e+00
       6394 314.007366  -62.13858  -58.44462      0.824    1445.87     59.000     58.425    -0.5725    -0.5712     0.0014    -0.5743    -0.5729     0.0014   2.803808   2.803873   0.000070    34.2787    34.2781     7.7353    27.5514    27.5509    34.2787    27.5514    1446.48    1446.49    -0.5742  1027.8383    34.4443 0.0000e+00
       6427 314.007381  -62.13858  -58.44462      0.740    1445.87     60.000     59.416    -0.5722    -0.5716     0.0006    -0.5740    -0.5734     0.0006   2.803867   2.803883   0.000011    34.2786    34.2780     7.7386    27.5513    27.5508    34.2785    27.5512    1446.50    1446.50    -0.5740  1027.8429    34.4441 0.0000e+00
       6456 314.007396  -62.13859  -58.44462      0.786    1445.87     61.000     60.406    -0.5729    -0.5711     0.0018    -0.5747    -0.5730     0.0018   2.803926   2.803980   0.000057    34.2792    34.2780     7.7487    27.5518    27.5508    34.2794    27.5520    1446.51    1446.52    -0.5747  1027.8485    34.4450 0.0000e+00
       6485 314.007409  -62.13860  -58.44462      0.839    1445.87     62.000     61.396    -0.5715    -0.5706     0.0009    -0.5734    -0.5725     0.0009   2.804045   2.804059   0.000011    34.2788    34.2780     7.7633    27.5514    27.5507    34.2789    27.5515    1446.53    1446.54    -0.5733  1027.8528    34.4445 0.0000e+00
       6514 314.007423  -62.13860  -58.44462      0.828    1445.87     63.000     62.386    -0.5717    -0.5710     0.0006    -0.5736    -0.5729     0.0006   2.804064   2.804086   0.000022    34.2786    34.2782     7.7763    27.5513    27.5510    34.2787    27.5513    1446.55    1446.55    -0.5735  1027.8574    34.4443 0.0000e+00
       6545 314.007438  -62.13862  -58.44462      0.794    1445.87     64.000     63.376    -0.5803    -0.5781     0.0022    -0.5823    -0.5800     0.0022   2.803418   2.803481   0.000070    34.2804    34.2788     7.7805    27.5531    27.5517    34.2792    27.5521    1446.53    1446.53    -0.5822  1027.8630    34.4449 0.0000e+00
       6575 314.007453  -62.13862  -58.44462      0.781    1445.87     65.000     64.366    -0.5867    -0.5865     0.0003    -0.5887    -0.5884     0.0003   2.802915   2.802875  -0.000051    34.2791    34.2781     7.7658    27.5523    27.5515    34.2790    27.5523    1446.51    1446.51    -0.5886  1027.8680    34.4447 0.0000e+00
       6604 314.007467  -62.13864  -58.44462      0.815    1446.04     66.000     65.356    -0.5840    -0.5836     0.0004    -0.5860    -0.5855     0.0004   2.803198   2.803131  -0.000065    34.2794    34.2781     7.7661    27.5525    27.5514    34.2791    27.5522    1446.54    1446.54    -0.5859  1027.8727    34.4448 0.0000e+00
       6631 314.007480  -62.13864  -58.44462      0.866    1446.20     67.000     66.346    -0.5786    -0.5776     0.0010    -0.5806    -0.5796     0.0010   2.803631   2.803706   0.000084    34.2776    34.2776     7.7601    27.5508    27.5508    34.2782    27.5513    1446.58    1446.58    -0.5806  1027.8765    34.4439 0.0000e+00
       6658 314.007493  -62.13864  -58.44462      0.899    1446.20     68.000     67.336    -0.5763    -0.5753     0.0010    -0.5784    -0.5773     0.0010   2.803846   2.803937   0.000082    34.2782    34.2781     7.7371    27.5512    27.5511    34.2779    27.5509    1446.61    1446.61    -0.5783  1027.8809    34.4436 0.0000e+00
       6685 314.007506  -62.13865  -58.44462      0.890    1446.20     69.000     68.327    -0.5780    -0.5754     0.0025    -0.5800    -0.5775     0.0025   2.803919   2.804000   0.000088    34.2798    34.2781     7.7084    27.5525    27.5511    34.2801    27.5528    1446.62    1446.63    -0.5800  1027.8876    34.4459 0.0000e+00
       6713 314.007519  -62.13866  -58.44462      0.864    1446.20     70.000     69.317    -0.5828    -0.5810     0.0018    -0.5849    -0.5831     0.0018   2.803523   2.803540 8.5939e-07    34.2806    34.2786     7.6836    27.5534    27.5517    34.2796    27.5526    1446.61    1446.62    -0.5849  1027.8922    34.4454 0.0000e+00
       6740 314.007533  -62.13866  -58.44462      0.867    1446.20     71.000     70.307    -0.5799    -0.5805    -0.0006    -0.5820    -0.5826    -0.0006   2.803804   2.803675  -0.000141    34.2793    34.2780     7.6704    27.5522    27.5512    34.2796    27.5524    1446.64    1446.64    -0.5820  1027.8968    34.4453 0.0000e+00
       6767 314.007545  -62.13867  -58.44462      0.892    1446.20     72.000     71.297    -0.5808    -0.5768     0.0040    -0.5830    -0.5789     0.0040   2.803770   2.804004   0.000228    34.2796    34.2782     7.6542    27.5525    27.5512    34.2795    27.5524    1446.65    1446.67    -0.5829  1027.9016    34.4452 0.0000e+00
       6793 314.007558  -62.13868  -58.44462      0.925    1446.20     73.000     72.287    -0.5899    -0.5870     0.0029    -0.5921    -0.5892     0.0029   2.803041   2.803171   0.000149    34.2803    34.2790     7.6596    27.5535    27.5523    34.2794    27.5527    1446.63    1446.64    -0.5921  1027.9067    34.4452 0.0000e+00
       6819 314.007571  -62.13868  -58.44462      0.917    1446.20     74.000     73.277    -0.5956    -0.5918     0.0038    -0.5978    -0.5940     0.0038   2.802567   2.802755   0.000203    34.2800    34.2784     7.6534    27.5535    27.5520    34.2788    27.5525    1446.62    1446.63    -0.5978  1027.9113    34.4446 0.0000e+00
       6848 314.007584  -62.13868  -58.44462      0.860    1446.20     75.000     74.267    -0.6006    -0.6006     0.0001    -0.6029    -0.6028     0.0001   2.802226   2.802138  -0.000113    34.2798    34.2782     7.6493    27.5535    27.5522    34.2793    27.5531    1446.61    1446.61    -0.6028  1027.9167    34.4450 0.0000e+00
       6876 314.007598  -62.13870  -58.44462      0.844    1446.20     76.000     75.257    -0.6017    -0.6004     0.0013    -0.6039    -0.6027     0.0013   2.802113   2.802124   0.000026    34.2789    34.2778     7.6526    27.5529    27.5519    34.2783    27.5523    1446.62    1446.62    -0.6039  1027.9207    34.4441 0.0000e+00
       6903 314.007611  -62.13870  -58.44462      0.866    1446.20     77.000     76.247    -0.6062    -0.6070    -0.0008    -0.6085    -0.6093    -0.0008   2.801763   2.801667  -0.000125    34.2789    34.2781     7.6511    27.5531    27.5524    34.2781    27.5524    1446.61    1446.61    -0.6085  1027.9256    34.4439 0.0000e+00
       6931 314.007625  -62.13871  -58.44462      0.870    1446.20     78.000     77.237    -0.5952    -0.5920     0.0032    -0.5976    -0.5943     0.0032   2.802701   2.802976   0.000296    34.2770    34.2773     7.6494    27.5510    27.5511    34.2777    27.5516    1446.68    1446.69    -0.5975  1027.9296    34.4435 0.0000e+00
       6961 314.007639  -62.13872  -58.44462      0.830    1446.20     79.000     78.227    -0.5949    -0.5957    -0.0008    -0.5972    -0.5981    -0.0008   2.802818   2.802686  -0.000111    34.2785    34.2780     7.6538    27.5522    27.5519    34.2782    27.5520    1446.70    1446.69    -0.5972  1027.9348    34.4441 0.0000e+00
       6992 314.007654  -62.13872  -58.44462      0.786    1446.20     80.000     79.217    -0.5931    -0.5927     0.0004    -0.5955    -0.5951     0.0004   2.803024   2.803013  -0.000019    34.2781    34.2774     7.6502    27.5518    27.5512    34.2784    27.5520    1446.72    1446.73    -0.5954  1027.9384    34.4427 0.0000e+00
       7023 314.007669 -9.990e-29  -58.44462      0.774    1446.20     81.000     80.207    -0.5910    -0.5909     0.0001    -0.5934    -0.5933     0.0001   2.803272   2.803218  -0.000047    34.2784    34.2776     7.6509    27.5520    27.5514    34.2788    27.5523    1446.75    1446.75    -0.5934  1027.9412    34.4404 0.0000e+00
       7053 314.007683 -9.990e-29  -58.44462      0.792    1446.20     82.000     81.197    -0.5906    -0.5901     0.0006    -0.5931    -0.5926     0.0006   2.803326   2.803304  -0.000024    34.2786    34.2777     7.6516    27.5522    27.5513    34.2785    27.5520    1446.77    1446.77    -0.5930  1027.9457    34.4401 0.0000e+00
       7083 314.007698  -62.13874  -58.44462      0.787    1446.20     83.000     82.187    -0.6033    -0.6009     0.0024    -0.6058    -0.6034     0.0024   2.802238   2.802352   0.000124    34.2799    34.2788     7.6545    27.5537    27.5527    34.2775    27.5518    1446.72    1446.73    -0.6057  1027.9506    34.4395 0.0000e+00
       7116 314.007713  -62.13876  -58.44462      0.748    1446.20     84.000     83.177    -0.6319    -0.6309     0.0011    -0.6345    -0.6334     0.0011   2.799969   2.799958  -0.000024    34.2803    34.2788     7.6563    27.5553    27.5541    34.2787    27.5540    1446.61    1446.61    -0.6344  1027.9609    34.4447 0.0000e+00
       7146 314.007728  -62.13876  -58.44462      0.770    1446.20     85.000     84.167    -0.6339    -0.6324     0.0015    -0.6364    -0.6349     0.0015   2.799815   2.799858   0.000050    34.2793    34.2783     7.6428    27.5546    27.5537    34.2782    27.5537    1446.61    1446.62    -0.6364  1027.9653    34.4442 0.0000e+00
       7175 314.007742  -62.13877  -58.44462      0.821    1446.20     86.000     85.157    -0.6347    -0.6338     0.0010    -0.6373    -0.6363     0.0010   2.799779   2.799787   0.000006    34.2791    34.2781     7.6390    27.5544    27.5536    34.2780    27.5536    1446.63    1446.63    -0.6372  1027.9700    34.4440 0.0000e+00
       7205 314.007757  -62.13878  -58.44462      0.818    1446.20     87.000     86.147    -0.6358    -0.6348     0.0010    -0.6384    -0.6374     0.0010   2.799731   2.799747   0.000018    34.2789    34.2780     7.6357    27.5543    27.5535    34.2780    27.5536    1446.64    1446.64    -0.6383  1027.9749    34.4440 0.0000e+00
       7238 314.007773  -62.13879  -58.44462      0.742    1446.20     88.000     87.137    -0.6363    -0.6352     0.0010    -0.6389    -0.6379     0.0010   2.799734   2.799747   0.000009    34.2787    34.2777     7.6233    27.5542    27.5533    34.2779    27.5536    1446.65    1446.66    -0.6388  1027.9796    34.4440 0.0000e+00
       7275 314.007790  -62.13880  -58.44462      0.661    1446.20     89.000     88.127    -0.6369    -0.6360     0.0009    -0.6395    -0.6387     0.0009   2.799737   2.799749   0.000014    34.2786    34.2778     7.6249    27.5542    27.5535    34.2781    27.5538    1446.66    1446.67    -0.6395  1027.9846    34.4441 0.0000e+00
       7308 314.007806  -62.13880  -58.44462      0.695    1446.20     90.000     89.117    -0.6373    -0.6365     0.0008    -0.6400    -0.6391     0.0008   2.799773   2.799773 6.3032e-07    34.2789    34.2779     7.6256    27.5544    27.5536    34.2784    27.5540    1446.68    1446.68    -0.6399  1027.9896    34.4444 0.0000e+00
       7339 314.007821  -62.13881  -58.44462      0.777    1446.20     91.000     90.107    -0.6379    -0.6372     0.0008    -0.6407    -0.6399     0.0008   2.799778   2.799779   0.000004    34.2790    34.2782     7.6252    27.5545    27.5538    34.2786    27.5542    1446.69    1446.70    -0.6406  1027.9946    34.4447 0.0000e+00
       7369 314.007836  -62.13882  -58.44462      0.792    1446.20     92.000     91.097    -0.6384    -0.6376     0.0008    -0.6412    -0.6404     0.0008   2.799801   2.799789  -0.000010    34.2791    34.2781     7.6201    27.5546    27.5537    34.2788    27.5544    1446.71    1446.71    -0.6411  1027.9996    34.4449 0.0000e+00
       7409 314.007855  -62.13883  -58.44462      0.622    1446.20     93.000     92.087    -0.6382    -0.6374     0.0008    -0.6410    -0.6402     0.0008   2.799846   2.799847   0.000001    34.2789    34.2780     7.6205    27.5544    27.5537    34.2786    27.5542    1446.72    1446.73    -0.6409  1028.0042    34.4447 0.0000e+00
       7451 314.007875  -62.13884  -58.44462      0.570    1446.20     94.000     93.077    -0.6382    -0.6374     0.0008    -0.6410    -0.6402     0.0008   2.799902   2.799896  -0.000008    34.2790    34.2779     7.6151    27.5545    27.5536    34.2788    27.5543    1446.74    1446.74    -0.6409  1028.0091    34.4449 0.0000e+00
       7484 314.007891  -62.13884  -58.44462      0.695    1446.20     95.000     94.067    -0.6391    -0.6380     0.0010    -0.6419    -0.6409     0.0010   2.799892   2.799903   0.000007    34.2793    34.2782     7.6208    27.5548    27.5539    34.2789    27.5545    1446.75    1446.76    -0.6419  1028.0141    34.4451 0.0000e+00
       7513 314.007905  -62.13885  -58.44462      0.798    1446.20     96.000     95.057    -0.6431    -0.6419     0.0013    -0.6460    -0.6447     0.0013   2.799718   2.799718 -1.116e-07    34.2810    34.2796     7.6187    27.5564    27.5551    34.2806    27.5560    1446.75    1446.76    -0.6459  1028.0204    34.4467 0.0000e+00
       7544 314.007920  -62.13886  -58.44462      0.802    1446.20     97.000     96.047    -0.6472    -0.6453     0.0019    -0.6501    -0.6482     0.0019   2.799496   2.799540   0.000033    34.2823    34.2806     7.6172    27.5576    27.5561    34.2816    27.5570    1446.75    1446.76    -0.6500  1028.0262    34.4478 0.0000e+00
       7577 314.007936  -62.13887  -58.44462      0.733    1446.20     98.000     97.037    -0.6527    -0.6517     0.0010    -0.6556    -0.6546     0.0010   2.799191   2.799190   0.000008    34.2836    34.2826     7.6182    27.5589    27.5580    34.2831    27.5584    1446.75    1446.75    -0.6555  1028.0325    34.4493 0.0000e+00
