Pos-Processados/process_op42/Processamento_split/down/doperantar42_046.cnv
* Sea-Bird SBE 9 Data File:
* FileName = C:\Users\Hidrografia\Desktop\OPXLII\Brutos\OP42046.hdr
* Software Version Seasave V 7.26.7.107
* Temperature SN = 6502
* Conductivity SN = 4998
* Number of Bytes Per Scan = 37
* Number of Voltage Words = 4
* Number of Scans Averaged by the Deck Unit = 1
* NMEA Latitude = 62 08.52 S
* NMEA Longitude = 058 26.59 W
* NMEA UTC (Time) = Nov 09 2023 21:09:08
* NMEA baud rate = 4800
** H41
** NPOALTEMAXIMIANO
** NUMERO DA ESTACAO (XXX) 046
** LAT (XX XX.XX S/N) 62 08. S
** LONG (XXX XX.XX W/E) 058 26. W
** DATAHORA (dd/mm/aaaa hh:mm Z) 09/11/2023 2105Z
** PROFUNDIDADE (m)
** OPERADOR 1T ZAMITH
# nquan = 30
# nvalues = 358                         
# units = specified
# name 0 = scan: Scan Count
# name 1 = timeJ: Julian Days
# name 2 = latitude: Latitude [deg]
# name 3 = longitude: Longitude [deg]
# name 4 = dz/dtM: Descent Rate [m/s]
# name 5 = avgsvCM: Average Sound Velocity [Chen-Millero, m/s]
# name 6 = prDM: Pressure, Digiquartz [db]
# name 7 = depSM: Depth [salt water, m]
# name 8 = t090C: Temperature [ITS-90, deg C]
# name 9 = t190C: Temperature, 2 [ITS-90, deg C]
# name 10 = T2-T190C: Temperature Difference, 2 - 1 [ITS-90, deg C]
# name 11 = potemp090C: Potential Temperature [ITS-90, deg C]
# name 12 = potemp190C: Potential Temperature, 2 [ITS-90, deg C]
# name 13 = potemp90Cdiff: Potential Temperature, Diff, 2 - 1 [ITS-90, deg C]
# name 14 = c0S/m: Conductivity [S/m]
# name 15 = c1S/m: Conductivity, 2 [S/m]
# name 16 = C2-C1S/m: Conductivity Difference, 2 - 1 [S/m]
# name 17 = sal00: Salinity, Practical [PSU]
# name 18 = sal11: Salinity, Practical, 2 [PSU]
# name 19 = sbeox0ML/L: Oxygen, SBE 43 [ml/l]
# name 20 = sigma-é00: Density [sigma-theta, kg/m^3]
# name 21 = sigma-é11: Density, 2 [sigma-theta, kg/m^3]
# name 22 = sal00: Salinity, Practical [PSU]
# name 23 = sigma-é00: Density [sigma-theta, kg/m^3]
# name 24 = svCM: Sound Velocity [Chen-Millero, m/s]
# name 25 = svCM1: Sound Velocity, 2 [Chen-Millero, m/s]
# name 26 = gsw_ptA0: potential temperature [ITS-90, deg C]
# name 27 = gsw_densityA0: density, TEOS-10 [density, kg/m^3]
# name 28 = gsw_saA0: Absolute Salinity [g/kg]
# name 29 = flag:
# span 0 =       2310,      13699       
# span 1 = 313.882456, 313.887948       
# span 2 =  -62.14466,  -62.14246       
# span 3 =  -58.44468,  -58.44356       
# span 4 =     -0.175,      1.135       
# span 5 =       0.00,    1448.02       
# span 6 =      5.000,    362.000       
# span 7 =      4.963,    358.186       
# span 8 =    -0.7940,    -0.4771       
# span 9 =    -0.7947,    -0.4924       
# span 10 =    -0.0153,     0.0036      
# span 11 =    -0.8013,    -0.4894      
# span 12 =    -0.8020,    -0.5046      
# span 13 =    -0.0152,     0.0036      
# span 14 =   2.792599,   2.834178      
# span 15 =   2.792603,   2.832699      
# span 16 =  -0.001454,   0.000156      
# span 17 =    34.2793,    34.3931      
# span 18 =    34.2790,    34.3908      
# span 19 =     6.7293,     7.6139      
# span 20 =    27.5511,    27.6402      
# span 21 =    27.5507,    27.6390      
# span 22 =    34.2766,    34.3936      
# span 23 =    27.5509,    27.6406      
# span 24 =    1445.68,    1452.01      
# span 25 =    1445.70,    1451.94      
# span 26 =    -0.8010,    -0.4892      
# span 27 =  1027.5793,  1029.3739      
# span 28 =    34.4429,    34.5655      
# span 29 = 0.0000e+00, 0.0000e+00      
# interval = decibars: 1                
# start_time = Nov 09 2023 21:09:08 [NMEA time, header]
# bad_flag = -9.990e-29
*END*
[from data line 242]
       8552 313.885466  -62.14368  -58.44438      1.053    1446.82    247.000    244.484    -0.7786    -0.7779     0.0007    -0.7861    -0.7854     0.0007   2.797909   2.797914   0.000006    34.3168    34.3161     7.3976    27.5912    27.5906    34.3167    27.5911    1448.62    1448.63    -0.7859  1028.7777    34.4841 0.0000e+00
       8575 313.885477  -62.14368  -58.44438      1.066    1446.82    248.000    245.473    -0.7794    -0.7785     0.0009    -0.7869    -0.7860     0.0009   2.797892   2.797902   0.000013    34.3168    34.3160     7.3933    27.5913    27.5906    34.3167    27.5912    1448.64    1448.64    -0.7867  1028.7825    34.4841 0.0000e+00
       8597 313.885488  -62.14368  -58.44438      1.066    1446.82    249.000    246.462    -0.7799    -0.7794     0.0005    -0.7874    -0.7869     0.0005   2.797890   2.797855  -0.000028    34.3168    34.3158     7.3890    27.5913    27.5905    34.3167    27.5912    1448.65    1448.65    -0.7872  1028.7873    34.4841 0.0000e+00
       8619 313.885499  -62.14368  -58.44438      1.070    1446.82    250.000    247.452    -0.7808    -0.7796     0.0012    -0.7883    -0.7871     0.0012   2.797892   2.797908   0.000010    34.3172    34.3160     7.3788    27.5916    27.5906    34.3170    27.5915    1448.66    1448.67    -0.7881  1028.7924    34.4845 0.0000e+00
       8642 313.885510  -62.14368  -58.44438      1.071    1446.82    251.000    248.441    -0.7801    -0.7798     0.0004    -0.7877    -0.7873     0.0004   2.798013   2.797952  -0.000054    34.3173    34.3161     7.3788    27.5917    27.5907    34.3173    27.5917    1448.68    1448.68    -0.7875  1028.7974    34.4848 0.0000e+00
       8665 313.885521  -62.14370  -58.44438      1.064    1446.82    252.000    249.430    -0.7809    -0.7800     0.0009    -0.7885    -0.7876     0.0009   2.797971   2.797980   0.000008    34.3173    34.3163     7.3830    27.5917    27.5909    34.3170    27.5915    1448.70    1448.70    -0.7883  1028.8020    34.4845 0.0000e+00
       8688 313.885532  -62.14370  -58.44438      1.044    1446.82    253.000    250.419    -0.7810    -0.7807     0.0003    -0.7887    -0.7884     0.0003   2.798049   2.797992  -0.000033    34.3173    34.3166     7.3855    27.5918    27.5911    34.3176    27.5920    1448.71    1448.71    -0.7885  1028.8072    34.4851 0.0000e+00
       8711 313.885543  -62.14370  -58.44438      1.039    1447.11    254.000    251.408    -0.7746    -0.7746    -0.0001    -0.7823    -0.7823    -0.0000   2.798658   2.798613  -0.000064    34.3170    34.3162     7.3852    27.5912    27.5906    34.3179    27.5920    1448.76    1448.76    -0.7821  1028.8119    34.4854 0.0000e+00
       8733 313.885554  -62.14370  -58.44439      1.061    1447.21    255.000    252.398    -0.7613    -0.7584     0.0028    -0.7690    -0.7662     0.0028   2.799917   2.800114   0.000156    34.3175    34.3164     7.3861    27.5911    27.5901    34.3192    27.5925    1448.84    1448.85    -0.7688  1028.8170    34.4867 0.0000e+00
       8755 313.885564  -62.14370  -58.44440      1.085    1447.21    256.000    253.387    -0.7507    -0.7493     0.0014    -0.7585    -0.7571     0.0014   2.800911   2.800979   0.000095    34.3182    34.3179     7.3882    27.5913    27.5910    34.3201    27.5927    1448.91    1448.91    -0.7583  1028.8220    34.4876 0.0000e+00
       8777 313.885575  -62.14371  -58.44440      1.093    1447.21    257.000    254.376    -0.7470    -0.7458     0.0012    -0.7549    -0.7537     0.0012   2.801362   2.801373   0.000017    34.3202    34.3191     7.3820    27.5927    27.5917    34.3214    27.5937    1448.94    1448.95    -0.7547  1028.8276    34.4889 0.0000e+00
       8799 313.885585  -62.14372  -58.44440      1.088    1447.21    258.000    255.365    -0.7461    -0.7461    -0.0000    -0.7540    -0.7540    -0.0000   2.801515   2.801425  -0.000085    34.3208    34.3196     7.3692    27.5931    27.5922    34.3218    27.5939    1448.96    1448.96    -0.7538  1028.8327    34.4893 0.0000e+00
       8821 313.885596  -62.14372  -58.44440      1.083    1447.21    259.000    256.355    -0.7410    -0.7412    -0.0002    -0.7490    -0.7492    -0.0002   2.802070   2.801967  -0.000096    34.3210    34.3200     7.3613    27.5931    27.5923    34.3229    27.5946    1449.00    1449.00    -0.7487  1028.8381    34.4905 0.0000e+00
       8844 313.885607  -62.14372  -58.44440      1.068    1447.21    260.000    257.343    -0.7314    -0.7306     0.0007    -0.7393    -0.7386     0.0007   2.802902   2.802931   0.000017    34.3213    34.3207     7.3460    27.5929    27.5924    34.3226    27.5940    1449.06    1449.07    -0.7392  1028.8421    34.4901 0.0000e+00
       8867 313.885618  -62.14372  -58.44440      1.054    1447.21    261.000    258.333    -0.7287    -0.7284     0.0003    -0.7368    -0.7364     0.0003   2.803282   2.803207  -0.000070    34.3225    34.3212     7.3410    27.5938    27.5928    34.3241    27.5951    1449.10    1449.09    -0.7365  1028.8480    34.4917 0.0000e+00
       8889 313.885629  -62.14372  -58.44440      1.056    1447.21    262.000    259.322    -0.7247    -0.7239     0.0008    -0.7328    -0.7320     0.0008   2.803709   2.803689  -0.000024    34.3233    34.3221     7.3426    27.5943    27.5933    34.3247    27.5954    1449.13    1449.13    -0.7326  1028.8531    34.4923 0.0000e+00
       8912 313.885640  -62.14374  -58.44440      1.060    1447.21    263.000    260.311    -0.7200    -0.7195     0.0006    -0.7281    -0.7276     0.0006   2.804204   2.804154  -0.000042    34.3239    34.3227     7.3384    27.5946    27.5936    34.3255    27.5959    1449.17    1449.17    -0.7279  1028.8582    34.4931 0.0000e+00
       8935 313.885651  -62.14374  -58.44442      1.049    1447.21    264.000    261.300    -0.7111    -0.7099     0.0012    -0.7192    -0.7180     0.0012   2.805065   2.805119   0.000046    34.3241    34.3234     7.3220    27.5943    27.5937    34.3264    27.5962    1449.23    1449.23    -0.7191  1028.8632    34.4939 0.0000e+00
       8958 313.885662  -62.14374  -58.44442      1.054    1447.21    265.000    262.290    -0.7058    -0.7060    -0.0002    -0.7140    -0.7142    -0.0002   2.805650   2.805510  -0.000096    34.3257    34.3246     7.3167    27.5954    27.5946    34.3277    27.5971    1449.27    1449.27    -0.7138  1028.8650    34.4906 0.0000e+00
       8981 313.885673 -9.990e-29  -58.44442      1.055    1447.21    266.000    263.278    -0.7005    -0.7015    -0.0010    -0.7087    -0.7097    -0.0010   2.806124   2.806001  -0.000157    34.3258    34.3248     7.3111    27.5953    27.5946    34.3274    27.5966    1449.31    1449.31    -0.7085  1028.8685    34.4893 0.0000e+00
       9004 313.885684 -9.990e-29  -58.44442      1.044    1447.21    267.000    264.268    -0.6948    -0.6945     0.0004    -0.7031    -0.7028     0.0004   2.806732   2.806682  -0.000048    34.3266    34.3255     7.2993    27.5957    27.5948    34.3286    27.5974    1449.36    1449.36    -0.7029  1028.8739    34.4905 0.0000e+00
       9026 313.885695 -9.990e-29  -58.44442      1.051    1447.21    268.000    265.257    -0.6882    -0.6864     0.0018    -0.6966    -0.6947     0.0018   2.807378   2.807437   0.000054    34.3274    34.3261     7.2972    27.5961    27.5949    34.3292    27.5976    1449.41    1449.41    -0.6964  1028.8788    34.4911 0.0000e+00
       9049 313.885706  -62.14376  -58.44442      1.069    1447.21    269.000    266.246    -0.6829    -0.6831    -0.0002    -0.6913    -0.6915    -0.0002   2.807962   2.807834  -0.000126    34.3284    34.3269     7.2902    27.5966    27.5954    34.3304    27.5983    1449.45    1449.45    -0.6911  1028.8862    34.4947 0.0000e+00
       9071 313.885716  -62.14376  -58.44442      1.085    1447.21    270.000    267.235    -0.6774    -0.6766     0.0008    -0.6858    -0.6850     0.0008   2.808476   2.808421  -0.000057    34.3290    34.3273     7.2806    27.5969    27.5955    34.3305    27.5981    1449.49    1449.49    -0.6856  1028.8934    34.4981 0.0000e+00
       9092 313.885727  -62.14376  -58.44442      1.099    1447.21    271.000    268.224    -0.6769    -0.6761     0.0009    -0.6854    -0.6845     0.0009   2.808584   2.808548  -0.000034    34.3294    34.3279     7.2802    27.5972    27.5959    34.3309    27.5984    1449.51    1449.51    -0.6852  1028.8984    34.4985 0.0000e+00
       9114 313.885737  -62.14376  -58.44443      1.105    1447.21    272.000    269.213    -0.6712    -0.6717    -0.0006    -0.6797    -0.6803    -0.0006   2.809173   2.809032  -0.000136    34.3295    34.3283     7.2768    27.5970    27.5961    34.3317    27.5988    1449.55    1449.55    -0.6795  1028.9036    34.4993 0.0000e+00
       9137 313.885748  -62.14376  -58.44444      1.081    1447.21    273.000    270.202    -0.6629    -0.6625     0.0005    -0.6715    -0.6710     0.0005   2.810130   2.810091  -0.000041    34.3326    34.3315     7.2639    27.5992    27.5983    34.3346    27.6009    1449.61    1449.61    -0.6713  1028.9103    34.5023 0.0000e+00
       9160 313.885760  -62.14377  -58.44444      1.042    1447.21    274.000    271.191    -0.6622    -0.6614     0.0008    -0.6708    -0.6700     0.0008   2.810376   2.810338  -0.000041    34.3353    34.3338     7.2647    27.6014    27.6001    34.3365    27.6024    1449.64    1449.64    -0.6706  1028.9123    34.4989 0.0000e+00
       9183 313.885771 -9.990e-29  -58.44444      1.035    1447.21    275.000    272.180    -0.6626    -0.6619     0.0007    -0.6712    -0.6706     0.0007   2.810483   2.810438  -0.000041    34.3364    34.3351     7.2574    27.6023    27.6012    34.3378    27.6034    1449.65    1449.65    -0.6710  1028.9177    34.4997 0.0000e+00
       9206 313.885782 -9.990e-29  -58.44444      1.042    1447.21    276.000    273.170    -0.6604    -0.6598     0.0006    -0.6691    -0.6685     0.0006   2.810791   2.810753  -0.000037    34.3377    34.3365     7.2471    27.6032    27.6022    34.3388    27.6042    1449.68    1449.68    -0.6689  1028.9232    34.5008 0.0000e+00
       9229 313.885793 -9.990e-29  -58.44444      1.037    1447.21    277.000    274.159    -0.6598    -0.6591     0.0008    -0.6686    -0.6678     0.0008   2.810961   2.810925  -0.000037    34.3388    34.3374     7.2273    27.6041    27.6030    34.3399    27.6050    1449.70    1449.70    -0.6683  1028.9288    34.5018 0.0000e+00
       9253 313.885804  -62.14378  -58.44444      1.032    1447.21    278.000    275.148    -0.6589    -0.6582     0.0007    -0.6677    -0.6670     0.0007   2.811131   2.811089  -0.000045    34.3395    34.3381     7.2118    27.6046    27.6035    34.3406    27.6055    1449.72    1449.72    -0.6675  1028.9368    34.5059 0.0000e+00
       9275 313.885815  -62.14378  -58.44444      1.043    1447.21    279.000    276.137    -0.6578    -0.6570     0.0008    -0.6666    -0.6658     0.0008   2.811323   2.811304  -0.000017    34.3404    34.3392     7.2064    27.6053    27.6044    34.3412    27.6060    1449.74    1449.75    -0.6664  1028.9439    34.5089 0.0000e+00
       9298 313.885826  -62.14380  -58.44444      1.058    1447.21    280.000    277.125    -0.6581    -0.6571     0.0010    -0.6669    -0.6660     0.0010   2.811361   2.811349  -0.000016    34.3410    34.3397     7.1956    27.6058    27.6047    34.3416    27.6063    1449.76    1449.76    -0.6667  1028.9490    34.5093 0.0000e+00
       9321 313.885837  -62.14380  -58.44446      1.055    1447.21    281.000    278.114    -0.6619    -0.6612     0.0007    -0.6708    -0.6700     0.0007   2.811185   2.811156  -0.000031    34.3425    34.3413     7.1906    27.6072    27.6062    34.3428    27.6075    1449.76    1449.76    -0.6706  1028.9550    34.5106 0.0000e+00
       9344 313.885848  -62.14380  -58.44446      1.045    1447.21    282.000    279.104    -0.6601    -0.6600     0.0001    -0.6690    -0.6689     0.0001   2.811436   2.811364  -0.000070    34.3426    34.3415     7.1824    27.6072    27.6063    34.3436    27.6080    1449.79    1449.78    -0.6688  1028.9602    34.5113 0.0000e+00
       9366 313.885859  -62.14380  -58.44446      1.055    1447.21    283.000    280.093    -0.6566    -0.6554     0.0012    -0.6655    -0.6643     0.0012   2.811824   2.811845   0.000021    34.3436    34.3425     7.1755    27.6079    27.6069    34.3442    27.6084    1449.82    1449.82    -0.6653  1028.9653    34.5119 0.0000e+00
       9389 313.885870  -62.14380  -58.44446      1.069    1447.21    284.000    281.082    -0.6568    -0.6560     0.0008    -0.6658    -0.6650     0.0008   2.811895   2.811870  -0.000030    34.3441    34.3428     7.1768    27.6083    27.6072    34.3448    27.6088    1449.84    1449.84    -0.6656  1028.9706    34.5125 0.0000e+00
       9411 313.885881  -62.14382  -58.44446      1.082    1447.21    285.000    282.071    -0.6526    -0.6519     0.0007    -0.6616    -0.6610     0.0007   2.812391   2.812357  -0.000025    34.3451    34.3440     7.1725    27.6089    27.6080    34.3461    27.6098    1449.87    1449.87    -0.6614  1028.9762    34.5139 0.0000e+00
       9433 313.885891  -62.14382  -58.44446      1.091    1447.21    286.000    283.060    -0.6513    -0.6504     0.0009    -0.6604    -0.6595     0.0009   2.812556   2.812534  -0.000028    34.3456    34.3443     7.1696    27.6093    27.6082    34.3462    27.6098    1449.90    1449.90    -0.6602  1028.9810    34.5140 0.0000e+00
       9454 313.885902  -62.14382  -58.44446      1.100    1447.21    287.000    284.049    -0.6508    -0.6503     0.0005    -0.6599    -0.6594     0.0005   2.812638   2.812609  -0.000026    34.3456    34.3447     7.1621    27.6093    27.6085    34.3462    27.6097    1449.91    1449.92    -0.6597  1028.9857    34.5139 0.0000e+00
       9477 313.885912  -62.14382  -58.44446      1.096    1447.21    288.000    285.038    -0.6532    -0.6523     0.0010    -0.6623    -0.6614     0.0010   2.812478   2.812475  -0.000003    34.3461    34.3450     7.1534    27.6097    27.6088    34.3461    27.6098    1449.92    1449.92    -0.6621  1028.9905    34.5139 0.0000e+00
       9499 313.885923  -62.14382  -58.44446      1.071    1447.21    289.000    286.028    -0.6548    -0.6547     0.0001    -0.6640    -0.6639     0.0001   2.812381   2.812314  -0.000068    34.3460    34.3450     7.1475    27.6097    27.6089    34.3461    27.6098    1449.93    1449.93    -0.6638  1028.9953    34.5138 0.0000e+00
       9524 313.885935  -62.14383  -58.44446      1.016    1447.21    290.000    287.016    -0.6580    -0.6572     0.0007    -0.6672    -0.6664     0.0007   2.812188   2.812173  -0.000015    34.3463    34.3453     7.1421    27.6102    27.6093    34.3464    27.6102    1449.93    1449.93    -0.6670  1029.0005    34.5142 0.0000e+00
       9548 313.885947  -62.14384  -58.44446      0.977    1447.21    291.000    288.005    -0.6574    -0.6569     0.0005    -0.6667    -0.6661     0.0005   2.812291   2.812256  -0.000035    34.3463    34.3452     7.1366    27.6101    27.6092    34.3466    27.6103    1449.95    1449.95    -0.6664  1029.0061    34.5153 0.0000e+00
       9572 313.885958  -62.14384 -9.990e-29      0.991    1447.21    292.000    288.994    -0.6569    -0.6562     0.0007    -0.6662    -0.6654     0.0007   2.812406   2.812392  -0.000014    34.3467    34.3457     7.1352    27.6104    27.6096    34.3469    27.6106    1449.97    1449.97    -0.6660  1029.0124    34.5171 0.0000e+00
       9595 313.885970  -62.14384 -9.990e-29      1.018    1447.21    293.000    289.983    -0.6565    -0.6558     0.0007    -0.6658    -0.6651     0.0007   2.812515   2.812482  -0.000034    34.3471    34.3459     7.1389    27.6107    27.6097    34.3473    27.6108    1449.99    1449.99    -0.6656  1029.0174    34.5175 0.0000e+00
       9618 313.885980  -62.14385 -9.990e-29      1.041    1447.21    294.000    290.972    -0.6562    -0.6554     0.0008    -0.6655    -0.6647     0.0008   2.812582   2.812580  -0.000004    34.3470    34.3461     7.1407    27.6106    27.6098    34.3472    27.6108    1450.00    1450.01    -0.6653  1029.0221    34.5174 0.0000e+00
