Pos-Processados/process_op42/Processamento_split/down/doperantar42_012.cnv
* Sea-Bird SBE 9 Data File:
* FileName = C:\Users\Hidrografia\Desktop\OPXLII\Brutos\OP42012.hdr
* Software Version Seasave V 7.26.7.107
* Temperature SN = 6502
* Conductivity SN = 4998
* Number of Bytes Per Scan = 31
* Number of Voltage Words = 2
* Number of Scans Averaged by the Deck Unit = 1
* NMEA Latitude = 45 45.00 S
* NMEA Longitude = 055 01.26 W
* NMEA UTC (Time) = Oct 19 2023 15:31:14
* NMEA baud rate = 4800
** H41
** NPOALTEMAXIMIANO
** NUMERO DA ESTACAO (XXX) 012
** LAT (XX XX.XX S/N) 45 44.898 S
** LONG (XXX XX.XX W/E) 055 00.940 W
** DATAHORA (dd/mm/aaaa hh:mm Z) 19/10/2023 15:24 Z
** PROFUNDIDADE (m) 5690
** OPERADOR 1T ZAMITH
# nquan = 30
# nvalues = 1007                        
# units = specified
# name 0 = scan: Scan Count
# name 1 = timeJ: Julian Days
# name 2 = latitude: Latitude [deg]
# name 3 = longitude: Longitude [deg]
# name 4 = dz/dtM: Descent Rate [m/s]
# name 5 = avgsvCM: Average Sound Velocity [Chen-Millero, m/s]
# name 6 = prDM: Pressure, Digiquartz [db]
# name 7 = depSM: Depth [salt water, m]
# name 8 = t090C: Temperature [ITS-90, deg C]
# name 9 = t190C: Temperature, 2 [ITS-90, deg C]
# name 10 = T2-T190C: Temperature Difference, 2 - 1 [ITS-90, deg C]
# name 11 = potemp090C: Potential Temperature [ITS-90, deg C]
# name 12 = potemp190C: Potential Temperature, 2 [ITS-90, deg C]
# name 13 = potemp90Cdiff: Potential Temperature, Diff, 2 - 1 [ITS-90, deg C]
# name 14 = c0S/m: Conductivity [S/m]
# name 15 = c1S/m: Conductivity, 2 [S/m]
# name 16 = C2-C1S/m: Conductivity Difference, 2 - 1 [S/m]
# name 17 = sal00: Salinity, Practical [PSU]
# name 18 = sal11: Salinity, Practical, 2 [PSU]
# name 19 = sbeox0ML/L: Oxygen, SBE 43 [ml/l]
# name 20 = sigma-é00: Density [sigma-theta, kg/m^3]
# name 21 = sigma-é11: Density, 2 [sigma-theta, kg/m^3]
# name 22 = sal00: Salinity, Practical [PSU]
# name 23 = sigma-é00: Density [sigma-theta, kg/m^3]
# name 24 = svCM: Sound Velocity [Chen-Millero, m/s]
# name 25 = svCM1: Sound Velocity, 2 [Chen-Millero, m/s]
# name 26 = gsw_ptA0: potential temperature [ITS-90, deg C]
# name 27 = gsw_densityA0: density, TEOS-10 [density, kg/m^3]
# name 28 = gsw_saA0: Absolute Salinity [g/kg]
# name 29 = flag:
# span 0 =       2103,      29076       
# span 1 = 292.647703, 292.660711       
# span 2 =  -45.75582,  -45.75052       
# span 3 =  -55.02097,  -55.02060       
# span 4 =      0.177,      1.279       
# span 5 =       0.00,    1481.43       
# span 6 =      6.000,   1012.000       
# span 7 =      5.986,   1001.251       
# span 8 =     2.6433,     8.2930       
# span 9 =     2.6443,     8.2944       
# span 10 =    -0.0067,     0.0092      
# span 11 =     2.5794,     8.2924      
# span 12 =     2.5803,     8.2938      
# span 13 =    -0.0066,     0.0092      
# span 14 =   3.132303,   3.565361      
# span 15 =   3.132274,   3.565706      
# span 16 =  -0.002425,   0.001255      
# span 17 =    34.0634,    34.5093      
# span 18 =    34.0665,    34.5087      
# span 19 =     3.8942,     7.0944      
# span 20 =    26.5319,    27.5298      
# span 21 =    26.5319,    27.5293      
# span 22 =    34.0582,    34.5092      
# span 23 =    26.5318,    27.5298      
# span 24 =    1469.30,    1482.66      
# span 25 =    1469.30,    1482.69      
# span 26 =     2.5793,     8.2924      
# span 27 =  1026.5617,  1032.2269      
# span 28 =    34.2192,    34.6764      
# span 29 = 0.0000e+00, 0.0000e+00      
# interval = decibars: 1                
# start_time = Oct 19 2023 15:31:14 [NMEA time, header]
# bad_flag = -9.990e-29
*END*
[from data line 387]
      12157 292.652552  -45.75252  -55.02064      0.808    1471.24    393.000    389.413     3.4020     3.4026     0.0006     3.3762     3.3768     0.0006   3.148662   3.148737   0.000079    34.1436    34.1440     5.9412    27.1666    27.1668    34.1428    27.1659    1469.44    1469.44     3.3761  1028.9958    34.3051 0.0000e+00
      12183 292.652564  -45.75252  -55.02064      0.925    1471.24    394.000    390.403     3.4032     3.4039     0.0007     3.3773     3.3780     0.0007   3.148976   3.149036   0.000054    34.1456    34.1455     5.9436    27.1680    27.1679    34.1448    27.1674    1469.46    1469.46     3.3772  1029.0019    34.3072 0.0000e+00
      12211 292.652578  -45.75252  -55.02064      0.900    1471.24    395.000    391.392     3.3992     3.3999     0.0007     3.3732     3.3740     0.0007   3.148819   3.148749  -0.000060    34.1480    34.1465     5.9504    27.1703    27.1691    34.1466    27.1692    1469.46    1469.46     3.3732  1029.0084    34.3090 0.0000e+00
      12242 292.652593  -45.75253  -55.02064      0.764    1471.24    396.000    392.382     3.3943     3.3949     0.0006     3.3683     3.3689     0.0006   3.148418   3.148384  -0.000039    34.1476    34.1465     5.9346    27.1705    27.1696    34.1463    27.1695    1469.46    1469.46     3.3682  1029.0134    34.3087 0.0000e+00
      12269 292.652606  -45.75254  -55.02064      0.823    1471.24    397.000    393.372     3.3883     3.3887     0.0004     3.3622     3.3626     0.0004   3.147920   3.147850  -0.000066    34.1476    34.1464     5.9184    27.1711    27.1701    34.1461    27.1699    1469.45    1469.45     3.3622  1029.0185    34.3085 0.0000e+00
      12290 292.652616  -45.75254  -55.02064      1.008    1471.24    398.000    394.362     3.3816     3.3825     0.0009     3.3555     3.3565     0.0009   3.147405   3.147401  -0.000015    34.1482    34.1470     5.9058    27.1721    27.1712    34.1463    27.1707    1469.44    1469.44     3.3555  1029.0240    34.3087 0.0000e+00
      12310 292.652626  -45.75254  -55.02064      1.164    1471.24    399.000    395.352     3.3824     3.3827     0.0002     3.3563     3.3565     0.0002   3.147636   3.147685   0.000063    34.1480    34.1485     5.8981    27.1719    27.1723    34.1478    27.1718    1469.46    1469.46     3.3562  1029.0297    34.3102 0.0000e+00
      12330 292.652636  -45.75254  -55.02064      1.212    1471.24    400.000    396.342     3.3723     3.3734     0.0010     3.3461     3.3472     0.0010   3.146843   3.146753  -0.000094    34.1506    34.1484     5.9012    27.1750    27.1731    34.1483    27.1732    1469.43    1469.43     3.3461  1029.0358    34.3107 0.0000e+00
      12356 292.652648  -45.75255  -55.02064      1.046    1471.24    401.000    397.332     3.3552     3.3558     0.0006     3.3290     3.3296     0.0006   3.145292   3.145021  -0.000244    34.1503    34.1467     5.9068    27.1764    27.1735    34.1471    27.1738    1469.38    1469.37     3.3289  1029.0413    34.3095 0.0000e+00
      12384 292.652661  -45.75256  -55.02064      0.866    1471.24    402.000    398.322     3.3340     3.3343     0.0003     3.3078     3.3081     0.0003   3.143468   3.143229  -0.000274    34.1494    34.1458     5.8962    27.1776    27.1747    34.1468    27.1756    1469.30    1469.30     3.3078  1029.0480    34.3093 0.0000e+00
      12409 292.652674  -45.75256  -55.02064      0.905    1471.24    403.000    399.312     3.3345     3.3354     0.0009     3.3083     3.3091     0.0009   3.143382   3.143450   0.000062    34.1462    34.1460     5.8901    27.1750    27.1748    34.1447    27.1739    1469.32    1469.32     3.3082  1029.0509    34.3071 0.0000e+00
      12434 292.652686  -45.75256  -55.02064      0.966    1471.24    404.000    400.302     3.3356     3.3364     0.0008     3.3092     3.3100     0.0008   3.143525   3.143594   0.000070    34.1462    34.1463     5.8931    27.1750    27.1749    34.1448    27.1739    1469.34    1469.34     3.3092  1029.0555    34.3073 0.0000e+00
      12462 292.652699  -45.75258  -55.02064      0.905    1471.24    405.000    401.291     3.3334     3.3342     0.0008     3.3070     3.3078     0.0008   3.143416   3.143459   0.000043    34.1464    34.1460     5.9007    27.1753    27.1749    34.1452    27.1744    1469.34    1469.35     3.3069  1029.0607    34.3077 0.0000e+00
      12489 292.652712  -45.75258  -55.02064      0.858    1471.24    406.000    402.281     3.3355     3.3363     0.0008     3.3090     3.3098     0.0007   3.143673   3.143756   0.000082    34.1466    34.1467     5.9033    27.1753    27.1753    34.1456    27.1745    1469.37    1469.37     3.3090  1029.0654    34.3080 0.0000e+00
      12514 292.652724  -45.75258  -55.02064      0.929    1471.24    407.000    403.271     3.3350     3.3359     0.0009     3.3084     3.3094     0.0009   3.143749   3.143814   0.000067    34.1473    34.1471     5.9034    27.1759    27.1757    34.1465    27.1753    1469.39    1469.39     3.3084  1029.0708    34.3089 0.0000e+00
      12537 292.652735  -45.75258  -55.02064      1.016    1471.24    408.000    404.261     3.3329     3.3338     0.0009     3.3063     3.3072     0.0009   3.143634   3.143661   0.000028    34.1482    34.1475     5.8991    27.1768    27.1762    34.1468    27.1757    1469.40    1469.40     3.3062  1029.0759    34.3092 0.0000e+00
      12561 292.652747  -45.75260  -55.02064      1.019    1471.24    409.000    405.251     3.3199     3.3213     0.0014     3.2933     3.2947     0.0014   3.142632   3.142580  -0.000046    34.1498    34.1477     5.8902    27.1793    27.1776    34.1478    27.1778    1469.36    1469.36     3.2932  1029.0827    34.3103 0.0000e+00
      12586 292.652759  -45.75260  -55.02064      0.980    1471.24    410.000    406.241     3.3095     3.3105     0.0010     3.2828     3.2838     0.0010   3.141774   3.141727  -0.000049    34.1498    34.1481     5.8921    27.1803    27.1789    34.1480    27.1788    1469.33    1469.33     3.2827  1029.0886    34.3104 0.0000e+00
      12610 292.652770  -45.75260  -55.02064      0.978    1471.24    411.000    407.231     3.3032     3.3041     0.0009     3.2765     3.2773     0.0009   3.141272   3.141255  -0.000018    34.1497    34.1486     5.8840    27.1808    27.1798    34.1479    27.1794    1469.32    1469.32     3.2764  1029.0938    34.3104 0.0000e+00
      12632 292.652781  -45.75260  -55.02064      1.033    1471.24    412.000    408.220     3.2979     3.2989     0.0009     3.2712     3.2721     0.0009   3.140868   3.140875   0.000004    34.1496    34.1487     5.8687    27.1812    27.1804    34.1481    27.1801    1469.31    1469.32     3.2711  1029.0992    34.3106 0.0000e+00
      12653 292.652791  -45.75260  -55.02064      1.105    1471.24    413.000    409.210     3.2946     3.2956     0.0010     3.2677     3.2687     0.0010   3.140625   3.140631   0.000006    34.1495    34.1486     5.8638    27.1815    27.1807    34.1481    27.1804    1469.31    1469.32     3.2677  1029.1042    34.3106 0.0000e+00
      12675 292.652802  -45.75261  -55.02064      1.119    1471.23    414.000    410.200     3.2940     3.2948     0.0008     3.2671     3.2679     0.0008   3.140591   3.140627   0.000033    34.1489    34.1485     5.8623    27.1811    27.1807    34.1478    27.1802    1469.33    1469.33     3.2670  1029.1081    34.3095 0.0000e+00
      12702 292.652815 -9.990e-29  -55.02064      0.990 -9.990e-29    415.000    411.190     3.2943     3.2950     0.0007     3.2673     3.2680     0.0007   3.140645   3.140689   0.000045    34.1485    34.1483     5.8668    27.1808    27.1805    34.1477    27.1801    1469.35    1469.35     3.2672  1029.1123    34.3090 0.0000e+00
      12729 292.652828 -9.990e-29  -55.02064      0.850 -9.990e-29    416.000    412.180     3.2939     3.2945     0.0006     3.2668     3.2675     0.0006   3.140685   3.140681 6.6182e-07    34.1489    34.1483     5.8648    27.1811    27.1806    34.1480    27.1804    1469.36    1469.36     3.2668  1029.1172    34.3094 0.0000e+00
      12753 292.652840 -9.990e-29  -55.02064      0.934 -9.990e-29    417.000    413.170     3.2896     3.2904     0.0008     3.2625     3.2633     0.0008   3.140363   3.140382   0.000013    34.1491    34.1484     5.8665    27.1817    27.1811    34.1481    27.1809    1469.36    1469.36     3.2624  1029.1224    34.3095 0.0000e+00
      12774 292.652850 -9.990e-29  -55.02064      1.077    1471.00    418.000    414.159     3.2876     3.2883     0.0006     3.2605     3.2611     0.0006   3.140226   3.140242   0.000018    34.1489    34.1484     5.8675    27.1817    27.1813    34.1480    27.1810    1469.37    1469.37     3.2604  1029.1271    34.3093 0.0000e+00
      12796 292.652860 -9.990e-29  -55.02064      1.125    1470.99    419.000    415.149     3.2807     3.2814     0.0008     3.2535     3.2542     0.0008   3.139691   3.139667  -0.000020    34.1498    34.1488     5.8653    27.1831    27.1822    34.1483    27.1819    1469.36    1469.36     3.2534  1029.1327    34.3097 0.0000e+00
      12821 292.652872 -9.990e-29  -55.02064      1.026    1470.99    420.000    416.139     3.2752     3.2761     0.0009     3.2480     3.2488     0.0009   3.139317   3.139323 -4.646e-07    34.1501    34.1491     5.8595    27.1838    27.1830    34.1490    27.1829    1469.35    1469.35     3.2479  1029.1385    34.3104 0.0000e+00
      12845 292.652884 -9.990e-29  -55.02064      0.971    1470.99    421.000    417.129     3.2740     3.2749     0.0009     3.2466     3.2476     0.0009   3.139243   3.139272   0.000031    34.1498    34.1492     5.8556    27.1837    27.1831    34.1489    27.1830    1469.36    1469.36     3.2466  1029.1432    34.3102 0.0000e+00
      12867 292.652894 -9.990e-29  -55.02064      1.037    1470.99    422.000    418.119     3.2720     3.2729     0.0009     3.2446     3.2455     0.0009   3.139142   3.139177   0.000034    34.1501    34.1496     5.8434    27.1841    27.1836    34.1492    27.1834    1469.37    1469.37     3.2446  1029.1483    34.3106 0.0000e+00
      12888 292.652905 -9.990e-29  -55.02064      1.104    1470.99    423.000    419.109     3.2709     3.2718     0.0009     3.2435     3.2444     0.0009   3.139147   3.139186   0.000044    34.1505    34.1501     5.8422    27.1845    27.1841    34.1498    27.1840    1469.38    1469.38     3.2434  1029.1535    34.3112 0.0000e+00
      12911 292.652916 -9.990e-29  -55.02064      1.088    1470.99    424.000    420.098     3.2704     3.2712     0.0008     3.2429     3.2437     0.0008   3.139167   3.139189   0.000021    34.1508    34.1502     5.8471    27.1848    27.1843    34.1501    27.1843    1469.40    1469.40     3.2428  1029.1584    34.3114 0.0000e+00
      12934 292.652927 -9.990e-29  -55.02064      1.049    1470.99    425.000    421.088     3.2688     3.2696     0.0009     3.2412     3.2421     0.0009   3.139102   3.139127   0.000025    34.1512    34.1506     5.8474    27.1854    27.1848    34.1505    27.1848    1469.41    1469.41     3.2412  1029.1636    34.3119 0.0000e+00
      12956 292.652937 -9.990e-29  -55.02064      1.067    1470.99    426.000    422.078     3.2619     3.2629     0.0010     3.2343     3.2353     0.0010   3.138671   3.138649  -0.000017    34.1532    34.1520     5.8434    27.1876    27.1865    34.1519    27.1866    1469.39    1469.40     3.2342  1029.1700    34.3133 0.0000e+00
      12975 292.652947 -9.990e-29  -55.02064      1.158    1470.99    427.000    423.068     3.2577     3.2586     0.0008     3.2301     3.2309     0.0008   3.138398   3.138415   0.000010    34.1535    34.1528     5.8378    27.1882    27.1875    34.1525    27.1874    1469.39    1469.40     3.2300  1029.1756    34.3139 0.0000e+00
      12993 292.652955 -9.990e-29  -55.02064      1.254    1470.99    428.000    424.058     3.2558     3.2567     0.0009     3.2280     3.2289     0.0009   3.138262   3.138302   0.000040    34.1533    34.1529     5.8311    27.1882    27.1878    34.1524    27.1875    1469.40    1469.40     3.2280  1029.1804    34.3138 0.0000e+00
      13013 292.652965 -9.990e-29  -55.02064      1.279    1470.99    429.000    425.047     3.2525     3.2533     0.0008     3.2247     3.2255     0.0008   3.138036   3.138040   0.000007    34.1539    34.1530     5.8192    27.1890    27.1883    34.1526    27.1880    1469.41    1469.41     3.2246  1029.1855    34.3140 0.0000e+00
      13033 292.652975 -9.990e-29  -55.02064      1.212    1470.99    430.000    426.037     3.2492     3.2501     0.0008     3.2213     3.2222     0.0008   3.137831   3.137875   0.000041    34.1539    34.1535     5.8099    27.1893    27.1889    34.1531    27.1887    1469.41    1469.41     3.2213  1029.1908    34.3144 0.0000e+00
      13055 292.652985 -9.990e-29  -55.02064      1.148    1470.99    431.000    427.027     3.2488     3.2496     0.0008     3.2209     3.2217     0.0008   3.137850   3.137876   0.000028    34.1539    34.1534     5.8104    27.1894    27.1889    34.1532    27.1888    1469.42    1469.43     3.2208  1029.1956    34.3145 0.0000e+00
      13074 292.652994  -45.75270  -55.02064      1.165    1470.99    432.000    428.017     3.2475     3.2483     0.0008     3.2195     3.2203     0.0008   3.137822   3.137838   0.000017    34.1544    34.1537     5.8181    27.1899    27.1893    34.1537    27.1893    1469.43    1469.44     3.2195  1029.2014    34.3159 0.0000e+00
      13097 292.653005  -45.75270  -55.02064      1.166    1470.99    433.000    429.006     3.2465     3.2473     0.0008     3.2185     3.2192     0.0008   3.137799   3.137822   0.000022    34.1546    34.1540     5.8231    27.1901    27.1896    34.1539    27.1896    1469.45    1469.45     3.2184  1029.2066    34.3165 0.0000e+00
      13126 292.653019  -45.75270  -55.02064      0.903    1470.99    434.000    429.996     3.2455     3.2462     0.0008     3.2173     3.2181     0.0008   3.137784   3.137810   0.000028    34.1548    34.1544     5.8191    27.1905    27.1900    34.1543    27.1900    1469.46    1469.46     3.2173  1029.2117    34.3169 0.0000e+00
      13160 292.653036  -45.75270  -55.02064      0.699    1470.99    435.000    430.986     3.2439     3.2447     0.0008     3.2157     3.2165     0.0008   3.137723   3.137734   0.000012    34.1553    34.1547     5.8161    27.1910    27.1904    34.1547    27.1905    1469.47    1469.47     3.2157  1029.2168    34.3173 0.0000e+00
      13187 292.653049  -45.75272  -55.02064      0.802    1470.99    436.000    431.975     3.2394     3.2403     0.0009     3.2112     3.2120     0.0009   3.137468   3.137462  -0.000008    34.1565    34.1555     5.8076    27.1923    27.1915    34.1558    27.1918    1469.47    1469.47     3.2111  1029.2228    34.3184 0.0000e+00
      13209 292.653059  -45.75272  -55.02064      0.994    1470.99    437.000    432.965     3.2378     3.2386     0.0008     3.2095     3.2104     0.0008   3.137384   3.137392   0.000010    34.1564    34.1557     5.7933    27.1925    27.1918    34.1558    27.1920    1469.48    1469.48     3.2095  1029.2277    34.3184 0.0000e+00
      13230 292.653069  -45.75272  -55.02064      1.121    1470.99    438.000    433.955     3.2374     3.2382     0.0008     3.2090     3.2098     0.0008   3.137367   3.137399   0.000031    34.1562    34.1557     5.7814    27.1923    27.1918    34.1556    27.1919    1469.49    1469.50     3.2090  1029.2322    34.3182 0.0000e+00
      13253 292.653081  -45.75274  -55.02064      1.099    1470.99    439.000    434.945     3.2360     3.2369     0.0008     3.2076     3.2084     0.0008   3.137305   3.137327   0.000021    34.1563    34.1557     5.7828    27.1925    27.1919    34.1557    27.1921    1469.50    1469.51     3.2076  1029.2370    34.3183 0.0000e+00
      13282 292.653095  -45.75274  -55.02064      0.895    1470.99    440.000    435.934     3.2341     3.2349     0.0008     3.2056     3.2064     0.0008   3.137214   3.137209  -0.000002    34.1566    34.1558     5.7835    27.1930    27.1922    34.1561    27.1926    1469.51    1469.51     3.2056  1029.2422    34.3187 0.0000e+00
