Pos-Processados/process_op42/Processamento_split/down/doperantar42_031.cnv
* Sea-Bird SBE 9 Data File:
* FileName = C:\Users\Hidrografia\Desktop\OPXLII\Brutos\OP42031.hdr
* Software Version Seasave V 7.26.7.107
* Temperature SN = 6502
* Conductivity SN = 4998
* Number of Bytes Per Scan = 37
* Number of Voltage Words = 4
* Number of Scans Averaged by the Deck Unit = 1
* NMEA Latitude = 62 08.51 S
* NMEA Longitude = 058 26.69 W
* NMEA UTC (Time) = Nov 09 2023 06:07:33
* NMEA baud rate = 4800
** H41
** NPOALTEMAXIMIANO
** NUMERO DA ESTACAO (XXX) 031
** LAT (XX XX.XX S/N) 62 08.5 S
** LONG (XXX XX.XX W/E) 058 26.7 W
** DATAHORA (dd/mm/aaaa hh:mm Z) 09/11/2023 0606Z
** PROFUNDIDADE (m) 410
** OPERADOR CT FILIPE LOPES
# nquan = 30
# nvalues = 369                         
# units = specified
# name 0 = scan: Scan Count
# name 1 = timeJ: Julian Days
# name 2 = latitude: Latitude [deg]
# name 3 = longitude: Longitude [deg]
# name 4 = dz/dtM: Descent Rate [m/s]
# name 5 = avgsvCM: Average Sound Velocity [Chen-Millero, m/s]
# name 6 = prDM: Pressure, Digiquartz [db]
# name 7 = depSM: Depth [salt water, m]
# name 8 = t090C: Temperature [ITS-90, deg C]
# name 9 = t190C: Temperature, 2 [ITS-90, deg C]
# name 10 = T2-T190C: Temperature Difference, 2 - 1 [ITS-90, deg C]
# name 11 = potemp090C: Potential Temperature [ITS-90, deg C]
# name 12 = potemp190C: Potential Temperature, 2 [ITS-90, deg C]
# name 13 = potemp90Cdiff: Potential Temperature, Diff, 2 - 1 [ITS-90, deg C]
# name 14 = c0S/m: Conductivity [S/m]
# name 15 = c1S/m: Conductivity, 2 [S/m]
# name 16 = C2-C1S/m: Conductivity Difference, 2 - 1 [S/m]
# name 17 = sal00: Salinity, Practical [PSU]
# name 18 = sal11: Salinity, Practical, 2 [PSU]
# name 19 = sbeox0ML/L: Oxygen, SBE 43 [ml/l]
# name 20 = sigma-é00: Density [sigma-theta, kg/m^3]
# name 21 = sigma-é11: Density, 2 [sigma-theta, kg/m^3]
# name 22 = sal00: Salinity, Practical [PSU]
# name 23 = sigma-é00: Density [sigma-theta, kg/m^3]
# name 24 = svCM: Sound Velocity [Chen-Millero, m/s]
# name 25 = svCM1: Sound Velocity, 2 [Chen-Millero, m/s]
# name 26 = gsw_ptA0: potential temperature [ITS-90, deg C]
# name 27 = gsw_densityA0: density, TEOS-10 [density, kg/m^3]
# name 28 = gsw_saA0: Absolute Salinity [g/kg]
# name 29 = flag:
# span 0 =       6615,      18156       
# span 1 = 313.258433, 313.263999       
# span 2 =  -62.14377,  -62.14281       
# span 3 =  -58.44361,  -58.43981       
# span 4 =     -0.498,      1.082       
# span 5 =       0.00,    1448.56       
# span 6 =      4.000,    372.000       
# span 7 =      3.968,    368.104       
# span 8 =    -0.8357,    -0.5460       
# span 9 =    -0.8349,    -0.5452       
# span 10 =    -0.0041,     0.0048      
# span 11 =    -0.8432,    -0.5468      
# span 12 =    -0.8424,    -0.5460      
# span 13 =    -0.0041,     0.0048      
# span 14 =   2.792391,   2.825564      
# span 15 =   2.792391,   2.825246      
# span 16 =  -0.000794,   0.000212      
# span 17 =    34.2818,    34.4000      
# span 18 =    34.2821,    34.3945      
# span 19 =     6.7252,     7.6536      
# span 20 =    27.5533,    27.6508      
# span 21 =    27.5529,    27.6463      
# span 22 =    34.2825,    34.3998      
# span 23 =    27.5533,    27.6506      
# span 24 =    1445.70,    1451.65      
# span 25 =    1445.70,    1451.66      
# span 26 =    -0.8430,    -0.5468      
# span 27 =  1027.5772,  1029.4298      
# span 28 =    34.4442,    34.5680      
# span 29 = 0.0000e+00, 0.0000e+00      
# interval = decibars: 1                
# start_time = Nov 09 2023 06:07:33 [NMEA time, header]
# bad_flag = -9.990e-29
*END*
       6615 313.258433  -62.14281  -58.44361      0.203       0.00      4.000      3.968    -0.5496    -0.5486     0.0010    -0.5497    -0.5487     0.0010   2.803518   2.803539   0.000020    34.2829    34.2821     7.6411    27.5537    27.5530    34.2830    27.5537    1445.70    1445.70    -0.5497  1027.5772    34.4481 0.0000e+00
       6740 313.258493  -62.14282  -58.44358      0.396       0.00      5.000      4.952    -0.5492    -0.5482     0.0010    -0.5493    -0.5483     0.0010   2.803635   2.803622  -0.000011    34.2834    34.2821     7.6403    27.5541    27.5530    34.2834    27.5541    1445.72    1445.72    -0.5493  1027.5804    34.4462 0.0000e+00
       6782 313.258513 -9.990e-29  -58.44357      0.536 2.5922e-08      6.000      5.942    -0.5488    -0.5478     0.0010    -0.5490    -0.5480     0.0010   2.803645   2.803700   0.000053    34.2825    34.2821     7.6456    27.5533    27.5529    34.2825    27.5533    1445.73    1445.74    -0.5490  1027.5836    34.4442 0.0000e+00
       6816 313.258530  -62.14284  -58.44356      0.677       0.15      7.000      6.933    -0.5486    -0.5479     0.0008    -0.5488    -0.5481     0.0008   2.803703   2.803743   0.000045    34.2824    34.2821     7.6464    27.5533    27.5530    34.2825    27.5533    1445.75    1445.76    -0.5488  1027.5889    34.4449 0.0000e+00
       6849 313.258545  -62.14284 -9.990e-29      0.737      -0.00      8.000      7.923    -0.5494    -0.5484     0.0009    -0.5496    -0.5487     0.0009   2.803770   2.803752  -0.000013    34.2835    34.2823     7.6455    27.5542    27.5532    34.2836    27.5542    1445.77    1445.77    -0.5496  1027.5964    34.4482 0.0000e+00
       6880 313.258561  -62.14284 -9.990e-29      0.753 4.3430e-36      9.000      8.913    -0.5496    -0.5487     0.0009    -0.5499    -0.5490     0.0009   2.803826   2.803771  -0.000056    34.2840    34.2822     7.6413    27.5546    27.5531    34.2840    27.5546    1445.78    1445.79    -0.5499  1027.6015    34.4485 0.0000e+00
       6913 313.258576  -62.14284  -58.44354      0.755 1.4810e-11     10.000      9.904    -0.5500    -0.5491     0.0009    -0.5503    -0.5494     0.0009   2.803840   2.803803  -0.000038    34.2840    34.2824     7.6466    27.5546    27.5533    34.2840    27.5546    1445.80    1445.80    -0.5503  1027.6063    34.4486 0.0000e+00
       6946 313.258592  -62.14284  -58.44354      0.722       0.07     11.000     10.894    -0.5497    -0.5489     0.0008    -0.5500    -0.5492     0.0008   2.803930   2.803874  -0.000056    34.2842    34.2824     7.6536    27.5547    27.5533    34.2843    27.5548    1445.82    1445.82    -0.5500  1027.6120    34.4496 0.0000e+00
       6976 313.258607  -62.14286  -58.44353      0.764       0.00     12.000     11.884    -0.5489    -0.5480     0.0009    -0.5492    -0.5483     0.0009   2.804052   2.804013  -0.000039    34.2842    34.2828     7.6494    27.5548    27.5535    34.2843    27.5549    1445.84    1445.84    -0.5492  1027.6168    34.4497 0.0000e+00
       7005 313.258621  -62.14286  -58.44352      0.823 1.5574e-44     13.000     12.875    -0.5489    -0.5479     0.0009    -0.5492    -0.5483     0.0009   2.804108   2.804058  -0.000049    34.2844    34.2827     7.6438    27.5549    27.5535    34.2844    27.5549    1445.85    1445.85    -0.5493  1027.6216    34.4498 0.0000e+00
       7036 313.258636  -62.14286  -58.44352      0.804 8.9527e-21     14.000     13.865    -0.5490    -0.5481     0.0008    -0.5494    -0.5486     0.0008   2.804095   2.804078  -0.000022    34.2838    34.2826     7.6315    27.5544    27.5534    34.2838    27.5544    1445.87    1445.87    -0.5494  1027.6259    34.4491 0.0000e+00
       7068 313.258651  -62.14286  -58.44350      0.757       0.20     15.000     14.856    -0.5493    -0.5482     0.0010    -0.5497    -0.5487     0.0010   2.804086   2.804122   0.000033    34.2834    34.2827     7.6330    27.5541    27.5535    34.2834    27.5541    1445.88    1445.89    -0.5497  1027.6303    34.4487 0.0000e+00
       7100 313.258667  -62.14286  -58.44350      0.736      -0.00     16.000     15.846    -0.5497    -0.5487     0.0009    -0.5501    -0.5492     0.0009   2.804065   2.804124   0.000060    34.2829    34.2826     7.6418    27.5537    27.5535    34.2829    27.5537    1445.89    1445.90    -0.5502  1027.6347    34.4482 0.0000e+00
       7130 313.258681  -62.14287  -58.44349      0.781 1.5153e-51     17.000     16.836    -0.5498    -0.5490     0.0009    -0.5503    -0.5495     0.0009   2.804086   2.804131   0.000046    34.2827    34.2824     7.6370    27.5536    27.5532    34.2828    27.5537    1445.91    1445.91    -0.5503  1027.6394    34.4481 0.0000e+00
       7158 313.258695  -62.14288  -58.44348      0.845 1.9785e-31     18.000     17.827    -0.5497    -0.5487     0.0010    -0.5502    -0.5492     0.0010   2.804203   2.804208   0.000010    34.2834    34.2825     7.6348    27.5542    27.5533    34.2835    27.5542    1445.93    1445.93    -0.5502  1027.6448    34.4488 0.0000e+00
       7186 313.258708  -62.14288  -58.44348      0.859 6.9478e-10     19.000     18.817    -0.5494    -0.5486     0.0008    -0.5500    -0.5492     0.0008   2.804314   2.804264  -0.000047    34.2840    34.2825     7.6379    27.5546    27.5533    34.2841    27.5547    1445.95    1445.95    -0.5500  1027.6500    34.4494 0.0000e+00
       7215 313.258722  -62.14288  -58.44347      0.836     430.51     20.000     19.807    -0.5479    -0.5471     0.0008    -0.5485    -0.5476     0.0008   2.804412   2.804432   0.000011    34.2831    34.2823     7.6353    27.5538    27.5531    34.2831    27.5538    1445.97    1445.97    -0.5485  1027.6539    34.4483 0.0000e+00
       7245 313.258737  -62.14288  -58.44346      0.802    1442.72     21.000     20.797    -0.5479    -0.5470     0.0009    -0.5485    -0.5476     0.0009   2.804498   2.804481  -0.000008    34.2834    34.2823     7.6364    27.5541    27.5532    34.2836    27.5542    1445.98    1445.99    -0.5485  1027.6591    34.4488 0.0000e+00
       7275 313.258751  -62.14288  -58.44346      0.807    1445.97     22.000     21.788    -0.5481    -0.5472     0.0010    -0.5488    -0.5478     0.0010   2.804525   2.804516  -0.000016    34.2838    34.2824     7.6447    27.5543    27.5532    34.2837    27.5543    1446.00    1446.00    -0.5488  1027.6639    34.4489 0.0000e+00
       7303 313.258764  -62.14290  -58.44344      0.845    1445.97     23.000     22.778    -0.5479    -0.5470     0.0009    -0.5486    -0.5477     0.0009   2.804587   2.804579  -0.000003    34.2835    34.2824     7.6365    27.5541    27.5532    34.2836    27.5543    1446.02    1446.02    -0.5486  1027.6687    34.4489 0.0000e+00
       7330 313.258778  -62.14290  -58.44344      0.868    1445.97     24.000     23.768    -0.5475    -0.5468     0.0007    -0.5482    -0.5475     0.0007   2.804668   2.804657  -0.000017    34.2835    34.2825     7.6356    27.5541    27.5533    34.2837    27.5543    1446.04    1446.04    -0.5482  1027.6735    34.4489 0.0000e+00
       7359 313.258791  -62.14290  -58.44343      0.860    1445.97     25.000     24.759    -0.5467    -0.5458     0.0010    -0.5475    -0.5465     0.0010   2.804843   2.804823  -0.000017    34.2843    34.2830     7.6367    27.5547    27.5537    34.2845    27.5549    1446.06    1446.06    -0.5474  1027.6789    34.4497 0.0000e+00
       7388 313.258805  -62.14290  -58.44342      0.835    1445.97     26.000     25.749    -0.5462    -0.5453     0.0009    -0.5470    -0.5461     0.0009   2.804908   2.804914   0.000010    34.2839    34.2830     7.6369    27.5544    27.5537    34.2841    27.5546    1446.07    1446.08    -0.5470  1027.6834    34.4494 0.0000e+00
       7417 313.258819  -62.14290  -58.44342      0.818    1445.97     27.000     26.739    -0.5460    -0.5452     0.0009    -0.5468    -0.5460     0.0009   2.804967   2.804973   0.000006    34.2841    34.2832     7.6349    27.5545    27.5538    34.2841    27.5546    1446.09    1446.09    -0.5468  1027.6882    34.4494 0.0000e+00
       7446 313.258833  -62.14290  -58.44340      0.823    1445.97     28.000     27.730    -0.5461    -0.5452     0.0009    -0.5469    -0.5460     0.0009   2.805014   2.805014 -3.999e-07    34.2841    34.2831     7.6372    27.5546    27.5537    34.2842    27.5546    1446.11    1446.11    -0.5469  1027.6930    34.4495 0.0000e+00
       7474 313.258847  -62.14290  -58.44340      0.844    1445.97     29.000     28.720    -0.5462    -0.5453     0.0010    -0.5471    -0.5461     0.0010   2.805053   2.805046  -0.000009    34.2843    34.2830     7.6406    27.5547    27.5537    34.2843    27.5547    1446.12    1446.13    -0.5471  1027.6979    34.4496 0.0000e+00
       7501 313.258860  -62.14292  -58.44339      0.872    1445.97     30.000     29.710    -0.5463    -0.5454     0.0009    -0.5472    -0.5464     0.0009   2.805080   2.805070  -0.000011    34.2841    34.2830     7.6429    27.5546    27.5536    34.2841    27.5546    1446.14    1446.14    -0.5472  1027.7025    34.4494 0.0000e+00
       7528 313.258873  -62.14292  -58.44338      0.885    1445.97     31.000     30.700    -0.5464    -0.5455     0.0008    -0.5473    -0.5465     0.0008   2.805125   2.805113  -0.000013    34.2841    34.2830     7.6534    27.5546    27.5536    34.2842    27.5546    1446.16    1446.16    -0.5473  1027.7074    34.4495 0.0000e+00
       7557 313.258887  -62.14292  -58.44338      0.864    1445.97     32.000     31.691    -0.5463    -0.5455     0.0008    -0.5473    -0.5465     0.0008   2.805173   2.805158  -0.000014    34.2841    34.2830     7.6413    27.5545    27.5536    34.2841    27.5546    1446.17    1446.17    -0.5472  1027.7121    34.4495 0.0000e+00
       7586 313.258901  -62.14292  -58.44337      0.821    1445.97     33.000     32.681    -0.5464    -0.5456     0.0008    -0.5474    -0.5465     0.0008   2.805211   2.805210  -0.000003    34.2840    34.2831     7.6376    27.5545    27.5537    34.2841    27.5545    1446.19    1446.19    -0.5474  1027.7169    34.4494 0.0000e+00
       7615 313.258915  -62.14292  -58.44336      0.814    1445.97     34.000     33.671    -0.5463    -0.5455     0.0008    -0.5473    -0.5465     0.0008   2.805275   2.805265  -0.000007    34.2841    34.2831     7.6368    27.5546    27.5537    34.2842    27.5547    1446.20    1446.21    -0.5473  1027.7218    34.4496 0.0000e+00
       7643 313.258929  -62.14292  -58.44334      0.851    1445.97     35.000     34.661    -0.5463    -0.5454     0.0009    -0.5473    -0.5465     0.0009   2.805318   2.805313  -0.000005    34.2841    34.2831     7.6355    27.5546    27.5537    34.2842    27.5546    1446.22    1446.22    -0.5473  1027.7266    34.4496 0.0000e+00
       7670 313.258942  -62.14293  -58.44334      0.882    1445.97     36.000     35.651    -0.5465    -0.5455     0.0010    -0.5476    -0.5466     0.0010   2.805347   2.805340  -0.000004    34.2842    34.2830     7.6338    27.5547    27.5537    34.2843    27.5547    1446.24    1446.24    -0.5476  1027.7314    34.4497 0.0000e+00
       7698 313.258955  -62.14294  -58.44334      0.880    1445.97     37.000     36.642    -0.5474    -0.5465     0.0010    -0.5486    -0.5476     0.0010   2.805330   2.805327  -0.000003    34.2844    34.2833     7.6406    27.5549    27.5539    34.2844    27.5549    1446.25    1446.25    -0.5485  1027.7364    34.4498 0.0000e+00
       7726 313.258968  -62.14294  -58.44333      0.859    1445.97     38.000     37.632    -0.5478    -0.5470     0.0008    -0.5489    -0.5481     0.0008   2.805334   2.805323  -0.000005    34.2843    34.2833     7.6423    27.5548    27.5540    34.2842    27.5547    1446.26    1446.26    -0.5489  1027.7410    34.4497 0.0000e+00
       7754 313.258982  -62.14294  -58.44332      0.859    1445.97     39.000     38.622    -0.5467    -0.5462     0.0005    -0.5478    -0.5474     0.0005   2.805448   2.805430  -0.000024    34.2838    34.2829     7.6449    27.5544    27.5536    34.2839    27.5544    1446.28    1446.28    -0.5478  1027.7455    34.4493 0.0000e+00
       7780 313.258995  -62.14294  -58.44332      0.882    1445.97     40.000     39.612    -0.5472    -0.5460     0.0012    -0.5484    -0.5472     0.0012   2.805474   2.805491   0.000017    34.2842    34.2831     7.6446    27.5547    27.5538    34.2842    27.5547    1446.30    1446.30    -0.5484  1027.7506    34.4496 0.0000e+00
       7808 313.259008  -62.14294  -58.44330      0.889    1445.97     41.000     40.603    -0.5502    -0.5493     0.0009    -0.5515    -0.5505     0.0009   2.805346   2.805326  -0.000014    34.2855    34.2843     7.6351    27.5559    27.5548    34.2853    27.5557    1446.30    1446.30    -0.5514  1027.7564    34.4508 0.0000e+00
       7837 313.259022  -62.14294  -58.44330      0.847    1445.97     42.000     41.593    -0.5512    -0.5505     0.0007    -0.5525    -0.5518     0.0007   2.805291   2.805274  -0.000019    34.2853    34.2842     7.6373    27.5558    27.5548    34.2851    27.5556    1446.31    1446.32    -0.5524  1027.7611    34.4506 0.0000e+00
       7868 313.259037  -62.14295  -58.44329      0.783    1445.97     43.000     42.583    -0.5522    -0.5512     0.0010    -0.5535    -0.5525     0.0010   2.805271   2.805275   0.000028    34.2854    34.2846     7.6316    27.5559    27.5552    34.2853    27.5558    1446.32    1446.33    -0.5535  1027.7661    34.4508 0.0000e+00
       7899 313.259052  -62.14296  -58.44328      0.772    1445.97     44.000     43.573    -0.5539    -0.5547    -0.0007    -0.5553    -0.5560    -0.0007   2.805175   2.805052  -0.000142    34.2857    34.2846     7.6270    27.5562    27.5554    34.2854    27.5559    1446.33    1446.33    -0.5552  1027.7710    34.4509 0.0000e+00
       7926 313.259065  -62.14296  -58.44326      0.836    1445.97     45.000     44.564    -0.5553    -0.5548     0.0005    -0.5567    -0.5562     0.0005   2.805100   2.805085  -0.000013    34.2855    34.2848     7.6242    27.5561    27.5555    34.2853    27.5560    1446.34    1446.34    -0.5566  1027.7758    34.4508 0.0000e+00
       7952 313.259077  -62.14296  -58.44326      0.913    1445.97     46.000     45.553    -0.5560    -0.5561    -0.0001    -0.5574    -0.5575    -0.0001   2.805092   2.805000  -0.000085    34.2857    34.2847     7.6287    27.5563    27.5555    34.2853    27.5560    1446.35    1446.35    -0.5574  1027.7806    34.4508 0.0000e+00
       7977 313.259090  -62.14296  -58.44326      0.946    1445.97     47.000     46.544    -0.5569    -0.5572    -0.0003    -0.5583    -0.5586    -0.0003   2.805027   2.804981  -0.000063    34.2851    34.2845     7.6294    27.5558    27.5554    34.2849    27.5557    1446.37    1446.36    -0.5583  1027.7851    34.4504 0.0000e+00
       8004 313.259103  -62.14296  -58.44326      0.919    1445.97     48.000     47.534    -0.5612    -0.5595     0.0017    -0.5626    -0.5609     0.0017   2.804822   2.804836   0.000017    34.2867    34.2850     7.6300    27.5573    27.5559    34.2863    27.5570    1446.36    1446.37    -0.5626  1027.7913    34.4519 0.0000e+00
       8033 313.259116  -62.14296  -58.44324      0.856    1445.97     49.000     48.524    -0.5615    -0.5598     0.0018    -0.5630    -0.5612     0.0018   2.804818   2.804864   0.000045    34.2863    34.2849     7.6194    27.5571    27.5558    34.2860    27.5568    1446.38    1446.39    -0.5629  1027.7958    34.4516 0.0000e+00
       8062 313.259130  -62.14297  -58.44324      0.828    1445.97     50.000     49.514    -0.5653    -0.5642     0.0011    -0.5668    -0.5658     0.0011   2.804576   2.804535  -0.000042    34.2871    34.2853     7.6207    27.5579    27.5563    34.2864    27.5573    1446.38    1446.38    -0.5668  1027.8012    34.4520 0.0000e+00
       8090 313.259144  -62.14298  -58.44323      0.847    1445.97     51.000     50.505    -0.5628    -0.5620     0.0008    -0.5643    -0.5635     0.0008   2.804745   2.804769   0.000034    34.2850    34.2846     7.6199    27.5560    27.5557    34.2852    27.5563    1446.40    1446.41    -0.5643  1027.8048    34.4508 0.0000e+00
