Pos-Processados/process_op42/Processamento_split/down/doperantar42_001.cnv
* Sea-Bird SBE 9 Data File:
* FileName = C:\Users\Hidrografia\Desktop\OPXLII\Brutos\OP42001.hdr
* Software Version Seasave V 7.26.7.107
* Temperature SN = 6502
* Conductivity SN = 4998
* Number of Bytes Per Scan = 37
* Number of Voltage Words = 4
* Number of Scans Averaged by the Deck Unit = 1
* NMEA Latitude = 37 22.97 S
* NMEA Longitude = 051 25.37 W
* NMEA UTC (Time) = Oct 16 2023 02:33:28
* NMEA baud rate = 4800
** H41
** NPOALTEMAXIMIANO
** NUMERO DA ESTACAO (XXX) 001
** LAT (XX XX.XX S/N) 37 21.653 S
** LONG (XXX XX.XX W/E) 51 23.878 W
** DATAHORA (dd/mm/aaaa hh:mm Z) 16/10/2023 0155
** PROFUNDIDADE (m) 4344
** OPERADOR CT FILIPE LOPES
# nquan = 30
# nvalues = 1009                        
# units = specified
# name 0 = scan: Scan Count
# name 1 = timeJ: Julian Days
# name 2 = latitude: Latitude [deg]
# name 3 = longitude: Longitude [deg]
# name 4 = dz/dtM: Descent Rate [m/s]
# name 5 = avgsvCM: Average Sound Velocity [Chen-Millero, m/s]
# name 6 = prDM: Pressure, Digiquartz [db]
# name 7 = depSM: Depth [salt water, m]
# name 8 = t090C: Temperature [ITS-90, deg C]
# name 9 = t190C: Temperature, 2 [ITS-90, deg C]
# name 10 = T2-T190C: Temperature Difference, 2 - 1 [ITS-90, deg C]
# name 11 = potemp090C: Potential Temperature [ITS-90, deg C]
# name 12 = potemp190C: Potential Temperature, 2 [ITS-90, deg C]
# name 13 = potemp90Cdiff: Potential Temperature, Diff, 2 - 1 [ITS-90, deg C]
# name 14 = c0S/m: Conductivity [S/m]
# name 15 = c1S/m: Conductivity, 2 [S/m]
# name 16 = C2-C1S/m: Conductivity Difference, 2 - 1 [S/m]
# name 17 = sal00: Salinity, Practical [PSU]
# name 18 = sal11: Salinity, Practical, 2 [PSU]
# name 19 = sbeox0ML/L: Oxygen, SBE 43 [ml/l]
# name 20 = sigma-é00: Density [sigma-theta, kg/m^3]
# name 21 = sigma-é11: Density, 2 [sigma-theta, kg/m^3]
# name 22 = sal00: Salinity, Practical [PSU]
# name 23 = sigma-é00: Density [sigma-theta, kg/m^3]
# name 24 = svCM: Sound Velocity [Chen-Millero, m/s]
# name 25 = svCM1: Sound Velocity, 2 [Chen-Millero, m/s]
# name 26 = gsw_ptA0: potential temperature [ITS-90, deg C]
# name 27 = gsw_densityA0: density, TEOS-10 [density, kg/m^3]
# name 28 = gsw_saA0: Absolute Salinity [g/kg]
# name 29 = flag:
# span 0 =       6096,      39535       
# span 1 = 289.109514, 289.125639       
# span 2 =  -37.39418,  -37.38511       
# span 3 =  -51.43361,  -51.42393       
# span 4 =      0.048,      1.488       
# span 5 =       0.00,    1520.06       
# span 6 =      4.000,   1012.000       
# span 7 =      3.989,   1002.030       
# span 8 =     4.3462,    18.7327       
# span 9 =     4.3501,    18.7321       
# span 10 =    -0.0366,     0.0252      
# span 11 =     4.2674,    18.7261      
# span 12 =     4.2713,    18.7257      
# span 13 =    -0.0365,     0.0250      
# span 14 =   3.263527,   4.825247      
# span 15 =   3.263781,   4.825505      
# span 16 =  -0.003094,   0.003720      
# span 17 =    34.2023,    36.3480      
# span 18 =    34.2021,    36.3494      
# span 19 =     4.4729,     5.6362      
# span 20 =    26.0397,    27.1253      
# span 21 =    26.0404,    27.1245      
# span 22 =    34.2011,    36.3479      
# span 23 =    26.0401,    27.1250      
# span 24 =    1483.66,    1521.24      
# span 25 =    1483.66,    1521.24      
# span 26 =     4.2672,    18.7261      
# span 27 =  1026.0620,  1031.7787      
# span 28 =    34.3646,    36.5196      
# span 29 = 0.0000e+00, 0.0000e+00      
# interval = decibars: 1                
# start_time = Oct 16 2023 02:33:28 [NMEA time, header]
# bad_flag = -9.990e-29
*END*
[from data line 774]
      30563 289.121313  -37.39252  -51.43006      0.982    1507.80    778.000    770.774     5.6998     5.7008     0.0010     5.6324     5.6334     0.0010   3.378585   3.378690   0.000107    34.2623    34.2625     5.5696    27.0154    27.0155    34.2600    27.0136    1485.41    1485.41     5.6322  1030.5733    34.4229 0.0000e+00
      30589 289.121325  -37.39252  -51.43006      0.961    1507.80    779.000    771.763     5.6974     5.6981     0.0006     5.6300     5.6306     0.0006   3.378402   3.378476   0.000074    34.2618    34.2620     5.5773    27.0153    27.0154    34.2598    27.0138    1485.41    1485.42     5.6298  1030.5780    34.4228 0.0000e+00
      30618 289.121339  -37.39253  -51.43007      0.840    1507.80    780.000    772.752     5.6977     5.6983     0.0006     5.6301     5.6308     0.0006   3.378461   3.378551   0.000089    34.2613    34.2616     5.5776    27.0149    27.0151    34.2598    27.0137    1485.43    1485.43     5.6299  1030.5825    34.4227 0.0000e+00
      30647 289.121353  -37.39254  -51.43008      0.812    1507.80    781.000    773.740     5.6979     5.6985     0.0006     5.6302     5.6308     0.0006   3.378511   3.378602   0.000085    34.2611    34.2615     5.5773    27.0148    27.0150    34.2597    27.0136    1485.45    1485.45     5.6300  1030.5869    34.4226 0.0000e+00
      30674 289.121366  -37.39254  -51.43009      0.879    1507.80    782.000    774.729     5.6962     5.6974     0.0011     5.6285     5.6296     0.0011   3.378416   3.378521   0.000109    34.2609    34.2610     5.5797    27.0148    27.0147    34.2598    27.0139    1485.46    1485.46     5.6283  1030.5918    34.4227 0.0000e+00
      30723 289.121390  -37.39256  -51.43011      0.520    1507.80    783.000    775.719     5.6974     5.6972    -0.0002     5.6295     5.6294    -0.0002   3.378497   3.378538   0.000044    34.2600    34.2606     5.5792    27.0139    27.0145    34.2590    27.0132    1485.48    1485.48     5.6293  1030.5956    34.4220 0.0000e+00
      30778 289.121416  -37.39256  -51.43014      0.430    1507.80    784.000    776.707     5.6932     5.6934     0.0001     5.6253     5.6254     0.0001   3.378199   3.378202   0.000011    34.2602    34.2602     5.5761    27.0147    27.0146    34.2594    27.0140    1485.48    1485.48     5.6251  1030.6010    34.4223 0.0000e+00
      30803 289.121429  -37.39258  -51.43014      0.785    1507.80    785.000    777.696     5.6837     5.6853     0.0015     5.6158     5.6173     0.0015   3.377266   3.377352   0.000079    34.2599    34.2592     5.5793    27.0155    27.0148    34.2579    27.0140    1485.45    1485.46     5.6156  1030.6058    34.4209 0.0000e+00
      30824 289.121439  -37.39258  -51.43016      1.021    1507.80    786.000    778.684     5.6660     5.6677     0.0017     5.5980     5.5997     0.0017   3.375552   3.375549   0.000013    34.2594    34.2578     5.5795    27.0173    27.0158    34.2560    27.0146    1485.40    1485.40     5.5978  1030.6113    34.4190 0.0000e+00
      30847 289.121450  -37.39258  -51.43016      1.114    1507.80    787.000    779.673     5.6487     5.6476    -0.0011     5.5808     5.5796    -0.0011   3.373896   3.373704  -0.000200    34.2570    34.2559     5.5785    27.0175    27.0168    34.2543    27.0154    1485.34    1485.34     5.5806  1030.6169    34.4172 0.0000e+00
      30882 289.121466  -37.39258  -51.43017      0.782    1507.80    788.000    780.662     5.6321     5.6319    -0.0003     5.5642     5.5640    -0.0003   3.372263   3.372164  -0.000095    34.2553    34.2545     5.5824    27.0182    27.0176    34.2521    27.0156    1485.29    1485.29     5.5640  1030.6220    34.4150 0.0000e+00
      30919 289.121484  -37.39260  -51.43018      0.619    1507.80    789.000    781.651     5.5989     5.5995     0.0007     5.5311     5.5317     0.0007   3.368977   3.368962  -0.000025    34.2514    34.2505     5.6032    27.0192    27.0183    34.2480    27.0164    1485.17    1485.17     5.5309  1030.6280    34.4109 0.0000e+00
      30948 289.121498  -37.39260  -51.43020      0.787    1507.80    790.000    782.640     5.5927     5.5936     0.0008     5.5248     5.5257     0.0008   3.368353   3.368407   0.000050    34.2493    34.2490     5.6096    27.0182    27.0179    34.2467    27.0162    1485.16    1485.16     5.5247  1030.6324    34.4096 0.0000e+00
      30979 289.121514  -37.39261  -51.43021      0.788    1507.80    791.000    783.629     5.5867     5.5873     0.0006     5.5188     5.5194     0.0006   3.367804   3.367856   0.000049    34.2484    34.2484     5.6273    27.0182    27.0181    34.2461    27.0164    1485.15    1485.15     5.5186  1030.6373    34.4090 0.0000e+00
      31018 289.121532  -37.39262  -51.43023      0.622    1507.80    792.000    784.618     5.5789     5.5788    -0.0001     5.5110     5.5108    -0.0001   3.367065   3.367064   0.000008    34.2473    34.2475     5.6345    27.0183    27.0185    34.2451    27.0165    1485.13    1485.13     5.5108  1030.6422    34.4080 0.0000e+00
      31052 289.121548  -37.39262  -51.43024      0.682    1507.80    793.000    785.606     5.5709     5.5715     0.0005     5.5029     5.5035     0.0005   3.366356   3.366411   0.000050    34.2466    34.2466     5.6362    27.0187    27.0187    34.2447    27.0172    1485.12    1485.12     5.5027  1030.6475    34.4076 0.0000e+00
      31085 289.121565  -37.39264  -51.43026      0.736    1507.80    794.000    786.595     5.5665     5.5649    -0.0016     5.4985     5.4969    -0.0016   3.365991   3.365880  -0.000088    34.2463    34.2469     5.6294    27.0190    27.0197    34.2445    27.0176    1485.12    1485.11     5.4983  1030.6525    34.4074 0.0000e+00
      31136 289.121589  -37.39264  -51.43028      0.443    1507.80    795.000    787.584     5.5500     5.5460    -0.0040     5.4820     5.4780    -0.0040   3.364441   3.364150  -0.000303    34.2455    34.2461     5.6318    27.0203    27.0213    34.2431    27.0185    1485.06    1485.05     5.4818  1030.6595    34.4075 0.0000e+00
      31170 289.121605 -9.990e-29  -51.43029      0.639    1507.80    796.000    788.573     5.5416     5.5423     0.0007     5.4735     5.4742     0.0007   3.363752   3.363823   0.000066    34.2450    34.2450     5.6242    27.0211    27.0209    34.2434    27.0197    1485.05    1485.05     5.4733  1030.6667    34.4094 0.0000e+00
      31193 289.121616 -9.990e-29  -51.43030      0.916    1507.80    797.000    789.561     5.5393     5.5399     0.0006     5.4712     5.4717     0.0006   3.363615   3.363637   0.000023    34.2451    34.2448     5.6223    27.0214    27.0211    34.2436    27.0202    1485.05    1485.06     5.4709  1030.6717    34.4096 0.0000e+00
      31218 289.121629  -37.39266  -51.43030      0.998    1507.80    798.000    790.551     5.5369     5.5374     0.0006     5.4686     5.4692     0.0006   3.363441   3.363485   0.000042    34.2450    34.2449     5.6292    27.0216    27.0214    34.2437    27.0205    1485.06    1485.06     5.4684  1030.6765    34.4095 0.0000e+00
      31260 289.121649  -37.39266  -51.43032      0.576    1507.80    799.000    791.539     5.5310     5.5305    -0.0005     5.4627     5.4622    -0.0005   3.362910   3.362890  -0.000020    34.2447    34.2450     5.6236    27.0220    27.0223    34.2431    27.0208    1485.06    1485.05     5.4625  1030.6790    34.4058 0.0000e+00
      31294 289.121665  -37.39267  -51.43034      0.659    1507.80    800.000    792.528     5.5215     5.5223     0.0009     5.4531     5.4540     0.0009   3.362145   3.362153  -0.000002    34.2451    34.2442     5.6238    27.0235    27.0227    34.2436    27.0223    1485.03    1485.03     5.4529  1030.6854    34.4065 0.0000e+00
      31322 289.121679  -37.39268  -51.43034      0.835    1507.80    801.000    793.517     5.5197     5.5207     0.0010     5.4513     5.4523     0.0010   3.362003   3.362089   0.000086    34.2444    34.2443     5.6199    27.0232    27.0230    34.2433    27.0223    1485.04    1485.05     5.4511  1030.6900    34.4062 0.0000e+00
      31358 289.121696  -37.39268  -51.43036      0.723    1507.80    802.000    794.504     5.5199     5.5206     0.0006     5.4515     5.4520     0.0006   3.362044   3.362118   0.000069    34.2438    34.2440     5.6237    27.0227    27.0228    34.2430    27.0220    1485.06    1485.06     5.4512  1030.6942    34.4059 0.0000e+00
      31402 289.121717  -37.39268  -51.43038      0.518    1507.80    803.000    795.497     5.5206     5.5217     0.0011     5.4520     5.4531     0.0011   3.362185   3.362313   0.000130    34.2439    34.2443     5.6246    27.0227    27.0229    34.2434    27.0223    1485.08    1485.08     5.4518  1030.6990    34.4064 0.0000e+00
      31434 289.121733  -37.39270  -51.43039      0.700    1507.80    804.000    796.483     5.5203     5.5210     0.0007     5.4516     5.4523     0.0007   3.362240   3.362290   0.000048    34.2445    34.2443     5.6244    27.0232    27.0230    34.2438    27.0227    1485.09    1485.10     5.4514  1030.7051    34.4083 0.0000e+00
      31465 289.121748 -9.990e-29  -51.43040      0.788    1507.80    805.000    797.472     5.5199     5.5204     0.0006     5.4511     5.4517     0.0006   3.362227   3.362273   0.000046    34.2441    34.2440     5.6198    27.0230    27.0228    34.2437    27.0226    1485.11    1485.11     5.4509  1030.7108    34.4096 0.0000e+00
      31505 289.121767 -9.990e-29  -51.43042      0.626    1507.80    806.000    798.460     5.5207     5.5214     0.0008     5.4518     5.4525     0.0008   3.362341   3.362403   0.000062    34.2440    34.2439     5.6179    27.0228    27.0227    34.2437    27.0226    1485.13    1485.13     5.4516  1030.7153    34.4097 0.0000e+00
      31549 289.121788  -37.39272  -51.43044      0.538    1507.80    807.000    799.449     5.5214     5.5221     0.0007     5.4525     5.4531     0.0007   3.362477   3.362542   0.000065    34.2442    34.2442     5.6210    27.0229    27.0228    34.2440    27.0227    1485.15    1485.15     5.4522  1030.7179    34.4074 0.0000e+00
      31586 289.121806  -37.39272  -51.43045      0.630    1507.80    808.000    800.438     5.5213     5.5219     0.0006     5.4523     5.4529     0.0006   3.362534   3.362593   0.000058    34.2444    34.2444     5.6155    27.0231    27.0230    34.2442    27.0229    1485.16    1485.17     5.4521  1030.7223    34.4072 0.0000e+00
      31614 289.121820  -37.39272  -51.43046      0.785    1507.80    809.000    801.426     5.5213     5.5219     0.0007     5.4521     5.4528     0.0007   3.362584   3.362638   0.000054    34.2445    34.2444     5.6185    27.0232    27.0230    34.2444    27.0231    1485.18    1485.18     5.4519  1030.7270    34.4073 0.0000e+00
      31641 289.121832  -37.39274  -51.43048      0.895    1507.80    810.000    802.415     5.5212     5.5218     0.0007     5.4519     5.4526     0.0007   3.362634   3.362690   0.000055    34.2447    34.2446     5.6090    27.0233    27.0232    34.2445    27.0232    1485.20    1485.20     5.4518  1030.7316    34.4074 0.0000e+00
      31671 289.121847  -37.39274  -51.43048      0.840    1507.80    811.000    803.404     5.5212     5.5218     0.0007     5.4518     5.4525     0.0007   3.362716   3.362767   0.000052    34.2450    34.2449     5.6066    27.0236    27.0234    34.2450    27.0236    1485.22    1485.22     5.4517  1030.7366    34.4079 0.0000e+00
      31705 289.121864  -37.39274  -51.43049      0.697    1507.80    812.000    804.393     5.5214     5.5221     0.0007     5.4520     5.4527     0.0007   3.362802   3.362850   0.000049    34.2453    34.2451     5.6209    27.0238    27.0236    34.2452    27.0237    1485.23    1485.24     5.4518  1030.7413    34.4082 0.0000e+00
      31737 289.121879  -37.39274  -51.43050      0.738    1507.80    813.000    805.381     5.5217     5.5224     0.0008     5.4522     5.4529     0.0008   3.362945   3.363002   0.000057    34.2460    34.2459     5.6110    27.0244    27.0242    34.2461    27.0244    1485.25    1485.25     5.4520  1030.7478    34.4108 0.0000e+00
      31766 289.121893 -9.990e-29  -51.43052      0.811    1507.80    814.000    806.370     5.5220     5.5227     0.0007     5.4524     5.4531     0.0007   3.363105   3.363164   0.000060    34.2470    34.2470     5.6026    27.0251    27.0251    34.2471    27.0252    1485.27    1485.27     5.4522  1030.7541    34.4131 0.0000e+00
      31806 289.121912 -9.990e-29  -51.43053      0.645    1507.27    815.000    807.359     5.5230     5.5239     0.0010     5.4532     5.4542     0.0009   3.363406   3.363501   0.000091    34.2489    34.2490     5.5972    27.0265    27.0265    34.2490    27.0266    1485.29    1485.30     5.4530  1030.7601    34.4151 0.0000e+00
      31844 289.121931 -9.990e-29  -51.43055      0.584    1506.54    816.000    808.347     5.5312     5.5326     0.0013     5.4613     5.4627     0.0013   3.364717   3.364895   0.000177    34.2536    34.2542     5.5920    27.0292    27.0296    34.2550    27.0304    1485.35    1485.36     5.4612  1030.7682    34.4211 0.0000e+00
      31870 289.121943 -9.990e-29  -51.43056      0.820    1506.57    817.000    809.336     5.5370     5.5377     0.0007     5.4670     5.4677     0.0007   3.365412   3.365454   0.000046    34.2562    34.2560     5.5780    27.0306    27.0304    34.2566    27.0310    1485.39    1485.40     5.4668  1030.7732    34.4227 0.0000e+00
      31896 289.121956 -9.990e-29  -51.43057      0.938    1506.57    818.000    810.325     5.5384     5.5392     0.0008     5.4683     5.4690     0.0008   3.365618   3.365676   0.000059    34.2565    34.2564     5.5656    27.0307    27.0306    34.2570    27.0311    1485.41    1485.42     5.4681  1030.7779    34.4231 0.0000e+00
      31930 289.121972 -9.990e-29  -51.43058      0.767    1506.57    819.000    811.313     5.5398     5.5407     0.0009     5.4696     5.4705     0.0009   3.365834   3.365927   0.000089    34.2570    34.2571     5.5461    27.0310    27.0309    34.2576    27.0314    1485.44    1485.44     5.4694  1030.7826    34.4236 0.0000e+00
      31961 289.121987 -9.990e-29  -51.43060      0.711    1506.57    820.000    812.302     5.5437     5.5446     0.0008     5.4734     5.4743     0.0008   3.366372   3.366452   0.000081    34.2584    34.2585     5.5363    27.0317    27.0316    34.2592    27.0322    1485.47    1485.48     5.4732  1030.7879    34.4253 0.0000e+00
      31983 289.121997 -9.990e-29  -51.43061      0.935    1506.57    821.000    813.291     5.5455     5.5463     0.0007     5.4751     5.4758     0.0007   3.366615   3.366674   0.000059    34.2592    34.2591     5.5354    27.0320    27.0319    34.2597    27.0324    1485.50    1485.50     5.4749  1030.7926    34.4257 0.0000e+00
      32002 289.122007 -9.990e-29  -51.43062      1.144    1506.57    822.000    814.280     5.5438     5.5443     0.0005     5.4732     5.4738     0.0005   3.366519   3.366517   0.000011    34.2599    34.2595     5.5353    27.0328    27.0324    34.2598    27.0328    1485.51    1485.51     5.4731  1030.7975    34.4259 0.0000e+00
      32023 289.122017  -37.39279  -51.43062      1.210    1506.57    823.000    815.268     5.5354     5.5358     0.0004     5.4648     5.4652     0.0004   3.365850   3.365703  -0.000126    34.2607    34.2589     5.5314    27.0344    27.0330    34.2602    27.0341    1485.49    1485.49     5.4647  1030.8034    34.4261 0.0000e+00
      32070 289.122039  -37.39281  -51.43064      0.570    1506.57    824.000    816.257     5.5353     5.5317    -0.0036     5.4647     5.4611    -0.0036   3.365679   3.365377  -0.000307    34.2581    34.2583     5.5195    27.0324    27.0330    34.2579    27.0323    1485.50    1485.49     5.4645  1030.8039    34.4209 0.0000e+00
