Pos-Processados/process_op42/Processamento_split/down/doperantar42_044.cnv
* Sea-Bird SBE 9 Data File:
* FileName = C:\Users\Hidrografia\Desktop\OPXLII\Brutos\OP42044.hdr
* Software Version Seasave V 7.26.7.107
* Temperature SN = 6502
* Conductivity SN = 4998
* Number of Bytes Per Scan = 37
* Number of Voltage Words = 4
* Number of Scans Averaged by the Deck Unit = 1
* NMEA Latitude = 62 08.87 S
* NMEA Longitude = 058 26.12 W
* NMEA UTC (Time) = Nov 09 2023 19:07:43
* NMEA baud rate = 4800
** H41
** NPOALTEMAXIMIANO
** NUMERO DA ESTACAO (XXX) 044
** LAT (XX XX.XX S/N) 62 08.851 S
** LONG (XXX XX.XX W/E) 058 26.159 W
** DATAHORA (dd/mm/aaaa hh:mm Z) 09/11/2023 1907Z
** PROFUNDIDADE (m) 375
** OPERADOR CT FABIREZA
# nquan = 30
# nvalues = 366                         
# units = specified
# name 0 = scan: Scan Count
# name 1 = timeJ: Julian Days
# name 2 = latitude: Latitude [deg]
# name 3 = longitude: Longitude [deg]
# name 4 = dz/dtM: Descent Rate [m/s]
# name 5 = avgsvCM: Average Sound Velocity [Chen-Millero, m/s]
# name 6 = prDM: Pressure, Digiquartz [db]
# name 7 = depSM: Depth [salt water, m]
# name 8 = t090C: Temperature [ITS-90, deg C]
# name 9 = t190C: Temperature, 2 [ITS-90, deg C]
# name 10 = T2-T190C: Temperature Difference, 2 - 1 [ITS-90, deg C]
# name 11 = potemp090C: Potential Temperature [ITS-90, deg C]
# name 12 = potemp190C: Potential Temperature, 2 [ITS-90, deg C]
# name 13 = potemp90Cdiff: Potential Temperature, Diff, 2 - 1 [ITS-90, deg C]
# name 14 = c0S/m: Conductivity [S/m]
# name 15 = c1S/m: Conductivity, 2 [S/m]
# name 16 = C2-C1S/m: Conductivity Difference, 2 - 1 [S/m]
# name 17 = sal00: Salinity, Practical [PSU]
# name 18 = sal11: Salinity, Practical, 2 [PSU]
# name 19 = sbeox0ML/L: Oxygen, SBE 43 [ml/l]
# name 20 = sigma-é00: Density [sigma-theta, kg/m^3]
# name 21 = sigma-é11: Density, 2 [sigma-theta, kg/m^3]
# name 22 = sal00: Salinity, Practical [PSU]
# name 23 = sigma-é00: Density [sigma-theta, kg/m^3]
# name 24 = svCM: Sound Velocity [Chen-Millero, m/s]
# name 25 = svCM1: Sound Velocity, 2 [Chen-Millero, m/s]
# name 26 = gsw_ptA0: potential temperature [ITS-90, deg C]
# name 27 = gsw_densityA0: density, TEOS-10 [density, kg/m^3]
# name 28 = gsw_saA0: Absolute Salinity [g/kg]
# name 29 = flag:
# span 0 =       1927,      13647       
# span 1 = 313.797955, 313.803606       
# span 2 =  -62.15166,  -62.14847       
# span 3 =  -58.43472,  -58.43110       
# span 4 =      0.022,      1.021       
# span 5 =       0.00,    1448.19       
# span 6 =      3.000,    368.000       
# span 7 =      2.977,    364.128       
# span 8 =    -0.7877,    -0.5306       
# span 9 =    -0.7869,    -0.5289       
# span 10 =    -0.0079,     0.0074      
# span 11 =    -0.7949,    -0.5308      
# span 12 =    -0.7942,    -0.5290      
# span 13 =    -0.0079,     0.0074      
# span 14 =   2.796121,   2.818413      
# span 15 =   2.796110,   2.818273      
# span 16 =  -0.000542,   0.000408      
# span 17 =    34.2781,    34.3574      
# span 18 =    34.2789,    34.3558      
# span 19 =     7.0579,     7.6348      
# span 20 =    27.5506,    27.6183      
# span 21 =    27.5495,    27.6170      
# span 22 =    34.2784,    34.3575      
# span 23 =    27.5507,    27.6183      
# span 24 =    1445.76,    1451.32      
# span 25 =    1445.77,    1451.32      
# span 26 =    -0.7948,    -0.5308      
# span 27 =  1027.5696,  1029.3792      
# span 28 =    34.4414,    34.5255      
# span 29 = 0.0000e+00, 0.0000e+00      
# interval = decibars: 1                
# start_time = Nov 09 2023 19:07:43 [NMEA time, header]
# bad_flag = -9.990e-29
*END*
       1927 313.797955  -62.14847  -58.43472      0.022       0.00      3.000      2.977    -0.5321    -0.5289     0.0032    -0.5322    -0.5290     0.0032   2.804732   2.804914   0.000150    34.2805    34.2789     7.6265    27.5509    27.5495    34.2802    27.5507    1445.76    1445.78    -0.5322  1027.5696    34.4455 0.0000e+00
       2219 313.798095  -62.14855  -58.43462      0.204       0.00      4.000      3.968    -0.5346    -0.5341     0.0005    -0.5347    -0.5342     0.0005   2.804626   2.804568  -0.000045    34.2808    34.2796     7.6226    27.5513    27.5503    34.2809    27.5514    1445.77    1445.77    -0.5347  1027.5751    34.4463 0.0000e+00
       2260 313.798115  -62.14857  -58.43460      0.486       0.00      5.000      4.951    -0.5306    -0.5302     0.0005    -0.5308    -0.5303     0.0005   2.805017   2.804998  -0.000027    34.2809    34.2801     7.6239    27.5513    27.5506    34.2810    27.5514    1445.80    1445.80    -0.5308  1027.5798    34.4464 0.0000e+00
       2310 313.798139  -62.14858  -58.43459      0.476       0.00      6.000      5.945    -0.5328    -0.5319     0.0009    -0.5330    -0.5321     0.0009   2.804915   2.804901  -0.000011    34.2816    34.2804     7.6348    27.5519    27.5509    34.2815    27.5518    1445.81    1445.81    -0.5330  1027.5847    34.4465 0.0000e+00
       2353 313.798160 -9.990e-29  -58.43457      0.553       0.00      7.000      6.932    -0.5331    -0.5325     0.0006    -0.5333    -0.5327     0.0006   2.804847   2.804918   0.000089    34.2799    34.2805     7.6327    27.5506    27.5510    34.2803    27.5509    1445.82    1445.82    -0.5333  1027.5858    34.4419 0.0000e+00
       2395 313.798180 -9.990e-29  -58.43456      0.570 2.5930e-08      8.000      7.924    -0.5334    -0.5329     0.0005    -0.5336    -0.5331     0.0005   2.804964   2.804897  -0.000066    34.2815    34.2801     7.6272    27.5519    27.5507    34.2815    27.5519    1445.84    1445.84    -0.5336  1027.5917    34.4432 0.0000e+00
       2433 313.798198  -62.14862  -58.43454      0.635       0.13      9.000      8.913    -0.5317    -0.5309     0.0008    -0.5320    -0.5311     0.0008   2.805129   2.805123  -0.000010    34.2812    34.2801     7.6211    27.5516    27.5507    34.2813    27.5516    1445.86    1445.86    -0.5320  1027.5981    34.4453 0.0000e+00
       2471 313.798216  -62.14862  -58.43454      0.638       0.00     10.000      9.904    -0.5322    -0.5313     0.0009    -0.5325    -0.5315     0.0009   2.805141   2.805146   0.000007    34.2813    34.2804     7.6122    27.5516    27.5509    34.2813    27.5517    1445.88    1445.88    -0.5325  1027.6040    34.4467 0.0000e+00
       2514 313.798237  -62.14864  -58.43452      0.556 3.8152e-16     11.000     10.894    -0.5333    -0.5323     0.0010    -0.5336    -0.5326     0.0010   2.805121   2.805120  -0.000002    34.2818    34.2806     7.6140    27.5521    27.5511    34.2817    27.5520    1445.89    1445.89    -0.5336  1027.6092    34.4471 0.0000e+00
       2555 313.798257  -62.14865  -58.43450      0.569       0.06     12.000     11.884    -0.5332    -0.5321     0.0012    -0.5336    -0.5324     0.0012   2.805173   2.805189   0.000010    34.2817    34.2805     7.6178    27.5520    27.5510    34.2817    27.5520    1445.90    1445.91    -0.5336  1027.6139    34.4471 0.0000e+00
       2591 313.798274  -62.14866  -58.43450      0.669      -0.00     13.000     12.875    -0.5326    -0.5314     0.0012    -0.5330    -0.5318     0.0012   2.805266   2.805291   0.000023    34.2816    34.2806     7.6235    27.5519    27.5510    34.2816    27.5519    1445.92    1445.93    -0.5330  1027.6186    34.4469 0.0000e+00
       2625 313.798291  -62.14866  -58.43448      0.693 1.8828e-36     14.000     13.865    -0.5393    -0.5375     0.0018    -0.5397    -0.5379     0.0018   2.804788   2.804830   0.000049    34.2826    34.2813     7.6282    27.5531    27.5519    34.2821    27.5526    1445.91    1445.92    -0.5397  1027.6228    34.4458 0.0000e+00
       2662 313.798309 -9.990e-29  -58.43447      0.663 5.8971e-09     15.000     14.856    -0.5411    -0.5402     0.0009    -0.5416    -0.5407     0.0009   2.804656   2.804671   0.000012    34.2821    34.2812     7.6272    27.5527    27.5520    34.2818    27.5525    1445.92    1445.92    -0.5415  1027.6258    34.4435 0.0000e+00
       2702 313.798328 -9.990e-29  -58.43446      0.605       0.15     16.000     15.846    -0.5416    -0.5405     0.0012    -0.5421    -0.5409     0.0012   2.804672   2.804702   0.000031    34.2822    34.2812     7.6168    27.5528    27.5520    34.2820    27.5526    1445.93    1445.93    -0.5421  1027.6307    34.4437 0.0000e+00
       2741 313.798347  -62.14870  -58.43444      0.601      -0.00     17.000     16.836    -0.5416    -0.5412     0.0004    -0.5421    -0.5418     0.0004   2.804720   2.804679  -0.000035    34.2821    34.2812     7.6178    27.5527    27.5520    34.2820    27.5527    1445.95    1445.95    -0.5421  1027.6381    34.4469 0.0000e+00
       2773 313.798362  -62.14870  -58.43444      0.726 1.6110e-28     18.000     17.827    -0.5406    -0.5401     0.0005    -0.5412    -0.5406     0.0005   2.804847   2.804804  -0.000032    34.2820    34.2810     7.6161    27.5526    27.5518    34.2820    27.5526    1445.97    1445.97    -0.5411  1027.6431    34.4472 0.0000e+00
       2804 313.798377  -62.14871  -58.43443      0.770       0.00     19.000     18.817    -0.5415    -0.5412     0.0002    -0.5420    -0.5418     0.0002   2.804800   2.804780  -0.000025    34.2817    34.2811     7.6165    27.5524    27.5519    34.2817    27.5524    1445.98    1445.98    -0.5420  1027.6476    34.4469 0.0000e+00
       2840 313.798395  -62.14872  -58.43442      0.690      86.59     20.000     19.807    -0.5445    -0.5434     0.0011    -0.5451    -0.5440     0.0011   2.804587   2.804617   0.000036    34.2820    34.2812     7.6123    27.5528    27.5521    34.2816    27.5525    1445.98    1445.99    -0.5451  1027.6525    34.4468 0.0000e+00
       2878 313.798413  -62.14873  -58.43440      0.631 -9.990e-29     21.000     20.797    -0.5447    -0.5453    -0.0006    -0.5454    -0.5460    -0.0006   2.804612   2.804520  -0.000096    34.2816    34.2810     7.6161    27.5525    27.5520    34.2816    27.5525    1446.00    1445.99    -0.5453  1027.6573    34.4468 0.0000e+00
       2911 313.798429  -62.14874  -58.43440      0.697 -9.990e-29     22.000     21.788    -0.5435    -0.5425     0.0010    -0.5442    -0.5432     0.0010   2.804798   2.804790  -0.000003    34.2821    34.2809     7.6147    27.5528    27.5518    34.2822    27.5529    1446.02    1446.02    -0.5442  1027.6625    34.4474 0.0000e+00
       2939 313.798443  -62.14874  -58.43438      0.809    1425.17     23.000     22.778    -0.5475    -0.5470     0.0005    -0.5482    -0.5477     0.0005   2.804514   2.804469  -0.000047    34.2827    34.2815     7.6197    27.5535    27.5525    34.2822    27.5531    1446.02    1446.02    -0.5482  1027.6675    34.4474 0.0000e+00
       2967 313.798456  -62.14876  -58.43437      0.872    1446.20     24.000     23.768    -0.5463    -0.5456     0.0008    -0.5471    -0.5463     0.0008   2.804678   2.804661  -0.000022    34.2824    34.2812     7.6227    27.5532    27.5522    34.2825    27.5532    1446.04    1446.04    -0.5470  1027.6725    34.4477 0.0000e+00
       2995 313.798469  -62.14876  -58.43436      0.867    1445.99     25.000     24.759    -0.5473    -0.5463     0.0010    -0.5480    -0.5470     0.0010   2.804612   2.804637   0.000030    34.2823    34.2815     7.6173    27.5531    27.5525    34.2820    27.5529    1446.05    1446.05    -0.5480  1027.6769    34.4473 0.0000e+00
       3024 313.798483  -62.14877  -58.43435      0.842    1445.99     26.000     25.749    -0.5484    -0.5476     0.0007    -0.5492    -0.5484     0.0007   2.804585   2.804563  -0.000024    34.2825    34.2813     7.6196    27.5534    27.5524    34.2823    27.5532    1446.06    1446.06    -0.5492  1027.6820    34.4476 0.0000e+00
       3053 313.798497  -62.14878  -58.43434      0.826    1445.99     27.000     26.739    -0.5491    -0.5480     0.0010    -0.5499    -0.5488     0.0010   2.804548   2.804579   0.000031    34.2821    34.2813     7.6175    27.5530    27.5524    34.2819    27.5529    1446.08    1446.08    -0.5499  1027.6865    34.4472 0.0000e+00
       3083 313.798512  -62.14878  -58.43434      0.806    1445.99     28.000     27.729    -0.5497    -0.5488     0.0008    -0.5505    -0.5497     0.0008   2.804573   2.804547  -0.000029    34.2825    34.2812     7.6145    27.5534    27.5523    34.2823    27.5533    1446.09    1446.09    -0.5505  1027.6917    34.4476 0.0000e+00
       3111 313.798525  -62.14880  -58.43433      0.824    1445.99     29.000     28.720    -0.5495    -0.5488     0.0007    -0.5503    -0.5497     0.0007   2.804601   2.804607   0.000007    34.2818    34.2811     7.6152    27.5528    27.5522    34.2819    27.5529    1446.10    1446.11    -0.5503  1027.6961    34.4472 0.0000e+00
       3137 313.798538  -62.14880  -58.43432      0.891    1445.99     30.000     29.710    -0.5487    -0.5480     0.0007    -0.5496    -0.5489     0.0007   2.804754   2.804720  -0.000031    34.2825    34.2812     7.6134    27.5534    27.5523    34.2824    27.5533    1446.13    1446.13    -0.5496  1027.7013    34.4477 0.0000e+00
       3162 313.798550  -62.14881  -58.43431      0.951    1445.99     31.000     30.700    -0.5483    -0.5477     0.0007    -0.5493    -0.5486     0.0007   2.804823   2.804790  -0.000032    34.2823    34.2811     7.6039    27.5532    27.5522    34.2823    27.5532    1446.14    1446.14    -0.5492  1027.7060    34.4477 0.0000e+00
       3191 313.798564  -62.14882  -58.43430      0.877    1445.99     32.000     31.691    -0.5481    -0.5474     0.0008    -0.5491    -0.5483     0.0008   2.804865   2.804863  -0.000004    34.2821    34.2811     7.5965    27.5530    27.5522    34.2820    27.5530    1446.16    1446.16    -0.5490  1027.7105    34.4474 0.0000e+00
       3222 313.798579  -62.14882  -58.43428      0.771    1445.99     33.000     32.681    -0.5481    -0.5473     0.0008    -0.5491    -0.5483     0.0008   2.804906   2.804897  -0.000011    34.2820    34.2809     7.6093    27.5529    27.5521    34.2820    27.5529    1446.18    1446.18    -0.5491  1027.7153    34.4473 0.0000e+00
       3249 313.798592  -62.14884  -58.43428      0.842    1445.99     34.000     33.671    -0.5478    -0.5471     0.0008    -0.5488    -0.5481     0.0008   2.805002   2.804974  -0.000032    34.2823    34.2810     7.6160    27.5532    27.5521    34.2823    27.5532    1446.19    1446.20    -0.5488  1027.7203    34.4477 0.0000e+00
       3275 313.798604  -62.14884  -58.43426      0.919    1445.99     35.000     34.661    -0.5471    -0.5463     0.0007    -0.5481    -0.5474     0.0007   2.805106   2.805092  -0.000012    34.2821    34.2811     7.6197    27.5530    27.5521    34.2822    27.5531    1446.21    1446.22    -0.5481  1027.7250    34.4476 0.0000e+00
       3301 313.798617  -62.14885  -58.43426      0.929    1445.99     36.000     35.652    -0.5472    -0.5463     0.0008    -0.5482    -0.5474     0.0008   2.805140   2.805129  -0.000011    34.2822    34.2811     7.6189    27.5531    27.5521    34.2822    27.5531    1446.23    1446.23    -0.5483  1027.7298    34.4476 0.0000e+00
       3328 313.798630  -62.14886  -58.43425      0.907    1445.99     37.000     36.642    -0.5475    -0.5466     0.0008    -0.5486    -0.5477     0.0008   2.805155   2.805139  -0.000015    34.2820    34.2809     7.6035    27.5529    27.5520    34.2821    27.5530    1446.24    1446.25    -0.5486  1027.7345    34.4475 0.0000e+00
       3355 313.798643  -62.14886  -58.43424      0.881    1445.99     38.000     37.632    -0.5476    -0.5468     0.0008    -0.5487    -0.5479     0.0008   2.805183   2.805178  -0.000005    34.2820    34.2810     7.6052    27.5529    27.5521    34.2820    27.5529    1446.26    1446.26    -0.5487  1027.7392    34.4474 0.0000e+00
       3384 313.798657  -62.14886  -58.43424      0.850    1445.99     39.000     38.622    -0.5487    -0.5472     0.0015    -0.5499    -0.5484     0.0015   2.805131   2.805183   0.000039    34.2821    34.2809     7.6108    27.5531    27.5521    34.2820    27.5530    1446.27    1446.28    -0.5499  1027.7441    34.4474 0.0000e+00
       3412 313.798670  -62.14888  -58.43422      0.849    1445.99     40.000     39.612    -0.5496    -0.5480     0.0016    -0.5508    -0.5492     0.0016   2.805095   2.805151   0.000061    34.2819    34.2810     7.6099    27.5529    27.5521    34.2818    27.5528    1446.28    1446.29    -0.5508  1027.7488    34.4472 0.0000e+00
       3439 313.798683  -62.14888  -58.43422      0.883    1445.99     41.000     40.602    -0.5499    -0.5495     0.0004    -0.5512    -0.5507     0.0004   2.805087   2.805073 2.4873e-07    34.2814    34.2809     7.6151    27.5526    27.5521    34.2815    27.5526    1446.30    1446.30    -0.5511  1027.7533    34.4469 0.0000e+00
       3465 313.798696  -62.14888  -58.43422      0.916    1445.99     42.000     41.593    -0.5488    -0.5482     0.0006    -0.5501    -0.5495     0.0006   2.805215   2.805230   0.000008    34.2813    34.2808     7.6202    27.5524    27.5520    34.2813    27.5524    1446.32    1446.32    -0.5500  1027.7579    34.4468 0.0000e+00
       3494 313.798710  -62.14890  -58.43420      0.860    1445.99     43.000     42.583    -0.5498    -0.5487     0.0011    -0.5511    -0.5500     0.0011   2.805191   2.805219   0.000017    34.2819    34.2808     7.6213    27.5529    27.5520    34.2815    27.5527    1446.33    1446.33    -0.5511  1027.7629    34.4470 0.0000e+00
       3528 313.798726  -62.14891  -58.43419      0.722    1445.99     44.000     43.573    -0.5588    -0.5559     0.0029    -0.5601    -0.5573     0.0029   2.804462   2.804624   0.000164    34.2820    34.2809     7.6170    27.5534    27.5524    34.2813    27.5529    1446.30    1446.32    -0.5601  1027.7679    34.4468 0.0000e+00
       3560 313.798742  -62.14892  -58.43418      0.729    1445.99     45.000     44.563    -0.5574    -0.5565     0.0009    -0.5587    -0.5579     0.0009   2.804633   2.804631  -0.000006    34.2812    34.2801     7.6134    27.5527    27.5518    34.2813    27.5528    1446.33    1446.33    -0.5587  1027.7727    34.4468 0.0000e+00
       3589 313.798756  -62.14892  -58.43416      0.801    1445.99     46.000     45.554    -0.5559    -0.5548     0.0011    -0.5573    -0.5562     0.0011   2.804782   2.804805   0.000038    34.2812    34.2804     7.6171    27.5526    27.5520    34.2810    27.5525    1446.35    1446.35    -0.5572  1027.7772    34.4465 0.0000e+00
       3616 313.798769  -62.14893  -58.43415      0.864    1445.99     47.000     46.544    -0.5547    -0.5550    -0.0003    -0.5561    -0.5564    -0.0003   2.804942   2.804863  -0.000090    34.2811    34.2803     7.6189    27.5525    27.5519    34.2812    27.5526    1446.37    1446.37    -0.5561  1027.7821    34.4467 0.0000e+00
       3643 313.798782  -62.14894  -58.43414      0.907    1445.99     48.000     47.534    -0.5539    -0.5536     0.0002    -0.5553    -0.5550     0.0002   2.805053   2.805034  -0.000020    34.2809    34.2804     7.6147    27.5524    27.5519    34.2811    27.5525    1446.39    1446.39    -0.5553  1027.7868    34.4467 0.0000e+00
       3670 313.798795  -62.14895  -58.43413      0.891    1445.99     49.000     48.524    -0.5525    -0.5514     0.0011    -0.5540    -0.5529     0.0011   2.805217   2.805257   0.000048    34.2811    34.2805     7.6185    27.5524    27.5519    34.2812    27.5525    1446.41    1446.42    -0.5539  1027.7915    34.4467 0.0000e+00
       3700 313.798809  -62.14896  -58.43412      0.820    1445.99     50.000     49.514    -0.5520    -0.5512     0.0007    -0.5535    -0.5528     0.0007   2.805315   2.805325   0.000006    34.2813    34.2805     7.6173    27.5526    27.5519    34.2813    27.5526    1446.43    1446.43    -0.5535  1027.7964    34.4469 0.0000e+00
