Pos-Processados/process_op42/Processamento_split/down/doperantar42_020.cnv
* Sea-Bird SBE 9 Data File:
* FileName = C:\Users\Hidrografia\Desktop\OPXLII\Brutos\OP42020.hdr
* Software Version Seasave V 7.26.7.107
* Temperature SN = 6502
* Conductivity SN = 4998
* Number of Bytes Per Scan = 37
* Number of Voltage Words = 4
* Number of Scans Averaged by the Deck Unit = 1
* NMEA Latitude = 62 08.28 S
* NMEA Longitude = 058 26.46 W
* NMEA UTC (Time) = Nov 07 2023 17:35:19
* NMEA baud rate = 4800
** H41
** NPOALTEMAXIMIANO
** NUMERO DA ESTACAO (XXX) 020
** LAT (XX XX.XX S/N) 62 08.46 S
** LONG (XXX XX.XX W/E) 058 26.12 W
** DATAHORA (dd/mm/aaaa hh:mm Z) 07/11/2023 1734Z
** PROFUNDIDADE (m) 423
** OPERADOR CT FILIPE LOPES
# nquan = 30
# nvalues = 373                         
# units = specified
# name 0 = scan: Scan Count
# name 1 = timeJ: Julian Days
# name 2 = latitude: Latitude [deg]
# name 3 = longitude: Longitude [deg]
# name 4 = dz/dtM: Descent Rate [m/s]
# name 5 = avgsvCM: Average Sound Velocity [Chen-Millero, m/s]
# name 6 = prDM: Pressure, Digiquartz [db]
# name 7 = depSM: Depth [salt water, m]
# name 8 = t090C: Temperature [ITS-90, deg C]
# name 9 = t190C: Temperature, 2 [ITS-90, deg C]
# name 10 = T2-T190C: Temperature Difference, 2 - 1 [ITS-90, deg C]
# name 11 = potemp090C: Potential Temperature [ITS-90, deg C]
# name 12 = potemp190C: Potential Temperature, 2 [ITS-90, deg C]
# name 13 = potemp90Cdiff: Potential Temperature, Diff, 2 - 1 [ITS-90, deg C]
# name 14 = c0S/m: Conductivity [S/m]
# name 15 = c1S/m: Conductivity, 2 [S/m]
# name 16 = C2-C1S/m: Conductivity Difference, 2 - 1 [S/m]
# name 17 = sal00: Salinity, Practical [PSU]
# name 18 = sal11: Salinity, Practical, 2 [PSU]
# name 19 = sbeox0ML/L: Oxygen, SBE 43 [ml/l]
# name 20 = sigma-é00: Density [sigma-theta, kg/m^3]
# name 21 = sigma-é11: Density, 2 [sigma-theta, kg/m^3]
# name 22 = sal00: Salinity, Practical [PSU]
# name 23 = sigma-é00: Density [sigma-theta, kg/m^3]
# name 24 = svCM: Sound Velocity [Chen-Millero, m/s]
# name 25 = svCM1: Sound Velocity, 2 [Chen-Millero, m/s]
# name 26 = gsw_ptA0: potential temperature [ITS-90, deg C]
# name 27 = gsw_densityA0: density, TEOS-10 [density, kg/m^3]
# name 28 = gsw_saA0: Absolute Salinity [g/kg]
# name 29 = flag:
# span 0 =       7172,      18653       
# span 1 = 311.736317, 311.741854       
# span 2 =  -62.13967,  -62.13878       
# span 3 =  -58.44138,  -58.44100       
# span 4 =     -0.339,      1.167       
# span 5 =       0.00,    1448.46       
# span 6 =      3.000,    375.000       
# span 7 =      2.969,    371.064       
# span 8 =    -0.8189,    -0.4525       
# span 9 =    -0.8195,    -0.4542       
# span 10 =    -0.0022,     0.0126      
# span 11 =    -0.8237,    -0.4654      
# span 12 =    -0.8243,    -0.4670      
# span 13 =    -0.0022,     0.0126      
# span 14 =   2.790474,   2.839313      
# span 15 =   2.790332,   2.839083      
# span 16 =  -0.000268,   0.000941      
# span 17 =    34.2743,    34.4268      
# span 18 =    34.2778,    34.4258      
# span 19 =     6.5110,     7.7408      
# span 20 =    27.5447,    27.6663      
# span 21 =    27.5472,    27.6656      
# span 22 =    34.2761,    34.4274      
# span 23 =    27.5462,    27.6668      
# span 24 =    1445.68,    1452.37      
# span 25 =    1445.68,    1452.36      
# span 26 =    -0.8236,    -0.4651      
# span 27 =  1027.5714,  1029.4568      
# span 28 =    34.4414,    34.5957      
# span 29 = 0.0000e+00, 0.0000e+00      
# interval = decibars: 1                
# start_time = Nov 07 2023 17:35:19 [NMEA time, header]
# bad_flag = -9.990e-29
*END*
[from data line 146]
      11629 311.738467  -62.13912  -58.44114      0.951    1446.35    149.000    147.517    -0.7634    -0.7632     0.0003    -0.7678    -0.7676     0.0003   2.794189   2.794141  -0.000055    34.3096    34.3085     7.4640    27.5846    27.5838    34.3095    27.5846    1447.09    1447.09    -0.7677  1028.3031    34.4764 0.0000e+00
      11657 311.738480  -62.13912  -58.44114      0.875    1446.35    150.000    148.507    -0.7611    -0.7604     0.0007    -0.7655    -0.7648     0.0007   2.794478   2.794490   0.000010    34.3101    34.3094     7.4600    27.5850    27.5844    34.3102    27.5850    1447.12    1447.12    -0.7654  1028.3083    34.4771 0.0000e+00
      11681 311.738492  -62.13912  -58.44114      0.928    1446.35    151.000    149.497    -0.7657    -0.7645     0.0013    -0.7702    -0.7689     0.0013   2.794152   2.794164   0.000018    34.3114    34.3102     7.4583    27.5862    27.5852    34.3104    27.5854    1447.11    1447.12    -0.7700  1028.3135    34.4773 0.0000e+00
      11703 311.738502  -62.13913  -58.44114      1.029    1446.35    152.000    150.486    -0.7749    -0.7749    -0.0000    -0.7794    -0.7793    -0.0000   2.793469   2.793414  -0.000048    34.3116    34.3110     7.4586    27.5868    27.5862    34.3109    27.5862    1447.09    1447.09    -0.7792  1028.3191    34.4779 0.0000e+00
      11725 311.738513  -62.13914  -58.44114      1.101    1446.35    153.000    151.476    -0.7768    -0.7762     0.0006    -0.7813    -0.7807     0.0006   2.793383   2.793374  -0.000019    34.3118    34.3108     7.4419    27.5869    27.5862    34.3113    27.5866    1447.09    1447.10    -0.7812  1028.3243    34.4783 0.0000e+00
      11749 311.738524  -62.13914  -58.44114      1.070    1446.35    154.000    152.466    -0.7765    -0.7759     0.0006    -0.7810    -0.7804     0.0006   2.793421   2.793427   0.000010    34.3112    34.3106     7.4324    27.5865    27.5860    34.3108    27.5862    1447.11    1447.11    -0.7809  1028.3287    34.4778 0.0000e+00
      11780 311.738539  -62.13914  -58.44114      0.843    1446.35    155.000    153.455    -0.7786    -0.7770     0.0016    -0.7831    -0.7815     0.0016   2.793337   2.793384   0.000049    34.3120    34.3109     7.4258    27.5872    27.5862    34.3115    27.5868    1447.12    1447.13    -0.7830  1028.3341    34.4784 0.0000e+00
      11812 311.738555  -62.13914  -58.44114      0.724    1446.35    156.000    154.445    -0.7819    -0.7812     0.0007    -0.7864    -0.7858     0.0007   2.793124   2.793114  -0.000019    34.3124    34.3113     7.4303    27.5876    27.5868    34.3117    27.5871    1447.12    1447.12    -0.7863  1028.3392    34.4787 0.0000e+00
      11841 311.738569  -62.13914  -58.44114      0.804    1446.35    157.000    155.435    -0.7842    -0.7833     0.0009    -0.7888    -0.7879     0.0009   2.792964   2.792981   0.000025    34.3120    34.3113     7.4478    27.5874    27.5868    34.3116    27.5871    1447.13    1447.13    -0.7887  1028.3440    34.4785 0.0000e+00
      11867 311.738581  -62.13914  -58.44114      0.882    1446.35    158.000    156.424    -0.7854    -0.7837     0.0017    -0.7900    -0.7883     0.0017   2.792905   2.792966   0.000060    34.3121    34.3110     7.4438    27.5876    27.5866    34.3115    27.5871    1447.14    1447.14    -0.7899  1028.3488    34.4785 0.0000e+00
      11892 311.738593  -62.13914  -58.44114      0.949    1446.35    159.000    157.414    -0.7882    -0.7871     0.0011    -0.7928    -0.7918     0.0011   2.792740   2.792745  -0.000003    34.3123    34.3110     7.4419    27.5879    27.5868    34.3118    27.5875    1447.14    1447.14    -0.7927  1028.3539    34.4788 0.0000e+00
      11917 311.738605  -62.13914  -58.44114      0.979    1446.35    160.000    158.404    -0.7872    -0.7860     0.0012    -0.7919    -0.7907     0.0012   2.792859   2.792878   0.000021    34.3120    34.3109     7.4222    27.5876    27.5866    34.3117    27.5873    1447.16    1447.16    -0.7918  1028.3585    34.4787 0.0000e+00
      11943 311.738618  -62.13915  -58.44114      0.931    1446.35    161.000    159.393    -0.7878    -0.7868     0.0010    -0.7925    -0.7915     0.0010   2.792851   2.792867   0.000019    34.3120    34.3111     7.4286    27.5876    27.5868    34.3117    27.5873    1447.17    1447.18    -0.7924  1028.3634    34.4787 0.0000e+00
      11971 311.738631  -62.13916  -58.44114      0.874    1446.35    162.000    160.383    -0.7880    -0.7874     0.0006    -0.7928    -0.7922     0.0006   2.792872   2.792852  -0.000011    34.3118    34.3110     7.4362    27.5875    27.5867    34.3116    27.5873    1447.19    1447.19    -0.7926  1028.3681    34.4786 0.0000e+00
      11998 311.738644  -62.13916  -58.44114      0.874    1446.35    163.000    161.372    -0.7891    -0.7880     0.0011    -0.7938    -0.7927     0.0011   2.792829   2.792860   0.000007    34.3122    34.3111     7.4402    27.5878    27.5868    34.3115    27.5873    1447.20    1447.21    -0.7937  1028.3729    34.4785 0.0000e+00
      12024 311.738657  -62.13916  -58.44114      0.912    1446.35    164.000    162.362    -0.7915    -0.7931    -0.0017    -0.7962    -0.7979    -0.0017   2.792721   2.792492  -0.000208    34.3125    34.3115     7.4349    27.5881    27.5874    34.3122    27.5879    1447.21    1447.20    -0.7962  1028.3783    34.4792 0.0000e+00
      12049 311.738669  -62.13916  -58.44114      0.951    1446.35    165.000    163.352    -0.8063    -0.8047     0.0016    -0.8111    -0.8095     0.0016   2.791496   2.791457  -0.000029    34.3141    34.3119     7.4300    27.5901    27.5882    34.3118    27.5882    1447.15    1447.16    -0.8110  1028.3835    34.4789 0.0000e+00
      12073 311.738681  -62.13916  -58.44114      0.972    1446.35    166.000    164.341    -0.8189    -0.8195    -0.0007    -0.8237    -0.8243    -0.0006   2.790474   2.790332  -0.000148    34.3130    34.3118     7.4256    27.5897    27.5887    34.3116    27.5886    1447.11    1447.11    -0.8236  1028.3887    34.4787 0.0000e+00
      12099 311.738693  -62.13916  -58.44114      0.964    1446.35    167.000    165.331    -0.8150    -0.8136     0.0014    -0.8199    -0.8185     0.0014   2.790910   2.790983   0.000087    34.3126    34.3122     7.4251    27.5892    27.5888    34.3125    27.5891    1447.14    1447.15    -0.8197  1028.3940    34.4796 0.0000e+00
      12124 311.738705  -62.13916  -58.44114      0.943    1446.35    168.000    166.321    -0.8067    -0.8066     0.0002    -0.8116    -0.8114     0.0002   2.791648   2.791679   0.000022    34.3124    34.3125     7.4354    27.5887    27.5888    34.3125    27.5888    1447.20    1447.20    -0.8115  1028.3984    34.4796 0.0000e+00
      12151 311.738718  -62.13916  -58.44114      0.922    1446.35    169.000    167.310    -0.7946    -0.7953    -0.0007    -0.7996    -0.8003    -0.0007   2.792859   2.792807  -0.000070    34.3130    34.3129     7.4352    27.5887    27.5886    34.3145    27.5899    1447.28    1447.27    -0.7994  1028.4043    34.4816 0.0000e+00
      12177 311.738731  -62.13916  -58.44114      0.916    1446.35    170.000    168.300    -0.7826    -0.7822     0.0004    -0.7876    -0.7872     0.0004   2.794096   2.794057 -1.502e-07    34.3157    34.3152     7.4414    27.5904    27.5900    34.3170    27.5915    1447.35    1447.35    -0.7875  1028.4074    34.4803 0.0000e+00
      12202 311.738743 -9.990e-29  -58.44114      0.932    1446.35    171.000    169.289    -0.7742    -0.7763    -0.0020    -0.7793    -0.7813    -0.0020   2.794968   2.794692  -0.000268    34.3175    34.3162     7.4297    27.5915    27.5905    34.3187    27.5925    1447.41    1447.40    -0.7791  1028.4120    34.4806 0.0000e+00
      12228 311.738755 -9.990e-29  -58.44114      0.941    1446.35    172.000    170.279    -0.7717    -0.7717     0.0001    -0.7768    -0.7767     0.0001   2.795296   2.795188  -0.000128    34.3188    34.3170     7.4220    27.5925    27.5910    34.3197    27.5932    1447.44    1447.44    -0.7767  1028.4174    34.4815 0.0000e+00
      12255 311.738768 -9.990e-29  -58.44114      0.913    1446.35    173.000    171.268    -0.7689    -0.7689     0.0000    -0.7740    -0.7740     0.0000   2.795555   2.795495  -0.000057    34.3183    34.3175     7.3929    27.5920    27.5913    34.3194    27.5929    1447.47    1447.47    -0.7739  1028.4219    34.4813 0.0000e+00
      12281 311.738781  -62.13918  -58.44114      0.888    1446.35    174.000    172.258    -0.7647    -0.7639     0.0008    -0.7699    -0.7690     0.0008   2.796025   2.796026  -0.000004    34.3195    34.3185     7.3877    27.5928    27.5919    34.3204    27.5935    1447.51    1447.51    -0.7697  1028.4311    34.4871 0.0000e+00
      12305 311.738793  -62.13918  -58.44114      0.945    1446.35    175.000    173.248    -0.7641    -0.7628     0.0013    -0.7693    -0.7680     0.0013   2.796157   2.796183   0.000027    34.3201    34.3190     7.3670    27.5933    27.5923    34.3209    27.5938    1447.53    1447.53    -0.7692  1028.4366    34.4880 0.0000e+00
      12326 311.738803  -62.13918  -58.44114      1.062    1446.35    176.000    174.237    -0.7636    -0.7629     0.0007    -0.7688    -0.7681     0.0007   2.796239   2.796231  -0.000008    34.3200    34.3191     7.3724    27.5931    27.5924    34.3207    27.5937    1447.54    1447.55    -0.7687  1028.4413    34.4879 0.0000e+00
      12347 311.738813  -62.13918  -58.44114      1.150    1446.35    177.000    175.227    -0.7628    -0.7621     0.0007    -0.7680    -0.7673     0.0007   2.796372   2.796349  -0.000020    34.3204    34.3193     7.3624    27.5934    27.5925    34.3210    27.5939    1447.56    1447.57    -0.7679  1028.4462    34.4882 0.0000e+00
      12368 311.738823  -62.13918  -58.44114      1.167    1446.35    178.000    176.216    -0.7627    -0.7619     0.0008    -0.7680    -0.7672     0.0008   2.796424   2.796405  -0.000020    34.3205    34.3193     7.3579    27.5935    27.5925    34.3210    27.5939    1447.58    1447.58    -0.7678  1028.4510    34.4881 0.0000e+00
      12392 311.738834  -62.13918  -58.44114      1.076    1446.35    179.000    177.206    -0.7624    -0.7617     0.0007    -0.7677    -0.7670     0.0007   2.796501   2.796489  -0.000013    34.3206    34.3196     7.3628    27.5935    27.5927    34.3211    27.5940    1447.60    1447.60    -0.7676  1028.4558    34.4883 0.0000e+00
      12421 311.738848  -62.13920  -58.44114      0.877    1446.35    180.000    178.195    -0.7610    -0.7602     0.0009    -0.7663    -0.7655     0.0009   2.796673   2.796669  -0.000002    34.3206    34.3196     7.3485    27.5935    27.5927    34.3212    27.5940    1447.62    1447.62    -0.7662  1028.4606    34.4884 0.0000e+00
      12450 311.738862  -62.13920  -58.44114      0.806    1446.35    181.000    179.185    -0.7595    -0.7588     0.0007    -0.7649    -0.7642     0.0007   2.796871   2.796857  -0.000016    34.3211    34.3202     7.3582    27.5939    27.5931    34.3215    27.5942    1447.65    1447.65    -0.7647  1028.4656    34.4887 0.0000e+00
      12474 311.738874  -62.13920  -58.44114      0.905    1446.35    182.000    180.175    -0.7592    -0.7587     0.0006    -0.7646    -0.7641     0.0006   2.796943   2.796924  -0.000014    34.3211    34.3203     7.3552    27.5939    27.5931    34.3216    27.5942    1447.66    1447.66    -0.7645  1028.4704    34.4888 0.0000e+00
      12497 311.738885  -62.13920  -58.44114      1.031    1446.35    183.000    181.164    -0.7583    -0.7574     0.0009    -0.7638    -0.7628     0.0009   2.797125   2.797128  -0.000004    34.3217    34.3206     7.3641    27.5943    27.5933    34.3224    27.5948    1447.68    1447.69    -0.7636  1028.4758    34.4896 0.0000e+00
      12518 311.738895  -62.13920  -58.44114      1.093    1446.35    184.000    182.154    -0.7547    -0.7539     0.0007    -0.7602    -0.7594     0.0007   2.797573   2.797562  -0.000005    34.3230    34.3221     7.3517    27.5952    27.5944    34.3237    27.5958    1447.72    1447.72    -0.7600  1028.4815    34.4909 0.0000e+00
      12541 311.738906  -62.13920  -58.44114      1.084    1446.35    185.000    183.143    -0.7510    -0.7509     0.0001    -0.7565    -0.7564     0.0001   2.798058   2.797981  -0.000077    34.3242    34.3230     7.3594    27.5960    27.5950    34.3255    27.5970    1447.76    1447.75    -0.7564  1028.4875    34.4927 0.0000e+00
      12566 311.738918  -62.13920  -58.44114      1.004    1446.35    186.000    184.133    -0.7439    -0.7434     0.0006    -0.7495    -0.7489     0.0006   2.798829   2.798847   0.000004    34.3263    34.3257     7.3487    27.5974    27.5969    34.3273    27.5982    1447.81    1447.81    -0.7493  1028.4934    34.4945 0.0000e+00
      12593 311.738931  -62.13920  -58.44114      0.913    1446.35    187.000    185.122    -0.7413    -0.7403     0.0010    -0.7469    -0.7459     0.0010   2.799248   2.799240   0.000006    34.3284    34.3273     7.3389    27.5990    27.5981    34.3294    27.5998    1447.84    1447.84    -0.7468  1028.4997    34.4966 0.0000e+00
      12621 311.738945  -62.13920  -58.44114      0.874    1446.35    188.000    186.112    -0.7400    -0.7389     0.0011    -0.7456    -0.7445     0.0011   2.799449   2.799463   0.000008    34.3291    34.3280     7.3245    27.5995    27.5986    34.3300    27.6002    1447.86    1447.87    -0.7455  1028.5049    34.4972 0.0000e+00
      12647 311.738957  -62.13920  -58.44114      0.907    1446.35    189.000    187.101    -0.7379    -0.7371     0.0008    -0.7435    -0.7428     0.0008   2.799740   2.799738   0.000004    34.3302    34.3294     7.3051    27.6003    27.5996    34.3309    27.6009    1447.89    1447.89    -0.7434  1028.5103    34.4981 0.0000e+00
      12672 311.738969  -62.13921  -58.44114      0.940    1446.35    190.000    188.091    -0.7381    -0.7374     0.0007    -0.7438    -0.7431     0.0007   2.799793   2.799758  -0.000032    34.3307    34.3294     7.2943    27.6007    27.5997    34.3313    27.6012    1447.90    1447.91    -0.7437  1028.5154    34.4985 0.0000e+00
      12697 311.738981  -62.13922  -58.44114      0.960    1446.35    191.000    189.080    -0.7384    -0.7375     0.0008    -0.7441    -0.7432     0.0008   2.799800   2.799795  -0.000012    34.3307    34.3296     7.2843    27.6007    27.5998    34.3310    27.6010    1447.92    1447.92    -0.7440  1028.5200    34.4983 0.0000e+00
      12721 311.738993  -62.13922  -58.44114      0.976    1446.69    192.000    190.070    -0.7378    -0.7372     0.0006    -0.7436    -0.7430     0.0006   2.799923   2.799892  -0.000031    34.3309    34.3298     7.2751    27.6009    27.6000    34.3315    27.6014    1447.94    1447.94    -0.7434  1028.5251    34.4987 0.0000e+00
      12746 311.739005  -62.13922  -58.44114      0.964    1446.72    193.000    191.059    -0.7369    -0.7362     0.0008    -0.7427    -0.7420     0.0008   2.800069   2.800059  -0.000011    34.3315    34.3304     7.2691    27.6013    27.6004    34.3318    27.6016    1447.96    1447.96    -0.7426  1028.5301    34.4991 0.0000e+00
      12772 311.739017  -62.13922  -58.44114      0.951    1446.72    194.000    192.049    -0.7370    -0.7363     0.0006    -0.7428    -0.7422     0.0006   2.800106   2.800076  -0.000030    34.3314    34.3303     7.2737    27.6013    27.6004    34.3318    27.6016    1447.98    1447.98    -0.7427  1028.5349    34.4990 0.0000e+00
      12797 311.739030  -62.13922  -58.44114      0.955    1446.72    195.000    193.038    -0.7367    -0.7360     0.0007    -0.7426    -0.7418     0.0007   2.800200   2.800174  -0.000021    34.3316    34.3305     7.2627    27.6014    27.6005    34.3321    27.6018    1447.99    1448.00    -0.7424  1028.5399    34.4993 0.0000e+00
