Pos-Processados/process_op42/Processamento_split/down/doperantar42_022.cnv
* Sea-Bird SBE 9 Data File:
* FileName = C:\Users\Hidrografia\Desktop\OPXLII\Brutos\OP42022.hdr
* Software Version Seasave V 7.26.7.107
* Temperature SN = 6502
* Conductivity SN = 4998
* Number of Bytes Per Scan = 37
* Number of Voltage Words = 4
* Number of Scans Averaged by the Deck Unit = 1
* NMEA Latitude = 62 18.70 S
* NMEA Longitude = 058 31.66 W
* NMEA UTC (Time) = Nov 07 2023 22:53:42
* NMEA baud rate = 4800
** H41
** NPOALTEMAXIMIANO
** NUMERO DA ESTACAO (XXX) 022
** LAT (XX XX.XX S/N) 62 18.60 S
** LONG (XXX XX.XX W/E) 058 32.03 W
** DATAHORA (dd/mm/aaaa hh:mm Z) 07/11/2023 2251Z
** PROFUNDIDADE (m) 434
** OPERADOR 1T ZAMITH
# nquan = 30
# nvalues = 426                         
# units = specified
# name 0 = scan: Scan Count
# name 1 = timeJ: Julian Days
# name 2 = latitude: Latitude [deg]
# name 3 = longitude: Longitude [deg]
# name 4 = dz/dtM: Descent Rate [m/s]
# name 5 = avgsvCM: Average Sound Velocity [Chen-Millero, m/s]
# name 6 = prDM: Pressure, Digiquartz [db]
# name 7 = depSM: Depth [salt water, m]
# name 8 = t090C: Temperature [ITS-90, deg C]
# name 9 = t190C: Temperature, 2 [ITS-90, deg C]
# name 10 = T2-T190C: Temperature Difference, 2 - 1 [ITS-90, deg C]
# name 11 = potemp090C: Potential Temperature [ITS-90, deg C]
# name 12 = potemp190C: Potential Temperature, 2 [ITS-90, deg C]
# name 13 = potemp90Cdiff: Potential Temperature, Diff, 2 - 1 [ITS-90, deg C]
# name 14 = c0S/m: Conductivity [S/m]
# name 15 = c1S/m: Conductivity, 2 [S/m]
# name 16 = C2-C1S/m: Conductivity Difference, 2 - 1 [S/m]
# name 17 = sal00: Salinity, Practical [PSU]
# name 18 = sal11: Salinity, Practical, 2 [PSU]
# name 19 = sbeox0ML/L: Oxygen, SBE 43 [ml/l]
# name 20 = sigma-é00: Density [sigma-theta, kg/m^3]
# name 21 = sigma-é11: Density, 2 [sigma-theta, kg/m^3]
# name 22 = sal00: Salinity, Practical [PSU]
# name 23 = sigma-é00: Density [sigma-theta, kg/m^3]
# name 24 = svCM: Sound Velocity [Chen-Millero, m/s]
# name 25 = svCM1: Sound Velocity, 2 [Chen-Millero, m/s]
# name 26 = gsw_ptA0: potential temperature [ITS-90, deg C]
# name 27 = gsw_densityA0: density, TEOS-10 [density, kg/m^3]
# name 28 = gsw_saA0: Absolute Salinity [g/kg]
# name 29 = flag:
# span 0 =       2376,      18947       
# span 1 = 311.955104, 311.963095       
# span 2 =  -62.31349,  -62.31195       
# span 3 =  -58.52627,  -58.51479       
# span 4 =     -0.096,      1.117       
# span 5 =       0.00,    1450.34       
# span 6 =      4.000,    429.000       
# span 7 =      4.058,    424.435       
# span 8 =    -0.6479,     0.1639       
# span 9 =    -0.6466,     0.1645       
# span 10 =    -0.0068,     0.0346      
# span 11 =    -0.6579,     0.1490      
# span 12 =    -0.6567,     0.1496      
# span 13 =    -0.0067,     0.0345      
# span 14 =   2.799025,   2.897280      
# span 15 =   2.798995,   2.897271      
# span 16 =  -0.000600,   0.003154      
# span 17 =    34.2862,    34.5123      
# span 18 =    34.2853,    34.5107      
# span 19 =     5.6397,     7.6158      
# span 20 =    27.5585,    27.7265      
# span 21 =    27.5578,    27.7280      
# span 22 =    34.2864,    34.5097      
# span 23 =    27.5588,    27.7262      
# span 24 =    1445.47,    1455.36      
# span 25 =    1445.48,    1455.37      
# span 26 =    -0.6576,     0.1491      
# span 27 =  1027.5842,  1029.7761      
# span 28 =    34.4482,    34.6784      
# span 29 = 0.0000e+00, 0.0000e+00      
# interval = decibars: 1                
# start_time = Nov 07 2023 22:53:42 [NMEA time, header]
# bad_flag = -9.990e-29
*END*
[from data line 49]
       4474 311.956115  -62.31218  -58.52492      0.810    1445.73     53.000     52.487    -0.6461    -0.6451     0.0010    -0.6476    -0.6466     0.0010   2.799497   2.799467  -0.000016    34.3080    34.3066     7.3666    27.5783    27.5771    34.3076    27.5780    1446.08    1446.08    -0.6476  1027.8364    34.4734 0.0000e+00
       4502 311.956129  -62.31218  -58.52489      0.843    1445.73     54.000     53.474    -0.6471    -0.6464     0.0007    -0.6487    -0.6480     0.0007   2.799392   2.799373  -0.000023    34.3070    34.3059     7.3617    27.5775    27.5766    34.3067    27.5773    1446.09    1446.09    -0.6487  1027.8405    34.4725 0.0000e+00
       4529 311.956142  -62.31218  -58.52487      0.860    1445.73     55.000     54.464    -0.6476    -0.6466     0.0009    -0.6492    -0.6483     0.0009   2.799447   2.799426  -0.000019    34.3074    34.3061     7.3650    27.5778    27.5768    34.3074    27.5779    1446.10    1446.11    -0.6492  1027.8458    34.4732 0.0000e+00
       4555 311.956155  -62.31218  -58.52486      0.894    1445.73     56.000     55.455    -0.6462    -0.6457     0.0004    -0.6478    -0.6474     0.0004   2.799594   2.799565  -0.000034    34.3073    34.3063     7.3733    27.5777    27.5769    34.3071    27.5776    1446.13    1446.13    -0.6478  1027.8504    34.4729 0.0000e+00
       4578 311.956166  -62.31218  -58.52485      0.986    1445.73     57.000     56.445    -0.6464    -0.6454     0.0010    -0.6480    -0.6471     0.0010   2.799635   2.799650   0.000012    34.3073    34.3063     7.3718    27.5777    27.5769    34.3073    27.5777    1446.14    1446.14    -0.6480  1027.8553    34.4731 0.0000e+00
       4599 311.956176  -62.31218  -58.52484      1.087    1445.73     58.000     57.435    -0.6458    -0.6448     0.0010    -0.6475    -0.6465     0.0010   2.799728   2.799743   0.000013    34.3074    34.3064     7.3727    27.5778    27.5769    34.3073    27.5777    1446.16    1446.16    -0.6475  1027.8601    34.4731 0.0000e+00
       4622 311.956187  -62.31218  -58.52483      1.117    1445.73     59.000     58.425    -0.6471    -0.6458     0.0013    -0.6488    -0.6475     0.0013   2.799726   2.799725 5.3400e-07    34.3082    34.3067     7.3715    27.5785    27.5772    34.3081    27.5784    1446.17    1446.18    -0.6488  1027.8656    34.4739 0.0000e+00
       4649 311.956200  -62.31219  -58.52481      0.977    1445.73     60.000     59.415    -0.6479    -0.6464     0.0016    -0.6497    -0.6482     0.0016   2.799781   2.799804   0.000024    34.3092    34.3078     7.3685    27.5794    27.5781    34.3092    27.5794    1446.19    1446.19    -0.6496  1027.8713    34.4751 0.0000e+00
       4680 311.956215  -62.31220  -58.52479      0.781    1445.73     61.000     60.405    -0.6472    -0.6466     0.0006    -0.6490    -0.6484     0.0006   2.799856   2.799846  -0.000016    34.3089    34.3079     7.3681    27.5790    27.5782    34.3088    27.5790    1446.20    1446.21    -0.6490  1027.8757    34.4746 0.0000e+00
       4707 311.956228  -62.31220  -58.52476      0.828    1445.73     62.000     61.395    -0.6446    -0.6437     0.0010    -0.6465    -0.6455     0.0010   2.800211   2.800222   0.000012    34.3094    34.3085     7.3584    27.5793    27.5785    34.3100    27.5799    1446.24    1446.24    -0.6464  1027.8813    34.4759 0.0000e+00
       4731 311.956239  -62.31220  -58.52476      0.950    1445.73     63.000     62.385    -0.6430    -0.6430     0.0001    -0.6449    -0.6449     0.0001   2.800420   2.800344  -0.000059    34.3102    34.3093     7.3659    27.5799    27.5792    34.3104    27.5801    1446.26    1446.26    -0.6448  1027.8864    34.4763 0.0000e+00
       4757 311.956252  -62.31220  -58.52474      0.970    1445.73     64.000     63.375    -0.6417    -0.6409     0.0009    -0.6436    -0.6428     0.0009   2.800531   2.800582   0.000038    34.3100    34.3095     7.3688    27.5797    27.5793    34.3098    27.5796    1446.28    1446.28    -0.6436  1027.8906    34.4757 0.0000e+00
       4786 311.956266  -62.31220  -58.52472      0.863    1445.73     65.000     64.365    -0.6375    -0.6372     0.0003    -0.6395    -0.6391     0.0003   2.800979   2.800997   0.000029    34.3097    34.3097     7.3512    27.5793    27.5793    34.3105    27.5799    1446.32    1446.32    -0.6394  1027.8958    34.4764 0.0000e+00
       4817 311.956281  -62.31222  -58.52469      0.782    1445.73     66.000     65.355    -0.6362    -0.6354     0.0008    -0.6382    -0.6374     0.0008   2.801188   2.801199   0.000006    34.3110    34.3102     7.3474    27.5803    27.5796    34.3111    27.5804    1446.34    1446.34    -0.6381  1027.9010    34.4771 0.0000e+00
       4844 311.956294  -62.31222  -58.52468      0.841    1445.73     67.000     66.345    -0.6370    -0.6371    -0.0002    -0.6389    -0.6391    -0.0002   2.801202   2.801112  -0.000088    34.3110    34.3100     7.3413    27.5803    27.5796    34.3116    27.5808    1446.35    1446.35    -0.6389  1027.9063    34.4776 0.0000e+00
       4867 311.956305  -62.31222  -58.52467      0.951    1445.73     68.000     67.336    -0.6338    -0.6327     0.0011    -0.6358    -0.6347     0.0011   2.801521   2.801537   0.000013    34.3114    34.3103     7.3367    27.5805    27.5796    34.3117    27.5808    1446.38    1446.39    -0.6358  1027.9110    34.4776 0.0000e+00
       4889 311.956316  -62.31222  -58.52466      1.047    1445.73     69.000     68.326    -0.6332    -0.6327     0.0005    -0.6352    -0.6348     0.0005   2.801614   2.801587  -0.000021    34.3113    34.3104     7.3210    27.5804    27.5797    34.3117    27.5807    1446.40    1446.41    -0.6352  1027.9157    34.4776 0.0000e+00
       4912 311.956327  -62.31222  -58.52465      1.090    1445.73     70.000     69.316    -0.6328    -0.6321     0.0007    -0.6349    -0.6342     0.0006   2.801668   2.801663  -0.000014    34.3110    34.3101     7.3116    27.5802    27.5794    34.3113    27.5804    1446.42    1446.42    -0.6348  1027.9202    34.4772 0.0000e+00
       4937 311.956339  -62.31222  -58.52463      1.010    1445.73     71.000     70.306    -0.6330    -0.6321     0.0009    -0.6351    -0.6343     0.0009   2.801713   2.801718   0.000006    34.3113    34.3104     7.3050    27.5804    27.5797    34.3116    27.5806    1446.44    1446.44    -0.6351  1027.9252    34.4775 0.0000e+00
       4965 311.956352  -62.31222  -58.52461      0.889    1445.73     72.000     71.296    -0.6330    -0.6321     0.0009    -0.6351    -0.6342     0.0009   2.801768   2.801753  -0.000014    34.3114    34.3101     7.3014    27.5805    27.5794    34.3116    27.5807    1446.45    1446.45    -0.6351  1027.9300    34.4776 0.0000e+00
       4992 311.956365  -62.31222  -58.52459      0.875    1446.03     73.000     72.286    -0.6331    -0.6321     0.0011    -0.6353    -0.6342     0.0011   2.801800   2.801802   0.000004    34.3114    34.3102     7.3021    27.5805    27.5795    34.3116    27.5806    1446.47    1446.47    -0.6352  1027.9348    34.4775 0.0000e+00
       5019 311.956378  -62.31224  -58.52458      0.879    1446.10     74.000     73.276    -0.6334    -0.6323     0.0010    -0.6356    -0.6346     0.0010   2.801817   2.801840   0.000018    34.3114    34.3105     7.3013    27.5805    27.5797    34.3115    27.5806    1446.48    1446.49    -0.6355  1027.9395    34.4774 0.0000e+00
       5048 311.956392  -62.31224  -58.52456      0.852    1446.10     75.000     74.266    -0.6337    -0.6330     0.0007    -0.6359    -0.6352     0.0007   2.801834   2.801821  -0.000010    34.3114    34.3104     7.2990    27.5805    27.5797    34.3115    27.5806    1446.50    1446.50    -0.6359  1027.9443    34.4775 0.0000e+00
       5075 311.956405  -62.31224  -58.52454      0.867    1446.10     76.000     75.256    -0.6347    -0.6337     0.0010    -0.6370    -0.6360     0.0010   2.801792   2.801795   0.000002    34.3115    34.3104     7.3022    27.5807    27.5797    34.3114    27.5806    1446.51    1446.51    -0.6369  1027.9491    34.4774 0.0000e+00
       5098 311.956417  -62.31224  -58.52452      0.957    1446.10     77.000     76.246    -0.6378    -0.6364     0.0014    -0.6401    -0.6387     0.0014   2.801597   2.801615   0.000019    34.3119    34.3105     7.3052    27.5811    27.5800    34.3117    27.5809    1446.51    1446.52    -0.6400  1027.9542    34.4777 0.0000e+00
       5122 311.956428  -62.31224  -58.52450      1.027    1446.10     78.000     77.236    -0.6346    -0.6371    -0.0025    -0.6369    -0.6395    -0.0025   2.801871   2.801602  -0.000225    34.3104    34.3102     7.3079    27.5798    27.5798    34.3111    27.5803    1446.54    1446.53    -0.6369  1027.9564    34.4746 0.0000e+00
       5148 311.956441 -9.990e-29  -58.52449      0.970    1446.10     79.000     78.226    -0.6286    -0.6289    -0.0003    -0.6310    -0.6313    -0.0003   2.802403   2.802347  -0.000078    34.3105    34.3098     7.3090    27.5796    27.5790    34.3109    27.5799    1446.59    1446.58    -0.6309  1027.9594    34.4727 0.0000e+00
       5181 311.956456 -9.990e-29  -58.52447      0.767    1446.10     80.000     79.216    -0.6279    -0.6273     0.0006    -0.6303    -0.6297     0.0006   2.802555   2.802537  -0.000016    34.3113    34.3104     7.3178    27.5802    27.5794    34.3116    27.5804    1446.61    1446.61    -0.6302  1027.9646    34.4734 0.0000e+00
       5209 311.956470  -62.31226  -58.52445      0.788    1446.10     81.000     80.206    -0.6287    -0.6277     0.0010    -0.6311    -0.6302     0.0010   2.802562   2.802553  -0.000012    34.3118    34.3106     7.3137    27.5807    27.5796    34.3119    27.5808    1446.62    1446.62    -0.6311  1027.9701    34.4742 0.0000e+00
       5234 311.956482  -62.31226  -58.52442      0.916    1446.10     82.000     81.196    -0.6295    -0.6286     0.0009    -0.6319    -0.6311     0.0008   2.802556   2.802545  -0.000016    34.3120    34.3108     7.2987    27.5808    27.5798    34.3121    27.5809    1446.63    1446.63    -0.6319  1027.9781    34.4782 0.0000e+00
       5258 311.956494  -62.31226  -58.52442      0.984    1446.10     83.000     82.186    -0.6292    -0.6281     0.0011    -0.6317    -0.6306     0.0011   2.802605   2.802639   0.000031    34.3116    34.3108     7.2906    27.5805    27.5798    34.3119    27.5807    1446.65    1446.65    -0.6316  1027.9827    34.4780 0.0000e+00
       5283 311.956506  -62.31226  -58.52440      0.984    1446.10     84.000     83.176    -0.6281    -0.6273     0.0008    -0.6306    -0.6298     0.0008   2.802747   2.802731  -0.000012    34.3117    34.3106     7.2904    27.5805    27.5796    34.3119    27.5807    1446.67    1446.67    -0.6306  1027.9875    34.4780 0.0000e+00
       5307 311.956517  -62.31226  -58.52438      0.988    1446.10     85.000     84.166    -0.6275    -0.6265     0.0010    -0.6300    -0.6291     0.0010   2.802843   2.802856   0.000012    34.3116    34.3107     7.2888    27.5805    27.5797    34.3119    27.5807    1446.69    1446.69    -0.6300  1027.9923    34.4780 0.0000e+00
       5331 311.956529  -62.31226  -58.52438      1.002    1446.10     86.000     85.156    -0.6283    -0.6274     0.0009    -0.6309    -0.6299     0.0009   2.802845   2.802848   0.000005    34.3120    34.3110     7.2896    27.5808    27.5800    34.3122    27.5809    1446.70    1446.70    -0.6308  1027.9973    34.4784 0.0000e+00
       5356 311.956541  -62.31226  -58.52436      0.977    1446.10     87.000     86.146    -0.6268    -0.6262     0.0006    -0.6294    -0.6288     0.0006   2.802989   2.802976  -0.000018    34.3117    34.3108     7.2887    27.5805    27.5798    34.3118    27.5806    1446.73    1446.73    -0.6293  1028.0018    34.4780 0.0000e+00
       5382 311.956553  -62.31228  -58.52434      0.943    1446.10     88.000     87.136    -0.6286    -0.6277     0.0009    -0.6312    -0.6304     0.0009   2.802904   2.802892  -0.000011    34.3120    34.3109     7.2863    27.5809    27.5799    34.3121    27.5809    1446.73    1446.74    -0.6312  1028.0069    34.4783 0.0000e+00
       5407 311.956565  -62.31228  -58.52432      0.944    1446.10     89.000     88.126    -0.6292    -0.6281     0.0010    -0.6318    -0.6308     0.0010   2.802907   2.802909   0.000002    34.3121    34.3110     7.2847    27.5809    27.5800    34.3122    27.5810    1446.75    1446.75    -0.6318  1028.0118    34.4784 0.0000e+00
       5434 311.956578  -62.31228  -58.52430      0.930    1446.10     90.000     89.116    -0.6289    -0.6281     0.0007    -0.6315    -0.6308     0.0007   2.802969   2.802951  -0.000016    34.3119    34.3109     7.2774    27.5807    27.5799    34.3120    27.5808    1446.76    1446.77    -0.6315  1028.0164    34.4783 0.0000e+00
       5467 311.956594  -62.31228  -58.52428      0.759    1446.10     91.000     90.106    -0.6279    -0.6270     0.0009    -0.6307    -0.6297     0.0009   2.803070   2.803071   0.000002    34.3116    34.3105     7.2759    27.5804    27.5796    34.3117    27.5806    1446.78    1446.79    -0.6306  1028.0209    34.4780 0.0000e+00
       5501 311.956611  -62.31228  -58.52426      0.676    1446.10     92.000     91.096    -0.6272    -0.6263     0.0009    -0.6300    -0.6291     0.0009   2.803175   2.803161  -0.000013    34.3115    34.3104     7.2705    27.5804    27.5794    34.3116    27.5805    1446.80    1446.81    -0.6299  1028.0256    34.4779 0.0000e+00
       5527 311.956623  -62.31228  -58.52424      0.843    1446.10     93.000     92.086    -0.6261    -0.6254     0.0007    -0.6289    -0.6282     0.0007   2.803392   2.803343  -0.000030    34.3118    34.3106     7.2739    27.5806    27.5796    34.3127    27.5813    1446.83    1446.83    -0.6288  1028.0312    34.4790 0.0000e+00
       5549 311.956634  -62.31228  -58.52422      1.014    1446.10     94.000     93.076    -0.6182    -0.6189    -0.0007    -0.6211    -0.6217    -0.0007   2.804122   2.804010  -0.000163    34.3130    34.3115     7.2754    27.5812    27.5800    34.3130    27.5812    1446.88    1446.88    -0.6210  1028.0359    34.4794 0.0000e+00
       5571 311.956644  -62.31228  -58.52422      1.087    1446.10     95.000     94.065    -0.6273    -0.6257     0.0016    -0.6302    -0.6286     0.0016   2.803443   2.803404  -0.000007    34.3138    34.3118     7.2840    27.5822    27.5806    34.3136    27.5821    1446.85    1446.86    -0.6301  1028.0416    34.4799 0.0000e+00
       5596 311.956656  -62.31230  -58.52420      1.028    1446.10     96.000     95.055    -0.6223    -0.6217     0.0006    -0.6252    -0.6246     0.0006   2.803856   2.803843  -0.000040    34.3124    34.3112     7.2813    27.5809    27.5799    34.3128    27.5812    1446.89    1446.90    -0.6251  1028.0455    34.4792 0.0000e+00
       5622 311.956669  -62.31230  -58.52418      0.918    1446.10     97.000     96.046    -0.6197    -0.6166     0.0031    -0.6226    -0.6195     0.0031   2.804232   2.804388   0.000167    34.3133    34.3120     7.2699    27.5815    27.5803    34.3143    27.5823    1446.92    1446.94    -0.6225  1028.0514    34.4807 0.0000e+00
       5646 311.956681  -62.31230  -58.52418      0.945    1446.10     98.000     97.035    -0.6178    -0.6167     0.0011    -0.6207    -0.6196     0.0011   2.804432   2.804384  -0.000051    34.3148    34.3129     7.2734    27.5827    27.5811    34.3143    27.5822    1446.95    1446.95    -0.6207  1028.0560    34.4807 0.0000e+00
       5669 311.956692  -62.31230  -58.52416      1.029    1446.10     99.000     98.025    -0.6277    -0.6247     0.0030    -0.6306    -0.6277     0.0030   2.803634   2.803670   0.000048    34.3146    34.3120     7.2739    27.5829    27.5807    34.3140    27.5824    1446.92    1446.93    -0.6306  1028.0611    34.4805 0.0000e+00
