Pos-Processados/process_op42/Processamento_split/down/doperantar42_025.cnv
* Sea-Bird SBE 9 Data File:
* FileName = C:\Users\Hidrografia\Desktop\OPXLII\Brutos\OP42025.hdr
* Software Version Seasave V 7.26.7.107
* Temperature SN = 6502
* Conductivity SN = 4998
* Number of Bytes Per Scan = 37
* Number of Voltage Words = 4
* Number of Scans Averaged by the Deck Unit = 1
* NMEA Latitude = 62 11.31 S
* NMEA Longitude = 058 02.91 W
* NMEA UTC (Time) = Nov 08 2023 13:45:45
* NMEA baud rate = 4800
** H41
** NPOALTEMAXIMIANO
** NUMERO DA ESTACAO (XXX) 025
** LAT (XX XX.XX S/N) 62  11.331 S
** LONG (XXX XX.XX W/E) 058  02.993 W
** DATAHORA (dd/mm/aaaa hh:mm Z) 08/11/2023 1345Z
** PROFUNDIDADE (m) 484
** OPERADOR CT FABIREZA
# nquan = 30
# nvalues = 437                         
# units = specified
# name 0 = scan: Scan Count
# name 1 = timeJ: Julian Days
# name 2 = latitude: Latitude [deg]
# name 3 = longitude: Longitude [deg]
# name 4 = dz/dtM: Descent Rate [m/s]
# name 5 = avgsvCM: Average Sound Velocity [Chen-Millero, m/s]
# name 6 = prDM: Pressure, Digiquartz [db]
# name 7 = depSM: Depth [salt water, m]
# name 8 = t090C: Temperature [ITS-90, deg C]
# name 9 = t190C: Temperature, 2 [ITS-90, deg C]
# name 10 = T2-T190C: Temperature Difference, 2 - 1 [ITS-90, deg C]
# name 11 = potemp090C: Potential Temperature [ITS-90, deg C]
# name 12 = potemp190C: Potential Temperature, 2 [ITS-90, deg C]
# name 13 = potemp90Cdiff: Potential Temperature, Diff, 2 - 1 [ITS-90, deg C]
# name 14 = c0S/m: Conductivity [S/m]
# name 15 = c1S/m: Conductivity, 2 [S/m]
# name 16 = C2-C1S/m: Conductivity Difference, 2 - 1 [S/m]
# name 17 = sal00: Salinity, Practical [PSU]
# name 18 = sal11: Salinity, Practical, 2 [PSU]
# name 19 = sbeox0ML/L: Oxygen, SBE 43 [ml/l]
# name 20 = sigma-é00: Density [sigma-theta, kg/m^3]
# name 21 = sigma-é11: Density, 2 [sigma-theta, kg/m^3]
# name 22 = sal00: Salinity, Practical [PSU]
# name 23 = sigma-é00: Density [sigma-theta, kg/m^3]
# name 24 = svCM: Sound Velocity [Chen-Millero, m/s]
# name 25 = svCM1: Sound Velocity, 2 [Chen-Millero, m/s]
# name 26 = gsw_ptA0: potential temperature [ITS-90, deg C]
# name 27 = gsw_densityA0: density, TEOS-10 [density, kg/m^3]
# name 28 = gsw_saA0: Absolute Salinity [g/kg]
# name 29 = flag:
# span 0 =       2048,      18055       
# span 1 = 312.574425, 312.582144       
# span 2 =  -62.18842,  -62.18712       
# span 3 =  -58.04745,  -58.03873       
# span 4 =      0.033,      1.244       
# span 5 =      -0.01,    1449.50       
# span 6 =      4.000,    440.000       
# span 7 =      3.959,    435.295       
# span 8 =    -0.8202,    -0.0522       
# span 9 =    -0.8193,    -0.0509       
# span 10 =    -0.0051,     0.0120      
# span 11 =    -0.8287,    -0.0663      
# span 12 =    -0.8278,    -0.0649      
# span 13 =    -0.0050,     0.0119      
# span 14 =   2.797745,   2.877123      
# span 15 =   2.797721,   2.877100      
# span 16 =  -0.000516,   0.000995      
# span 17 =    34.2957,    34.4841      
# span 18 =    34.2943,    34.4826      
# span 19 =     5.9185,     7.5334      
# span 20 =    27.5669,    27.6985      
# span 21 =    27.5657,    27.6960      
# span 22 =    34.2956,    34.4841      
# span 23 =    27.5668,    27.6970      
# span 24 =    1445.42,    1455.04      
# span 25 =    1445.43,    1455.04      
# span 26 =    -0.8285,    -0.0661      
# span 27 =  1027.5906,  1029.7920      
# span 28 =    34.4590,    34.6529      
# span 29 = 0.0000e+00, 0.0000e+00      
# interval = decibars: 1                
# start_time = Nov 08 2023 13:45:45 [NMEA time, header]
# bad_flag = -9.990e-29
*END*
[from data line 146]
       7063 312.576843  -62.18798  -58.04462      0.685    1446.38    150.000    148.506    -0.6088    -0.6080     0.0008    -0.6134    -0.6126     0.0008   2.806479   2.806482 1.3081e-08    34.2996    34.2986     7.4950    27.5700    27.5692    34.2996    27.5700    1447.82    1447.82    -0.6133  1028.2926    34.4666 0.0000e+00
       7092 312.576857  -62.18798  -58.04459      0.765    1446.38    151.000    149.496    -0.6088    -0.6080     0.0009    -0.6135    -0.6126     0.0009   2.806543   2.806536  -0.000002    34.2997    34.2987     7.4937    27.5701    27.5692    34.2999    27.5702    1447.83    1447.84    -0.6133  1028.2976    34.4668 0.0000e+00
       7118 312.576870  -62.18798  -58.04457      0.902    1446.38    152.000    150.486    -0.6084    -0.6076     0.0008    -0.6131    -0.6122     0.0008   2.806622   2.806606  -0.000016    34.2998    34.2986     7.4911    27.5701    27.5691    34.2998    27.5702    1447.85    1447.85    -0.6130  1028.3023    34.4668 0.0000e+00
       7143 312.576882  -62.18798  -58.04455      0.953    1446.38    153.000    151.475    -0.6086    -0.6078     0.0007    -0.6133    -0.6125     0.0007   2.806637   2.806640   0.000004    34.2995    34.2987     7.4902    27.5699    27.5692    34.2996    27.5700    1447.87    1447.87    -0.6132  1028.3069    34.4665 0.0000e+00
       7169 312.576894  -62.18798  -58.04454      0.930    1446.38    154.000    152.465    -0.6083    -0.6073     0.0010    -0.6130    -0.6120     0.0010   2.806727   2.806725  -0.000002    34.2998    34.2986     7.4822    27.5701    27.5691    34.2999    27.5702    1447.88    1447.89    -0.6129  1028.3119    34.4668 0.0000e+00
       7196 312.576907  -62.18798  -58.04454      0.902    1446.38    155.000    153.455    -0.6078    -0.6069     0.0008    -0.6126    -0.6117     0.0008   2.806810   2.806802  -0.000008    34.2997    34.2986     7.4797    27.5701    27.5691    34.2998    27.5702    1447.90    1447.91    -0.6125  1028.3166    34.4668 0.0000e+00
       7228 312.576923  -62.18796  -58.04454      0.794    1446.61    156.000    154.445    -0.6076    -0.6068     0.0007    -0.6124    -0.6116     0.0007   2.806871   2.806859  -0.000010    34.2997    34.2987     7.4805    27.5700    27.5692    34.2997    27.5701    1447.92    1447.92    -0.6123  1028.3213    34.4667 0.0000e+00
       7265 312.576941  -62.18796  -58.04451      0.653    1446.79    157.000    155.434    -0.6070    -0.6063     0.0007    -0.6118    -0.6111     0.0007   2.806965   2.806951  -0.000017    34.2997    34.2987     7.4860    27.5700    27.5692    34.2998    27.5701    1447.94    1447.94    -0.6117  1028.3261    34.4668 0.0000e+00
       7298 312.576957  -62.18797  -58.04449      0.697    1446.79    158.000    156.424    -0.6068    -0.6061     0.0008    -0.6117    -0.6109     0.0008   2.807035   2.807031  -0.000001    34.2997    34.2989     7.4840    27.5701    27.5693    34.2999    27.5702    1447.96    1447.96    -0.6116  1028.3310    34.4669 0.0000e+00
       7325 312.576970  -62.18796  -58.04446      0.831    1446.79    159.000    157.413    -0.6065    -0.6056     0.0009    -0.6114    -0.6105     0.0009   2.807125   2.807130  -0.000004    34.3001    34.2990     7.4863    27.5703    27.5694    34.3001    27.5703    1447.97    1447.98    -0.6113  1028.3359    34.4672 0.0000e+00
       7352 312.576983  -62.18796  -58.04444      0.900    1446.79    160.000    158.403    -0.6065    -0.6056     0.0009    -0.6114    -0.6105     0.0009   2.807159   2.807158   0.000002    34.2998    34.2989     7.4792    27.5701    27.5693    34.2999    27.5702    1447.99    1447.99    -0.6113  1028.3405    34.4670 0.0000e+00
       7384 312.576998  -62.18796  -58.04443      0.792    1446.79    161.000    159.393    -0.6063    -0.6056     0.0007    -0.6113    -0.6105     0.0007   2.807223   2.807207  -0.000013    34.2999    34.2989     7.4780    27.5701    27.5693    34.3000    27.5702    1448.01    1448.01    -0.6111  1028.3453    34.4670 0.0000e+00
       7419 312.577015  -62.18796  -58.04442      0.679    1446.79    162.000    160.382    -0.6056    -0.6049     0.0007    -0.6106    -0.6099     0.0007   2.807333   2.807322  -0.000012    34.3000    34.2990     7.4743    27.5702    27.5694    34.3001    27.5703    1448.03    1448.03    -0.6105  1028.3502    34.4671 0.0000e+00
       7444 312.577027  -62.18796  -58.04440      0.837    1446.79    163.000    161.372    -0.6054    -0.6046     0.0008    -0.6105    -0.6097     0.0008   2.807427   2.807403  -0.000022    34.3003    34.2992     7.4772    27.5705    27.5695    34.3005    27.5706    1448.05    1448.05    -0.6103  1028.3553    34.4676 0.0000e+00
       7464 312.577037  -62.18796  -58.04438      1.048    1446.79    164.000    162.362    -0.6045    -0.6035     0.0010    -0.6095    -0.6085     0.0010   2.807550   2.807561   0.000011    34.3004    34.2994     7.4704    27.5705    27.5696    34.3005    27.5706    1448.06    1448.07    -0.6094  1028.3600    34.4676 0.0000e+00
       7484 312.577046  -62.18796  -58.04438      1.177    1446.79    165.000    163.351    -0.6047    -0.6038     0.0009    -0.6098    -0.6088     0.0009   2.807592   2.807584  -0.000011    34.3006    34.2994     7.4755    27.5706    27.5696    34.3007    27.5707    1448.08    1448.09    -0.6097  1028.3649    34.4677 0.0000e+00
       7512 312.577060  -62.18796  -58.04437      1.022    1446.79    166.000    164.337    -0.6045    -0.6038     0.0007    -0.6096    -0.6089     0.0007   2.807635   2.807620  -0.000015    34.3003    34.2993     7.4762    27.5704    27.5696    34.3004    27.5705    1448.10    1448.10    -0.6095  1028.3695    34.4675 0.0000e+00
       7570 312.577088  -62.18794  -58.04434      0.290    1446.79    167.000    165.333    -0.6049    -0.6040     0.0010    -0.6101    -0.6091     0.0010   2.807638   2.807637  -0.000002    34.3004    34.2992     7.4769    27.5705    27.5695    34.3003    27.5705    1448.11    1448.12    -0.6099  1028.3742    34.4674 0.0000e+00
       7603 312.577104  -62.18794  -58.04431      0.646    1446.79    168.000    166.320    -0.6052    -0.6039     0.0013    -0.6104    -0.6090     0.0013   2.807670   2.807697   0.000022    34.3005    34.2992     7.4843    27.5706    27.5695    34.3005    27.5706    1448.13    1448.13    -0.6103  1028.3791    34.4676 0.0000e+00
       7627 312.577115  -62.18794  -58.04429      0.908    1446.79    169.000    167.309    -0.6057    -0.6048     0.0009    -0.6109    -0.6100     0.0009   2.807643   2.807661   0.000020    34.3000    34.2993     7.4833    27.5702    27.5696    34.3000    27.5703    1448.14    1448.14    -0.6108  1028.3836    34.4671 0.0000e+00
       7649 312.577126  -62.18794  -58.04428      1.056    1446.79    170.000    168.299    -0.6052    -0.6047     0.0006    -0.6104    -0.6099     0.0006   2.807730   2.807709  -0.000018    34.3000    34.2992     7.4785    27.5702    27.5695    34.3000    27.5702    1448.16    1448.16    -0.6103  1028.3883    34.4671 0.0000e+00
       7673 312.577137  -62.18794  -58.04427      1.037    1446.79    171.000    169.289    -0.6053    -0.6046     0.0007    -0.6106    -0.6099     0.0007   2.807795   2.807772  -0.000023    34.3004    34.2992     7.4731    27.5705    27.5696    34.3004    27.5706    1448.18    1448.18    -0.6105  1028.3934    34.4675 0.0000e+00
       7703 312.577152  -62.18794  -58.04426      0.863    1446.79    172.000    170.278    -0.6052    -0.6043     0.0009    -0.6105    -0.6097     0.0009   2.807848   2.807841  -0.000004    34.3003    34.2992     7.4734    27.5704    27.5696    34.3004    27.5705    1448.19    1448.19    -0.6104  1028.3981    34.4675 0.0000e+00
       7734 312.577167  -62.18792  -58.04424      0.772    1446.79    173.000    171.268    -0.6048    -0.6040     0.0008    -0.6101    -0.6094     0.0008   2.807923   2.807922  -0.000003    34.3003    34.2994     7.4740    27.5704    27.5697    34.3003    27.5704    1448.21    1448.21    -0.6100  1028.4028    34.4674 0.0000e+00
       7763 312.577181  -62.18792  -58.04424      0.814    1446.79    174.000    172.257    -0.6048    -0.6041     0.0008    -0.6102    -0.6094     0.0008   2.807965   2.807966   0.000001    34.3003    34.2994     7.4760    27.5704    27.5697    34.3003    27.5704    1448.23    1448.23    -0.6101  1028.4076    34.4674 0.0000e+00
       7789 312.577193  -62.18792  -58.04422      0.880    1446.79    175.000    173.247    -0.6047    -0.6039     0.0008    -0.6101    -0.6093     0.0008   2.808030   2.808030   0.000001    34.3003    34.2995     7.4783    27.5705    27.5697    34.3004    27.5705    1448.24    1448.25    -0.6100  1028.4125    34.4675 0.0000e+00
       7816 312.577206  -62.18792  -58.04421      0.910    1446.79    176.000    174.236    -0.6044    -0.6037     0.0006    -0.6098    -0.6091     0.0006   2.808111   2.808096  -0.000015    34.3004    34.2995     7.4774    27.5705    27.5697    34.3005    27.5706    1448.26    1448.26    -0.6097  1028.4173    34.4677 0.0000e+00
       7846 312.577221  -62.18792  -58.04419      0.830    1446.79    177.000    175.226    -0.6045    -0.6037     0.0008    -0.6099    -0.6091     0.0008   2.808156   2.808144  -0.000012    34.3006    34.2995     7.4809    27.5706    27.5698    34.3006    27.5707    1448.28    1448.28    -0.6098  1028.4222    34.4678 0.0000e+00
       7877 312.577236  -62.18792  -58.04418      0.760    1446.79    178.000    176.216    -0.6047    -0.6038     0.0009    -0.6102    -0.6093     0.0009   2.808182   2.808175  -0.000005    34.3006    34.2995     7.4753    27.5707    27.5698    34.3006    27.5707    1448.29    1448.29    -0.6101  1028.4269    34.4677 0.0000e+00
       7907 312.577250  -62.18792  -58.04416      0.784    1446.79    179.000    177.206    -0.6044    -0.6037     0.0007    -0.6099    -0.6092     0.0007   2.808253   2.808244  -0.000014    34.3006    34.2996     7.4776    27.5706    27.5698    34.3006    27.5707    1448.31    1448.31    -0.6098  1028.4317    34.4677 0.0000e+00
       7935 312.577264  -62.18792  -58.04413      0.839    1446.79    180.000    178.195    -0.6039    -0.6031     0.0008    -0.6095    -0.6087     0.0008   2.808349   2.808349   0.000003    34.3005    34.2997     7.4754    27.5706    27.5699    34.3008    27.5708    1448.33    1448.33    -0.6094  1028.4366    34.4679 0.0000e+00
       7963 312.577277  -62.18792  -58.04412      0.870    1446.79    181.000    179.184    -0.6033    -0.6025     0.0008    -0.6089    -0.6081     0.0008   2.808465   2.808461  -0.000005    34.3009    34.3000     7.4677    27.5709    27.5701    34.3010    27.5709    1448.35    1448.35    -0.6088  1028.4415    34.4681 0.0000e+00
       7994 312.577292  -62.18792  -58.04411      0.798    1446.79    182.000    180.174    -0.6031    -0.6023     0.0008    -0.6087    -0.6079     0.0008   2.808533   2.808528  -0.000007    34.3010    34.3000     7.4650    27.5709    27.5701    34.3011    27.5710    1448.37    1448.37    -0.6086  1028.4463    34.4682 0.0000e+00
       8026 312.577307  -62.18792  -58.04410      0.748    1446.79    183.000    181.163    -0.6030    -0.6021     0.0009    -0.6087    -0.6078     0.0009   2.808589   2.808592   0.000003    34.3010    34.3000     7.4667    27.5710    27.5701    34.3011    27.5710    1448.38    1448.39    -0.6085  1028.4511    34.4683 0.0000e+00
       8052 312.577320  -62.18792  -58.04408      0.858    1446.79    184.000    182.153    -0.6029    -0.6019     0.0009    -0.6086    -0.6077     0.0009   2.808649   2.808650   0.000004    34.3011    34.3001     7.4666    27.5710    27.5702    34.3012    27.5711    1448.40    1448.40    -0.6085  1028.4560    34.4684 0.0000e+00
       8076 312.577332  -62.18790  -58.04406      0.971    1446.79    185.000    183.142    -0.6027    -0.6019     0.0008    -0.6085    -0.6077     0.0008   2.808717   2.808706  -0.000010    34.3012    34.3002     7.4692    27.5711    27.5702    34.3013    27.5712    1448.42    1448.42    -0.6083  1028.4608    34.4685 0.0000e+00
       8100 312.577343  -62.18790  -58.04404      1.001    1446.79    186.000    184.132    -0.6027    -0.6019     0.0008    -0.6085    -0.6077     0.0008   2.808764   2.808754  -0.000014    34.3013    34.3002     7.4702    27.5711    27.5702    34.3013    27.5712    1448.43    1448.44    -0.6083  1028.4656    34.4685 0.0000e+00
       8129 312.577357  -62.18790  -58.04402      0.897    1446.79    187.000    185.122    -0.6025    -0.6017     0.0008    -0.6083    -0.6075     0.0008   2.808830   2.808815  -0.000013    34.3012    34.3001     7.4670    27.5711    27.5702    34.3013    27.5712    1448.45    1448.45    -0.6082  1028.4703    34.4685 0.0000e+00
       8160 312.577372  -62.18790  -58.04402      0.768    1446.79    188.000    186.111    -0.6029    -0.6019     0.0010    -0.6087    -0.6078     0.0010   2.808848   2.808851 4.4205e-07    34.3014    34.3003     7.4702    27.5712    27.5703    34.3014    27.5713    1448.46    1448.47    -0.6086  1028.4752    34.4686 0.0000e+00
       8190 312.577387  -62.18790  -58.04402      0.796    1446.79    189.000    187.101    -0.6030    -0.6022     0.0008    -0.6089    -0.6081     0.0008   2.808902   2.808892  -0.000011    34.3016    34.3006     7.4683    27.5714    27.5706    34.3017    27.5715    1448.48    1448.48    -0.6087  1028.4802    34.4688 0.0000e+00
       8219 312.577401  -62.18790  -58.04400      0.822    1446.79    190.000    188.090    -0.6030    -0.6022     0.0008    -0.6089    -0.6081     0.0008   2.808943   2.808930  -0.000010    34.3016    34.3006     7.4656    27.5714    27.5706    34.3016    27.5714    1448.50    1448.50    -0.6088  1028.4849    34.4688 0.0000e+00
       8247 312.577414  -62.18790  -58.04397      0.836    1446.79    191.000    189.079    -0.6030    -0.6022     0.0009    -0.6090    -0.6081     0.0009   2.808973   2.808972  -0.000002    34.3014    34.3004     7.4663    27.5713    27.5704    34.3015    27.5713    1448.51    1448.52    -0.6088  1028.4894    34.4684 0.0000e+00
       8272 312.577426 -9.990e-29  -58.04395      0.911    1446.79    192.000    190.069    -0.6031    -0.6021     0.0009    -0.6090    -0.6081     0.0009   2.809034   2.809019  -0.000018    34.3017    34.3004     7.4665    27.5715    27.5705    34.3017    27.5715    1448.53    1448.53    -0.6089  1028.4901    34.4634 0.0000e+00
       8297 312.577438 -9.990e-29  -58.04394      0.972    1446.79    193.000    191.058    -0.6031    -0.6022     0.0009    -0.6091    -0.6082     0.0009   2.809061   2.809060 -3.848e-07    34.3014    34.3004     7.4662    27.5713    27.5705    34.3015    27.5714    1448.54    1448.55    -0.6090  1028.4948    34.4632 0.0000e+00
       8326 312.577452 -9.990e-29  -58.04393      0.885    1446.79    194.000    192.048    -0.6028    -0.6020     0.0008    -0.6089    -0.6081     0.0008   2.809150   2.809145  -0.000006    34.3017    34.3007     7.4649    27.5715    27.5707    34.3017    27.5716    1448.56    1448.57    -0.6087  1028.4997    34.4635 0.0000e+00
       8360 312.577469  -62.18788  -58.04390      0.716    1446.79    195.000    193.037    -0.6029    -0.6019     0.0009    -0.6089    -0.6080     0.0009   2.809200   2.809205   0.000007    34.3018    34.3009     7.4674    27.5716    27.5708    34.3019    27.5716    1448.58    1448.58    -0.6088  1028.5070    34.4666 0.0000e+00
       8392 312.577484  -62.18788  -58.04389      0.723    1446.79    196.000    194.027    -0.6027    -0.6019     0.0008    -0.6088    -0.6080     0.0008   2.809271   2.809253  -0.000020    34.3020    34.3008     7.4521    27.5717    27.5708    34.3020    27.5717    1448.60    1448.60    -0.6087  1028.5138    34.4692 0.0000e+00
