Pos-Processados/process_op42/Processamento_split/down/doperantar42_001.cnv
* Sea-Bird SBE 9 Data File:
* FileName = C:\Users\Hidrografia\Desktop\OPXLII\Brutos\OP42001.hdr
* Software Version Seasave V 7.26.7.107
* Temperature SN = 6502
* Conductivity SN = 4998
* Number of Bytes Per Scan = 37
* Number of Voltage Words = 4
* Number of Scans Averaged by the Deck Unit = 1
* NMEA Latitude = 37 22.97 S
* NMEA Longitude = 051 25.37 W
* NMEA UTC (Time) = Oct 16 2023 02:33:28
* NMEA baud rate = 4800
** H41
** NPOALTEMAXIMIANO
** NUMERO DA ESTACAO (XXX) 001
** LAT (XX XX.XX S/N) 37 21.653 S
** LONG (XXX XX.XX W/E) 51 23.878 W
** DATAHORA (dd/mm/aaaa hh:mm Z) 16/10/2023 0155
** PROFUNDIDADE (m) 4344
** OPERADOR CT FILIPE LOPES
# nquan = 30
# nvalues = 1009                        
# units = specified
# name 0 = scan: Scan Count
# name 1 = timeJ: Julian Days
# name 2 = latitude: Latitude [deg]
# name 3 = longitude: Longitude [deg]
# name 4 = dz/dtM: Descent Rate [m/s]
# name 5 = avgsvCM: Average Sound Velocity [Chen-Millero, m/s]
# name 6 = prDM: Pressure, Digiquartz [db]
# name 7 = depSM: Depth [salt water, m]
# name 8 = t090C: Temperature [ITS-90, deg C]
# name 9 = t190C: Temperature, 2 [ITS-90, deg C]
# name 10 = T2-T190C: Temperature Difference, 2 - 1 [ITS-90, deg C]
# name 11 = potemp090C: Potential Temperature [ITS-90, deg C]
# name 12 = potemp190C: Potential Temperature, 2 [ITS-90, deg C]
# name 13 = potemp90Cdiff: Potential Temperature, Diff, 2 - 1 [ITS-90, deg C]
# name 14 = c0S/m: Conductivity [S/m]
# name 15 = c1S/m: Conductivity, 2 [S/m]
# name 16 = C2-C1S/m: Conductivity Difference, 2 - 1 [S/m]
# name 17 = sal00: Salinity, Practical [PSU]
# name 18 = sal11: Salinity, Practical, 2 [PSU]
# name 19 = sbeox0ML/L: Oxygen, SBE 43 [ml/l]
# name 20 = sigma-é00: Density [sigma-theta, kg/m^3]
# name 21 = sigma-é11: Density, 2 [sigma-theta, kg/m^3]
# name 22 = sal00: Salinity, Practical [PSU]
# name 23 = sigma-é00: Density [sigma-theta, kg/m^3]
# name 24 = svCM: Sound Velocity [Chen-Millero, m/s]
# name 25 = svCM1: Sound Velocity, 2 [Chen-Millero, m/s]
# name 26 = gsw_ptA0: potential temperature [ITS-90, deg C]
# name 27 = gsw_densityA0: density, TEOS-10 [density, kg/m^3]
# name 28 = gsw_saA0: Absolute Salinity [g/kg]
# name 29 = flag:
# span 0 =       6096,      39535       
# span 1 = 289.109514, 289.125639       
# span 2 =  -37.39418,  -37.38511       
# span 3 =  -51.43361,  -51.42393       
# span 4 =      0.048,      1.488       
# span 5 =       0.00,    1520.06       
# span 6 =      4.000,   1012.000       
# span 7 =      3.989,   1002.030       
# span 8 =     4.3462,    18.7327       
# span 9 =     4.3501,    18.7321       
# span 10 =    -0.0366,     0.0252      
# span 11 =     4.2674,    18.7261      
# span 12 =     4.2713,    18.7257      
# span 13 =    -0.0365,     0.0250      
# span 14 =   3.263527,   4.825247      
# span 15 =   3.263781,   4.825505      
# span 16 =  -0.003094,   0.003720      
# span 17 =    34.2023,    36.3480      
# span 18 =    34.2021,    36.3494      
# span 19 =     4.4729,     5.6362      
# span 20 =    26.0397,    27.1253      
# span 21 =    26.0404,    27.1245      
# span 22 =    34.2011,    36.3479      
# span 23 =    26.0401,    27.1250      
# span 24 =    1483.66,    1521.24      
# span 25 =    1483.66,    1521.24      
# span 26 =     4.2672,    18.7261      
# span 27 =  1026.0620,  1031.7787      
# span 28 =    34.3646,    36.5196      
# span 29 = 0.0000e+00, 0.0000e+00      
# interval = decibars: 1                
# start_time = Oct 16 2023 02:33:28 [NMEA time, header]
# bad_flag = -9.990e-29
*END*
[from data line 387]
      19024 289.115748  -37.38954  -51.42614      0.595    1517.07    391.000    387.729    14.3826    14.3808    -0.0019    14.3245    14.3226    -0.0019   4.302082   4.302269   0.000227    35.4960    35.4998     4.8682    26.5015    26.5048    35.4951    26.5008    1511.76    1511.76    14.3245  1028.2235    35.6630 0.0000e+00
      19058 289.115764  -37.38954  -51.42616      0.621    1517.07    392.000    388.719    14.3397    14.3342    -0.0055    14.2815    14.2760    -0.0054   4.297373   4.296573  -0.000768    35.4940    35.4919     4.8387    26.5092    26.5087    35.4905    26.5065    1511.64    1511.62    14.2815  1028.2339    35.6583 0.0000e+00
      19078 289.115774  -37.38955  -51.42616      0.967    1517.07    393.000    389.710    14.3138    14.3139     0.0001    14.2555    14.2557     0.0001   4.294391   4.294284  -0.000125    35.4891    35.4878     4.8141    26.5109    26.5099    35.4862    26.5087    1511.56    1511.56    14.2555  1028.2407    35.6540 0.0000e+00
      19095 289.115782  -37.38956  -51.42616      1.232    1517.07    394.000    390.701    14.2983    14.2983    -0.0000    14.2399    14.2399    -0.0000   4.292312   4.292309   0.000001    35.4851    35.4851     4.8239    26.5112    26.5112    35.4808    26.5078    1511.53    1511.52    14.2400  1028.2443    35.6485 0.0000e+00
      19111 289.115790  -37.38956  -51.42616      1.402    1517.07    395.000    391.691    14.2770    14.2770    -0.0001    14.2186    14.2185    -0.0001   4.290185   4.290073  -0.000106    35.4828    35.4818     4.8333    26.5139    26.5132    35.4802    26.5119    1511.47    1511.47    14.2186  1028.2529    35.6479 0.0000e+00
      19132 289.115800  -37.38956  -51.42618      1.351    1517.07    396.000    392.682    14.2731    14.2727    -0.0004    14.2145    14.2141    -0.0004   4.289792   4.289623  -0.000162    35.4816    35.4805     4.8386    26.5138    26.5131    35.4797    26.5124    1511.48    1511.47    14.2145  1028.2578    35.6475 0.0000e+00
      19164 289.115816  -37.38958  -51.42618      0.842    1517.07    397.000    393.673    14.2702    14.2706     0.0005    14.2114    14.2119     0.0005   4.289299   4.289384   0.000085    35.4792    35.4795     4.8348    26.5127    26.5128    35.4774    26.5113    1511.48    1511.48    14.2114  1028.2611    35.6452 0.0000e+00
      19193 289.115830  -37.38959  -51.42619      0.759    1517.07    398.000    394.664    14.2571    14.2567    -0.0005    14.1983    14.1978    -0.0005   4.287800   4.287576  -0.000259    35.4784    35.4764     4.8215    26.5149    26.5135    35.4751    26.5123    1511.45    1511.45    14.1983  1028.2666    35.6428 0.0000e+00
      19222 289.115843  -37.38960  -51.42620      0.866    1517.07    399.000    395.654    14.2429    14.2426    -0.0002    14.1839    14.1836    -0.0002   4.286116   4.286072  -0.000065    35.4742    35.4738     4.8236    26.5147    26.5144    35.4721    26.5131    1511.42    1511.42    14.1839  1028.2719    35.6399 0.0000e+00
      19271 289.115867  -37.38962  -51.42621      0.443    1517.07    400.000    396.645    14.2253    14.2223    -0.0030    14.1663    14.1633    -0.0030   4.283195   4.283431   0.000250    35.4644    35.4695     4.8236    26.5109    26.5154    35.4607    26.5080    1511.37    1511.36    14.1663  1028.2714    35.6284 0.0000e+00
      19303 289.115882  -37.38962  -51.42622      0.644    1517.07    401.000    397.636    14.1803    14.1797    -0.0006    14.1213    14.1206    -0.0006   4.278176   4.277778  -0.000298    35.4622    35.4600     4.8089    26.5188    26.5172    35.4550    26.5132    1511.23    1511.23    14.1212  1028.2813    35.6227 0.0000e+00
      19321 289.115891  -37.38962  -51.42622      1.011    1517.07    402.000    398.626    14.1290    14.1316     0.0026    14.0699    14.0725     0.0026   4.271988   4.272247   0.000184    35.4501    35.4494     4.8052    26.5203    26.5192    35.4442    26.5157    1511.07    1511.08    14.0699  1028.2886    35.6118 0.0000e+00
      19338 289.115900  -37.38962  -51.42622      1.260    1517.07    403.000    399.617    14.1078    14.1081     0.0003    14.0486    14.0489     0.0003   4.269143   4.268832  -0.000158    35.4470    35.4453     4.7989    26.5224    26.5211    35.4368    26.5145    1511.01    1511.01    14.0487  1028.2919    35.6044 0.0000e+00
      19355 289.115908  -37.38962  -51.42622      1.395    1517.07    404.000    400.607    14.0574    14.0505    -0.0068    13.9982    13.9914    -0.0068   4.263080   4.262292  -0.000948    35.4345    35.4320     4.7945    26.5234    26.5229    35.4263    26.5171    1510.85    1510.83    13.9982  1028.2993    35.5938 0.0000e+00
      19370 289.115915  -37.38964  -51.42624      1.488    1517.07    405.000    401.598    14.0556    14.0599     0.0044    13.9963    14.0006     0.0043   4.263104   4.263772   0.000559    35.4297    35.4309     4.7706    26.5201    26.5201    35.4278    26.5186    1510.86    1510.88    13.9963  1028.3052    35.5953 0.0000e+00
      19399 289.115929  -37.38964  -51.42624      1.114    1517.07    406.000    402.589    14.0711    14.0637    -0.0074    14.0116    14.0042    -0.0074   4.264811   4.263907  -0.000827    35.4331    35.4322     4.7248    26.5194    26.5203    35.4290    26.5163    1510.93    1510.90    14.0116  1028.3072    35.5965 0.0000e+00
      19437 289.115947  -37.38966  -51.42626      0.589    1517.07    407.000    403.579    14.0485    14.0486     0.0001    13.9889    13.9890     0.0001   4.262289   4.262267  -0.000063    35.4294    35.4287     4.7037    26.5214    26.5209    35.4259    26.5187    1510.87    1510.87    13.9889  1028.3141    35.5934 0.0000e+00
      19467 289.115962  -37.38968  -51.42626      0.763    1517.07    408.000    404.570    14.0456    14.0455    -0.0001    13.9859    13.9858    -0.0001   4.261846   4.261924   0.000049    35.4269    35.4275     4.7065    26.5201    26.5206    35.4240    26.5179    1510.87    1510.87    13.9859  1028.3177    35.5915 0.0000e+00
      19497 289.115976  -37.38968  -51.42628      0.821    1517.07    409.000    405.561    14.0358    14.0359     0.0001    13.9759    13.9761     0.0001   4.260770   4.260660  -0.000081    35.4265    35.4256     4.7111    26.5219    26.5212    35.4226    26.5189    1510.86    1510.86    13.9760  1028.3232    35.5901 0.0000e+00
      19527 289.115991  -37.38969  -51.42628      0.777    1517.07    410.000    406.551    14.0204    14.0215     0.0011    13.9605    13.9615     0.0011   4.258863   4.259023   0.000137    35.4212    35.4215     4.7060    26.5211    26.5211    35.4185    26.5190    1510.82    1510.82    13.9605  1028.3278    35.5860 0.0000e+00
      19554 289.116003  -37.38970  -51.42629      0.852    1517.07    411.000    407.542    14.0113    14.0106    -0.0007    13.9512    13.9506    -0.0006   4.257501   4.257444  -0.000025    35.4184    35.4187     4.7035    26.5209    26.5213    35.4138    26.5173    1510.80    1510.80    13.9512  1028.3306    35.5813 0.0000e+00
      19576 289.116014  -37.38970  -51.42630      0.997    1517.07    412.000    408.532    13.9887    13.9931     0.0044    13.9285    13.9330     0.0044   4.255152   4.255828   0.000393    35.4144    35.4140     4.7018    26.5226    26.5213    35.4123    26.5209    1510.74    1510.76    13.9286  1028.3388    35.5798 0.0000e+00
      19597 289.116024  -37.38970  -51.42630      1.114    1517.07    413.000    409.523    13.9930    13.9898    -0.0032    13.9327    13.9295    -0.0032   4.255071   4.254108  -0.000430    35.4156    35.4146     4.6865    26.5226    26.5225    35.4071    26.5161    1510.77    1510.75    13.9327  1028.3383    35.5746 0.0000e+00
      19618 289.116035  -37.38972  -51.42630      1.141    1517.07    414.000    410.514    13.9044    13.9031    -0.0013    13.8441    13.8429    -0.0013   4.245909   4.244928  -0.001324    35.4082    35.3970     4.6817    26.5355    26.5272    35.4028    26.5313    1510.49    1510.48    13.8442  1028.3586    35.5702 0.0000e+00
      19642 289.116046  -37.38972  -51.42632      1.056    1517.07    415.000    411.504    13.9287    13.9303     0.0016    13.8682    13.8698     0.0016   4.247976   4.248703   0.000745    35.4006    35.4061     4.6687    26.5246    26.5285    35.3993    26.5236    1510.58    1510.59    13.8682  1028.3551    35.5667 0.0000e+00
      19671 289.116060  -37.38973  -51.42632      0.902    1517.07    416.000    412.495    13.9339    13.9350     0.0011    13.8733    13.8744     0.0010   4.249282   4.249561   0.000290    35.4084    35.4102     4.6515    26.5295    26.5307    35.4062    26.5278    1510.62    1510.63    13.8734  1028.3636    35.5737 0.0000e+00
      19703 289.116075  -37.38974  -51.42633      0.765    1517.07    417.000    413.485    13.9341    13.9347     0.0006    13.8733    13.8740     0.0006   4.249505   4.249717   0.000212    35.4099    35.4113     4.6474    26.5307    26.5317    35.4078    26.5291    1510.64    1510.65    13.8733  1028.3693    35.5753 0.0000e+00
      19732 289.116089  -37.38976  -51.42634      0.784    1517.07    418.000    414.476    13.9266    13.9270     0.0004    13.8658    13.8662     0.0004   4.248780   4.248868   0.000085    35.4099    35.4103     4.6501    26.5323    26.5325    35.4074    26.5304    1510.63    1510.63    13.8658  1028.3750    35.5749 0.0000e+00
      19756 289.116101  -37.38976  -51.42634      0.930    1517.07    419.000    415.467    13.9208    13.9212     0.0003    13.8598    13.8602     0.0003   4.248141   4.248207   0.000071    35.4085    35.4088     4.6554    26.5325    26.5326    35.4064    26.5308    1510.63    1510.63    13.8599  1028.3799    35.5739 0.0000e+00
      19779 289.116112  -37.38976  -51.42634      1.017    1517.07    420.000    416.457    13.9123    13.9128     0.0005    13.8512    13.8517     0.0005   4.247214   4.247232   0.000022    35.4079    35.4076     4.6644    26.5338    26.5335    35.4052    26.5317    1510.62    1510.62    13.8512  1028.3852    35.5727 0.0000e+00
      19809 289.116127  -37.38978  -51.42636      0.879    1517.07    421.000    417.448    13.8938    13.8937    -0.0000    13.8325    13.8325    -0.0000   4.245131   4.245116  -0.000022    35.4054    35.4052     4.6654    26.5358    26.5357    35.4024    26.5334    1510.57    1510.57    13.8326  1028.3915    35.5698 0.0000e+00
      19841 289.116142  -37.38979  -51.42636      0.738    1517.07    422.000    418.438    13.8757    13.8753    -0.0004    13.8144    13.8140    -0.0004   4.242998   4.242834  -0.000105    35.4026    35.4020     4.6556    26.5374    26.5371    35.3986    26.5343    1510.53    1510.52    13.8144  1028.3969    35.5661 0.0000e+00
      19865 289.116154  -37.38980  -51.42637      0.873    1517.07    423.000    419.429    13.8223    13.8199    -0.0024    13.7610    13.7586    -0.0024   4.237078   4.236380  -0.000736    35.3992    35.3946     4.6692    26.5460    26.5428    35.3920    26.5404    1510.36    1510.35    13.7610  1028.4078    35.5594 0.0000e+00
      19888 289.116165  -37.38981  -51.42638      1.024    1517.07    424.000    420.419    13.7965    13.7967     0.0002    13.7352    13.7354     0.0002   4.234069   4.233976  -0.000113    35.3917    35.3904     4.6689    26.5456    26.5446    35.3872    26.5421    1510.29    1510.29    13.7352  1028.4141    35.5546 0.0000e+00
      19918 289.116179  -37.38982  -51.42639      0.903    1517.07    425.000    421.410    13.7878    13.7889     0.0011    13.7263    13.7274     0.0011   4.233002   4.233234   0.000227    35.3882    35.3894     4.6606    26.5447    26.5454    35.3848    26.5421    1510.27    1510.28    13.7263  1028.4186    35.5522 0.0000e+00
      19954 289.116196  -37.38982  -51.42640      0.649    1517.07    426.000    422.400    13.7821    13.7822     0.0001    13.7205    13.7205     0.0001   4.232272   4.232339   0.000093    35.3864    35.3872     4.6700    26.5445    26.5451    35.3828    26.5417    1510.27    1510.27    13.7205  1028.4227    35.5502 0.0000e+00
      19980 289.116209  -37.38982  -51.42640      0.805    1517.07    427.000    423.391    13.7307    13.7293    -0.0015    13.6691    13.6677    -0.0015   4.226480   4.225813  -0.000655    35.3844    35.3796     4.6784    26.5537    26.5503    35.3755    26.5468    1510.11    1510.10    13.6691  1028.4325    35.5428 0.0000e+00
      20000 289.116219  -37.38984  -51.42640      1.035    1517.07    428.000    424.382    13.6881    13.6878    -0.0003    13.6265    13.6261    -0.0003   4.221498   4.221235  -0.000307    35.3747    35.3721     4.6711    26.5550    26.5531    35.3676    26.5495    1509.98    1509.97    13.6265  1028.4400    35.5349 0.0000e+00
      20018 289.116227  -37.38984  -51.42642      1.221    1517.07    429.000    425.372    13.6758    13.6757     0.0001    13.6140    13.6140     0.0001   4.219961   4.219941  -0.000010    35.3693    35.3693     4.6658    26.5535    26.5534    35.3642    26.5495    1509.95    1509.95    13.6141  1028.4444    35.5315 0.0000e+00
      20037 289.116237  -37.38984  -51.42642      1.300    1517.07    430.000    426.363    13.6652    13.6650    -0.0002    13.6033    13.6032    -0.0002   4.218743   4.218629  -0.000076    35.3677    35.3671     4.6687    26.5544    26.5540    35.3621    26.5501    1509.93    1509.93    13.6033  1028.4496    35.5294 0.0000e+00
      20066 289.116251  -37.38984  -51.42642      1.016    1517.07    431.000    427.353    13.6448    13.6298    -0.0150    13.5829    13.5679    -0.0150   4.216833   4.214944  -0.001744    35.3673    35.3648     4.6528    26.5583    26.5595    35.3626    26.5547    1509.88    1509.82    13.5828  1028.4587    35.5299 0.0000e+00
      20109 289.116271  -37.38986  -51.42644      0.522    1517.07    432.000    428.343    13.5858    13.5759    -0.0100    13.5240    13.5140    -0.0099   4.209374   4.208372  -0.001120    35.3551    35.3538     4.6434    26.5611    26.5621    35.3464    26.5544    1509.68    1509.65    13.5240  1028.4633    35.5136 0.0000e+00
      20140 289.116286  -37.38988  -51.42646      0.696    1517.07    433.000    429.334    13.5469    13.5476     0.0007    13.4850    13.4857     0.0008   4.204985   4.205132   0.000091    35.3457    35.3459     4.6451    26.5619    26.5619    35.3407    26.5580    1509.56    1509.57    13.4850  1028.4717    35.5079 0.0000e+00
      20164 289.116298  -37.38988  -51.42646      0.912    1517.07    434.000    430.325    13.5374    13.5360    -0.0014    13.4754    13.4740    -0.0014   4.203810   4.203402  -0.000251    35.3440    35.3429     4.6601    26.5626    26.5620    35.3380    26.5579    1509.55    1509.54    13.4754  1028.4760    35.5052 0.0000e+00
      20186 289.116309  -37.38988  -51.42646      1.053    1517.07    435.000    431.315    13.4875    13.4858    -0.0017    13.4255    13.4238    -0.0017   4.198042   4.197493  -0.000686    35.3385    35.3336     4.6705    26.5686    26.5651    35.3293    26.5614    1509.39    1509.38    13.4255  1028.4844    35.4964 0.0000e+00
      20215 289.116322  -37.38990  -51.42646      0.939    1517.07    436.000    432.305    13.4532    13.4550     0.0018    13.3911    13.3929     0.0018   4.193837   4.193996   0.000130    35.3286    35.3281     4.6668    26.5679    26.5672    35.3210    26.5620    1509.28    1509.29    13.3911  1028.4897    35.4881 0.0000e+00
      20247 289.116338  -37.38991  -51.42648      0.724    1517.07    437.000    433.296    13.4192    13.4199     0.0007    13.3571    13.3578     0.0007   4.189721   4.189735  -0.000005    35.3199    35.3191     4.6985    26.5682    26.5674    35.3131    26.5630    1509.18    1509.18    13.3571  1028.4971    35.4825 0.0000e+00
      20270 289.116349 -9.990e-29  -51.42648      0.878    1517.07    438.000    434.286    13.3763    13.3739    -0.0024    13.3142    13.3118    -0.0024   4.184838   4.184003  -0.000748    35.3174    35.3126     4.7262    26.5751    26.5718    35.3063    26.5664    1509.05    1509.03    13.3142  1028.5054    35.4757 0.0000e+00
