Pos-Processados/process_op42/Processamento_split/down/doperantar42_037.cnv
* Sea-Bird SBE 9 Data File:
* FileName = C:\Users\Hidrografia\Desktop\OPXLII\Brutos\OP42037.hdr
* Software Version Seasave V 7.26.7.107
* Temperature SN = 6502
* Conductivity SN = 4998
* Number of Bytes Per Scan = 37
* Number of Voltage Words = 4
* Number of Scans Averaged by the Deck Unit = 1
* NMEA Latitude = 62 08.60 S
* NMEA Longitude = 058 26.37 W
* NMEA UTC (Time) = Nov 09 2023 12:08:15
* NMEA baud rate = 4800
** H41
** NPOALTEMAXIMIANO
** NUMERO DA ESTACAO (XXX) 037
** LAT (XX XX.XX S/N) 62 08.14 S
** LONG (XXX XX.XX W/E) 058 26.57 W
** DATAHORA (dd/mm/aaaa hh:mm Z) 09/11/2023 1205Z
** PROFUNDIDADE (m) 400
** OPERADOR 1T ZAMITH
# nquan = 30
# nvalues = 332                         
# units = specified
# name 0 = scan: Scan Count
# name 1 = timeJ: Julian Days
# name 2 = latitude: Latitude [deg]
# name 3 = longitude: Longitude [deg]
# name 4 = dz/dtM: Descent Rate [m/s]
# name 5 = avgsvCM: Average Sound Velocity [Chen-Millero, m/s]
# name 6 = prDM: Pressure, Digiquartz [db]
# name 7 = depSM: Depth [salt water, m]
# name 8 = t090C: Temperature [ITS-90, deg C]
# name 9 = t190C: Temperature, 2 [ITS-90, deg C]
# name 10 = T2-T190C: Temperature Difference, 2 - 1 [ITS-90, deg C]
# name 11 = potemp090C: Potential Temperature [ITS-90, deg C]
# name 12 = potemp190C: Potential Temperature, 2 [ITS-90, deg C]
# name 13 = potemp90Cdiff: Potential Temperature, Diff, 2 - 1 [ITS-90, deg C]
# name 14 = c0S/m: Conductivity [S/m]
# name 15 = c1S/m: Conductivity, 2 [S/m]
# name 16 = C2-C1S/m: Conductivity Difference, 2 - 1 [S/m]
# name 17 = sal00: Salinity, Practical [PSU]
# name 18 = sal11: Salinity, Practical, 2 [PSU]
# name 19 = sbeox0ML/L: Oxygen, SBE 43 [ml/l]
# name 20 = sigma-é00: Density [sigma-theta, kg/m^3]
# name 21 = sigma-é11: Density, 2 [sigma-theta, kg/m^3]
# name 22 = sal00: Salinity, Practical [PSU]
# name 23 = sigma-é00: Density [sigma-theta, kg/m^3]
# name 24 = svCM: Sound Velocity [Chen-Millero, m/s]
# name 25 = svCM1: Sound Velocity, 2 [Chen-Millero, m/s]
# name 26 = gsw_ptA0: potential temperature [ITS-90, deg C]
# name 27 = gsw_densityA0: density, TEOS-10 [density, kg/m^3]
# name 28 = gsw_saA0: Absolute Salinity [g/kg]
# name 29 = flag:
# span 0 =       3541,      13590       
# span 1 = 313.507437, 313.512283       
# span 2 =  -62.14592,  -62.14414       
# span 3 =  -58.43848,  -58.43501       
# span 4 =     -0.175,      1.090       
# span 5 =       0.00,    1447.84       
# span 6 =      4.000,    335.000       
# span 7 =      3.949,    331.510       
# span 8 =    -0.8260,    -0.5601       
# span 9 =    -0.8253,    -0.5591       
# span 10 =    -0.0059,     0.0042      
# span 11 =    -0.8315,    -0.5602      
# span 12 =    -0.8307,    -0.5593      
# span 13 =    -0.0058,     0.0042      
# span 14 =   2.790373,   2.825330      
# span 15 =   2.790374,   2.825053      
# span 16 =  -0.000688,   0.000323      
# span 17 =    34.2803,    34.3929      
# span 18 =    34.2797,    34.3918      
# span 19 =     6.7809,     7.6754      
# span 20 =    27.5528,    27.6440      
# span 21 =    27.5525,    27.6432      
# span 22 =    34.2803,    34.3932      
# span 23 =    27.5530,    27.6442      
# span 24 =    1445.66,    1451.15      
# span 25 =    1445.65,    1451.14      
# span 26 =    -0.8313,    -0.5602      
# span 27 =  1027.5776,  1029.2474      
# span 28 =    34.4422,    34.5615      
# span 29 = 0.0000e+00, 0.0000e+00      
# interval = decibars: 1                
# start_time = Nov 09 2023 12:08:15 [NMEA time, header]
# bad_flag = -9.990e-29
*END*
[from data line 97]
       6273 313.508754  -62.14458  -58.43740      0.955    1446.11    101.000    100.007    -0.7393    -0.7385     0.0008    -0.7422    -0.7415     0.0008   2.792593   2.792617   0.000024    34.2908    34.2903     7.5304    27.5684    27.5679    34.2902    27.5679    1446.40    1446.40    -0.7422  1028.0566    34.4565 0.0000e+00
       6302 313.508768  -62.14458  -58.43738      0.870    1446.11    102.000    100.996    -0.7389    -0.7381     0.0008    -0.7419    -0.7410     0.0008   2.792681   2.792699   0.000020    34.2908    34.2901     7.5323    27.5684    27.5678    34.2904    27.5680    1446.42    1446.42    -0.7418  1028.0615    34.4567 0.0000e+00
       6330 313.508781  -62.14458  -58.43737      0.844    1446.11    103.000    101.986    -0.7382    -0.7377     0.0005    -0.7412    -0.7407     0.0005   2.792811   2.792789  -0.000022    34.2909    34.2899     7.5295    27.5684    27.5676    34.2907    27.5682    1446.44    1446.44    -0.7411  1028.0634    34.4531 0.0000e+00
       6354 313.508793 -9.990e-29  -58.43736      0.924    1446.11    104.000    102.976    -0.7371    -0.7361     0.0010    -0.7401    -0.7391     0.0010   2.792985   2.793007   0.000022    34.2915    34.2907     7.5261    27.5689    27.5681    34.2912    27.5686    1446.46    1446.46    -0.7400  1028.0679    34.4529 0.0000e+00
       6377 313.508804 -9.990e-29  -58.43736      1.013    1446.11    105.000    103.966    -0.7382    -0.7372     0.0010    -0.7413    -0.7403     0.0010   2.792939   2.792968   0.000027    34.2916    34.2909     7.5209    27.5690    27.5683    34.2912    27.5686    1446.47    1446.47    -0.7412  1028.0727    34.4529 0.0000e+00
       6400 313.508815 -9.990e-29  -58.43735      1.055    1446.11    106.000    104.956    -0.7398    -0.7387     0.0011    -0.7429    -0.7418     0.0011   2.792870   2.792893   0.000022    34.2918    34.2909     7.5251    27.5692    27.5684    34.2914    27.5689    1446.48    1446.48    -0.7428  1028.0778    34.4531 0.0000e+00
       6425 313.508827  -62.14460  -58.43733      0.998    1446.11    107.000    105.946    -0.7413    -0.7405     0.0008    -0.7444    -0.7437     0.0008   2.792796   2.792791 2.7256e-07    34.2919    34.2910     7.5276    27.5694    27.5686    34.2916    27.5691    1446.49    1446.49    -0.7443  1028.0853    34.4564 0.0000e+00
       6454 313.508841  -62.14460  -58.43732      0.862    1446.11    108.000    106.936    -0.7416    -0.7414     0.0003    -0.7448    -0.7445     0.0003   2.792811   2.792779  -0.000028    34.2918    34.2910     7.5321    27.5693    27.5687    34.2915    27.5690    1446.50    1446.50    -0.7447  1028.0913    34.4579 0.0000e+00
       6483 313.508855  -62.14460  -58.43730      0.811    1446.11    109.000    107.926    -0.7419    -0.7412     0.0007    -0.7451    -0.7444     0.0007   2.792839   2.792832  -0.000009    34.2919    34.2909     7.5295    27.5694    27.5685    34.2916    27.5691    1446.52    1446.52    -0.7450  1028.0961    34.4580 0.0000e+00
       6509 313.508868  -62.14460  -58.43730      0.893    1446.11    110.000    108.916    -0.7425    -0.7414     0.0011    -0.7458    -0.7446     0.0011   2.792847   2.792853   0.000004    34.2920    34.2908     7.5312    27.5695    27.5685    34.2918    27.5693    1446.53    1446.53    -0.7456  1028.1011    34.4582 0.0000e+00
       6531 313.508878 -9.990e-29  -58.43728      1.002    1446.11    111.000    109.905    -0.7430    -0.7419     0.0011    -0.7462    -0.7451     0.0011   2.792866   2.792875   0.000007    34.2921    34.2910     7.5308    27.5696    27.5686    34.2919    27.5694    1446.54    1446.55    -0.7461  1028.1022    34.4536 0.0000e+00
       6553 313.508889 -9.990e-29  -58.43728      1.083    1446.11    112.000    110.895    -0.7438    -0.7430     0.0007    -0.7471    -0.7463     0.0007   2.792814   2.792826   0.000013    34.2919    34.2912     7.5318    27.5694    27.5688    34.2915    27.5691    1446.56    1446.56    -0.7470  1028.1067    34.4532 0.0000e+00
       6576 313.508900 -9.990e-29  -58.43728      1.090    1446.11    113.000    111.885    -0.7447    -0.7439     0.0007    -0.7479    -0.7472     0.0007   2.792803   2.792797  -0.000004    34.2919    34.2910     7.5225    27.5695    27.5688    34.2917    27.5694    1446.57    1446.57    -0.7479  1028.1117    34.4534 0.0000e+00
       6604 313.508913 -9.990e-29  -58.43726      0.936    1446.11    114.000    112.875    -0.7450    -0.7439     0.0010    -0.7483    -0.7473     0.0010   2.792813   2.792846   0.000028    34.2918    34.2911     7.5312    27.5694    27.5688    34.2916    27.5692    1446.58    1446.59    -0.7482  1028.1164    34.4533 0.0000e+00
       6635 313.508928  -62.14462  -58.43724      0.782    1446.11    115.000    113.865    -0.7457    -0.7447     0.0009    -0.7490    -0.7481     0.0009   2.792821   2.792819   0.000002    34.2920    34.2910     7.5305    27.5696    27.5688    34.2919    27.5695    1446.60    1446.60    -0.7490  1028.1251    34.4582 0.0000e+00
       6665 313.508943  -62.14463  -58.43723      0.788    1446.11    116.000    114.855    -0.7460    -0.7453     0.0006    -0.7493    -0.7487     0.0006   2.792832   2.792823  -0.000007    34.2918    34.2910     7.5247    27.5695    27.5688    34.2917    27.5694    1446.61    1446.61    -0.7493  1028.1300    34.4582 0.0000e+00
       6690 313.508955  -62.14464  -58.43722      0.882    1446.11    117.000    115.845    -0.7459    -0.7450     0.0009    -0.7493    -0.7484     0.0009   2.792898   2.792881  -0.000015    34.2920    34.2908     7.5240    27.5697    27.5686    34.2920    27.5696    1446.63    1446.63    -0.7492  1028.1350    34.4585 0.0000e+00
       6714 313.508967  -62.14464  -58.43721      0.973    1446.11    118.000    116.834    -0.7464    -0.7453     0.0011    -0.7498    -0.7487     0.0011   2.792892   2.792908   0.000008    34.2920    34.2909     7.5280    27.5697    27.5687    34.2918    27.5695    1446.64    1446.65    -0.7498  1028.1387    34.4571 0.0000e+00
       6739 313.508979 -9.990e-29  -58.43720      0.987    1446.11    119.000    117.824    -0.7508    -0.7492     0.0016    -0.7543    -0.7526     0.0016   2.792674   2.792703   0.000034    34.2938    34.2924     7.5370    27.5712    27.5700    34.2932    27.5708    1446.64    1446.64    -0.7542  1028.1419    34.4550 0.0000e+00
       6766 313.508992 -9.990e-29  -58.43719      0.919    1446.11    120.000    118.814    -0.7558    -0.7549     0.0010    -0.7593    -0.7583     0.0010   2.792502   2.792495  -0.000009    34.2964    34.2952     7.5348    27.5736    27.5726    34.2959    27.5732    1446.64    1446.64    -0.7592  1028.1491    34.4577 0.0000e+00
       6794 313.509005 -9.990e-29  -58.43718      0.862    1446.11    121.000    119.804    -0.7557    -0.7550     0.0008    -0.7593    -0.7585     0.0008   2.792503   2.792507   0.000005    34.2955    34.2948     7.5264    27.5729    27.5722    34.2953    27.5727    1446.65    1446.65    -0.7591  1028.1533    34.4570 0.0000e+00
       6821 313.509018  -62.14466  -58.43716      0.873    1446.11    122.000    120.794    -0.7554    -0.7546     0.0009    -0.7590    -0.7581     0.0009   2.792600   2.792595  -0.000006    34.2958    34.2947     7.5248    27.5731    27.5722    34.2956    27.5730    1446.67    1446.67    -0.7589  1028.1604    34.4599 0.0000e+00
       6846 313.509030  -62.14466  -58.43716      0.926    1446.11    123.000    121.784    -0.7556    -0.7547     0.0010    -0.7592    -0.7582     0.0010   2.792673   2.792686   0.000015    34.2964    34.2955     7.5176    27.5736    27.5728    34.2962    27.5735    1446.69    1446.69    -0.7591  1028.1676    34.4628 0.0000e+00
       6871 313.509042  -62.14466  -58.43714      0.974    1446.11    124.000    122.774    -0.7562    -0.7553     0.0009    -0.7599    -0.7589     0.0009   2.792687   2.792693   0.000005    34.2967    34.2957     7.5189    27.5739    27.5730    34.2965    27.5737    1446.70    1446.70    -0.7597  1028.1726    34.4631 0.0000e+00
       6897 313.509055  -62.14466  -58.43714      0.950    1446.11    125.000    123.763    -0.7565    -0.7555     0.0010    -0.7601    -0.7592     0.0010   2.792724   2.792734   0.000009    34.2968    34.2958     7.5167    27.5740    27.5731    34.2966    27.5738    1446.72    1446.72    -0.7600  1028.1775    34.4633 0.0000e+00
       6925 313.509068  -62.14466  -58.43712      0.877    1446.11    126.000    124.753    -0.7560    -0.7553     0.0007    -0.7597    -0.7590     0.0007   2.792819   2.792811  -0.000005    34.2968    34.2959     7.5169    27.5740    27.5732    34.2968    27.5739    1446.74    1446.74    -0.7596  1028.1798    34.4602 0.0000e+00
       6953 313.509082 -9.990e-29  -58.43711      0.851    1446.11    127.000    125.743    -0.7534    -0.7542    -0.0007    -0.7572    -0.7579    -0.0007   2.793089   2.792975  -0.000105    34.2967    34.2961     7.5024    27.5738    27.5733    34.2969    27.5739    1446.76    1446.76    -0.7570  1028.1832    34.4586 0.0000e+00
       6980 313.509095 -9.990e-29  -58.43710      0.870    1446.11    128.000    126.732    -0.7520    -0.7519     0.0001    -0.7558    -0.7556     0.0001   2.793290   2.793233  -0.000060    34.2971    34.2961     7.4946    27.5740    27.5732    34.2974    27.5743    1446.79    1446.79    -0.7557  1028.1883    34.4591 0.0000e+00
       7006 313.509107 -9.990e-29  -58.43709      0.910    1446.11    129.000    127.722    -0.7499    -0.7492     0.0007    -0.7537    -0.7529     0.0007   2.793518   2.793525 8.7123e-07    34.2973    34.2965     7.5008    27.5741    27.5734    34.2974    27.5742    1446.81    1446.82    -0.7536  1028.1930    34.4592 0.0000e+00
       7032 313.509120  -62.14468  -58.43708      0.937    1446.11    130.000    128.712    -0.7512    -0.7502     0.0010    -0.7550    -0.7540     0.0010   2.793510   2.793496  -0.000012    34.2982    34.2969     7.5070    27.5749    27.5738    34.2982    27.5749    1446.82    1446.83    -0.7549  1028.2023    34.4646 0.0000e+00
       7057 313.509132  -62.14469  -58.43707      0.952    1446.11    131.000    129.702    -0.7509    -0.7503     0.0007    -0.7548    -0.7541     0.0007   2.793555   2.793553  -0.000005    34.2978    34.2970     7.5078    27.5746    27.5739    34.2979    27.5746    1446.84    1446.84    -0.7546  1028.2070    34.4646 0.0000e+00
       7082 313.509144  -62.14470  -58.43706      0.957    1446.16    132.000    130.692    -0.7519    -0.7512     0.0007    -0.7558    -0.7551     0.0007   2.793550   2.793525  -0.000022    34.2983    34.2972     7.5053    27.5750    27.5741    34.2983    27.5750    1446.85    1446.86    -0.7557  1028.2122    34.4650 0.0000e+00
       7108 313.509156  -62.14470  -58.43704      0.940    1446.37    133.000    131.681    -0.7521    -0.7513     0.0007    -0.7560    -0.7552     0.0007   2.793568   2.793558  -0.000012    34.2981    34.2971     7.5002    27.5748    27.5740    34.2981    27.5748    1446.87    1446.87    -0.7559  1028.2168    34.4648 0.0000e+00
       7135 313.509170  -62.14470  -58.43704      0.896    1446.37    134.000    132.671    -0.7519    -0.7512     0.0006    -0.7558    -0.7551     0.0006   2.793632   2.793625  -0.000005    34.2980    34.2972     7.4963    27.5748    27.5741    34.2981    27.5748    1446.89    1446.89    -0.7557  1028.2216    34.4648 0.0000e+00
       7163 313.509183  -62.14470  -58.43702      0.863    1446.37    135.000    133.661    -0.7509    -0.7502     0.0007    -0.7549    -0.7542     0.0007   2.793792   2.793778  -0.000013    34.2984    34.2974     7.5010    27.5751    27.5742    34.2986    27.5752    1446.91    1446.91    -0.7548  1028.2267    34.4653 0.0000e+00
       7190 313.509196  -62.14472  -58.43701      0.877    1446.37    136.000    134.651    -0.7499    -0.7493     0.0006    -0.7539    -0.7532     0.0006   2.793924   2.793918  -0.000010    34.2985    34.2977     7.4989    27.5751    27.5744    34.2986    27.5752    1446.93    1446.93    -0.7538  1028.2315    34.4653 0.0000e+00
       7215 313.509208  -62.14472  -58.43700      0.921    1446.37    137.000    135.641    -0.7501    -0.7493     0.0009    -0.7541    -0.7533     0.0009   2.793992   2.793971  -0.000022    34.2990    34.2977     7.4911    27.5755    27.5744    34.2991    27.5756    1446.94    1446.95    -0.7540  1028.2355    34.4644 0.0000e+00
       7240 313.509220 -9.990e-29  -58.43699      0.956    1446.37    138.000    136.630    -0.7525    -0.7511     0.0014    -0.7565    -0.7551     0.0014   2.793889   2.793917   0.000030    34.3001    34.2990     7.4953    27.5765    27.5755    34.2998    27.5762    1446.95    1446.96    -0.7564  1028.2381    34.4616 0.0000e+00
       7266 313.509233 -9.990e-29  -58.43698      0.937    1446.37    139.000    137.620    -0.7577    -0.7571     0.0007    -0.7617    -0.7611     0.0007   2.793619   2.793569  -0.000049    34.3017    34.3003     7.4991    27.5780    27.5768    34.3014    27.5778    1446.94    1446.94    -0.7617  1028.2444    34.4632 0.0000e+00
       7294 313.509246 -9.990e-29  -58.43697      0.889    1446.37    140.000    138.610    -0.7581    -0.7574     0.0008    -0.7622    -0.7615     0.0008   2.793617   2.793597  -0.000022    34.3015    34.3003     7.4934    27.5778    27.5768    34.3013    27.5777    1446.96    1446.96    -0.7621  1028.2491    34.4631 0.0000e+00
       7322 313.509260  -62.14474  -58.43696      0.856    1446.37    141.000    139.600    -0.7580    -0.7572     0.0008    -0.7621    -0.7614     0.0008   2.793677   2.793685   0.000008    34.3015    34.3007     7.4885    27.5778    27.5771    34.3014    27.5777    1446.97    1446.98    -0.7620  1028.2562    34.4659 0.0000e+00
       7348 313.509272  -62.14474  -58.43696      0.892    1446.37    142.000    140.589    -0.7581    -0.7572     0.0011    -0.7623    -0.7613     0.0011   2.793734   2.793733  -0.000003    34.3018    34.3006     7.4792    27.5781    27.5771    34.3017    27.5780    1446.99    1446.99    -0.7622  1028.2630    34.4685 0.0000e+00
       7373 313.509284  -62.14474  -58.43694      0.944    1446.37    143.000    141.579    -0.7599    -0.7591     0.0009    -0.7641    -0.7633     0.0009   2.793686   2.793687 8.9484e-07    34.3026    34.3016     7.4720    27.5789    27.5780    34.3024    27.5787    1447.00    1447.00    -0.7640  1028.2685    34.4693 0.0000e+00
       7398 313.509296  -62.14474  -58.43694      0.964    1446.37    144.000    142.569    -0.7600    -0.7592     0.0008    -0.7643    -0.7634     0.0008   2.793727   2.793720  -0.000007    34.3026    34.3016     7.4754    27.5789    27.5780    34.3025    27.5787    1447.02    1447.02    -0.7641  1028.2734    34.4693 0.0000e+00
       7424 313.509309  -62.14474  -58.43692      0.949    1446.37    145.000    143.559    -0.7603    -0.7595     0.0007    -0.7645    -0.7638     0.0007   2.793759   2.793753  -0.000007    34.3026    34.3017     7.4718    27.5789    27.5781    34.3025    27.5788    1447.03    1447.03    -0.7644  1028.2756    34.4662 0.0000e+00
       7451 313.509322 -9.990e-29  -58.43692      0.891    1446.37    146.000    144.548    -0.7607    -0.7600     0.0007    -0.7650    -0.7642     0.0007   2.793775   2.793754  -0.000017    34.3028    34.3018     7.4741    27.5790    27.5781    34.3026    27.5789    1447.04    1447.05    -0.7649  1028.2789    34.4644 0.0000e+00
       7479 313.509336 -9.990e-29  -58.43690      0.855    1446.37    147.000    145.538    -0.7615    -0.7607     0.0008    -0.7659    -0.7651     0.0008   2.793769   2.793752  -0.000018    34.3030    34.3019     7.4712    27.5793    27.5783    34.3029    27.5791    1447.06    1447.06    -0.7657  1028.2840    34.4646 0.0000e+00
       7506 313.509349 -9.990e-29  -58.43689      0.881    1446.37    148.000    146.527    -0.7618    -0.7610     0.0009    -0.7662    -0.7653     0.0009   2.793789   2.793781  -0.000010    34.3030    34.3019     7.4699    27.5792    27.5783    34.3029    27.5791    1447.07    1447.08    -0.7660  1028.2888    34.4646 0.0000e+00
