Pos-Processados/process_op42/Processamento_split/down/doperantar42_002.cnv
* Sea-Bird SBE 9 Data File:
* FileName = C:\Users\Hidrografia\Desktop\OPXLII\Brutos\OP42002.hdr
* Software Version Seasave V 7.26.7.107
* Temperature SN = 6502
* Conductivity SN = 4998
* Number of Bytes Per Scan = 37
* Number of Voltage Words = 4
* Number of Scans Averaged by the Deck Unit = 1
* NMEA Latitude = 37 53.44 S
* NMEA Longitude = 051 46.15 W
* NMEA UTC (Time) = Oct 16 2023 08:29:02
* NMEA baud rate = 4800
** H41
** NPOALTEMAXIMIANO
** NUMERO DA ESTACAO (XXX) 002
** LAT (XX XX.XX S/N) 37 53.431 S
** LONG (XXX XX.XX W/E) 51 48.140 W
** DATAHORA (dd/mm/aaaa hh:mm Z) 16/10/2023 0828Z
** PROFUNDIDADE (m) 4384
** OPERADOR CT FILIPE LOPES
# nquan = 30
# nvalues = 1007                        
# units = specified
# name 0 = scan: Scan Count
# name 1 = timeJ: Julian Days
# name 2 = latitude: Latitude [deg]
# name 3 = longitude: Longitude [deg]
# name 4 = dz/dtM: Descent Rate [m/s]
# name 5 = avgsvCM: Average Sound Velocity [Chen-Millero, m/s]
# name 6 = prDM: Pressure, Digiquartz [db]
# name 7 = depSM: Depth [salt water, m]
# name 8 = t090C: Temperature [ITS-90, deg C]
# name 9 = t190C: Temperature, 2 [ITS-90, deg C]
# name 10 = T2-T190C: Temperature Difference, 2 - 1 [ITS-90, deg C]
# name 11 = potemp090C: Potential Temperature [ITS-90, deg C]
# name 12 = potemp190C: Potential Temperature, 2 [ITS-90, deg C]
# name 13 = potemp90Cdiff: Potential Temperature, Diff, 2 - 1 [ITS-90, deg C]
# name 14 = c0S/m: Conductivity [S/m]
# name 15 = c1S/m: Conductivity, 2 [S/m]
# name 16 = C2-C1S/m: Conductivity Difference, 2 - 1 [S/m]
# name 17 = sal00: Salinity, Practical [PSU]
# name 18 = sal11: Salinity, Practical, 2 [PSU]
# name 19 = sbeox0ML/L: Oxygen, SBE 43 [ml/l]
# name 20 = sigma-é00: Density [sigma-theta, kg/m^3]
# name 21 = sigma-é11: Density, 2 [sigma-theta, kg/m^3]
# name 22 = sal00: Salinity, Practical [PSU]
# name 23 = sigma-é00: Density [sigma-theta, kg/m^3]
# name 24 = svCM: Sound Velocity [Chen-Millero, m/s]
# name 25 = svCM1: Sound Velocity, 2 [Chen-Millero, m/s]
# name 26 = gsw_ptA0: potential temperature [ITS-90, deg C]
# name 27 = gsw_densityA0: density, TEOS-10 [density, kg/m^3]
# name 28 = gsw_saA0: Absolute Salinity [g/kg]
# name 29 = flag:
# span 0 =       6219,      38356       
# span 1 = 289.356494, 289.371992       
# span 2 =  -37.89813,  -37.89182       
# span 3 =  -51.77796,  -51.77083       
# span 4 =     -0.036,      1.612       
# span 5 =       0.00,    1518.61       
# span 6 =      5.000,   1011.000       
# span 7 =      4.959,   1001.013       
# span 8 =     4.6510,    18.1866       
# span 9 =     4.6531,    18.1874       
# span 10 =    -0.0446,     0.0417      
# span 11 =     4.5699,    18.1744      
# span 12 =     4.5720,    18.1752      
# span 13 =    -0.0445,     0.0416      
# span 14 =   3.290534,   4.757839      
# span 15 =   3.290670,   4.758249      
# span 16 =  -0.006880,   0.004659      
# span 17 =    34.1283,    36.2478      
# span 18 =    34.1287,    36.2497      
# span 19 =     4.4790,     6.2347      
# span 20 =    26.1674,    27.1001      
# span 21 =    26.1688,    27.0935      
# span 22 =    34.1278,    36.2480      
# span 23 =    26.1675,    27.0937      
# span 24 =    1482.69,    1519.30      
# span 25 =    1482.70,    1519.30      
# span 26 =     4.5697,    18.1744      
# span 27 =  1026.1967,  1031.7355      
# span 28 =    34.2902,    36.4191      
# span 29 = 0.0000e+00, 0.0000e+00      
# interval = decibars: 1                
# start_time = Oct 16 2023 08:29:02 [NMEA time, header]
# bad_flag = -9.990e-29
*END*
[from data line 774]
      30354 289.368133  -37.89646  -51.77630      0.817    1508.81    779.000    771.728     5.0904     5.0908     0.0004     5.0267     5.0271     0.0004   3.313547   3.313591   0.000045    34.1388    34.1389     6.1721    26.9894    26.9894    34.1371    26.9880    1482.80    1482.81     5.0265  1030.5648    34.2994 0.0000e+00
      30378 289.368145  -37.89647  -51.77630      0.939    1508.81    780.000    772.717     5.0860     5.0864     0.0004     5.0222     5.0226     0.0004   3.313129   3.313191   0.000051    34.1382    34.1383     6.1722    26.9894    26.9895    34.1363    26.9879    1482.80    1482.80     5.0220  1030.5715    34.3015 0.0000e+00
      30399 289.368155 -9.990e-29  -51.77630      1.068    1508.81    781.000    773.706     5.0789     5.0794     0.0005     5.0151     5.0156     0.0005   3.312509   3.312564   0.000051    34.1378    34.1379     6.1726    26.9899    26.9899    34.1358    26.9884    1482.79    1482.79     5.0149  1030.5769    34.3013 0.0000e+00
      30418 289.368164 -9.990e-29  -51.77630      1.184    1508.81    782.000    774.694     5.0777     5.0783     0.0006     5.0138     5.0144     0.0006   3.312418   3.312545   0.000132    34.1368    34.1377     6.1750    26.9893    26.9899    34.1355    26.9883    1482.80    1482.80     5.0136  1030.5813    34.3009 0.0000e+00
      30436 289.368173 -9.990e-29  -51.77630      1.280    1508.81    783.000    775.683     5.0721     5.0728     0.0007     5.0082     5.0088     0.0007   3.311868   3.311967   0.000101    34.1368    34.1373     6.1788    26.9899    26.9902    34.1344    26.9880    1482.79    1482.79     5.0080  1030.5857    34.2998 0.0000e+00
      30454 289.368181 -9.990e-29  -51.77630      1.332    1508.81    784.000    776.672     5.0644     5.0648     0.0004     5.0004     5.0008     0.0004   3.311249   3.311261   0.000014    34.1365    34.1363     6.1865    26.9906    26.9904    34.1347    26.9891    1482.78    1482.78     5.0002  1030.5916    34.3001 0.0000e+00
      30473 289.368190  -37.89648  -51.77631      1.314    1508.81    785.000    777.660     5.0610     5.0617     0.0007     4.9970     4.9976     0.0007   3.310934   3.310998   0.000060    34.1357    34.1357     6.1915    26.9903    26.9903    34.1340    26.9890    1482.78    1482.78     4.9968  1030.5943    34.2972 0.0000e+00
      30496 289.368202  -37.89648  -51.77632      1.169    1508.81    786.000    778.650     5.0571     5.0578     0.0007     4.9930     4.9937     0.0007   3.310607   3.310652   0.000045    34.1352    34.1350     6.1939    26.9905    26.9902    34.1337    26.9892    1482.78    1482.78     4.9928  1030.5986    34.2961 0.0000e+00
      30543 289.368224  -37.89650  -51.77634      0.534    1508.81    787.000    779.641     5.0606     5.0609     0.0003     4.9964     4.9967     0.0003   3.310948   3.310942  -0.000009    34.1349    34.1345     6.2010    26.9898    26.9894    34.1335    26.9887    1482.81    1482.81     4.9962  1030.6025    34.2959 0.0000e+00
      30589 289.368247  -37.89650  -51.77636      0.513    1508.81    788.000    780.627     5.0333     5.0332    -0.0001     4.9692     4.9691    -0.0001   3.308366   3.308299  -0.000076    34.1335    34.1327     6.2026    26.9918    26.9912    34.1312    26.9899    1482.71    1482.71     4.9690  1030.6088    34.2935 0.0000e+00
      30614 289.368259  -37.89650  -51.77636      0.832    1508.81    789.000    781.616     5.0301     5.0308     0.0007     4.9658     4.9665     0.0007   3.308038   3.308163   0.000120    34.1316    34.1323     6.1890    26.9907    26.9911    34.1302    26.9896    1482.71    1482.72     4.9657  1030.6131    34.2926 0.0000e+00
      30633 289.368268  -37.89652  -51.77636      1.067    1508.81    790.000    782.605     5.0290     5.0296     0.0005     4.9647     4.9652     0.0005   3.308017   3.308119   0.000112    34.1321    34.1328     6.1966    26.9912    26.9917    34.1305    26.9899    1482.73    1482.73     4.9645  1030.6180    34.2929 0.0000e+00
      30650 289.368276  -37.89652  -51.77636      1.270    1508.81    791.000    783.593     5.0209     5.0213     0.0005     4.9566     4.9570     0.0004   3.307329   3.307367   0.000036    34.1328    34.1328     6.2134    26.9927    26.9926    34.1304    26.9908    1482.71    1482.71     4.9564  1030.6236    34.2928 0.0000e+00
      30667 289.368284  -37.89652  -51.77636      1.393    1508.81    792.000    784.582     5.0141     5.0145     0.0005     4.9497     4.9502     0.0005   3.306720   3.306786   0.000055    34.1318    34.1319     6.2197    26.9927    26.9927    34.1299    26.9912    1482.70    1482.70     4.9495  1030.6286    34.2923 0.0000e+00
      30686 289.368293  -37.89652  -51.77636      1.364    1508.81    793.000    785.571     5.0111     5.0116     0.0005     4.9466     4.9471     0.0005   3.306451   3.306530   0.000086    34.1310    34.1315     6.2134    26.9923    26.9927    34.1294    26.9911    1482.70    1482.70     4.9464  1030.6332    34.2917 0.0000e+00
      30709 289.368304  -37.89652  -51.77636      1.174    1508.81    794.000    786.560     5.0056     5.0060     0.0004     4.9411     4.9414     0.0004   3.306009   3.306031   0.000025    34.1311    34.1310     6.2176    26.9931    26.9930    34.1294    26.9917    1482.69    1482.70     4.9409  1030.6385    34.2918 0.0000e+00
      30734 289.368317  -37.89653  -51.77637      0.987    1508.81    795.000    787.548     5.0017     5.0023     0.0005     4.9371     4.9377     0.0005   3.305669   3.305747   0.000069    34.1304    34.1307     6.2236    26.9930    26.9931    34.1289    26.9918    1482.69    1482.70     4.9370  1030.6432    34.2913 0.0000e+00
      30759 289.368328  -37.89654  -51.77638      0.960    1508.81    796.000    788.537     5.0000     5.0006     0.0006     4.9354     4.9360     0.0006   3.305559   3.305650   0.000090    34.1300    34.1305     6.2273    26.9929    26.9932    34.1289    26.9920    1482.71    1482.71     4.9352  1030.6480    34.2913 0.0000e+00
      30783 289.368340  -37.89654 -9.990e-29      0.983    1508.81    797.000    789.526     4.9985     4.9985     0.0000     4.9338     4.9338     0.0000   3.305443   3.305472   0.000037    34.1299    34.1303     6.2325    26.9930    26.9933    34.1286    26.9920    1482.72    1482.72     4.9336  1030.6527    34.2913 0.0000e+00
      30816 289.368356  -37.89655 -9.990e-29      0.811    1508.81    798.000    790.512     4.9945     4.9945    -0.0001     4.9297     4.9297    -0.0001   3.305175   3.305179   0.000012    34.1300    34.1302     6.2291    26.9935    26.9937    34.1290    26.9928    1482.72    1482.72     4.9296  1030.6582    34.2917 0.0000e+00
      30858 289.368376  -37.89656  -51.77640      0.543    1508.81    799.000    791.507     4.9906     4.9904    -0.0002     4.9257     4.9255    -0.0002   3.304811   3.304807  -0.000012    34.1296    34.1296     6.2299    26.9936    26.9937    34.1284    26.9927    1482.72    1482.71     4.9256  1030.6630    34.2914 0.0000e+00
      30884 289.368389 -9.990e-29  -51.77640      0.769    1508.81    800.000    792.492     4.9886     4.9895     0.0008     4.9237     4.9245     0.0008   3.304665   3.304789   0.000115    34.1289    34.1294     6.2309    26.9933    26.9936    34.1282    26.9928    1482.72    1482.73     4.9235  1030.6696    34.2937 0.0000e+00
      30903 289.368398 -9.990e-29  -51.77641      1.047    1508.81    801.000    793.481     4.9868     4.9871     0.0003     4.9218     4.9221     0.0003   3.304555   3.304608   0.000065    34.1294    34.1298     6.2340    26.9939    26.9942    34.1283    26.9931    1482.73    1482.73     4.9216  1030.6744    34.2937 0.0000e+00
      30921 289.368407 -9.990e-29  -51.77642      1.251    1508.81    802.000    794.470     4.9822     4.9824     0.0002     4.9171     4.9174     0.0002   3.304159   3.304217   0.000051    34.1292    34.1296     6.2322    26.9943    26.9946    34.1279    26.9933    1482.73    1482.73     4.9170  1030.6793    34.2934 0.0000e+00
      30941 289.368416 -9.990e-29  -51.77642      1.282    1508.81    803.000    795.458     4.9795     4.9800     0.0005     4.9143     4.9149     0.0005   3.303969   3.304042   0.000078    34.1289    34.1293     6.2315    26.9944    26.9946    34.1280    26.9937    1482.74    1482.74     4.9142  1030.6844    34.2935 0.0000e+00
      30971 289.368431  -37.89658  -51.77643      0.948    1508.81    804.000    796.447     4.9778     4.9782     0.0004     4.9126     4.9130     0.0004   3.303995   3.303942  -0.000056    34.1304    34.1293     6.2306    26.9957    26.9948    34.1296    26.9951    1482.75    1482.75     4.9124  1030.6890    34.2933 0.0000e+00
      31001 289.368445  -37.89658  -51.77644      0.744    1508.81    805.000    797.436     4.9754     4.9761     0.0006     4.9101     4.9108     0.0006   3.303732   3.303782   0.000048    34.1293    34.1292     6.2277    26.9951    26.9950    34.1284    26.9945    1482.75    1482.76     4.9100  1030.6919    34.2908 0.0000e+00
      31022 289.368455  -37.89658  -51.77644      0.958    1508.81    806.000    798.425     4.9724     4.9730     0.0006     4.9070     4.9076     0.0006   3.303508   3.303570   0.000062    34.1296    34.1297     6.2255    26.9958    26.9958    34.1285    26.9949    1482.76    1482.76     4.9069  1030.6969    34.2909 0.0000e+00
      31040 289.368464  -37.89660  -51.77644      1.181    1508.81    807.000    799.413     4.9658     4.9661     0.0004     4.9004     4.9007     0.0004   3.302940   3.302973   0.000031    34.1296    34.1296     6.2276    26.9965    26.9965    34.1282    26.9954    1482.74    1482.75     4.9002  1030.7022    34.2906 0.0000e+00
      31060 289.368474  -37.89660  -51.77646      1.283    1508.81    808.000    800.401     4.9626     4.9632     0.0006     4.8972     4.8977     0.0006   3.302690   3.302771   0.000079    34.1290    34.1293     6.2221    26.9964    26.9966    34.1280    26.9956    1482.75    1482.75     4.8970  1030.7070    34.2904 0.0000e+00
      31095 289.368490  -37.89660  -51.77646      0.830    1508.81    809.000    801.392     4.9659     4.9668     0.0009     4.9003     4.9012     0.0009   3.303001   3.303121   0.000120    34.1283    34.1287     6.2150    26.9955    26.9957    34.1278    26.9951    1482.78    1482.78     4.9001  1030.7109    34.2902 0.0000e+00
      31134 289.368509  -37.89660  -51.77648      0.529    1508.81    810.000    802.379     4.9606     4.9611     0.0005     4.8949     4.8954     0.0005   3.302618   3.302676   0.000062    34.1289    34.1291     6.2309    26.9966    26.9967    34.1283    26.9961    1482.77    1482.78     4.8948  1030.7166    34.2907 0.0000e+00
      31155 289.368520  -37.89660  -51.77648      0.899    1508.81    811.000    803.368     4.9600     4.9606     0.0006     4.8943     4.8949     0.0006   3.302600   3.302679   0.000075    34.1288    34.1290     6.2347    26.9966    26.9967    34.1282    26.9961    1482.79    1482.79     4.8941  1030.7212    34.2906 0.0000e+00
      31173 289.368528  -37.89661  -51.77648      1.179    1508.81    812.000    804.357     4.9589     4.9596     0.0006     4.8931     4.8938     0.0006   3.302540   3.302641   0.000100    34.1287    34.1292     6.2309    26.9966    26.9969    34.1280    26.9961    1482.80    1482.80     4.8930  1030.7258    34.2905 0.0000e+00
      31190 289.368536  -37.89662  -51.77648      1.344    1508.81    813.000    805.345     4.9568     4.9575     0.0007     4.8909     4.8916     0.0007   3.302445   3.302543   0.000098    34.1293    34.1298     6.2336    26.9973    26.9976    34.1287    26.9969    1482.81    1482.81     4.8907  1030.7311    34.2911 0.0000e+00
      31225 289.368553  -37.89662  -51.77648      0.897    1508.81    814.000    806.332     4.9580     4.9588     0.0008     4.8920     4.8928     0.0008   3.302569   3.302676   0.000106    34.1287    34.1291     6.2235    26.9968    26.9970    34.1284    26.9965    1482.83    1482.83     4.8918  1030.7353    34.2908 0.0000e+00
      31273 289.368576  -37.89663  -51.77650      0.388    1508.81    815.000    807.323     4.9561     4.9572     0.0011     4.8901     4.8911     0.0011   3.302510   3.302616   0.000108    34.1295    34.1297     6.2161    26.9976    26.9976    34.1291    26.9973    1482.84    1482.84     4.8899  1030.7407    34.2916 0.0000e+00
      31295 289.368587  -37.89664  -51.77651      0.826    1508.81    816.000    808.311     4.9558     4.9564     0.0006     4.8897     4.8903     0.0006   3.302531   3.302607   0.000076    34.1295    34.1297     6.2234    26.9976    26.9978    34.1292    26.9974    1482.86    1482.86     4.8895  1030.7453    34.2916 0.0000e+00
      31313 289.368596  -37.89664  -51.77652      1.126    1508.81    817.000    809.299     4.9556     4.9563     0.0007     4.8894     4.8901     0.0007   3.302552   3.302644   0.000089    34.1294    34.1296     6.2249    26.9976    26.9977    34.1291    26.9974    1482.87    1482.87     4.8892  1030.7499    34.2916 0.0000e+00
      31330 289.368604  -37.89664  -51.77652      1.327    1508.81    818.000    810.288     4.9541     4.9547     0.0007     4.8878     4.8884     0.0007   3.302482   3.302556   0.000080    34.1300    34.1302     6.2256    26.9983    26.9984    34.1294    26.9978    1482.88    1482.89     4.8876  1030.7548    34.2918 0.0000e+00
      31349 289.368613  -37.89666  -51.77652      1.368    1508.81    819.000    811.277     4.9503     4.9508     0.0006     4.8839     4.8845     0.0006   3.302214   3.302279   0.000064    34.1303    34.1305     6.2226    26.9990    26.9990    34.1297    26.9985    1482.88    1482.89     4.8837  1030.7602    34.2922 0.0000e+00
      31378 289.368627  -37.89666  -51.77652      1.001    1508.81    820.000    812.265     4.9478     4.9485     0.0006     4.8814     4.8820     0.0006   3.302080   3.302135   0.000060    34.1306    34.1306     6.2148    26.9995    26.9994    34.1301    26.9991    1482.89    1482.89     4.8812  1030.7654    34.2926 0.0000e+00
      31411 289.368643  -37.89666  -51.77653      0.674    1508.81    821.000    813.254     4.9437     4.9443     0.0006     4.8772     4.8778     0.0006   3.301755   3.301755  -0.000005    34.1309    34.1302     6.2044    27.0001    26.9995    34.1301    26.9995    1482.89    1482.89     4.8770  1030.7705    34.2926 0.0000e+00
      31434 289.368654  -37.89666  -51.77654      0.883    1508.81    822.000    814.243     4.9414     4.9421     0.0007     4.8749     4.8755     0.0007   3.301537   3.301605   0.000068    34.1299    34.1300     6.2123    26.9997    26.9997    34.1294    26.9993    1482.90    1482.90     4.8747  1030.7748    34.2919 0.0000e+00
      31453 289.368663  -37.89666  -51.77654      1.134    1508.81    823.000    815.231     4.9406     4.9413     0.0006     4.8740     4.8746     0.0006   3.301496   3.301573   0.000078    34.1298    34.1300     6.2183    26.9996    26.9998    34.1293    26.9992    1482.91    1482.91     4.8738  1030.7794    34.2917 0.0000e+00
      31470 289.368671  -37.89668  -51.77654      1.317    1508.81    824.000    816.220     4.9394     4.9401     0.0007     4.8727     4.8734     0.0007   3.301434   3.301522   0.000084    34.1298    34.1301     6.2213    26.9998    26.9999    34.1293    26.9995    1482.92    1482.92     4.8725  1030.7841    34.2918 0.0000e+00
      31490 289.368681  -37.89668  -51.77656      1.330    1508.81    825.000    817.204     4.9392     4.9398     0.0007     4.8724     4.8731     0.0007   3.301461   3.301558   0.000098    34.1297    34.1301     6.2227    26.9997    27.0000    34.1294    26.9995    1482.94    1482.94     4.8722  1030.7888    34.2918 0.0000e+00
