Pos-Processados/process_op42/Processamento_split/down/doperantar42_047.cnv
* Sea-Bird SBE 9 Data File:
* FileName = C:\Users\Hidrografia\Desktop\OPXLII\Brutos\OP42047.hdr
* Software Version Seasave V 7.26.7.107
* Temperature SN = 6502
* Conductivity SN = 4998
* Number of Bytes Per Scan = 37
* Number of Voltage Words = 4
* Number of Scans Averaged by the Deck Unit = 1
* NMEA Latitude = 62 08.18 S
* NMEA Longitude = 058 26.60 W
* NMEA UTC (Time) = Nov 09 2023 22:04:48
* NMEA baud rate = 4800
** H41
** NPOALTEMAXIMIANO
** NUMERO DA ESTACAO (XXX) 047
** LAT (XX XX.XX S/N) 62 08. S
** LONG (XXX XX.XX W/E) 058 26. W
** DATAHORA (dd/mm/aaaa hh:mm Z) 09/11/2023 2205Z
** PROFUNDIDADE (m) 424
** OPERADOR 1T ZAMITH
# nquan = 30
# nvalues = 379                         
# units = specified
# name 0 = scan: Scan Count
# name 1 = timeJ: Julian Days
# name 2 = latitude: Latitude [deg]
# name 3 = longitude: Longitude [deg]
# name 4 = dz/dtM: Descent Rate [m/s]
# name 5 = avgsvCM: Average Sound Velocity [Chen-Millero, m/s]
# name 6 = prDM: Pressure, Digiquartz [db]
# name 7 = depSM: Depth [salt water, m]
# name 8 = t090C: Temperature [ITS-90, deg C]
# name 9 = t190C: Temperature, 2 [ITS-90, deg C]
# name 10 = T2-T190C: Temperature Difference, 2 - 1 [ITS-90, deg C]
# name 11 = potemp090C: Potential Temperature [ITS-90, deg C]
# name 12 = potemp190C: Potential Temperature, 2 [ITS-90, deg C]
# name 13 = potemp90Cdiff: Potential Temperature, Diff, 2 - 1 [ITS-90, deg C]
# name 14 = c0S/m: Conductivity [S/m]
# name 15 = c1S/m: Conductivity, 2 [S/m]
# name 16 = C2-C1S/m: Conductivity Difference, 2 - 1 [S/m]
# name 17 = sal00: Salinity, Practical [PSU]
# name 18 = sal11: Salinity, Practical, 2 [PSU]
# name 19 = sbeox0ML/L: Oxygen, SBE 43 [ml/l]
# name 20 = sigma-é00: Density [sigma-theta, kg/m^3]
# name 21 = sigma-é11: Density, 2 [sigma-theta, kg/m^3]
# name 22 = sal00: Salinity, Practical [PSU]
# name 23 = sigma-é00: Density [sigma-theta, kg/m^3]
# name 24 = svCM: Sound Velocity [Chen-Millero, m/s]
# name 25 = svCM1: Sound Velocity, 2 [Chen-Millero, m/s]
# name 26 = gsw_ptA0: potential temperature [ITS-90, deg C]
# name 27 = gsw_densityA0: density, TEOS-10 [density, kg/m^3]
# name 28 = gsw_saA0: Absolute Salinity [g/kg]
# name 29 = flag:
# span 0 =       3680,      14163       
# span 1 = 313.921774, 313.926830       
# span 2 =  -62.13872,  -62.13700       
# span 3 =  -58.44264,  -58.43989       
# span 4 =     -0.349,      1.101       
# span 5 =      -0.00,    1448.34       
# span 6 =      4.000,    382.000       
# span 7 =      3.988,    377.967       
# span 8 =    -0.7990,    -0.4888       
# span 9 =    -0.7986,    -0.4882       
# span 10 =    -0.0133,     0.0040      
# span 11 =    -0.8055,    -0.5018      
# span 12 =    -0.8051,    -0.5012      
# span 13 =    -0.0132,     0.0040      
# span 14 =   2.794599,   2.834954      
# span 15 =   2.794591,   2.834921      
# span 16 =  -0.000924,   0.000209      
# span 17 =    34.2747,    34.4052      
# span 18 =    34.2741,    34.4041      
# span 19 =     6.6502,     7.8420      
# span 20 =    27.5464,    27.6505      
# span 21 =    27.5459,    27.6496      
# span 22 =    34.2749,    34.4052      
# span 23 =    27.5466,    27.6505      
# span 24 =    1445.75,    1452.30      
# span 25 =    1445.75,    1452.30      
# span 26 =    -0.8053,    -0.5016      
# span 27 =  1027.5703,  1029.4716      
# span 28 =    34.4368,    34.5740      
# span 29 = 0.0000e+00, 0.0000e+00      
# interval = decibars: 1                
# start_time = Nov 09 2023 22:04:48 [NMEA time, header]
# bad_flag = -9.990e-29
*END*
[from data line 339]
      12261 313.925913 -9.990e-29  -58.44042      0.972    1447.85    343.000    339.428    -0.6089    -0.6081     0.0008    -0.6201    -0.6193     0.0008   2.820823   2.820823  -0.000002    34.3746    34.3737     6.9239    27.6310    27.6302    34.3748    27.6312    1451.06    1451.07    -0.6199  1029.2682    34.5370 0.0000e+00
      12287 313.925925 -9.990e-29  -58.44042      0.950    1447.85    344.000    340.416    -0.6133    -0.6114     0.0020    -0.6245    -0.6226     0.0020   2.820715   2.820722   0.000006    34.3779    34.3758     6.9280    27.6339    27.6321    34.3778    27.6338    1451.06    1451.07    -0.6243  1029.2756    34.5399 0.0000e+00
      12313 313.925937 -9.990e-29  -58.44041      0.935    1447.85    345.000    341.405    -0.6173    -0.6165     0.0008    -0.6285    -0.6277     0.0008   2.820605   2.820581  -0.000028    34.3804    34.3791     6.9246    27.6361    27.6350    34.3802    27.6359    1451.06    1451.06    -0.6283  1029.2824    34.5423 0.0000e+00
      12338 313.925950 -9.990e-29  -58.44040      0.936    1447.85    346.000    342.394    -0.6180    -0.6173     0.0007    -0.6292    -0.6285     0.0007   2.820566   2.820556  -0.000007    34.3799    34.3790     6.9154    27.6357    27.6350    34.3798    27.6356    1451.08    1451.08    -0.6290  1029.2869    34.5419 0.0000e+00
      12364 313.925962 -9.990e-29  -58.44038      0.938    1447.85    347.000    343.382    -0.6182    -0.6174     0.0008    -0.6295    -0.6287     0.0008   2.820569   2.820582   0.000013    34.3798    34.3790     6.9065    27.6356    27.6350    34.3795    27.6353    1451.09    1451.09    -0.6293  1029.2914    34.5416 0.0000e+00
      12389 313.925974 -9.990e-29  -58.44038      0.934    1447.85    348.000    344.372    -0.6191    -0.6182     0.0009    -0.6305    -0.6296     0.0009   2.820477   2.820466  -0.000024    34.3789    34.3775     6.8971    27.6349    27.6338    34.3787    27.6348    1451.10    1451.10    -0.6302  1029.2956    34.5408 0.0000e+00
      12414 313.925986 -9.990e-29  -58.44038      0.957    1447.85    349.000    345.360    -0.6197    -0.6188     0.0009    -0.6310    -0.6301     0.0009   2.820449   2.820410  -0.000016    34.3784    34.3772     6.8904    27.6345    27.6335    34.3783    27.6345    1451.12    1451.12    -0.6308  1029.3001    34.5404 0.0000e+00
      12438 313.925998 -9.990e-29  -58.44036      0.996    1447.85    350.000    346.349    -0.6200    -0.6194     0.0006    -0.6314    -0.6308     0.0006   2.820422   2.820401  -0.000029    34.3779    34.3768     6.8923    27.6342    27.6332    34.3777    27.6340    1451.13    1451.13    -0.6312  1029.3043    34.5398 0.0000e+00
      12461 313.926009 -9.990e-29  -58.44036      1.021    1447.85    351.000    347.338    -0.6212    -0.6206     0.0007    -0.6326    -0.6320     0.0007   2.820397   2.820371  -0.000027    34.3783    34.3773     6.8954    27.6346    27.6337    34.3782    27.6344    1451.14    1451.14    -0.6324  1029.3095    34.5403 0.0000e+00
      12485 313.926020 -9.990e-29  -58.44036      1.017    1447.85    352.000    348.326    -0.6214    -0.6207     0.0007    -0.6328    -0.6322     0.0007   2.820443   2.820434  -0.000010    34.3784    34.3775     6.9003    27.6347    27.6339    34.3783    27.6346    1451.16    1451.16    -0.6326  1029.3144    34.5404 0.0000e+00
      12508 313.926032 -9.990e-29  -58.44034      1.013    1447.85    353.000    349.315    -0.6212    -0.6205     0.0008    -0.6327    -0.6320     0.0008   2.820494   2.820483  -0.000009    34.3783    34.3773     6.9032    27.6346    27.6338    34.3783    27.6345    1451.17    1451.17    -0.6325  1029.3191    34.5404 0.0000e+00
      12533 313.926044  -62.13847  -58.44034      0.996    1447.85    354.000    350.304    -0.6210    -0.6201     0.0009    -0.6326    -0.6317     0.0009   2.820545   2.820558   0.000013    34.3782    34.3773     6.9049    27.6345    27.6337    34.3782    27.6344    1451.19    1451.19    -0.6323  1029.3243    34.5410 0.0000e+00
      12559 313.926056  -62.13848  -58.44034      0.950    1447.85    355.000    351.293    -0.6200    -0.6191     0.0010    -0.6316    -0.6306     0.0010   2.820679   2.820693   0.000026    34.3780    34.3772     6.8976    27.6343    27.6336    34.3782    27.6344    1451.21    1451.21    -0.6314  1029.3333    34.5463 0.0000e+00
      12586 313.926069  -62.13848  -58.44032      0.906    1447.85    356.000    352.281    -0.5895    -0.5922    -0.0027    -0.6012    -0.6039    -0.0027   2.823718   2.823595  -0.000079    34.3789    34.3809     6.8881    27.6337    27.6354    34.3839    27.6377    1451.38    1451.37    -0.6010  1029.3409    34.5519 0.0000e+00
      12613 313.926082  -62.13849  -58.44032      0.881    1447.85    357.000    353.270    -0.5716    -0.5848    -0.0133    -0.5834    -0.5966    -0.0132   2.825181   2.824299  -0.000924    34.3827    34.3853     6.8913    27.6359    27.6386    34.3827    27.6359    1451.48    1451.42    -0.5832  1029.3437    34.5507 0.0000e+00
      12639 313.926095  -62.13850  -58.44031      0.912    1447.85    358.000    354.259    -0.5820    -0.5794     0.0025    -0.5938    -0.5913     0.0025   2.824916   2.825046   0.000127    34.3871    34.3860     6.8883    27.6400    27.6389    34.3903    27.6426    1451.45    1451.46    -0.5936  1029.3552    34.5584 0.0000e+00
      12663 313.926106  -62.13850  -58.44030      0.957    1447.85    359.000    355.247    -0.5563    -0.5561     0.0002    -0.5682    -0.5680     0.0002   2.827390   2.827343  -0.000043    34.3916    34.3908     6.8551    27.6425    27.6419    34.3939    27.6443    1451.60    1451.60    -0.5680  1029.3613    34.5620 0.0000e+00
      12687 313.926118  -62.13850  -58.44030      0.985    1447.85    360.000    356.236    -0.5547    -0.5539     0.0008    -0.5666    -0.5658     0.0008   2.827687   2.827627  -0.000049    34.3935    34.3919     6.8289    27.6439    27.6426    34.3954    27.6455    1451.62    1451.62    -0.5664  1029.3673    34.5635 0.0000e+00
      12711 313.926130  -62.13851  -58.44029      1.003    1447.85    361.000    357.225    -0.5522    -0.5513     0.0009    -0.5642    -0.5634     0.0009   2.827903   2.827894   0.000004    34.3936    34.3926     6.8138    27.6439    27.6431    34.3949    27.6450    1451.65    1451.65    -0.5640  1029.3715    34.5631 0.0000e+00
      12736 313.926141  -62.13852  -58.44028      0.986    1447.85    362.000    358.214    -0.5374    -0.5383    -0.0009    -0.5495    -0.5505    -0.0009   2.829485   2.829254  -0.000253    34.3951    34.3928     6.7845    27.6445    27.6427    34.3988    27.6475    1451.74    1451.73    -0.5493  1029.3774    34.5655 0.0000e+00
      12990 313.926264  -62.13857  -58.44021      0.380    1448.13    363.000    359.200    -0.5335    -0.5359    -0.0024    -0.5456    -0.5481    -0.0024   2.829733   2.829382  -0.000314    34.3958    34.3944     6.7550    27.6449    27.6438    34.3971    27.6459    1451.77    1451.76    -0.5454  1029.3802    34.5634 0.0000e+00
      13249 313.926389  -62.13860  -58.44014      0.344    1448.34    364.000    360.191    -0.5276    -0.5270     0.0006    -0.5398    -0.5392     0.0006   2.830282   2.830225  -0.000067    34.3969    34.3953     6.7284    27.6455    27.6442    34.3972    27.6458    1451.81    1451.82    -0.5396  1029.3863    34.5655 0.0000e+00
      13288 313.926407  -62.13860  -58.44012      0.516    1448.33    365.000    361.179    -0.5266    -0.5260     0.0006    -0.5388    -0.5383     0.0006   2.830409   2.830384  -0.000035    34.3967    34.3956     6.7292    27.6453    27.6444    34.3971    27.6457    1451.84    1451.84    -0.5386  1029.3908    34.5653 0.0000e+00
      13330 313.926428  -62.13862  -58.44012      0.569    1448.33    366.000    362.168    -0.5235    -0.5241    -0.0006    -0.5357    -0.5364    -0.0006   2.830737   2.830617  -0.000118    34.3968    34.3960     6.7259    27.6453    27.6446    34.3974    27.6457    1451.87    1451.86    -0.5355  1029.3956    34.5655 0.0000e+00
      13368 313.926446  -62.13862  -58.44011      0.623    1448.33    367.000    363.157    -0.5291    -0.5277     0.0014    -0.5414    -0.5400     0.0014   2.830310   2.830311  -0.000005    34.3979    34.3962     6.7253    27.6464    27.6450    34.3974    27.6460    1451.86    1451.86    -0.5412  1029.4007    34.5656 0.0000e+00
      13408 313.926466  -62.13862  -58.44010      0.592    1448.33    368.000    364.145    -0.5365    -0.5355     0.0010    -0.5489    -0.5479     0.0010   2.829662   2.829618  -0.000044    34.3969    34.3951     6.7233    27.6459    27.6445    34.3966    27.6456    1451.84    1451.84    -0.5486  1029.4052    34.5647 0.0000e+00
      13446 313.926484  -62.13864  -58.44008      0.623    1448.33    369.000    365.134    -0.5359    -0.5361    -0.0002    -0.5483    -0.5485    -0.0002   2.829708   2.829621  -0.000091    34.3959    34.3949     6.7184    27.6451    27.6443    34.3958    27.6450    1451.86    1451.85    -0.5480  1029.4093    34.5640 0.0000e+00
      13482 313.926501  -62.13864  -58.44007      0.675    1448.33    370.000    366.122    -0.5359    -0.5340     0.0019    -0.5483    -0.5464     0.0019   2.829777   2.829855   0.000078    34.3961    34.3950     6.7369    27.6452    27.6442    34.3962    27.6453    1451.87    1451.88    -0.5481  1029.4143    34.5644 0.0000e+00
      13515 313.926517  -62.13864  -58.44006      0.720    1448.33    371.000    367.111    -0.5206    -0.5261    -0.0055    -0.5331    -0.5386    -0.0055   2.831185   2.830675  -0.000501    34.3955    34.3951     6.7390    27.6441    27.6439    34.3972    27.6454    1451.96    1451.94    -0.5329  1029.4190    34.5653 0.0000e+00
      13548 313.926533  -62.13864  -58.44006      0.725    1448.33    372.000    368.100    -0.5135    -0.5130     0.0005    -0.5260    -0.5255     0.0006   2.831931   2.831970   0.000034    34.3975    34.3973     6.7400    27.6453    27.6452    34.3986    27.6462    1452.01    1452.02    -0.5258  1029.4258    34.5684 0.0000e+00
      13582 313.926549  -62.13865 -9.990e-29      0.706    1448.33    373.000    369.088    -0.5016    -0.5023    -0.0008    -0.5142    -0.5150    -0.0007   2.833133   2.833057  -0.000063    34.3989    34.3989     6.7280    27.6460    27.6460    34.4006    27.6473    1452.09    1452.09    -0.5140  1029.4322    34.5713 0.0000e+00
      13613 313.926565  -62.13866 -9.990e-29      0.747    1448.33    374.000    370.077    -0.4959    -0.4954     0.0006    -0.5086    -0.5080     0.0006   2.833849   2.833801  -0.000052    34.4020    34.4007     6.7196    27.6482    27.6471    34.4032    27.6492    1452.13    1452.14    -0.5084  1029.4387    34.5740 0.0000e+00
      13643 313.926579  -62.13866  -58.44003      0.790    1448.33    375.000    371.066    -0.4946    -0.4937     0.0009    -0.5074    -0.5065     0.0009   2.834042   2.834021  -0.000024    34.4028    34.4014     6.7043    27.6488    27.6477    34.4037    27.6495    1452.16    1452.16    -0.5071  1029.4427    34.5731 0.0000e+00
      13672 313.926593  -62.13866  -58.44002      0.826    1448.33    376.000    372.054    -0.4939    -0.4933     0.0006    -0.5067    -0.5061     0.0006   2.834134   2.834088  -0.000047    34.4029    34.4016     6.6916    27.6489    27.6478    34.4035    27.6494    1452.18    1452.18    -0.5064  1029.4463    34.5717 0.0000e+00
      13701 313.926607  -62.13867  -58.44002      0.829    1448.33    377.000    373.043    -0.4958    -0.4958     0.0000    -0.5086    -0.5086     0.0000   2.834016   2.833906  -0.000107    34.4030    34.4015     6.6766    27.6490    27.6478    34.4035    27.6494    1452.18    1452.18    -0.5084  1029.4511    34.5717 0.0000e+00
      13733 313.926622  -62.13868  -58.44000      0.778    1448.33    378.000    374.032    -0.4950    -0.4938     0.0012    -0.5078    -0.5066     0.0012   2.834119   2.834133   0.000007    34.4029    34.4016     6.6689    27.6489    27.6478    34.4034    27.6493    1452.21    1452.21    -0.5076  1029.4558    34.5716 0.0000e+00
      13764 313.926637  -62.13868  -58.44000      0.755    1448.33    379.000    375.020    -0.4950    -0.4940     0.0010    -0.5078    -0.5069     0.0010   2.834204   2.834201  -0.000003    34.4034    34.4022     6.6710    27.6493    27.6483    34.4039    27.6497    1452.22    1452.23    -0.5076  1029.4609    34.5721 0.0000e+00
      13794 313.926652  -62.13869  -58.43999      0.801    1448.33    380.000    376.009    -0.4946    -0.4941     0.0005    -0.5075    -0.5070     0.0005   2.834286   2.834251  -0.000038    34.4036    34.4025     6.6700    27.6495    27.6486    34.4040    27.6498    1452.24    1452.24    -0.5073  1029.4657    34.5722 0.0000e+00
      13821 313.926665  -62.13870  -58.43998      0.851    1448.33    381.000    376.988    -0.4929    -0.4918     0.0012    -0.5059    -0.5047     0.0012   2.834492   2.834528   0.000039    34.4037    34.4028     6.6736    27.6494    27.6487    34.4042    27.6499    1452.27    1452.27    -0.5056  1029.4706    34.5724 0.0000e+00
      14163 313.926830  -62.13872  -58.43989     -0.349    1448.33    382.000    377.967    -0.4888    -0.4882     0.0006    -0.5018    -0.5012     0.0006   2.834954   2.834921  -0.000032    34.4052    34.4041     6.6502    27.6505    27.6496    34.4052    27.6505    1452.30    1452.30    -0.5016  1029.4716    34.5681 0.0000e+00
