Pos-Processados/process_op42/Processamento_split/down/doperantar42_025.cnv
* Sea-Bird SBE 9 Data File:
* FileName = C:\Users\Hidrografia\Desktop\OPXLII\Brutos\OP42025.hdr
* Software Version Seasave V 7.26.7.107
* Temperature SN = 6502
* Conductivity SN = 4998
* Number of Bytes Per Scan = 37
* Number of Voltage Words = 4
* Number of Scans Averaged by the Deck Unit = 1
* NMEA Latitude = 62 11.31 S
* NMEA Longitude = 058 02.91 W
* NMEA UTC (Time) = Nov 08 2023 13:45:45
* NMEA baud rate = 4800
** H41
** NPOALTEMAXIMIANO
** NUMERO DA ESTACAO (XXX) 025
** LAT (XX XX.XX S/N) 62  11.331 S
** LONG (XXX XX.XX W/E) 058  02.993 W
** DATAHORA (dd/mm/aaaa hh:mm Z) 08/11/2023 1345Z
** PROFUNDIDADE (m) 484
** OPERADOR CT FABIREZA
# nquan = 30
# nvalues = 437                         
# units = specified
# name 0 = scan: Scan Count
# name 1 = timeJ: Julian Days
# name 2 = latitude: Latitude [deg]
# name 3 = longitude: Longitude [deg]
# name 4 = dz/dtM: Descent Rate [m/s]
# name 5 = avgsvCM: Average Sound Velocity [Chen-Millero, m/s]
# name 6 = prDM: Pressure, Digiquartz [db]
# name 7 = depSM: Depth [salt water, m]
# name 8 = t090C: Temperature [ITS-90, deg C]
# name 9 = t190C: Temperature, 2 [ITS-90, deg C]
# name 10 = T2-T190C: Temperature Difference, 2 - 1 [ITS-90, deg C]
# name 11 = potemp090C: Potential Temperature [ITS-90, deg C]
# name 12 = potemp190C: Potential Temperature, 2 [ITS-90, deg C]
# name 13 = potemp90Cdiff: Potential Temperature, Diff, 2 - 1 [ITS-90, deg C]
# name 14 = c0S/m: Conductivity [S/m]
# name 15 = c1S/m: Conductivity, 2 [S/m]
# name 16 = C2-C1S/m: Conductivity Difference, 2 - 1 [S/m]
# name 17 = sal00: Salinity, Practical [PSU]
# name 18 = sal11: Salinity, Practical, 2 [PSU]
# name 19 = sbeox0ML/L: Oxygen, SBE 43 [ml/l]
# name 20 = sigma-é00: Density [sigma-theta, kg/m^3]
# name 21 = sigma-é11: Density, 2 [sigma-theta, kg/m^3]
# name 22 = sal00: Salinity, Practical [PSU]
# name 23 = sigma-é00: Density [sigma-theta, kg/m^3]
# name 24 = svCM: Sound Velocity [Chen-Millero, m/s]
# name 25 = svCM1: Sound Velocity, 2 [Chen-Millero, m/s]
# name 26 = gsw_ptA0: potential temperature [ITS-90, deg C]
# name 27 = gsw_densityA0: density, TEOS-10 [density, kg/m^3]
# name 28 = gsw_saA0: Absolute Salinity [g/kg]
# name 29 = flag:
# span 0 =       2048,      18055       
# span 1 = 312.574425, 312.582144       
# span 2 =  -62.18842,  -62.18712       
# span 3 =  -58.04745,  -58.03873       
# span 4 =      0.033,      1.244       
# span 5 =      -0.01,    1449.50       
# span 6 =      4.000,    440.000       
# span 7 =      3.959,    435.295       
# span 8 =    -0.8202,    -0.0522       
# span 9 =    -0.8193,    -0.0509       
# span 10 =    -0.0051,     0.0120      
# span 11 =    -0.8287,    -0.0663      
# span 12 =    -0.8278,    -0.0649      
# span 13 =    -0.0050,     0.0119      
# span 14 =   2.797745,   2.877123      
# span 15 =   2.797721,   2.877100      
# span 16 =  -0.000516,   0.000995      
# span 17 =    34.2957,    34.4841      
# span 18 =    34.2943,    34.4826      
# span 19 =     5.9185,     7.5334      
# span 20 =    27.5669,    27.6985      
# span 21 =    27.5657,    27.6960      
# span 22 =    34.2956,    34.4841      
# span 23 =    27.5668,    27.6970      
# span 24 =    1445.42,    1455.04      
# span 25 =    1445.43,    1455.04      
# span 26 =    -0.8285,    -0.0661      
# span 27 =  1027.5906,  1029.7920      
# span 28 =    34.4590,    34.6529      
# span 29 = 0.0000e+00, 0.0000e+00      
# interval = decibars: 1                
# start_time = Nov 08 2023 13:45:45 [NMEA time, header]
# bad_flag = -9.990e-29
*END*
[from data line 339]
      12807 312.579613  -62.18748  -58.04148      0.925    1447.92    343.000    339.426    -0.5510    -0.5503     0.0007    -0.5624    -0.5617     0.0007   2.828732   2.828700  -0.000022    34.4150    34.4139     6.6035    27.6611    27.6603    34.4156    27.6616    1451.39    1451.39    -0.5622  1029.3026    34.5838 0.0000e+00
      12828 312.579623  -62.18748  -58.04148      1.092    1447.92    344.000    340.415    -0.5515    -0.5509     0.0006    -0.5629    -0.5623     0.0006   2.828712   2.828694  -0.000035    34.4151    34.4139     6.5873    27.6612    27.6602    34.4153    27.6614    1451.40    1451.40    -0.5627  1029.3071    34.5835 0.0000e+00
      12847 312.579633  -62.18748  -58.04148      1.178    1447.92    345.000    341.404    -0.5545    -0.5531     0.0014    -0.5659    -0.5646     0.0014   2.828530   2.828535   0.000017    34.4152    34.4139     6.5840    27.6615    27.6603    34.4156    27.6618    1451.41    1451.41    -0.5657  1029.3123    34.5839 0.0000e+00
      12872 312.579644  -62.18748  -58.04148      1.118    1447.92    346.000    342.393    -0.5403    -0.5403    -0.0000    -0.5518    -0.5518    -0.0000   2.829773   2.829795   0.000019    34.4137    34.4139     6.5839    27.6596    27.6598    34.4156    27.6612    1451.49    1451.49    -0.5516  1029.3163    34.5839 0.0000e+00
      12919 312.579667  -62.18746  -58.04146      0.513    1447.92    347.000    343.382    -0.5290    -0.5304    -0.0014    -0.5406    -0.5420    -0.0014   2.830807   2.830699  -0.000096    34.4150    34.4153     6.5862    27.6602    27.6605    34.4161    27.6611    1451.56    1451.55    -0.5404  1029.3208    34.5844 0.0000e+00
      12962 312.579688  -62.18746  -58.04143      0.543    1447.92    348.000    344.370    -0.5118    -0.5155    -0.0036    -0.5235    -0.5271    -0.0036   2.832510   2.832205  -0.000288    34.4158    34.4161     6.5755    27.6601    27.6604    34.4190    27.6626    1451.66    1451.64    -0.5233  1029.3269    34.5872 0.0000e+00
      12991 312.579702  -62.18746  -58.04140      0.763    1448.20    349.000    345.359    -0.4754    -0.4771    -0.0017    -0.4872    -0.4890    -0.0017   2.835763   2.835709  -0.000061    34.4161    34.4173     6.5641    27.6587    27.6597    34.4208    27.6625    1451.85    1451.84    -0.4870  1029.3311    34.5891 0.0000e+00
      13016 312.579714  -62.18746  -58.04138      0.919    1448.34    350.000    346.348    -0.4611    -0.4623    -0.0012    -0.4730    -0.4742    -0.0012   2.837306   2.837124  -0.000163    34.4205    34.4196     6.5619    27.6615    27.6610    34.4246    27.6649    1451.93    1451.93    -0.4728  1029.3381    34.5929 0.0000e+00
      13040 312.579726  -62.18746  -58.04138      0.987    1448.34    351.000    347.336    -0.4381    -0.4380     0.0002    -0.4502    -0.4500     0.0002   2.839378   2.839415   0.000005    34.4215    34.4213     6.5481    27.6613    27.6612    34.4258    27.6649    1452.06    1452.06    -0.4499  1029.3425    34.5941 0.0000e+00
      13069 312.579739  -62.18746  -58.04138      0.896    1448.34    352.000    348.325    -0.4240    -0.4249    -0.0008    -0.4361    -0.4370    -0.0008   2.840844   2.840706  -0.000135    34.4249    34.4240     6.5166    27.6634    27.6628    34.4289    27.6667    1452.14    1452.14    -0.4359  1029.3489    34.5972 0.0000e+00
      13103 312.579756  -62.18746  -58.04137      0.718    1448.34    353.000    349.313    -0.4082    -0.4090    -0.0008    -0.4204    -0.4212    -0.0008   2.842268   2.842207  -0.000058    34.4256    34.4257     6.4860    27.6633    27.6634    34.4295    27.6665    1452.23    1452.23    -0.4202  1029.3532    34.5979 0.0000e+00
      13135 312.579771  -62.18744  -58.04134      0.724    1448.34    354.000    350.303    -0.3762    -0.3775    -0.0014    -0.3885    -0.3899    -0.0014   2.845194   2.845209   0.000034    34.4256    34.4276     6.4507    27.6617    27.6634    34.4318    27.6669    1452.40    1452.40    -0.3883  1029.3580    34.6002 0.0000e+00
      13163 312.579785  -62.18744  -58.04132      0.825    1448.34    355.000    351.291    -0.3255    -0.3293    -0.0038    -0.3380    -0.3418    -0.0038   2.849883   2.849691  -0.000201    34.4280    34.4297     6.4283    27.6614    27.6629    34.4366    27.6683    1452.66    1452.65    -0.3378  1029.3636    34.6050 0.0000e+00
      13188 312.579797  -62.18744  -58.04130      0.919    1448.34    356.000    352.280    -0.2990    -0.2997    -0.0007    -0.3116    -0.3123    -0.0007   2.852509   2.852347  -0.000155    34.4352    34.4340     6.4123    27.6659    27.6650    34.4412    27.6707    1452.81    1452.80    -0.3114  1029.3704    34.6095 0.0000e+00
      13218 312.579811  -62.18744  -58.04128      0.867    1448.34    357.000    353.268    -0.2860    -0.2886    -0.0026    -0.2987    -0.3012    -0.0026   2.853802   2.853474  -0.000318    34.4378    34.4365     6.3888    27.6674    27.6665    34.4431    27.6717    1452.89    1452.87    -0.2985  1029.3760    34.6115 0.0000e+00
      13257 312.579830  -62.18744  -58.04128      0.625    1448.34    358.000    354.257    -0.2793    -0.2790     0.0003    -0.2921    -0.2918     0.0003   2.854544   2.854431  -0.000131    34.4411    34.4391     6.3336    27.6698    27.6681    34.4449    27.6728    1452.94    1452.94    -0.2919  1029.3818    34.6133 0.0000e+00
      13292 312.579847  -62.18744  -58.04125      0.648    1448.34    359.000    355.246    -0.2762    -0.2757     0.0005    -0.2891    -0.2885     0.0005   2.854941   2.854872  -0.000085    34.4423    34.4405     6.2964    27.6705    27.6691    34.4461    27.6736    1452.97    1452.97    -0.2888  1029.3873    34.6145 0.0000e+00
      13319 312.579860  -62.18744  -58.04124      0.812    1448.34    360.000    356.235    -0.2690    -0.2681     0.0009    -0.2819    -0.2810     0.0009   2.855704   2.855677  -0.000022    34.4444    34.4431     6.2834    27.6719    27.6708    34.4475    27.6744    1453.02    1453.02    -0.2817  1029.3927    34.6160 0.0000e+00
      13344 312.579872  -62.18744  -58.04123      0.942    1448.34    361.000    357.223    -0.2632    -0.2646    -0.0014    -0.2762    -0.2775    -0.0014   2.856368   2.856128  -0.000219    34.4453    34.4439     6.2780    27.6723    27.6713    34.4493    27.6756    1453.07    1453.06    -0.2760  1029.3985    34.6177 0.0000e+00
      13369 312.579884  -62.18744  -58.04122      0.968    1448.34    362.000    358.212    -0.2202    -0.2237    -0.0034    -0.2334    -0.2368    -0.0034   2.860155   2.860033  -0.000150    34.4426    34.4445     6.2638    27.6681    27.6698    34.4506    27.6746    1453.28    1453.27    -0.2332  1029.4018    34.6191 0.0000e+00
      13399 312.579899  -62.18742  -58.04120      0.863    1448.34    363.000    359.200    -0.1930    -0.1931    -0.0001    -0.2063    -0.2063    -0.0001   2.862782   2.862719  -0.000033    34.4498    34.4495     6.2555    27.6726    27.6723    34.4543    27.6762    1453.43    1453.43    -0.2061  1029.4078    34.6228 0.0000e+00
      13446 312.579922  -62.18742  -58.04118      0.515    1448.34    364.000    360.189    -0.1952    -0.1959    -0.0007    -0.2084    -0.2091    -0.0007   2.862834   2.862446  -0.000403    34.4539    34.4493     6.2219    27.6760    27.6723    34.4568    27.6784    1453.44    1453.43    -0.2083  1029.4134    34.6237 0.0000e+00
      13492 312.579943 -9.990e-29  -58.04114      0.512    1448.34    365.000    361.178    -0.1888    -0.1869     0.0019    -0.2021    -0.2002     0.0019   2.863482   2.863584   0.000090    34.4545    34.4536     6.1717    27.6762    27.6753    34.4576    27.6787    1453.49    1453.49    -0.2019  1029.4148    34.6199 0.0000e+00
      13519 312.579957 -9.990e-29  -58.04112      0.763    1448.34    366.000    362.166    -0.1840    -0.1832     0.0008    -0.1974    -0.1966     0.0008   2.864007   2.863961  -0.000046    34.4563    34.4548     6.1654    27.6774    27.6761    34.4587    27.6793    1453.53    1453.53    -0.1972  1029.4202    34.6212 0.0000e+00
      13542 312.579968 -9.990e-29  -58.04110      0.970    1448.34    367.000    363.155    -0.1843    -0.1833     0.0010    -0.1977    -0.1967     0.0010   2.864032   2.863986  -0.000043    34.4568    34.4551     6.1629    27.6778    27.6764    34.4587    27.6794    1453.54    1453.55    -0.1975  1029.4250    34.6212 0.0000e+00
      13565 312.579979  -62.18740  -58.04110      1.069    1448.34    368.000    364.144    -0.1831    -0.1817     0.0014    -0.1966    -0.1952     0.0014   2.864213   2.864224   0.000004    34.4569    34.4554     6.1680    27.6778    27.6765    34.4592    27.6796    1453.56    1453.57    -0.1964  1029.4337    34.6263 0.0000e+00
      13595 312.579993  -62.18740  -58.04110      0.910    1448.34    369.000    365.133    -0.1646    -0.1674    -0.0028    -0.1781    -0.1809    -0.0028   2.865884   2.865608  -0.000275    34.4558    34.4553     6.1570    27.6760    27.6758    34.4599    27.6793    1453.67    1453.65    -0.1779  1029.4390    34.6283 0.0000e+00
      13637 312.580014  -62.18740  -58.04108      0.561    1448.34    370.000    366.121    -0.1127    -0.1108     0.0019    -0.1264    -0.1246     0.0019   2.870791   2.871082   0.000283    34.4599    34.4615     6.1484    27.6767    27.6780    34.4660    27.6817    1453.93    1453.94    -0.1263  1029.4455    34.6346 0.0000e+00
      13676 312.580032  -62.18740  -58.04106      0.610    1448.34    371.000    367.110    -0.0576    -0.0570     0.0006    -0.0716    -0.0710     0.0006   2.875981   2.876271   0.000284    34.4663    34.4694     6.1217    27.6791    27.6816    34.4723    27.6840    1454.21    1454.22    -0.0714  1029.4518    34.6409 0.0000e+00
      13708 312.580048  -62.18740  -58.04104      0.717    1448.34    372.000    368.098    -0.0522    -0.0509     0.0014    -0.0663    -0.0649     0.0014   2.877014   2.877100   0.000111    34.4752    34.4751     6.0844    27.6860    27.6859    34.4794    27.6894    1454.26    1454.27    -0.0661  1029.4619    34.6480 0.0000e+00
      13735 312.580061  -62.18740  -58.04102      0.842    1448.34    373.000    369.087    -0.0558    -0.0554     0.0005    -0.0699    -0.0695     0.0005   2.877001   2.876910  -0.000082    34.4794    34.4778     6.0278    27.6896    27.6883    34.4827    27.6922    1454.27    1454.27    -0.0697  1029.4695    34.6513 0.0000e+00
      13762 312.580074  -62.18740  -58.04100      0.888    1448.34    374.000    370.076    -0.0555    -0.0544     0.0011    -0.0697    -0.0686     0.0011   2.877110   2.877055  -0.000076    34.4808    34.4786     5.9760    27.6907    27.6889    34.4832    27.6926    1454.28    1454.29    -0.0695  1029.4746    34.6518 0.0000e+00
      13791 312.580088  -62.18739  -58.04098      0.842    1448.34    375.000    371.064    -0.0645    -0.0627     0.0018    -0.0786    -0.0769     0.0017   2.876346   2.876351  -0.000004    34.4810    34.4790     5.9447    27.6914    27.6896    34.4825    27.6926    1454.26    1454.26    -0.0785  1029.4794    34.6512 0.0000e+00
      13823 312.580103  -62.18738  -58.04098      0.776    1448.34    376.000    372.053    -0.0664    -0.0662     0.0001    -0.0806    -0.0804     0.0002   2.876216   2.876081  -0.000100    34.4808    34.4793     5.9185    27.6912    27.6900    34.4823    27.6925    1454.27    1454.26    -0.0804  1029.4841    34.6510 0.0000e+00
      13885 312.580133  -62.18738  -58.04095      0.340    1448.34    377.000    373.042    -0.0589    -0.0618    -0.0029    -0.0731    -0.0760    -0.0029   2.876898   2.876546  -0.000359    34.4807    34.4792     5.9237    27.6908    27.6897    34.4823    27.6921    1454.32    1454.30    -0.0730  1029.4884    34.6510 0.0000e+00
      13930 312.580155  -62.18738  -58.04092      0.547    1448.34    378.000    374.030    -0.0559    -0.0586    -0.0027    -0.0702    -0.0728    -0.0027   2.877123   2.876851  -0.000282    34.4812    34.4805     5.9284    27.6911    27.6906    34.4813    27.6912    1454.35    1454.33    -0.0700  1029.4921    34.6500 0.0000e+00
      13953 312.580166  -62.18738  -58.04090      0.878    1448.34    379.000    375.019    -0.0736    -0.0692     0.0045    -0.0879    -0.0835     0.0044   2.875641   2.876002   0.000276    34.4815    34.4802     5.9341    27.6922    27.6909    34.4811    27.6919    1454.28    1454.30    -0.0877  1029.4977    34.6497 0.0000e+00
      13974 312.580176  -62.18738  -58.04088      1.073    1448.34    380.000    376.007    -0.0664    -0.0626     0.0038    -0.0807    -0.0769     0.0037   2.876470   2.876572   0.000200    34.4818    34.4802     5.9319    27.6921    27.6906    34.4833    27.6933    1454.33    1454.35    -0.0806  1029.5038    34.6519 0.0000e+00
      13993 312.580185  -62.18738  -58.04088      1.178    1448.34    381.000    376.993    -0.0702    -0.0719    -0.0017    -0.0846    -0.0863    -0.0017   2.875998   2.875766  -0.000205    34.4817    34.4809     5.9303    27.6922    27.6917    34.4807    27.6914    1454.33    1454.32    -0.0844  1029.5067    34.6494 0.0000e+00
      14062 312.580218  -62.18737  -58.04084      0.545    1448.34    382.000    378.006    -0.0741    -0.0743    -0.0002    -0.0885    -0.0887    -0.0002   2.875766   2.875709  -0.000090    34.4812    34.4802     5.9428    27.6920    27.6912    34.4814    27.6922    1454.33    1454.33    -0.0883  1029.5123    34.6501 0.0000e+00
      14108 312.580241  -62.18736  -58.04079      0.757    1448.34    383.000    378.973    -0.0801    -0.0779     0.0021    -0.0945    -0.0924     0.0021   2.875253   2.875380   0.000094    34.4818    34.4806     5.9461    27.6928    27.6918    34.4808    27.6920    1454.31    1454.32    -0.0943  1029.5168    34.6494 0.0000e+00
      14130 312.580251  -62.18736  -58.04078      1.017    1448.34    384.000    379.962    -0.0846    -0.0839     0.0008    -0.0991    -0.0983     0.0008   2.874887   2.874884   0.000018    34.4810    34.4804     5.9428    27.6924    27.6918    34.4805    27.6920    1454.31    1454.31    -0.0989  1029.5216    34.6491 0.0000e+00
      14151 312.580261  -62.18736  -58.04078      1.119    1448.34    385.000    380.950    -0.0896    -0.0878     0.0018    -0.1040    -0.1022     0.0018   2.874504   2.874579   0.000062    34.4812    34.4799     5.9358    27.6928    27.6917    34.4803    27.6921    1454.30    1454.31    -0.1039  1029.5266    34.6490 0.0000e+00
      14175 312.580273  -62.18736  -58.04078      1.134    1448.34    386.000    381.915    -0.0943    -0.0933     0.0011    -0.1088    -0.1078     0.0011   2.874161   2.874166  -0.000013    34.4812    34.4798     5.9420    27.6930    27.6919    34.4805    27.6925    1454.30    1454.30    -0.1086  1029.5317    34.6492 0.0000e+00
      14311 312.580338  -62.18734  -58.04070      0.533    1448.34    387.000    382.967    -0.0856    -0.0844     0.0012    -0.1002    -0.0990     0.0012   2.874934   2.874963   0.000032    34.4807    34.4798     5.9666    27.6922    27.6914    34.4804    27.6920    1454.35    1454.36    -0.1000  1029.5359    34.6491 0.0000e+00
      14332 312.580349  -62.18734  -58.04068      0.863    1448.34    388.000    383.914    -0.0998    -0.0996     0.0002    -0.1144    -0.1141     0.0002   2.873653   2.873657  -0.000013    34.4807    34.4803     5.9631    27.6930    27.6926    34.4788    27.6914    1454.30    1454.30    -0.1142  1029.5402    34.6475 0.0000e+00
      14415 312.580389  -62.18733  -58.04065      0.470    1448.68    389.000    384.908    -0.0993    -0.1005    -0.0012    -0.1139    -0.1151    -0.0012   2.873840   2.873670  -0.000171    34.4802    34.4793     5.9574    27.6925    27.6918    34.4801    27.6924    1454.32    1454.32    -0.1137  1029.5459    34.6488 0.0000e+00
