Pos-Processados/process_op42/Processamento_split/down/doperantar42_044.cnv
* Sea-Bird SBE 9 Data File:
* FileName = C:\Users\Hidrografia\Desktop\OPXLII\Brutos\OP42044.hdr
* Software Version Seasave V 7.26.7.107
* Temperature SN = 6502
* Conductivity SN = 4998
* Number of Bytes Per Scan = 37
* Number of Voltage Words = 4
* Number of Scans Averaged by the Deck Unit = 1
* NMEA Latitude = 62 08.87 S
* NMEA Longitude = 058 26.12 W
* NMEA UTC (Time) = Nov 09 2023 19:07:43
* NMEA baud rate = 4800
** H41
** NPOALTEMAXIMIANO
** NUMERO DA ESTACAO (XXX) 044
** LAT (XX XX.XX S/N) 62 08.851 S
** LONG (XXX XX.XX W/E) 058 26.159 W
** DATAHORA (dd/mm/aaaa hh:mm Z) 09/11/2023 1907Z
** PROFUNDIDADE (m) 375
** OPERADOR CT FABIREZA
# nquan = 30
# nvalues = 366                         
# units = specified
# name 0 = scan: Scan Count
# name 1 = timeJ: Julian Days
# name 2 = latitude: Latitude [deg]
# name 3 = longitude: Longitude [deg]
# name 4 = dz/dtM: Descent Rate [m/s]
# name 5 = avgsvCM: Average Sound Velocity [Chen-Millero, m/s]
# name 6 = prDM: Pressure, Digiquartz [db]
# name 7 = depSM: Depth [salt water, m]
# name 8 = t090C: Temperature [ITS-90, deg C]
# name 9 = t190C: Temperature, 2 [ITS-90, deg C]
# name 10 = T2-T190C: Temperature Difference, 2 - 1 [ITS-90, deg C]
# name 11 = potemp090C: Potential Temperature [ITS-90, deg C]
# name 12 = potemp190C: Potential Temperature, 2 [ITS-90, deg C]
# name 13 = potemp90Cdiff: Potential Temperature, Diff, 2 - 1 [ITS-90, deg C]
# name 14 = c0S/m: Conductivity [S/m]
# name 15 = c1S/m: Conductivity, 2 [S/m]
# name 16 = C2-C1S/m: Conductivity Difference, 2 - 1 [S/m]
# name 17 = sal00: Salinity, Practical [PSU]
# name 18 = sal11: Salinity, Practical, 2 [PSU]
# name 19 = sbeox0ML/L: Oxygen, SBE 43 [ml/l]
# name 20 = sigma-é00: Density [sigma-theta, kg/m^3]
# name 21 = sigma-é11: Density, 2 [sigma-theta, kg/m^3]
# name 22 = sal00: Salinity, Practical [PSU]
# name 23 = sigma-é00: Density [sigma-theta, kg/m^3]
# name 24 = svCM: Sound Velocity [Chen-Millero, m/s]
# name 25 = svCM1: Sound Velocity, 2 [Chen-Millero, m/s]
# name 26 = gsw_ptA0: potential temperature [ITS-90, deg C]
# name 27 = gsw_densityA0: density, TEOS-10 [density, kg/m^3]
# name 28 = gsw_saA0: Absolute Salinity [g/kg]
# name 29 = flag:
# span 0 =       1927,      13647       
# span 1 = 313.797955, 313.803606       
# span 2 =  -62.15166,  -62.14847       
# span 3 =  -58.43472,  -58.43110       
# span 4 =      0.022,      1.021       
# span 5 =       0.00,    1448.19       
# span 6 =      3.000,    368.000       
# span 7 =      2.977,    364.128       
# span 8 =    -0.7877,    -0.5306       
# span 9 =    -0.7869,    -0.5289       
# span 10 =    -0.0079,     0.0074      
# span 11 =    -0.7949,    -0.5308      
# span 12 =    -0.7942,    -0.5290      
# span 13 =    -0.0079,     0.0074      
# span 14 =   2.796121,   2.818413      
# span 15 =   2.796110,   2.818273      
# span 16 =  -0.000542,   0.000408      
# span 17 =    34.2781,    34.3574      
# span 18 =    34.2789,    34.3558      
# span 19 =     7.0579,     7.6348      
# span 20 =    27.5506,    27.6183      
# span 21 =    27.5495,    27.6170      
# span 22 =    34.2784,    34.3575      
# span 23 =    27.5507,    27.6183      
# span 24 =    1445.76,    1451.32      
# span 25 =    1445.77,    1451.32      
# span 26 =    -0.7948,    -0.5308      
# span 27 =  1027.5696,  1029.3792      
# span 28 =    34.4414,    34.5255      
# span 29 = 0.0000e+00, 0.0000e+00      
# interval = decibars: 1                
# start_time = Nov 09 2023 19:07:43 [NMEA time, header]
# bad_flag = -9.990e-29
*END*
[from data line 242]
       9211 313.801467  -62.15042  -58.43235      0.871    1447.22    245.000    242.505    -0.7851    -0.7838     0.0013    -0.7924    -0.7912     0.0013   2.796669   2.796701   0.000036    34.3085    34.3075     7.4610    27.5848    27.5839    34.3084    27.5847    1448.55    1448.55    -0.7923  1028.7618    34.4758 0.0000e+00
       9239 313.801480  -62.15042  -58.43234      0.882    1447.22    246.000    243.495    -0.7858    -0.7851     0.0007    -0.7932    -0.7925     0.0007   2.796681   2.796666  -0.000014    34.3089    34.3079     7.4611    27.5851    27.5842    34.3088    27.5851    1448.56    1448.57    -0.7930  1028.7670    34.4763 0.0000e+00
       9268 313.801495  -62.15044  -58.43234      0.838    1447.22    247.000    244.484    -0.7860    -0.7851     0.0008    -0.7934    -0.7926     0.0008   2.796704   2.796696  -0.000009    34.3088    34.3077     7.4543    27.5850    27.5842    34.3087    27.5850    1448.58    1448.58    -0.7932  1028.7716    34.4761 0.0000e+00
       9298 313.801509  -62.15044  -58.43232      0.790    1447.22    248.000    245.473    -0.7829    -0.7824     0.0006    -0.7904    -0.7898     0.0006   2.797029   2.797033   0.000006    34.3086    34.3081     7.4480    27.5848    27.5843    34.3090    27.5851    1448.61    1448.61    -0.7902  1028.7765    34.4765 0.0000e+00
       9328 313.801523  -62.15045  -58.43232      0.806    1447.22    249.000    246.462    -0.7808    -0.7799     0.0009    -0.7883    -0.7875     0.0009   2.797311   2.797317   0.000005    34.3094    34.3085     7.4432    27.5854    27.5846    34.3099    27.5857    1448.64    1448.64    -0.7881  1028.7829    34.4785 0.0000e+00
       9355 313.801536  -62.15046 -9.990e-29      0.857    1447.22    250.000    247.452    -0.7801    -0.7798     0.0003    -0.7876    -0.7873     0.0003   2.797506   2.797490  -0.000014    34.3112    34.3107     7.4449    27.5867    27.5863    34.3110    27.5866    1448.66    1448.66    -0.7874  1028.7895    34.4809 0.0000e+00
       9381 313.801549  -62.15046 -9.990e-29      0.902    1447.22    251.000    248.440    -0.7828    -0.7825     0.0003    -0.7904    -0.7901     0.0003   2.797502   2.797450  -0.000054    34.3132    34.3121     7.4442    27.5885    27.5876    34.3135    27.5887    1448.66    1448.67    -0.7902  1028.7964    34.4834 0.0000e+00
       9408 313.801562  -62.15047 -9.990e-29      0.910    1447.22    252.000    249.430    -0.7748    -0.7757    -0.0009    -0.7825    -0.7834    -0.0009   2.798249   2.798157  -0.000086    34.3127    34.3125     7.4349    27.5877    27.5876    34.3139    27.5888    1448.72    1448.71    -0.7823  1028.8011    34.4838 0.0000e+00
       9434 313.801575  -62.15048  -58.43228      0.912    1447.22    253.000    250.419    -0.7702    -0.7691     0.0011    -0.7779    -0.7768     0.0011   2.798744   2.798779   0.000027    34.3144    34.3136     7.4301    27.5890    27.5882    34.3148    27.5892    1448.76    1448.76    -0.7777  1028.8049    34.4829 0.0000e+00
       9462 313.801588  -62.15048  -58.43228      0.890    1447.22    254.000    251.408    -0.7719    -0.7707     0.0012    -0.7796    -0.7784     0.0012   2.798738   2.798746   0.000003    34.3156    34.3143     7.4289    27.5900    27.5889    34.3160    27.5903    1448.77    1448.77    -0.7794  1028.8102    34.4835 0.0000e+00
       9491 313.801602  -62.15048  -58.43228      0.830    1447.22    255.000    252.398    -0.7636    -0.7645    -0.0008    -0.7714    -0.7722    -0.0008   2.799520   2.799463  -0.000063    34.3152    34.3153     7.4132    27.5894    27.5895    34.3166    27.5904    1448.82    1448.82    -0.7712  1028.8150    34.4841 0.0000e+00
       9522 313.801617  -62.15050  -58.43226      0.794    1447.22    256.000    253.386    -0.7619    -0.7599     0.0021    -0.7697    -0.7676     0.0021   2.799828   2.799913   0.000098    34.3177    34.3167     7.4028    27.5913    27.5904    34.3182    27.5917    1448.85    1448.86    -0.7695  1028.8210    34.4857 0.0000e+00
       9551 313.801631  -62.15051  -58.43226      0.803    1447.22    257.000    254.376    -0.7543    -0.7540     0.0003    -0.7621    -0.7618     0.0003   2.800532   2.800564   0.000027    34.3171    34.3171     7.3905    27.5905    27.5904    34.3184    27.5915    1448.90    1448.90    -0.7619  1028.8256    34.4859 0.0000e+00
       9580 313.801645  -62.15052  -58.43224      0.819    1447.22    258.000    255.365    -0.7535    -0.7529     0.0007    -0.7614    -0.7607     0.0007   2.800698   2.800653  -0.000011    34.3188    34.3179     7.3750    27.5919    27.5911    34.3192    27.5921    1448.92    1448.92    -0.7612  1028.8309    34.4867 0.0000e+00
       9610 313.801660  -62.15052  -58.43224      0.808    1447.22    259.000    256.354    -0.7606    -0.7609    -0.0002    -0.7685    -0.7687    -0.0002   2.800086   2.799978  -0.000134    34.3185    34.3169     7.3758    27.5919    27.5906    34.3183    27.5917    1448.91    1448.90    -0.7683  1028.8354    34.4858 0.0000e+00
       9639 313.801673  -62.15054  -58.43222      0.818    1447.22    260.000    257.344    -0.7604    -0.7604    -0.0000    -0.7683    -0.7683    -0.0000   2.800081   2.800065  -0.000044    34.3173    34.3167     7.3739    27.5909    27.5904    34.3174    27.5909    1448.92    1448.92    -0.7681  1028.8394    34.4849 0.0000e+00
       9667 313.801687  -62.15054  -58.43222      0.863    1447.22    261.000    258.333    -0.7576    -0.7569     0.0008    -0.7656    -0.7648     0.0008   2.800485   2.800441   0.000006    34.3178    34.3170     7.3684    27.5912    27.5905    34.3191    27.5923    1448.95    1448.96    -0.7654  1028.8454    34.4867 0.0000e+00
       9696 313.801701  -62.15055  -58.43221      0.836    1447.22    262.000    259.322    -0.7427    -0.7451    -0.0023    -0.7508    -0.7531    -0.0023   2.801751   2.801617  -0.000167    34.3173    34.3177     7.3703    27.5902    27.5906    34.3187    27.5913    1449.04    1449.03    -0.7506  1028.8491    34.4863 0.0000e+00
       9726 313.801716  -62.15056  -58.43220      0.789    1447.22    263.000    260.311    -0.7375    -0.7364     0.0012    -0.7456    -0.7444     0.0012   2.802348   2.802429   0.000089    34.3193    34.3191     7.3746    27.5916    27.5914    34.3203    27.5924    1449.08    1449.09    -0.7454  1028.8549    34.4878 0.0000e+00
       9754 313.801729  -62.15056  -58.43220      0.848    1447.22    264.000    261.300    -0.7357    -0.7349     0.0008    -0.7438    -0.7430     0.0008   2.802622   2.802607  -0.000014    34.3204    34.3194     7.3692    27.5924    27.5916    34.3213    27.5931    1449.11    1449.11    -0.7436  1028.8604    34.4888 0.0000e+00
       9782 313.801742  -62.15058  -58.43219      0.870    1447.22    265.000    262.289    -0.7350    -0.7347     0.0002    -0.7431    -0.7429     0.0002   2.802756   2.802689  -0.000064    34.3209    34.3198     7.3605    27.5928    27.5919    34.3217    27.5934    1449.13    1449.13    -0.7429  1028.8654    34.4892 0.0000e+00
       9814 313.801758  -62.15058  -58.43218      0.773    1447.22    266.000    263.278    -0.7349    -0.7344     0.0005    -0.7431    -0.7426     0.0005   2.802809   2.802774  -0.000040    34.3211    34.3200     7.3547    27.5929    27.5920    34.3217    27.5934    1449.14    1449.14    -0.7429  1028.8702    34.4892 0.0000e+00
       9845 313.801773  -62.15060  -58.43218      0.758    1447.22    267.000    264.268    -0.7373    -0.7364     0.0009    -0.7455    -0.7446     0.0009   2.802682   2.802656  -0.000026    34.3218    34.3205     7.3413    27.5936    27.5925    34.3220    27.5938    1449.15    1449.15    -0.7453  1028.8753    34.4896 0.0000e+00
       9876 313.801788  -62.15060  -58.43216      0.783    1447.22    268.000    265.257    -0.7384    -0.7377     0.0007    -0.7466    -0.7459     0.0007   2.802632   2.802610  -0.000020    34.3217    34.3207     7.3440    27.5935    27.5927    34.3220    27.5938    1449.16    1449.16    -0.7464  1028.8801    34.4896 0.0000e+00
       9907 313.801803  -62.15061  -58.43215      0.769    1447.22    269.000    266.245    -0.7380    -0.7375     0.0006    -0.7463    -0.7457     0.0006   2.802710   2.802680  -0.000030    34.3218    34.3207     7.3477    27.5936    27.5927    34.3221    27.5938    1449.18    1449.18    -0.7461  1028.8849    34.4896 0.0000e+00
       9936 313.801817  -62.15062  -58.43214      0.800    1447.22    270.000    267.235    -0.7382    -0.7384    -0.0002    -0.7465    -0.7467    -0.0002   2.802740   2.802653  -0.000087    34.3219    34.3210     7.3427    27.5937    27.5930    34.3220    27.5938    1449.20    1449.19    -0.7463  1028.8897    34.4896 0.0000e+00
       9964 313.801830  -62.15062  -58.43214      0.846    1447.22    271.000    268.224    -0.7397    -0.7389     0.0008    -0.7480    -0.7472     0.0008   2.802694   2.802665  -0.000032    34.3224    34.3211     7.3408    27.5942    27.5931    34.3225    27.5942    1449.21    1449.21    -0.7478  1028.8949    34.4900 0.0000e+00
       9992 313.801844  -62.15064  -58.43212      0.864    1447.22    272.000    269.213    -0.7396    -0.7389     0.0008    -0.7480    -0.7472     0.0008   2.802722   2.802710  -0.000013    34.3221    34.3210     7.3392    27.5939    27.5930    34.3222    27.5940    1449.22    1449.22    -0.7478  1028.8994    34.4897 0.0000e+00
      10021 313.801858  -62.15064  -58.43212      0.838    1447.23    273.000    270.202    -0.7398    -0.7391     0.0008    -0.7482    -0.7475     0.0008   2.802738   2.802744 -1.820e-07    34.3220    34.3211     7.3418    27.5939    27.5931    34.3220    27.5939    1449.24    1449.24    -0.7480  1028.9040    34.4896 0.0000e+00
      10051 313.801872  -62.15064  -58.43211      0.805 -9.990e-29    274.000    271.191    -0.7413    -0.7404     0.0009    -0.7497    -0.7488     0.0009   2.802679   2.802670  -0.000003    34.3223    34.3213     7.3358    27.5942    27.5933    34.3223    27.5942    1449.25    1449.25    -0.7495  1028.9091    34.4899 0.0000e+00
      10080 313.801886  -62.15065  -58.43210      0.823 -9.990e-29    275.000    272.180    -0.7425    -0.7414     0.0011    -0.7510    -0.7498     0.0011   2.802634   2.802633 -7.932e-07    34.3224    34.3211     7.3360    27.5943    27.5932    34.3225    27.5944    1449.26    1449.26    -0.7508  1028.9141    34.4901 0.0000e+00
      10108 313.801900  -62.15066  -58.43210      0.850 -9.990e-29    276.000    273.170    -0.7421    -0.7416     0.0006    -0.7506    -0.7501     0.0006   2.802702   2.802672  -0.000032    34.3222    34.3212     7.3348    27.5941    27.5933    34.3223    27.5942    1449.28    1449.28    -0.7504  1028.9187    34.4899 0.0000e+00
      10139 313.801914  -62.15067  -58.43208      0.803    1447.52    277.000    274.159    -0.7386    -0.7384     0.0002    -0.7471    -0.7469     0.0002   2.803057   2.803035  -0.000027    34.3220    34.3213     7.3344    27.5938    27.5933    34.3225    27.5942    1449.31    1449.31    -0.7469  1028.9234    34.4901 0.0000e+00
      10172 313.801930  -62.15068  -58.43208      0.737    1447.52    278.000    275.147    -0.7354    -0.7348     0.0007    -0.7440    -0.7433     0.0007   2.803468   2.803454  -0.000010    34.3235    34.3226     7.3408    27.5949    27.5942    34.3238    27.5952    1449.34    1449.34    -0.7438  1028.9291    34.4914 0.0000e+00
      10205 313.801946  -62.15068  -58.43206      0.717    1447.52    279.000    276.136    -0.7357    -0.7351     0.0006    -0.7443    -0.7437     0.0006   2.803503   2.803507   0.000006    34.3239    34.3232     7.3414    27.5952    27.5947    34.3240    27.5953    1449.36    1449.36    -0.7441  1028.9341    34.4916 0.0000e+00
      10235 313.801961  -62.15070  -58.43206      0.777    1447.52    280.000    277.126    -0.7361    -0.7353     0.0008    -0.7447    -0.7439     0.0008   2.803594   2.803550  -0.000044    34.3248    34.3233     7.3415    27.5960    27.5947    34.3251    27.5962    1449.37    1449.37    -0.7445  1028.9397    34.4927 0.0000e+00
      10262 313.801974  -62.15070  -58.43205      0.863    1447.52    281.000    278.115    -0.7361    -0.7350     0.0011    -0.7448    -0.7437     0.0011   2.803617   2.803628   0.000005    34.3248    34.3237     7.3361    27.5960    27.5951    34.3248    27.5960    1449.39    1449.39    -0.7446  1028.9442    34.4924 0.0000e+00
      10288 313.801986  -62.15071  -58.43204      0.904    1447.52    282.000    279.104    -0.7332    -0.7341    -0.0010    -0.7419    -0.7428    -0.0010   2.803908   2.803794  -0.000090    34.3237    34.3236     7.3273    27.5950    27.5950    34.3248    27.5959    1449.42    1449.41    -0.7417  1028.9488    34.4924 0.0000e+00
      10315 313.801999  -62.15072  -58.43204      0.913    1447.52    283.000    280.093    -0.7271    -0.7281    -0.0010    -0.7359    -0.7369    -0.0010   2.804510   2.804384  -0.000120    34.3248    34.3243     7.3216    27.5956    27.5953    34.3254    27.5961    1449.46    1449.46    -0.7357  1028.9538    34.4931 0.0000e+00
      10344 313.802013  -62.15072  -58.43203      0.856    1447.52    284.000    281.082    -0.7248    -0.7256    -0.0008    -0.7336    -0.7344    -0.0008   2.804786   2.804662  -0.000124    34.3254    34.3246     7.3162    27.5960    27.5954    34.3259    27.5964    1449.49    1449.49    -0.7334  1028.9588    34.4936 0.0000e+00
      10375 313.802028  -62.15074  -58.43202      0.774    1447.52    285.000    282.071    -0.7204    -0.7216    -0.0013    -0.7292    -0.7305    -0.0013   2.805234   2.805090  -0.000141    34.3254    34.3249     7.3156    27.5958    27.5955    34.3264    27.5966    1449.53    1449.52    -0.7290  1028.9638    34.4940 0.0000e+00
      10405 313.802043  -62.15074  -58.43201      0.782    1447.52    286.000    283.060    -0.7172    -0.7178    -0.0006    -0.7261    -0.7267    -0.0006   2.805576   2.805465  -0.000108    34.3260    34.3253     7.3082    27.5962    27.5956    34.3267    27.5968    1449.56    1449.56    -0.7259  1028.9687    34.4944 0.0000e+00
      10435 313.802057  -62.15075  -58.43200      0.810    1447.52    287.000    284.049    -0.7176    -0.7155     0.0020    -0.7265    -0.7244     0.0020   2.805618   2.805727   0.000070    34.3271    34.3257     7.3032    27.5971    27.5959    34.3271    27.5971    1449.58    1449.58    -0.7263  1028.9737    34.4948 0.0000e+00
      10465 313.802072  -62.15076  -58.43199      0.803    1447.52    288.000    285.038    -0.7205    -0.7206    -0.0001    -0.7295    -0.7295    -0.0001   2.805458   2.805330  -0.000083    34.3270    34.3260     7.2969    27.5971    27.5963    34.3277    27.5977    1449.58    1449.58    -0.7292  1028.9791    34.4954 0.0000e+00
      10496 313.802086  -62.15078  -58.43198      0.787    1447.52    289.000    286.027    -0.7104    -0.7112    -0.0007    -0.7194    -0.7201    -0.0007   2.806320   2.806254  -0.000092    34.3262    34.3258     7.2966    27.5961    27.5958    34.3272    27.5969    1449.64    1449.64    -0.7192  1028.9830    34.4949 0.0000e+00
      10527 313.802101  -62.15078  -58.43198      0.771    1447.52    290.000    287.016    -0.7069    -0.7062     0.0007    -0.7160    -0.7152     0.0007   2.806752   2.806754 -5.156e-07    34.3274    34.3266     7.2936    27.5969    27.5962    34.3285    27.5978    1449.68    1449.68    -0.7157  1028.9886    34.4962 0.0000e+00
      10556 313.802116  -62.15079  -58.43197      0.794    1447.52    291.000    288.005    -0.6978    -0.6975     0.0004    -0.7070    -0.7066     0.0004   2.807582   2.807608   0.000029    34.3277    34.3277     7.2888    27.5968    27.5968    34.3288    27.5977    1449.74    1449.74    -0.7067  1028.9932    34.4965 0.0000e+00
      10584 313.802129  -62.15080  -58.43196      0.854    1447.52    292.000    288.994    -0.6969    -0.6964     0.0005    -0.7060    -0.7055     0.0005   2.807798   2.807772  -0.000022    34.3292    34.3284     7.2888    27.5980    27.5972    34.3300    27.5986    1449.76    1449.76    -0.7058  1028.9989    34.4978 0.0000e+00
