Pos-Processados/process_op42/Processamento_split/down/doperantar42_037.cnv
* Sea-Bird SBE 9 Data File:
* FileName = C:\Users\Hidrografia\Desktop\OPXLII\Brutos\OP42037.hdr
* Software Version Seasave V 7.26.7.107
* Temperature SN = 6502
* Conductivity SN = 4998
* Number of Bytes Per Scan = 37
* Number of Voltage Words = 4
* Number of Scans Averaged by the Deck Unit = 1
* NMEA Latitude = 62 08.60 S
* NMEA Longitude = 058 26.37 W
* NMEA UTC (Time) = Nov 09 2023 12:08:15
* NMEA baud rate = 4800
** H41
** NPOALTEMAXIMIANO
** NUMERO DA ESTACAO (XXX) 037
** LAT (XX XX.XX S/N) 62 08.14 S
** LONG (XXX XX.XX W/E) 058 26.57 W
** DATAHORA (dd/mm/aaaa hh:mm Z) 09/11/2023 1205Z
** PROFUNDIDADE (m) 400
** OPERADOR 1T ZAMITH
# nquan = 30
# nvalues = 332                         
# units = specified
# name 0 = scan: Scan Count
# name 1 = timeJ: Julian Days
# name 2 = latitude: Latitude [deg]
# name 3 = longitude: Longitude [deg]
# name 4 = dz/dtM: Descent Rate [m/s]
# name 5 = avgsvCM: Average Sound Velocity [Chen-Millero, m/s]
# name 6 = prDM: Pressure, Digiquartz [db]
# name 7 = depSM: Depth [salt water, m]
# name 8 = t090C: Temperature [ITS-90, deg C]
# name 9 = t190C: Temperature, 2 [ITS-90, deg C]
# name 10 = T2-T190C: Temperature Difference, 2 - 1 [ITS-90, deg C]
# name 11 = potemp090C: Potential Temperature [ITS-90, deg C]
# name 12 = potemp190C: Potential Temperature, 2 [ITS-90, deg C]
# name 13 = potemp90Cdiff: Potential Temperature, Diff, 2 - 1 [ITS-90, deg C]
# name 14 = c0S/m: Conductivity [S/m]
# name 15 = c1S/m: Conductivity, 2 [S/m]
# name 16 = C2-C1S/m: Conductivity Difference, 2 - 1 [S/m]
# name 17 = sal00: Salinity, Practical [PSU]
# name 18 = sal11: Salinity, Practical, 2 [PSU]
# name 19 = sbeox0ML/L: Oxygen, SBE 43 [ml/l]
# name 20 = sigma-é00: Density [sigma-theta, kg/m^3]
# name 21 = sigma-é11: Density, 2 [sigma-theta, kg/m^3]
# name 22 = sal00: Salinity, Practical [PSU]
# name 23 = sigma-é00: Density [sigma-theta, kg/m^3]
# name 24 = svCM: Sound Velocity [Chen-Millero, m/s]
# name 25 = svCM1: Sound Velocity, 2 [Chen-Millero, m/s]
# name 26 = gsw_ptA0: potential temperature [ITS-90, deg C]
# name 27 = gsw_densityA0: density, TEOS-10 [density, kg/m^3]
# name 28 = gsw_saA0: Absolute Salinity [g/kg]
# name 29 = flag:
# span 0 =       3541,      13590       
# span 1 = 313.507437, 313.512283       
# span 2 =  -62.14592,  -62.14414       
# span 3 =  -58.43848,  -58.43501       
# span 4 =     -0.175,      1.090       
# span 5 =       0.00,    1447.84       
# span 6 =      4.000,    335.000       
# span 7 =      3.949,    331.510       
# span 8 =    -0.8260,    -0.5601       
# span 9 =    -0.8253,    -0.5591       
# span 10 =    -0.0059,     0.0042      
# span 11 =    -0.8315,    -0.5602      
# span 12 =    -0.8307,    -0.5593      
# span 13 =    -0.0058,     0.0042      
# span 14 =   2.790373,   2.825330      
# span 15 =   2.790374,   2.825053      
# span 16 =  -0.000688,   0.000323      
# span 17 =    34.2803,    34.3929      
# span 18 =    34.2797,    34.3918      
# span 19 =     6.7809,     7.6754      
# span 20 =    27.5528,    27.6440      
# span 21 =    27.5525,    27.6432      
# span 22 =    34.2803,    34.3932      
# span 23 =    27.5530,    27.6442      
# span 24 =    1445.66,    1451.15      
# span 25 =    1445.65,    1451.14      
# span 26 =    -0.8313,    -0.5602      
# span 27 =  1027.5776,  1029.2474      
# span 28 =    34.4422,    34.5615      
# span 29 = 0.0000e+00, 0.0000e+00      
# interval = decibars: 1                
# start_time = Nov 09 2023 12:08:15 [NMEA time, header]
# bad_flag = -9.990e-29
*END*
       3541 313.507437  -62.14414  -58.43848     -0.175       0.00      4.000      3.949    -0.5601    -0.5591     0.0011    -0.5602    -0.5593     0.0011   2.802595   2.802559   0.000073    34.2814    34.2811     7.6394    27.5528    27.5525    34.2825    27.5537    1445.66    1445.65    -0.5602  1027.5776    34.4477 0.0000e+00
       3703 313.507514  -62.14414  -58.43844      0.177       0.00      5.000      4.963    -0.5609    -0.5600     0.0009    -0.5610    -0.5601     0.0009   2.802585   2.802594  -0.000006    34.2826    34.2815     7.6492    27.5540    27.5531    34.2825    27.5539    1445.66    1445.67    -0.5610  1027.5823    34.4479 0.0000e+00
       3748 313.507536  -62.14414  -58.43843      0.546       0.00      6.000      5.942    -0.5612    -0.5603     0.0009    -0.5613    -0.5604     0.0009   2.802645   2.802626  -0.000020    34.2830    34.2817     7.6524    27.5543    27.5532    34.2830    27.5543    1445.68    1445.68    -0.5614  1027.5876    34.4484 0.0000e+00
       3783 313.507553  -62.14416  -58.43841      0.677 2.8753e-08      7.000      6.933    -0.5612    -0.5602     0.0010    -0.5614    -0.5604     0.0010   2.802660   2.802673   0.000012    34.2827    34.2817     7.6511    27.5541    27.5532    34.2826    27.5540    1445.69    1445.70    -0.5614  1027.5920    34.4480 0.0000e+00
       3817 313.507569  -62.14416  -58.43840      0.705       0.13      8.000      7.923    -0.5615    -0.5605     0.0010    -0.5618    -0.5607     0.0010   2.802693   2.802711   0.000020    34.2828    34.2819     7.6469    27.5542    27.5534    34.2829    27.5542    1445.71    1445.71    -0.5617  1027.5970    34.4482 0.0000e+00
       3856 313.507588  -62.14417  -58.43839      0.629       0.00      9.000      8.913    -0.5614    -0.5606     0.0009    -0.5617    -0.5608     0.0009   2.802762   2.802747  -0.000010    34.2830    34.2818     7.6506    27.5543    27.5533    34.2831    27.5544    1445.73    1445.73    -0.5617  1027.6020    34.4484 0.0000e+00
       3899 313.507609  -62.14418  -58.43837      0.553 2.2657e-15     10.000      9.904    -0.5607    -0.5600     0.0007    -0.5610    -0.5603     0.0007   2.802841   2.802836  -0.000015    34.2827    34.2817     7.6527    27.5540    27.5532    34.2827    27.5540    1445.75    1445.75    -0.5610  1027.6064    34.4480 0.0000e+00
       3938 313.507628  -62.14418  -58.43836      0.604       0.07     11.000     10.894    -0.5624    -0.5603     0.0021    -0.5627    -0.5606     0.0021   2.802788   2.802869   0.000074    34.2833    34.2819     7.6536    27.5546    27.5534    34.2832    27.5546    1445.76    1445.76    -0.5627  1027.6117    34.4486 0.0000e+00
       3971 313.507643  -62.14420  -58.43834      0.718      -0.00     12.000     11.885    -0.5652    -0.5622     0.0030    -0.5655    -0.5625     0.0030   2.802604   2.802742   0.000116    34.2840    34.2822     7.6567    27.5553    27.5537    34.2833    27.5547    1445.76    1445.77    -0.5655  1027.6166    34.4486 0.0000e+00
       4004 313.507660  -62.14420  -58.43834      0.735 1.9307e-39     13.000     12.875    -0.5726    -0.5683     0.0042    -0.5729    -0.5687     0.0042   2.802091   2.802254   0.000184    34.2842    34.2819     7.6636    27.5558    27.5537    34.2841    27.5557    1445.74    1445.76    -0.5730  1027.6224    34.4495 0.0000e+00
       4045 313.507679  -62.14421  -58.43832      0.603 4.8634e-09     14.000     13.865    -0.5645    -0.5639     0.0005    -0.5649    -0.5644     0.0005   2.802695   2.802676  -0.000024    34.2823    34.2813     7.6578    27.5539    27.5531    34.2825    27.5540    1445.79    1445.79    -0.5649  1027.6255    34.4478 0.0000e+00
       4087 313.507699  -62.14422  -58.43830      0.549       0.19     15.000     14.855    -0.5694    -0.5667     0.0027    -0.5699    -0.5671     0.0027   2.802393   2.802487   0.000113    34.2838    34.2822     7.6558    27.5553    27.5539    34.2834    27.5550    1445.79    1445.80    -0.5698  1027.6312    34.4487 0.0000e+00
       4115 313.507713  -62.14422  -58.43828      0.761      -0.00     16.000     15.846    -0.5660    -0.5658     0.0002    -0.5665    -0.5663     0.0002   2.802662   2.802612  -0.000070    34.2826    34.2814     7.6622    27.5542    27.5532    34.2826    27.5542    1445.82    1445.82    -0.5665  1027.6352    34.4478 0.0000e+00
       4138 313.507724  -62.14422  -58.43828      0.953 9.6330e-45     17.000     16.836    -0.5736    -0.5753    -0.0017    -0.5741    -0.5758    -0.0017   2.802059   2.801841  -0.000199    34.2830    34.2823     7.6656    27.5548    27.5544    34.2823    27.5543    1445.80    1445.79    -0.5741  1027.6401    34.4476 0.0000e+00
       4160 313.507735  -62.14424  -58.43828      1.061 1.1844e-27     18.000     17.826    -0.5768    -0.5753     0.0016    -0.5773    -0.5758     0.0016   2.801854   2.801879   0.000022    34.2834    34.2819     7.6589    27.5553    27.5541    34.2826    27.5547    1445.80    1445.81    -0.5773  1027.6453    34.4479 0.0000e+00
       4185 313.507747  -62.14424  -58.43826      1.039 4.3479e-09     19.000     18.817    -0.5818    -0.5810     0.0009    -0.5824    -0.5815     0.0009   2.801455   2.801451  -0.000010    34.2831    34.2820     7.6596    27.5553    27.5543    34.2823    27.5547    1445.79    1445.79    -0.5824  1027.6500    34.4475 0.0000e+00
       4211 313.507760  -62.14424  -58.43826      0.933     400.67     20.000     19.807    -0.5809    -0.5800     0.0009    -0.5815    -0.5806     0.0009   2.801576   2.801578   0.000013    34.2822    34.2814     7.6630    27.5546    27.5538    34.2823    27.5546    1445.81    1445.82    -0.5815  1027.6547    34.4475 0.0000e+00
       4240 313.507773  -62.14424  -58.43824      0.852    1442.53     21.000     20.797    -0.5793    -0.5797    -0.0003    -0.5800    -0.5803    -0.0003   2.801724   2.801647  -0.000088    34.2823    34.2815     7.6679    27.5545    27.5539    34.2819    27.5542    1445.84    1445.83    -0.5799  1027.6591    34.4471 0.0000e+00
       4267 313.507786  -62.14425  -58.43823      0.861    1445.81     22.000     21.788    -0.5821    -0.5808     0.0013    -0.5828    -0.5815     0.0013   2.801556   2.801589   0.000044    34.2826    34.2816     7.6648    27.5549    27.5541    34.2821    27.5546    1445.84    1445.84    -0.5827  1027.6642    34.4474 0.0000e+00
       4291 313.507798  -62.14426  -58.43822      0.936    1445.81     23.000     22.778    -0.5803    -0.5798     0.0004    -0.5810    -0.5805     0.0004   2.801709   2.801717   0.000008    34.2816    34.2811     7.6562    27.5540    27.5536    34.2815    27.5540    1445.86    1445.86    -0.5810  1027.6684    34.4468 0.0000e+00
       4314 313.507809  -62.14426  -58.43821      1.022    1445.81     24.000     23.768    -0.5808    -0.5825    -0.0017    -0.5815    -0.5832    -0.0017   2.801789   2.801563  -0.000197    34.2822    34.2815     7.6619    27.5545    27.5540    34.2825    27.5548    1445.88    1445.87    -0.5815  1027.6740    34.4477 0.0000e+00
       4336 313.507820  -62.14426  -58.43820      1.077    1445.81     25.000     24.758    -0.5719    -0.5734    -0.0016    -0.5726    -0.5742    -0.0016   2.802500   2.802403  -0.000131    34.2810    34.2810     7.6526    27.5532    27.5533    34.2814    27.5535    1445.93    1445.93    -0.5726  1027.6775    34.4466 0.0000e+00
       4359 313.507831  -62.14426  -58.43820      1.067    1445.81     26.000     25.749    -0.5732    -0.5708     0.0025    -0.5740    -0.5715     0.0025   2.802559   2.802666   0.000106    34.2829    34.2815     7.6557    27.5548    27.5536    34.2831    27.5549    1445.95    1445.96    -0.5740  1027.6838    34.4484 0.0000e+00
       4385 313.507843  -62.14427  -58.43819      0.978    1445.81     27.000     26.739    -0.5718    -0.5707     0.0011    -0.5726    -0.5715     0.0011   2.802706   2.802712   0.000006    34.2827    34.2815     7.6694    27.5545    27.5535    34.2829    27.5547    1445.97    1445.97    -0.5726  1027.6883    34.4482 0.0000e+00
       4414 313.507857  -62.14428  -58.43818      0.865    1445.81     28.000     27.729    -0.5723    -0.5711     0.0012    -0.5731    -0.5719     0.0012   2.802700   2.802718   0.000015    34.2826    34.2815     7.6754    27.5545    27.5536    34.2827    27.5546    1445.98    1445.99    -0.5731  1027.6922    34.4471 0.0000e+00
       4441 313.507870 -9.990e-29  -58.43817      0.862    1445.81     29.000     28.720    -0.5732    -0.5730     0.0002    -0.5740    -0.5739     0.0002   2.802667   2.802571  -0.000067    34.2829    34.2819     7.6709    27.5548    27.5540    34.2826    27.5546    1446.00    1445.99    -0.5740  1027.6948    34.4443 0.0000e+00
       4465 313.507882 -9.990e-29  -58.43816      0.943    1445.81     30.000     29.710    -0.5797    -0.5789     0.0008    -0.5806    -0.5798     0.0008   2.802138   2.802135  -0.000019    34.2824    34.2812     7.6578    27.5546    27.5537    34.2823    27.5546    1445.98    1445.98    -0.5806  1027.6996    34.4439 0.0000e+00
       4488 313.507893 -9.990e-29  -58.43816      1.017    1445.81     31.000     30.700    -0.5758    -0.5767    -0.0009    -0.5767    -0.5777    -0.0009   2.802383   2.802355  -0.000040    34.2810    34.2814     7.6461    27.5534    27.5538    34.2805    27.5530    1446.01    1446.01    -0.5767  1027.7028    34.4422 0.0000e+00
       4511 313.507904  -62.14430  -58.43815      1.054    1445.81     32.000     31.691    -0.5837    -0.5808     0.0029    -0.5846    -0.5817     0.0029   2.801948   2.802057   0.000102    34.2836    34.2817     7.6404    27.5558    27.5542    34.2830    27.5553    1446.00    1446.01    -0.5846  1027.7102    34.4450 0.0000e+00
       4535 313.507916  -62.14430  -58.43814      1.012    1445.81     33.000     32.681    -0.5836    -0.5829     0.0007    -0.5846    -0.5839     0.0007   2.801928   2.801918  -0.000006    34.2822    34.2812     7.6469    27.5547    27.5539    34.2820    27.5545    1446.01    1446.01    -0.5846  1027.7169    34.4474 0.0000e+00
       4563 313.507929  -62.14430  -58.43812      0.902    1445.81     34.000     33.671    -0.5848    -0.5841     0.0007    -0.5858    -0.5851     0.0007   2.801871   2.801843  -0.000031    34.2823    34.2811     7.6466    27.5548    27.5538    34.2820    27.5545    1446.02    1446.02    -0.5858  1027.7217    34.4473 0.0000e+00
       4591 313.507942  -62.14430  -58.43812      0.862    1445.81     35.000     34.661    -0.5841    -0.5837     0.0004    -0.5851    -0.5847     0.0004   2.801957   2.801919  -0.000018    34.2817    34.2810     7.6432    27.5543    27.5537    34.2817    27.5543    1446.04    1446.04    -0.5851  1027.7263    34.4471 0.0000e+00
       4615 313.507954  -62.14432  -58.43810      0.932    1445.81     36.000     35.651    -0.5933    -0.5918     0.0015    -0.5944    -0.5929     0.0015   2.801205   2.801299   0.000036    34.2828    34.2816     7.6373    27.5556    27.5546    34.2813    27.5544    1446.01    1446.02    -0.5943  1027.7312    34.4467 0.0000e+00
       4637 313.507965  -62.14432  -58.43810      1.027    1445.81     37.000     36.642    -0.5963    -0.5923     0.0041    -0.5974    -0.5934     0.0041   2.800928   2.801221   0.000323    34.2812    34.2810     7.6351    27.5544    27.5540    34.2805    27.5538    1446.01    1446.03    -0.5974  1027.7354    34.4458 0.0000e+00
       4659 313.507976  -62.14432  -58.43808      1.083    1445.81     38.000     37.632    -0.6020    -0.5997     0.0023    -0.6031    -0.6009     0.0023   2.800578   2.800662   0.000094    34.2822    34.2809     7.6421    27.5555    27.5543    34.2815    27.5549    1446.01    1446.01    -0.6031  1027.7413    34.4469 0.0000e+00
       4683 313.507987  -62.14432  -58.43808      1.055    1445.81     39.000     38.622    -0.6029    -0.6030    -0.0000    -0.6041    -0.6041    -0.0000   2.800453   2.800403  -0.000053    34.2816    34.2809     7.6400    27.5550    27.5545    34.2803    27.5540    1446.02    1446.02    -0.6040  1027.7452    34.4457 0.0000e+00
       4710 313.508000  -62.14432  -58.43806      0.939    1445.81     40.000     39.612    -0.6118    -0.6112     0.0006    -0.6130    -0.6124     0.0006   2.799851   2.799789  -0.000066    34.2821    34.2806     7.6360    27.5558    27.5546    34.2815    27.5554    1445.99    1445.99    -0.6129  1027.7514    34.4470 0.0000e+00
       4738 313.508014  -62.14432  -58.43806      0.853    1445.81     41.000     40.602    -0.6073    -0.6061     0.0012    -0.6085    -0.6073     0.0012   2.800206   2.800233   0.000040    34.2813    34.2805     7.6218    27.5550    27.5543    34.2806    27.5544    1446.03    1446.03    -0.6085  1027.7552    34.4460 0.0000e+00
       4764 313.508026  -62.14434  -58.43804      0.892    1445.81     42.000     41.593    -0.6064    -0.6049     0.0014    -0.6076    -0.6062     0.0014   2.800403   2.800406  -0.000016    34.2815    34.2797     7.6182    27.5551    27.5536    34.2816    27.5552    1446.05    1446.05    -0.6076  1027.7608    34.4471 0.0000e+00
       4787 313.508037  -62.14434  -58.43804      0.992    1445.81     43.000     42.583    -0.6070    -0.6059     0.0011    -0.6083    -0.6072     0.0011   2.800349   2.800331   0.000006    34.2817    34.2806     7.6221    27.5553    27.5543    34.2810    27.5547    1446.06    1446.06    -0.6082  1027.7651    34.4464 0.0000e+00
       4809 313.508048  -62.14434  -58.43802      1.062    1445.81     44.000     43.573    -0.6065    -0.6060     0.0006    -0.6078    -0.6073     0.0006   2.800440   2.800438  -0.000031    34.2811    34.2801     7.6175    27.5548    27.5539    34.2810    27.5547    1446.08    1446.08    -0.6078  1027.7699    34.4465 0.0000e+00
       4832 313.508059  -62.14434  -58.43802      1.062    1445.81     45.000     44.563    -0.6065    -0.6052     0.0012    -0.6078    -0.6066     0.0012   2.800505   2.800509   0.000018    34.2813    34.2801     7.6166    27.5550    27.5540    34.2812    27.5549    1446.10    1446.10    -0.6078  1027.7749    34.4467 0.0000e+00
       4858 313.508072  -62.14434  -58.43800      0.977    1445.81     46.000     45.554    -0.6053    -0.6051     0.0003    -0.6067    -0.6065     0.0003   2.800593   2.800565  -0.000037    34.2809    34.2801     7.6152    27.5546    27.5539    34.2805    27.5543    1446.12    1446.12    -0.6066  1027.7790    34.4460 0.0000e+00
       4886 313.508085  -62.14436  -58.43799      0.873    1445.81     47.000     46.544    -0.6086    -0.6065     0.0021    -0.6100    -0.6079     0.0021   2.800408   2.800486   0.000088    34.2815    34.2802     7.6152    27.5552    27.5541    34.2811    27.5549    1446.12    1446.13    -0.6100  1027.7845    34.4467 0.0000e+00
       4913 313.508098  -62.14436  -58.43798      0.878    1445.81     48.000     47.534    -0.6108    -0.6094     0.0013    -0.6122    -0.6108     0.0013   2.800317   2.800282  -0.000027    34.2822    34.2803     7.6163    27.5559    27.5543    34.2817    27.5555    1446.13    1446.13    -0.6122  1027.7898    34.4473 0.0000e+00
       4938 313.508110  -62.14436  -58.43797      0.940    1445.81     49.000     48.524    -0.6103    -0.6105    -0.0001    -0.6118    -0.6120    -0.0001   2.800329   2.800257  -0.000083    34.2809    34.2799     7.6275    27.5548    27.5540    34.2808    27.5547    1446.14    1446.14    -0.6117  1027.7938    34.4463 0.0000e+00
       4961 313.508121  -62.14437  -58.43796      1.002    1445.81     50.000     49.514    -0.6113    -0.6094     0.0020    -0.6128    -0.6108     0.0020   2.800336   2.800383   0.000052    34.2816    34.2801     7.6286    27.5554    27.5541    34.2814    27.5552    1446.16    1446.16    -0.6128  1027.7992    34.4469 0.0000e+00
       4984 313.508132  -62.14438  -58.43795      1.037    1445.81     51.000     50.505    -0.6082    -0.6088    -0.0006    -0.6097    -0.6103    -0.0006   2.800601   2.800483  -0.000113    34.2808    34.2800     7.6249    27.5546    27.5540    34.2808    27.5546    1446.19    1446.18    -0.6097  1027.8034    34.4464 0.0000e+00
