Pos-Processados/process_op42/Processamento_split/down/doperantar42_002.cnv
* Sea-Bird SBE 9 Data File:
* FileName = C:\Users\Hidrografia\Desktop\OPXLII\Brutos\OP42002.hdr
* Software Version Seasave V 7.26.7.107
* Temperature SN = 6502
* Conductivity SN = 4998
* Number of Bytes Per Scan = 37
* Number of Voltage Words = 4
* Number of Scans Averaged by the Deck Unit = 1
* NMEA Latitude = 37 53.44 S
* NMEA Longitude = 051 46.15 W
* NMEA UTC (Time) = Oct 16 2023 08:29:02
* NMEA baud rate = 4800
** H41
** NPOALTEMAXIMIANO
** NUMERO DA ESTACAO (XXX) 002
** LAT (XX XX.XX S/N) 37 53.431 S
** LONG (XXX XX.XX W/E) 51 48.140 W
** DATAHORA (dd/mm/aaaa hh:mm Z) 16/10/2023 0828Z
** PROFUNDIDADE (m) 4384
** OPERADOR CT FILIPE LOPES
# nquan = 30
# nvalues = 1007                        
# units = specified
# name 0 = scan: Scan Count
# name 1 = timeJ: Julian Days
# name 2 = latitude: Latitude [deg]
# name 3 = longitude: Longitude [deg]
# name 4 = dz/dtM: Descent Rate [m/s]
# name 5 = avgsvCM: Average Sound Velocity [Chen-Millero, m/s]
# name 6 = prDM: Pressure, Digiquartz [db]
# name 7 = depSM: Depth [salt water, m]
# name 8 = t090C: Temperature [ITS-90, deg C]
# name 9 = t190C: Temperature, 2 [ITS-90, deg C]
# name 10 = T2-T190C: Temperature Difference, 2 - 1 [ITS-90, deg C]
# name 11 = potemp090C: Potential Temperature [ITS-90, deg C]
# name 12 = potemp190C: Potential Temperature, 2 [ITS-90, deg C]
# name 13 = potemp90Cdiff: Potential Temperature, Diff, 2 - 1 [ITS-90, deg C]
# name 14 = c0S/m: Conductivity [S/m]
# name 15 = c1S/m: Conductivity, 2 [S/m]
# name 16 = C2-C1S/m: Conductivity Difference, 2 - 1 [S/m]
# name 17 = sal00: Salinity, Practical [PSU]
# name 18 = sal11: Salinity, Practical, 2 [PSU]
# name 19 = sbeox0ML/L: Oxygen, SBE 43 [ml/l]
# name 20 = sigma-é00: Density [sigma-theta, kg/m^3]
# name 21 = sigma-é11: Density, 2 [sigma-theta, kg/m^3]
# name 22 = sal00: Salinity, Practical [PSU]
# name 23 = sigma-é00: Density [sigma-theta, kg/m^3]
# name 24 = svCM: Sound Velocity [Chen-Millero, m/s]
# name 25 = svCM1: Sound Velocity, 2 [Chen-Millero, m/s]
# name 26 = gsw_ptA0: potential temperature [ITS-90, deg C]
# name 27 = gsw_densityA0: density, TEOS-10 [density, kg/m^3]
# name 28 = gsw_saA0: Absolute Salinity [g/kg]
# name 29 = flag:
# span 0 =       6219,      38356       
# span 1 = 289.356494, 289.371992       
# span 2 =  -37.89813,  -37.89182       
# span 3 =  -51.77796,  -51.77083       
# span 4 =     -0.036,      1.612       
# span 5 =       0.00,    1518.61       
# span 6 =      5.000,   1011.000       
# span 7 =      4.959,   1001.013       
# span 8 =     4.6510,    18.1866       
# span 9 =     4.6531,    18.1874       
# span 10 =    -0.0446,     0.0417      
# span 11 =     4.5699,    18.1744      
# span 12 =     4.5720,    18.1752      
# span 13 =    -0.0445,     0.0416      
# span 14 =   3.290534,   4.757839      
# span 15 =   3.290670,   4.758249      
# span 16 =  -0.006880,   0.004659      
# span 17 =    34.1283,    36.2478      
# span 18 =    34.1287,    36.2497      
# span 19 =     4.4790,     6.2347      
# span 20 =    26.1674,    27.1001      
# span 21 =    26.1688,    27.0935      
# span 22 =    34.1278,    36.2480      
# span 23 =    26.1675,    27.0937      
# span 24 =    1482.69,    1519.30      
# span 25 =    1482.70,    1519.30      
# span 26 =     4.5697,    18.1744      
# span 27 =  1026.1967,  1031.7355      
# span 28 =    34.2902,    36.4191      
# span 29 = 0.0000e+00, 0.0000e+00      
# interval = decibars: 1                
# start_time = Oct 16 2023 08:29:02 [NMEA time, header]
# bad_flag = -9.990e-29
*END*
[from data line 49]
      10016 289.358325  -37.89240  -51.77178      1.140 -9.990e-29     54.000     53.589    18.1506    18.1512     0.0006    18.1412    18.1418     0.0006   4.750350   4.750711   0.000351    36.2209    36.2234     5.0790    26.1724    26.1741    36.2213    26.1727    1518.51    1518.52    18.1412  1026.4111    36.3923 0.0000e+00
      10037 289.358335  -37.89240  -51.77180      1.206 -9.990e-29     55.000     54.582    18.1506    18.1532     0.0026    18.1411    18.1436     0.0026   4.750393   4.751011   0.000602    36.2214    36.2243     5.0765    26.1727    26.1743    36.2213    26.1727    1518.53    1518.54    18.1411  1026.4154    36.3922 0.0000e+00
      10069 289.358351  -37.89240  -51.77180      0.869    1518.16     56.000     55.573    18.1501    18.1506     0.0004    18.1404    18.1408     0.0004   4.750386   4.750660   0.000281    36.2212    36.2232     5.0712    26.1728    26.1742    36.2213    26.1728    1518.54    1518.55    18.1404  1026.4199    36.3922 0.0000e+00
      10116 289.358373  -37.89242  -51.77182      0.477    1518.16     57.000     56.567    18.1525    18.1534     0.0009    18.1426    18.1435     0.0009   4.750702   4.751070   0.000369    36.2211    36.2235     5.0769    26.1722    26.1738    36.2214    26.1724    1518.57    1518.57    18.1427  1026.4238    36.3924 0.0000e+00
      10146 289.358388  -37.89242  -51.77183      0.696    1518.16     58.000     57.558    18.1537    18.1543     0.0006    18.1437    18.1442     0.0006   4.750904   4.751212   0.000314    36.2216    36.2238     5.0595    26.1723    26.1738    36.2217    26.1724    1518.59    1518.59    18.1437  1026.4281    36.3927 0.0000e+00
      10170 289.358399  -37.89242  -51.77184      0.933    1518.16     59.000     58.550    18.1538    18.1554     0.0017    18.1435    18.1452     0.0017   4.751084   4.751534   0.000439    36.2224    36.2247     5.0600    26.1729    26.1743    36.2228    26.1733    1518.61    1518.61    18.1435  1026.4333    36.3938 0.0000e+00
      10197 289.358413  -37.89243  -51.77184      0.936    1518.16     60.000     59.543    18.1566    18.1569     0.0003    18.1462    18.1465     0.0003   4.751492   4.751769   0.000281    36.2233    36.2254     5.0763    26.1729    26.1745    36.2234    26.1731    1518.63    1518.63    18.1462  1026.4374    36.3944 0.0000e+00
      10234 289.358430  -37.89244  -51.77186      0.672    1518.16     61.000     60.535    18.1553    18.1559     0.0007    18.1446    18.1454     0.0007   4.751480   4.751779   0.000300    36.2241    36.2261     5.0761    26.1740    26.1753    36.2241    26.1740    1518.64    1518.65    18.1447  1026.4427    36.3951 0.0000e+00
      10264 289.358445  -37.89244  -51.77186      0.707    1518.16     62.000     61.527    18.1541    18.1550     0.0009    18.1433    18.1442     0.0009   4.751442   4.751772   0.000334    36.2244    36.2264     5.0629    26.1745    26.1758    36.2245    26.1746    1518.66    1518.66    18.1433  1026.4477    36.3955 0.0000e+00
      10283 289.358454  -37.89244  -51.77186      1.001    1518.16     63.000     62.519    18.1544    18.1551     0.0008    18.1434    18.1442     0.0008   4.751507   4.751794   0.000282    36.2243    36.2260     5.0478    26.1744    26.1756    36.2244    26.1745    1518.68    1518.68    18.1434  1026.4519    36.3954 0.0000e+00
      10300 289.358462  -37.89244  -51.77186      1.261    1518.16     64.000     63.512    18.1541    18.1551     0.0010    18.1430    18.1440     0.0010   4.751628   4.752062   0.000406    36.2249    36.2275     5.0377    26.1750    26.1767    36.2253    26.1753    1518.69    1518.70    18.1430  1026.4570    36.3962 0.0000e+00
      10317 289.358470  -37.89244  -51.77187      1.403    1518.16     65.000     64.504    18.1606    18.1629     0.0023    18.1493    18.1516     0.0023   4.752822   4.753589   0.000732    36.2281    36.2323     5.0351    26.1758    26.1785    36.2294    26.1769    1518.73    1518.75    18.1493  1026.4629    36.4004 0.0000e+00
      10340 289.358481  -37.89245  -51.77188      1.248    1518.16     66.000     65.496    18.1670    18.1683     0.0013    18.1555    18.1568     0.0013   4.753947   4.754447   0.000528    36.2323    36.2357     5.0482    26.1775    26.1798    36.2330    26.1780    1518.77    1518.78    18.1555  1026.4684    36.4040 0.0000e+00
      10379 289.358500  -37.89246  -51.77189      0.660    1518.16     67.000     66.488    18.1692    18.1702     0.0010    18.1576    18.1586     0.0010   4.754435   4.754844   0.000406    36.2341    36.2367     5.0601    26.1784    26.1802    36.2347    26.1789    1518.80    1518.80    18.1576  1026.4737    36.4059 0.0000e+00
      10415 289.358517 -9.990e-29  -51.77190      0.622    1518.16     68.000     67.481    18.1742    18.1752     0.0010    18.1624    18.1634     0.0010   4.755296   4.755741   0.000442    36.2367    36.2396     5.0678    26.1792    26.1812    36.2373    26.1797    1518.83    1518.84    18.1624  1026.4788    36.4085 0.0000e+00
      10438 289.358529 -9.990e-29  -51.77191      0.868    1518.16     69.000     68.473    18.1819    18.1831     0.0012    18.1699    18.1711     0.0012   4.756852   4.757443   0.000580    36.2414    36.2453     5.0519    26.1809    26.1836    36.2434    26.1824    1518.88    1518.89    18.1700  1026.4859    36.4146 0.0000e+00
      10460 289.358539  -37.89248  -51.77192      1.072    1518.16     70.000     69.465    18.1866    18.1874     0.0008    18.1744    18.1752     0.0008   4.757800   4.758249   0.000465    36.2462    36.2494     5.0444    26.1835    26.1857    36.2470    26.1841    1518.91    1518.92    18.1744  1026.4918    36.4182 0.0000e+00
      10484 289.358551  -37.89248  -51.77192      1.071    1518.16     71.000     70.457    18.1853    18.1862     0.0009    18.1730    18.1739     0.0009   4.757825   4.758160   0.000342    36.2476    36.2497     5.0372    26.1848    26.1862    36.2480    26.1852    1518.93    1518.93    18.1730  1026.4972    36.4191 0.0000e+00
      10519 289.358568  -37.89248  -51.77192      0.740    1518.16     72.000     71.450    18.1851    18.1859     0.0009    18.1725    18.1734     0.0009   4.757839   4.758164   0.000329    36.2476    36.2496     5.0493    26.1850    26.1863    36.2479    26.1853    1518.94    1518.95    18.1725  1026.5016    36.4190 0.0000e+00
      10554 289.358584  -37.89248  -51.77194      0.631    1518.16     73.000     72.442    18.1838    18.1843     0.0006    18.1711    18.1716     0.0006   4.757737   4.758020   0.000278    36.2478    36.2496     5.0468    26.1855    26.1868    36.2478    26.1855    1518.95    1518.96    18.1711  1026.5062    36.4189 0.0000e+00
      10574 289.358594  -37.89248  -51.77194      0.919    1518.16     74.000     73.434    18.1802    18.1812     0.0010    18.1673    18.1683     0.0010   4.757403   4.757682   0.000276    36.2478    36.2493     5.0418    26.1865    26.1873    36.2478    26.1864    1518.96    1518.96    18.1673  1026.5115    36.4189 0.0000e+00
      10591 289.358602  -37.89248 -9.990e-29      1.208    1518.16     75.000     74.426    18.1779    18.1785     0.0006    18.1648    18.1654     0.0006   4.757150   4.757396   0.000256    36.2475    36.2492     5.0377    26.1869    26.1880    36.2472    26.1867    1518.97    1518.97    18.1648  1026.5160    36.4184 0.0000e+00
      10607 289.358610  -37.89249 -9.990e-29      1.402    1518.16     76.000     75.419    18.1749    18.1759     0.0010    18.1617    18.1627     0.0010   4.756903   4.757194   0.000288    36.2475    36.2490     5.0280    26.1876    26.1886    36.2474    26.1875    1518.98    1518.98    18.1617  1026.5213    36.4185 0.0000e+00
      10626 289.358619  -37.89250 -9.990e-29      1.422    1518.16     77.000     76.407    18.1728    18.1734     0.0006    18.1594    18.1600     0.0006   4.756697   4.756951   0.000254    36.2473    36.2490     5.0242    26.1881    26.1892    36.2471    26.1879    1518.99    1518.99    18.1594  1026.5259    36.4182 0.0000e+00
      10691 289.358650  -37.89250  -51.77197      0.319    1518.16     78.000     77.404    18.1712    18.1717     0.0005    18.1577    18.1581     0.0005   4.756542   4.756824   0.000276    36.2469    36.2488     5.0512    26.1882    26.1896    36.2468    26.1881    1519.00    1519.00    18.1577  1026.5305    36.4179 0.0000e+00
      10725 289.358667  -37.89250  -51.77199      0.675    1518.16     79.000     78.394    18.1715    18.1724     0.0009    18.1578    18.1587     0.0009   4.756630   4.756962   0.000329    36.2469    36.2489     5.0296    26.1881    26.1895    36.2469    26.1882    1519.02    1519.02    18.1578  1026.5349    36.4180 0.0000e+00
      10742 289.358675  -37.89250  -51.77200      1.101    1518.16     80.000     79.387    18.1704    18.1702    -0.0002    18.1565    18.1563    -0.0002   4.756517   4.756705   0.000204    36.2470    36.2489     5.0361    26.1886    26.1900    36.2465    26.1882    1519.03    1519.03    18.1565  1026.5393    36.4176 0.0000e+00
      10759 289.358684  -37.89252  -51.77200      1.343    1518.16     81.000     80.379    18.1657    18.1653    -0.0004    18.1516    18.1513    -0.0004   4.756099   4.756203   0.000113    36.2473    36.2486     5.0420    26.1900    26.1911    36.2467    26.1895    1519.03    1519.03    18.1516  1026.5450    36.4178 0.0000e+00
      10780 289.358693  -37.89252  -51.77200      1.331    1518.16     82.000     81.371    18.1613    18.1621     0.0008    18.1471    18.1479     0.0008   4.755631   4.755902   0.000269    36.2466    36.2482     5.0294    26.1906    26.1916    36.2462    26.1903    1519.04    1519.04    18.1471  1026.5501    36.4173 0.0000e+00
      10816 289.358711  -37.89252  -51.77201      0.771    1518.16     83.000     82.363    18.1603    18.1609     0.0006    18.1459    18.1465     0.0006   4.755481   4.755792   0.000309    36.2458    36.2478     5.0252    26.1903    26.1917    36.2455    26.1900    1519.05    1519.05    18.1459  1026.5541    36.4166 0.0000e+00
      10854 289.358729  -37.89252  -51.77202      0.575    1518.16     84.000     83.355    18.1583    18.1591     0.0007    18.1437    18.1444     0.0007   4.755320   4.755613   0.000284    36.2457    36.2475     5.0405    26.1908    26.1920    36.2454    26.1905    1519.06    1519.06    18.1437  1026.5590    36.4165 0.0000e+00
      10877 289.358740  -37.89252  -51.77202      0.862    1518.16     85.000     84.347    18.1585    18.1593     0.0008    18.1437    18.1445     0.0008   4.755377   4.755713   0.000337    36.2455    36.2477     5.0336    26.1906    26.1920    36.2454    26.1905    1519.08    1519.08    18.1437  1026.5633    36.4165 0.0000e+00
      10897 289.358750  -37.89254  -51.77204      1.108    1518.16     86.000     85.339    18.1589    18.1597     0.0008    18.1440    18.1447     0.0008   4.755458   4.755805   0.000350    36.2454    36.2477     5.0311    26.1905    26.1920    36.2453    26.1904    1519.10    1519.10    18.1440  1026.5675    36.4164 0.0000e+00
      10920 289.358761  -37.89254  -51.77204      1.135    1518.16     87.000     86.332    18.1590    18.1598     0.0008    18.1439    18.1447     0.0008   4.755525   4.755859   0.000335    36.2455    36.2477     5.0318    26.1906    26.1920    36.2454    26.1905    1519.11    1519.12    18.1439  1026.5719    36.4165 0.0000e+00
      10967 289.358784  -37.89254  -51.77204      0.561    1518.16     88.000     87.323    18.1594    18.1602     0.0008    18.1441    18.1449     0.0008   4.755608   4.755940   0.000332    36.2455    36.2476     5.0426    26.1905    26.1919    36.2454    26.1904    1519.13    1519.14    18.1441  1026.5762    36.4166 0.0000e+00
      11020 289.358809 -9.990e-29  -51.77206      0.426    1518.16     89.000     88.319    18.1592    18.1601     0.0009    18.1437    18.1446     0.0009   4.755651   4.755964   0.000309    36.2457    36.2475     5.0411    26.1907    26.1919    36.2456    26.1907    1519.15    1519.15    18.1437  1026.5808    36.4168 0.0000e+00
      11042 289.358820 -9.990e-29  -51.77208      0.815    1518.16     90.000     89.308    18.1592    18.1601     0.0009    18.1436    18.1444     0.0009   4.755691   4.756024   0.000335    36.2456    36.2476     5.0222    26.1907    26.1920    36.2455    26.1907    1519.16    1519.17    18.1435  1026.5852    36.4168 0.0000e+00
      11060 289.358828 -9.990e-29  -51.77208      1.132    1518.16     91.000     90.300    18.1595    18.1603     0.0008    18.1436    18.1445     0.0008   4.755771   4.756088   0.000315    36.2456    36.2476     5.0190    26.1907    26.1920    36.2456    26.1907    1519.18    1519.19    18.1437  1026.5895    36.4169 0.0000e+00
      11077 289.358837 -9.990e-29 -9.990e-29      1.309    1518.16     92.000     91.292    18.1598    18.1606     0.0008    18.1438    18.1446     0.0008   4.755846   4.756172   0.000328    36.2455    36.2476     5.0299    26.1905    26.1920    36.2455    26.1906    1519.20    1519.20    18.1438  1026.5943    36.4175 0.0000e+00
      11100 289.358848 -9.990e-29 -9.990e-29      1.232    1518.16     93.000     92.284    18.1603    18.1611     0.0008    18.1442    18.1449     0.0008   4.755943   4.756270   0.000328    36.2455    36.2477     5.0322    26.1905    26.1919    36.2456    26.1905    1519.22    1519.22    18.1441  1026.5986    36.4176 0.0000e+00
      11140 289.358867 -9.990e-29 -9.990e-29      0.650    1518.16     94.000     93.276    18.1591    18.1595     0.0005    18.1427    18.1431     0.0005   4.755866   4.756131   0.000265    36.2459    36.2477     5.0187    26.1911    26.1924    36.2456    26.1909    1519.23    1519.23    18.1427  1026.6034    36.4176 0.0000e+00
      11179 289.358886  -37.89258  -51.77210      0.573    1518.16     95.000     94.269    18.1533    18.1539     0.0006    18.1368    18.1374     0.0006   4.755249   4.755477   0.000232    36.2454    36.2469     5.0344    26.1923    26.1932    36.2451    26.1920    1519.23    1519.23    18.1368  1026.6082    36.4163 0.0000e+00
      11203 289.358898  -37.89258  -51.77211      0.859    1518.16     96.000     95.261    18.1513    18.1522     0.0009    18.1346    18.1356     0.0009   4.754994   4.755304   0.000300    36.2446    36.2463     5.0328    26.1921    26.1933    36.2442    26.1919    1519.24    1519.24    18.1347  1026.6123    36.4153 0.0000e+00
      11226 289.358909  -37.89258  -51.77212      1.026    1518.16     97.000     96.252    18.1503    18.1510     0.0007    18.1334    18.1341     0.0007   4.754879   4.755170   0.000295    36.2441    36.2460     5.0340    26.1921    26.1934    36.2438    26.1918    1519.25    1519.26    18.1334  1026.6166    36.4149 0.0000e+00
      11255 289.358923  -37.89258  -51.77212      0.923    1518.16     98.000     97.245    18.1485    18.1492     0.0007    18.1315    18.1322     0.0007   4.754715   4.754970   0.000260    36.2438    36.2454     5.0419    26.1924    26.1934    36.2436    26.1922    1519.26    1519.27    18.1314  1026.6213    36.4147 0.0000e+00
      11299 289.358944  -37.89260  -51.77212      0.540    1518.16     99.000     98.236    18.1464    18.1476     0.0012    18.1292    18.1304     0.0012   4.754438   4.754791   0.000333    36.2430    36.2448     5.0254    26.1923    26.1934    36.2427    26.1921    1519.27    1519.28    18.1292  1026.6255    36.4138 0.0000e+00
      11333 289.358960  -37.89260  -51.77214      0.628    1518.16    100.000     99.229    18.1460    18.1488     0.0028    18.1286    18.1314     0.0028   4.754381   4.754988   0.000602    36.2425    36.2451     5.0292    26.1921    26.1934    36.2422    26.1918    1519.29    1519.30    18.1286  1026.6296    36.4133 0.0000e+00
