Pos-Processados/process_op42/Processamento_split/down/doperantar42_035.cnv
* Sea-Bird SBE 9 Data File:
* FileName = C:\Users\Hidrografia\Desktop\OPXLII\Brutos\OP42035.hdr
* Software Version Seasave V 7.26.7.107
* Temperature SN = 6502
* Conductivity SN = 4998
* Number of Bytes Per Scan = 37
* Number of Voltage Words = 4
* Number of Scans Averaged by the Deck Unit = 1
* NMEA Latitude = 62 08.15 S
* NMEA Longitude = 058 26.56 W
* NMEA UTC (Time) = Nov 09 2023 10:06:19
* NMEA baud rate = 4800
** H41
** NPOALTEMAXIMIANO
** NUMERO DA ESTACAO (XXX) 035
** LAT (XX XX.XX S/N) 62 08.14 S
** LONG (XXX XX.XX W/E) 058 26.57 W
** DATAHORA (dd/mm/aaaa hh:mm Z) 09/11/2023 1005Z
** PROFUNDIDADE (m) 424
** OPERADOR CT FABIREZA
# nquan = 30
# nvalues = 397                         
# units = specified
# name 0 = scan: Scan Count
# name 1 = timeJ: Julian Days
# name 2 = latitude: Latitude [deg]
# name 3 = longitude: Longitude [deg]
# name 4 = dz/dtM: Descent Rate [m/s]
# name 5 = avgsvCM: Average Sound Velocity [Chen-Millero, m/s]
# name 6 = prDM: Pressure, Digiquartz [db]
# name 7 = depSM: Depth [salt water, m]
# name 8 = t090C: Temperature [ITS-90, deg C]
# name 9 = t190C: Temperature, 2 [ITS-90, deg C]
# name 10 = T2-T190C: Temperature Difference, 2 - 1 [ITS-90, deg C]
# name 11 = potemp090C: Potential Temperature [ITS-90, deg C]
# name 12 = potemp190C: Potential Temperature, 2 [ITS-90, deg C]
# name 13 = potemp90Cdiff: Potential Temperature, Diff, 2 - 1 [ITS-90, deg C]
# name 14 = c0S/m: Conductivity [S/m]
# name 15 = c1S/m: Conductivity, 2 [S/m]
# name 16 = C2-C1S/m: Conductivity Difference, 2 - 1 [S/m]
# name 17 = sal00: Salinity, Practical [PSU]
# name 18 = sal11: Salinity, Practical, 2 [PSU]
# name 19 = sbeox0ML/L: Oxygen, SBE 43 [ml/l]
# name 20 = sigma-é00: Density [sigma-theta, kg/m^3]
# name 21 = sigma-é11: Density, 2 [sigma-theta, kg/m^3]
# name 22 = sal00: Salinity, Practical [PSU]
# name 23 = sigma-é00: Density [sigma-theta, kg/m^3]
# name 24 = svCM: Sound Velocity [Chen-Millero, m/s]
# name 25 = svCM1: Sound Velocity, 2 [Chen-Millero, m/s]
# name 26 = gsw_ptA0: potential temperature [ITS-90, deg C]
# name 27 = gsw_densityA0: density, TEOS-10 [density, kg/m^3]
# name 28 = gsw_saA0: Absolute Salinity [g/kg]
# name 29 = flag:
# span 0 =       1917,      14179       
# span 1 = 313.421977, 313.427890       
# span 2 =  -62.13820,  -62.13608       
# span 3 =  -58.44282,  -58.44214       
# span 4 =      0.117,      1.172       
# span 5 =       0.00,    1455.47       
# span 6 =      2.000,    398.000       
# span 7 =      1.984,    393.798       
# span 8 =    -0.8118,    -0.5603       
# span 9 =    -0.8120,    -0.5592       
# span 10 =    -0.0018,     0.0062      
# span 11 =    -0.8189,    -0.5607      
# span 12 =    -0.8189,    -0.5596      
# span 13 =    -0.0018,     0.0062      
# span 14 =   2.794139,   2.823585      
# span 15 =   2.793956,   2.823522      
# span 16 =  -0.000178,   0.000439      
# span 17 =    34.2780,    34.3927      
# span 18 =    34.2781,    34.3917      
# span 19 =     6.7977,     7.6635      
# span 20 =    27.5521,    27.6463      
# span 21 =    27.5519,    27.6455      
# span 22 =    34.2786,    34.3928      
# span 23 =    27.5526,    27.6464      
# span 24 =    1445.60,    1451.93      
# span 25 =    1445.60,    1451.93      
# span 26 =    -0.8187,    -0.5607      
# span 27 =  1027.5651,  1029.5484      
# span 28 =    34.4418,    34.5629      
# span 29 = 0.0000e+00, 0.0000e+00      
# interval = decibars: 1                
# start_time = Nov 09 2023 10:06:19 [NMEA time, header]
# bad_flag = -9.990e-29
*END*
       1917 313.421977  -62.13608  -58.44280      0.120       0.00      2.000      1.984    -0.5633    -0.5625     0.0008    -0.5634    -0.5626     0.0008   2.802127   2.802148   0.000017    34.2810    34.2803     7.6256    27.5528    27.5522    34.2810    27.5527    1445.60    1445.60    -0.5634  1027.5651    34.4442 0.0000e+00
       2110 313.422070  -62.13614  -58.44280      0.195       0.00      3.000      2.972    -0.5638    -0.5633     0.0005    -0.5639    -0.5634     0.0005   2.802168   2.802125  -0.000038    34.2815    34.2804     7.6201    27.5532    27.5523    34.2814    27.5531    1445.61    1445.62    -0.5639  1027.5718    34.4465 0.0000e+00
       2196 313.422112  -62.13614  -58.44280      0.302       0.00      4.000      3.960    -0.5669    -0.5662     0.0007    -0.5670    -0.5663     0.0007   2.801955   2.801946  -0.000013    34.2816    34.2806     7.6288    27.5534    27.5526    34.2815    27.5533    1445.62    1445.62    -0.5670  1027.5770    34.4468 0.0000e+00
       2276 313.422151  -62.13616  -58.44280      0.301       0.00      5.000      4.954    -0.5673    -0.5663     0.0010    -0.5675    -0.5665     0.0010   2.801934   2.801976   0.000043    34.2811    34.2806     7.6262    27.5531    27.5526    34.2810    27.5530    1445.63    1445.64    -0.5674  1027.5814    34.4464 0.0000e+00
       2324 313.422173  -62.13616  -58.44280      0.509       0.00      6.000      5.943    -0.5662    -0.5659     0.0003    -0.5663    -0.5660     0.0003   2.802112   2.802080  -0.000027    34.2813    34.2806     7.6221    27.5531    27.5525    34.2815    27.5533    1445.65    1445.65    -0.5664  1027.5865    34.4469 0.0000e+00
       2371 313.422196  -62.13616  -58.44280      0.509       0.09      7.000      6.933    -0.5651    -0.5644     0.0007    -0.5653    -0.5646     0.0007   2.802249   2.802232  -0.000018    34.2814    34.2804     7.6300    27.5532    27.5524    34.2815    27.5533    1445.67    1445.68    -0.5653  1027.5889    34.4439 0.0000e+00
       2421 313.422220 -9.990e-29  -58.44280      0.468      -0.00      8.000      7.923    -0.5631    -0.5627     0.0005    -0.5634    -0.5629     0.0005   2.802451   2.802427  -0.000024    34.2812    34.2803     7.6436    27.5529    27.5522    34.2814    27.5531    1445.70    1445.70    -0.5633  1027.5929    34.4430 0.0000e+00
       2455 313.422237  -62.13618  -58.44281      0.670 8.1619e-43      9.000      8.913    -0.5628    -0.5614     0.0015    -0.5631    -0.5616     0.0015   2.802529   2.802584   0.000050    34.2815    34.2805     7.6479    27.5531    27.5523    34.2814    27.5531    1445.72    1445.72    -0.5631  1027.5989    34.4446 0.0000e+00
       2492 313.422255  -62.13619 -9.990e-29      0.664 1.1368e-11     10.000      9.904    -0.5635    -0.5627     0.0008    -0.5638    -0.5630     0.0008   2.802555   2.802514  -0.000036    34.2818    34.2804     7.6560    27.5535    27.5523    34.2820    27.5536    1445.73    1445.73    -0.5638  1027.6052    34.4464 0.0000e+00
       2538 313.422277  -62.13620  -58.44280      0.515       0.05     11.000     10.894    -0.5613    -0.5604     0.0009    -0.5616    -0.5608     0.0009   2.802749   2.802754   0.000003    34.2813    34.2804     7.6635    27.5530    27.5522    34.2815    27.5531    1445.76    1445.76    -0.5616  1027.6093    34.4457 0.0000e+00
       2574 313.422294 -9.990e-29  -58.44280      0.619       0.00     12.000     11.884    -0.5607    -0.5598     0.0009    -0.5610    -0.5601     0.0009   2.802879   2.802874  -0.000008    34.2817    34.2806     7.6567    27.5533    27.5523    34.2819    27.5534    1445.78    1445.78    -0.5610  1027.6124    34.4436 0.0000e+00
       2601 313.422307 -9.990e-29  -58.44280      0.850 4.5186e-37     13.000     12.875    -0.5603    -0.5592     0.0011    -0.5607    -0.5596     0.0011   2.802951   2.802979   0.000029    34.2817    34.2808     7.6520    27.5533    27.5525    34.2819    27.5533    1445.79    1445.80    -0.5607  1027.6171    34.4435 0.0000e+00
       2629 313.422321 -9.990e-29  -58.44282      0.878 8.3020e-15     14.000     13.865    -0.5607    -0.5597     0.0010    -0.5611    -0.5601     0.0010   2.802963   2.802970   0.000011    34.2818    34.2808     7.6454    27.5533    27.5525    34.2818    27.5533    1445.81    1445.81    -0.5611  1027.6218    34.4435 0.0000e+00
       2661 313.422336  -62.13622  -58.44282      0.767       0.18     15.000     14.855    -0.5613    -0.5606     0.0008    -0.5618    -0.5610     0.0008   2.802949   2.802942  -0.000008    34.2816    34.2807     7.6424    27.5532    27.5524    34.2817    27.5533    1445.82    1445.82    -0.5617  1027.6286    34.4459 0.0000e+00
       2695 313.422353  -62.13622  -58.44282      0.704      -0.00     16.000     15.846    -0.5612    -0.5603     0.0009    -0.5617    -0.5608     0.0009   2.803006   2.803016   0.000012    34.2816    34.2808     7.6511    27.5532    27.5525    34.2817    27.5533    1445.84    1445.84    -0.5617  1027.6343    34.4470 0.0000e+00
       2723 313.422366  -62.13622  -58.44282      0.792 2.7055e-46     17.000     16.836    -0.5608    -0.5600     0.0008    -0.5613    -0.5605     0.0008   2.803061   2.803084   0.000020    34.2814    34.2808     7.6513    27.5530    27.5525    34.2814    27.5530    1445.86    1445.86    -0.5613  1027.6388    34.4467 0.0000e+00
       2748 313.422378  -62.13622  -58.44282      0.923 2.1001e-28     18.000     17.827    -0.5618    -0.5608     0.0010    -0.5623    -0.5613     0.0010   2.803085   2.803062  -0.000023    34.2822    34.2807     7.6564    27.5537    27.5525    34.2822    27.5537    1445.87    1445.87    -0.5623  1027.6442    34.4474 0.0000e+00
       2773 313.422390  -62.13624  -58.44282      0.966 4.2523e-09     19.000     18.817    -0.5631    -0.5619     0.0013    -0.5637    -0.5624     0.0013   2.802987   2.803011   0.000025    34.2819    34.2808     7.6455    27.5535    27.5526    34.2818    27.5534    1445.88    1445.88    -0.5637  1027.6487    34.4470 0.0000e+00
       2800 313.422403  -62.13624  -58.44282      0.929     751.35     20.000     19.807    -0.5633    -0.5623     0.0010    -0.5639    -0.5629     0.0010   2.803009   2.803033   0.000026    34.2815    34.2807     7.6434    27.5532    27.5525    34.2816    27.5533    1445.89    1445.90    -0.5639  1027.6534    34.4468 0.0000e+00
       2828 313.422417  -62.13624  -58.44282      0.862    1455.47     21.000     20.797    -0.5649    -0.5628     0.0021    -0.5655    -0.5634     0.0021   2.802957   2.803013   0.000058    34.2826    34.2810     7.6433    27.5542    27.5528    34.2821    27.5538    1445.90    1445.91    -0.5655  1027.6586    34.4473 0.0000e+00
       2857 313.422430  -62.13624  -58.44282      0.839    1445.90     22.000     21.788    -0.5689    -0.5680     0.0008    -0.5695    -0.5687     0.0008   2.802629   2.802635  -0.000009    34.2821    34.2810     7.6433    27.5539    27.5530    34.2816    27.5535    1445.90    1445.90    -0.5695  1027.6632    34.4468 0.0000e+00
       2884 313.422444  -62.13624  -58.44282      0.864    1445.90     23.000     22.778    -0.5719    -0.5711     0.0008    -0.5726    -0.5718     0.0008   2.802430   2.802428   0.000011    34.2820    34.2812     7.6450    27.5539    27.5533    34.2818    27.5538    1445.90    1445.91    -0.5726  1027.6683    34.4470 0.0000e+00
       2912 313.422457  -62.13626  -58.44282      0.879    1445.90     24.000     23.768    -0.5723    -0.5716     0.0008    -0.5730    -0.5723     0.0008   2.802442   2.802437  -0.000002    34.2820    34.2810     7.6541    27.5540    27.5532    34.2817    27.5538    1445.92    1445.92    -0.5730  1027.6730    34.4470 0.0000e+00
       2939 313.422470  -62.13626  -58.44282      0.888    1445.90     25.000     24.759    -0.5722    -0.5715     0.0007    -0.5730    -0.5723     0.0007   2.802506   2.802481  -0.000025    34.2820    34.2809     7.6503    27.5540    27.5531    34.2819    27.5539    1445.93    1445.94    -0.5729  1027.6780    34.4472 0.0000e+00
       2968 313.422484  -62.13626  -58.44282      0.847    1445.90     26.000     25.749    -0.5717    -0.5707     0.0010    -0.5725    -0.5715     0.0010   2.802593   2.802592  -0.000003    34.2821    34.2809     7.6465    27.5541    27.5530    34.2819    27.5539    1445.95    1445.96    -0.5725  1027.6827    34.4471 0.0000e+00
       3000 313.422500  -62.13626  -58.44282      0.758    1445.90     27.000     26.739    -0.5741    -0.5730     0.0012    -0.5749    -0.5738     0.0012   2.802441   2.802439  -0.000007    34.2822    34.2808     7.6447    27.5542    27.5530    34.2819    27.5540    1445.96    1445.96    -0.5749  1027.6876    34.4472 0.0000e+00
       3033 313.422515  -62.13628  -58.44282      0.732    1445.90     28.000     27.730    -0.5743    -0.5733     0.0010    -0.5752    -0.5742     0.0010   2.802462   2.802457   0.000001    34.2820    34.2809     7.6354    27.5541    27.5531    34.2818    27.5539    1445.97    1445.98    -0.5751  1027.6924    34.4471 0.0000e+00
       3062 313.422530  -62.13628  -58.44282      0.785    1445.90     29.000     28.720    -0.5746    -0.5736     0.0010    -0.5755    -0.5744     0.0010   2.802485   2.802489  -0.000003    34.2819    34.2807     7.6380    27.5540    27.5530    34.2818    27.5539    1445.99    1445.99    -0.5754  1027.6971    34.4471 0.0000e+00
       3090 313.422543  -62.13628  -58.44282      0.848    1445.90     30.000     29.710    -0.5751    -0.5739     0.0012    -0.5760    -0.5748     0.0012   2.802504   2.802494  -0.000005    34.2822    34.2808     7.6369    27.5543    27.5531    34.2820    27.5542    1446.00    1446.00    -0.5760  1027.7022    34.4473 0.0000e+00
       3120 313.422557  -62.13628  -58.44282      0.826    1445.90     31.000     30.700    -0.5753    -0.5741     0.0012    -0.5762    -0.5750     0.0012   2.802506   2.802536   0.000017    34.2819    34.2807     7.6384    27.5540    27.5530    34.2817    27.5539    1446.02    1446.02    -0.5762  1027.7067    34.4470 0.0000e+00
       3152 313.422573  -62.13628  -58.44282      0.771    1445.90     32.000     31.691    -0.5790    -0.5773     0.0017    -0.5800    -0.5783     0.0017   2.802269   2.802284   0.000028    34.2824    34.2809     7.6398    27.5546    27.5533    34.2820    27.5543    1446.02    1446.02    -0.5799  1027.7107    34.4458 0.0000e+00
       3182 313.422587 -9.990e-29  -58.44282      0.767    1445.90     33.000     32.681    -0.5786    -0.5761     0.0026    -0.5796    -0.5771     0.0026   2.802346   2.802446   0.000087    34.2820    34.2803     7.6428    27.5543    27.5528    34.2820    27.5543    1446.03    1446.04    -0.5796  1027.7137    34.4437 0.0000e+00
       3209 313.422600 -9.990e-29  -58.44282      0.855    1445.90     34.000     33.671    -0.5790    -0.5779     0.0011    -0.5800    -0.5789     0.0011   2.802291   2.802317   0.000029    34.2815    34.2806     7.6379    27.5539    27.5532    34.2811    27.5536    1446.05    1446.05    -0.5800  1027.7178    34.4427 0.0000e+00
       3233 313.422612 -9.990e-29  -58.44282      0.952    1445.90     35.000     34.661    -0.5820    -0.5800     0.0020    -0.5830    -0.5810     0.0020   2.802116   2.802198   0.000093    34.2815    34.2805     7.6314    27.5540    27.5531    34.2815    27.5540    1446.05    1446.06    -0.5830  1027.7230    34.4431 0.0000e+00
       3258 313.422624  -62.13630  -58.44282      0.976    1445.90     36.000     35.651    -0.5913    -0.5891     0.0022    -0.5924    -0.5902     0.0022   2.801347   2.801406   0.000042    34.2831    34.2811     7.6267    27.5557    27.5540    34.2811    27.5541    1446.02    1446.03    -0.5924  1027.7299    34.4452 0.0000e+00
       3287 313.422638  -62.13631  -58.44282      0.888    1445.90     37.000     36.642    -0.6012    -0.5990     0.0021    -0.6023    -0.6001     0.0021   2.800615   2.800627   0.000019    34.2824    34.2802     7.6261    27.5556    27.5538    34.2817    27.5550    1445.99    1446.00    -0.6023  1027.7366    34.4471 0.0000e+00
       3319 313.422653  -62.13632  -58.44282      0.768    1445.90     38.000     37.632    -0.5982    -0.5996    -0.0014    -0.5993    -0.6007    -0.0014   2.800800   2.800613  -0.000178    34.2805    34.2797     7.6319    27.5539    27.5534    34.2802    27.5537    1446.02    1446.01    -0.5993  1027.7401    34.4456 0.0000e+00
       3349 313.422668  -62.13632  -58.44282      0.777    1445.90     39.000     38.622    -0.5949    -0.5953    -0.0004    -0.5960    -0.5964    -0.0004   2.801131   2.801021  -0.000107    34.2804    34.2794     7.6179    27.5537    27.5530    34.2803    27.5536    1446.05    1446.05    -0.5960  1027.7448    34.4457 0.0000e+00
       3375 313.422680  -62.13632  -58.44282      0.866    1445.90     40.000     39.612    -0.5995    -0.5982     0.0013    -0.6007    -0.5994     0.0013   2.800751   2.800780   0.000030    34.2812    34.2801     7.6213    27.5545    27.5536    34.2798    27.5534    1446.05    1446.05    -0.6007  1027.7494    34.4452 0.0000e+00
       3400 313.422692  -62.13632  -58.44282      0.945    1445.90     41.000     40.603    -0.6129    -0.6119     0.0010    -0.6141    -0.6131     0.0010   2.799699   2.799685  -0.000017    34.2815    34.2801     7.6246    27.5554    27.5543    34.2802    27.5543    1446.00    1446.00    -0.6141  1027.7551    34.4456 0.0000e+00
       3425 313.422705  -62.13632  -58.44282      0.959    1445.90     42.000     41.593    -0.6135    -0.6131     0.0003    -0.6147    -0.6144     0.0003   2.799623   2.799624 6.7387e-07    34.2799    34.2796     7.6139    27.5542    27.5539    34.2791    27.5535    1446.01    1446.02    -0.6147  1027.7591    34.4446 0.0000e+00
       3452 313.422718  -62.13632  -58.44282      0.915    1445.90     43.000     42.583    -0.6158    -0.6155     0.0003    -0.6171    -0.6168     0.0003   2.799509   2.799480  -0.000025    34.2803    34.2796     7.6111    27.5546    27.5540    34.2797    27.5540    1446.02    1446.02    -0.6170  1027.7644    34.4451 0.0000e+00
       3480 313.422731  -62.13632  -58.44282      0.877    1445.90     44.000     43.573    -0.6129    -0.6120     0.0009    -0.6142    -0.6133     0.0009   2.799777   2.799817   0.000039    34.2795    34.2790     7.6090    27.5538    27.5534    34.2794    27.5537    1446.05    1446.05    -0.6142  1027.7689    34.4448 0.0000e+00
       3505 313.422743  -62.13633  -58.44282      0.919    1445.90     45.000     44.563    -0.6101    -0.6094     0.0007    -0.6114    -0.6107     0.0007   2.800069   2.800074   0.000006    34.2797    34.2790     7.6101    27.5538    27.5532    34.2795    27.5537    1446.08    1446.08    -0.6114  1027.7736    34.4450 0.0000e+00
       3529 313.422755  -62.13634  -58.44282      0.979    1445.90     46.000     45.554    -0.6078    -0.6072     0.0006    -0.6091    -0.6086     0.0006   2.800343   2.800328  -0.000022    34.2797    34.2787     7.6018    27.5537    27.5529    34.2799    27.5539    1446.11    1446.11    -0.6091  1027.7786    34.4454 0.0000e+00
       3552 313.422766  -62.13634  -58.44282      1.023    1445.90     47.000     46.544    -0.6068    -0.6006     0.0062    -0.6082    -0.6020     0.0062   2.800447   2.800914   0.000439    34.2796    34.2785     7.6044    27.5536    27.5525    34.2796    27.5536    1446.13    1446.15    -0.6082  1027.7831    34.4451 0.0000e+00
       3576 313.422777  -62.13634  -58.44282      1.015    1445.90     48.000     47.534    -0.6065    -0.6054     0.0012    -0.6080    -0.6068     0.0012   2.800498   2.800525   0.000069    34.2796    34.2792     7.6136    27.5536    27.5532    34.2794    27.5534    1446.14    1446.15    -0.6079  1027.7878    34.4449 0.0000e+00
       3602 313.422790  -62.13636  -58.44282      0.946    1445.90     49.000     48.524    -0.6011    -0.6025    -0.0014    -0.6026    -0.6040    -0.0014   2.800946   2.800883  -0.000083    34.2780    34.2785     7.6065    27.5521    27.5525    34.2786    27.5526    1446.18    1446.18    -0.6025  1027.7917    34.4442 0.0000e+00
