Pos-Processados/process_op42/Processamento_split/down/doperantar42_037.cnv
* Sea-Bird SBE 9 Data File:
* FileName = C:\Users\Hidrografia\Desktop\OPXLII\Brutos\OP42037.hdr
* Software Version Seasave V 7.26.7.107
* Temperature SN = 6502
* Conductivity SN = 4998
* Number of Bytes Per Scan = 37
* Number of Voltage Words = 4
* Number of Scans Averaged by the Deck Unit = 1
* NMEA Latitude = 62 08.60 S
* NMEA Longitude = 058 26.37 W
* NMEA UTC (Time) = Nov 09 2023 12:08:15
* NMEA baud rate = 4800
** H41
** NPOALTEMAXIMIANO
** NUMERO DA ESTACAO (XXX) 037
** LAT (XX XX.XX S/N) 62 08.14 S
** LONG (XXX XX.XX W/E) 058 26.57 W
** DATAHORA (dd/mm/aaaa hh:mm Z) 09/11/2023 1205Z
** PROFUNDIDADE (m) 400
** OPERADOR 1T ZAMITH
# nquan = 30
# nvalues = 332                         
# units = specified
# name 0 = scan: Scan Count
# name 1 = timeJ: Julian Days
# name 2 = latitude: Latitude [deg]
# name 3 = longitude: Longitude [deg]
# name 4 = dz/dtM: Descent Rate [m/s]
# name 5 = avgsvCM: Average Sound Velocity [Chen-Millero, m/s]
# name 6 = prDM: Pressure, Digiquartz [db]
# name 7 = depSM: Depth [salt water, m]
# name 8 = t090C: Temperature [ITS-90, deg C]
# name 9 = t190C: Temperature, 2 [ITS-90, deg C]
# name 10 = T2-T190C: Temperature Difference, 2 - 1 [ITS-90, deg C]
# name 11 = potemp090C: Potential Temperature [ITS-90, deg C]
# name 12 = potemp190C: Potential Temperature, 2 [ITS-90, deg C]
# name 13 = potemp90Cdiff: Potential Temperature, Diff, 2 - 1 [ITS-90, deg C]
# name 14 = c0S/m: Conductivity [S/m]
# name 15 = c1S/m: Conductivity, 2 [S/m]
# name 16 = C2-C1S/m: Conductivity Difference, 2 - 1 [S/m]
# name 17 = sal00: Salinity, Practical [PSU]
# name 18 = sal11: Salinity, Practical, 2 [PSU]
# name 19 = sbeox0ML/L: Oxygen, SBE 43 [ml/l]
# name 20 = sigma-é00: Density [sigma-theta, kg/m^3]
# name 21 = sigma-é11: Density, 2 [sigma-theta, kg/m^3]
# name 22 = sal00: Salinity, Practical [PSU]
# name 23 = sigma-é00: Density [sigma-theta, kg/m^3]
# name 24 = svCM: Sound Velocity [Chen-Millero, m/s]
# name 25 = svCM1: Sound Velocity, 2 [Chen-Millero, m/s]
# name 26 = gsw_ptA0: potential temperature [ITS-90, deg C]
# name 27 = gsw_densityA0: density, TEOS-10 [density, kg/m^3]
# name 28 = gsw_saA0: Absolute Salinity [g/kg]
# name 29 = flag:
# span 0 =       3541,      13590       
# span 1 = 313.507437, 313.512283       
# span 2 =  -62.14592,  -62.14414       
# span 3 =  -58.43848,  -58.43501       
# span 4 =     -0.175,      1.090       
# span 5 =       0.00,    1447.84       
# span 6 =      4.000,    335.000       
# span 7 =      3.949,    331.510       
# span 8 =    -0.8260,    -0.5601       
# span 9 =    -0.8253,    -0.5591       
# span 10 =    -0.0059,     0.0042      
# span 11 =    -0.8315,    -0.5602      
# span 12 =    -0.8307,    -0.5593      
# span 13 =    -0.0058,     0.0042      
# span 14 =   2.790373,   2.825330      
# span 15 =   2.790374,   2.825053      
# span 16 =  -0.000688,   0.000323      
# span 17 =    34.2803,    34.3929      
# span 18 =    34.2797,    34.3918      
# span 19 =     6.7809,     7.6754      
# span 20 =    27.5528,    27.6440      
# span 21 =    27.5525,    27.6432      
# span 22 =    34.2803,    34.3932      
# span 23 =    27.5530,    27.6442      
# span 24 =    1445.66,    1451.15      
# span 25 =    1445.65,    1451.14      
# span 26 =    -0.8313,    -0.5602      
# span 27 =  1027.5776,  1029.2474      
# span 28 =    34.4422,    34.5615      
# span 29 = 0.0000e+00, 0.0000e+00      
# interval = decibars: 1                
# start_time = Nov 09 2023 12:08:15 [NMEA time, header]
# bad_flag = -9.990e-29
*END*
[from data line 242]
      10106 313.510602  -62.14524  -58.43594      0.901    1447.01    246.000    243.495    -0.6476    -0.6533    -0.0057    -0.6553    -0.6610    -0.0057   2.811328   2.810905  -0.000459    34.3466    34.3469     7.1440    27.6098    27.6103    34.3500    27.6126    1449.27    1449.24    -0.6552  1028.7932    34.5176 0.0000e+00
      10131 313.510614  -62.14526  -58.43594      0.944    1447.01    247.000    244.484    -0.6433    -0.6426     0.0007    -0.6511    -0.6504     0.0007   2.811975   2.811924  -0.000052    34.3518    34.3503     7.1454    27.6139    27.6126    34.3532    27.6150    1449.31    1449.31    -0.6509  1028.8004    34.5209 0.0000e+00
      10156 313.510627  -62.14526  -58.43592      0.953    1447.01    248.000    245.473    -0.6431    -0.6426     0.0005    -0.6509    -0.6504     0.0005   2.812064   2.811992  -0.000069    34.3522    34.3508     7.1369    27.6142    27.6130    34.3535    27.6153    1449.32    1449.32    -0.6507  1028.8054    34.5212 0.0000e+00
      10182 313.510639  -62.14526  -58.43592      0.932    1447.01    249.000    246.462    -0.6420    -0.6414     0.0006    -0.6498    -0.6492     0.0006   2.812241   2.812176  -0.000070    34.3529    34.3513     7.1104    27.6148    27.6134    34.3541    27.6157    1449.35    1449.35    -0.6497  1028.8105    34.5217 0.0000e+00
      10209 313.510652  -62.14526  -58.43592      0.900    1447.01    250.000    247.452    -0.6415    -0.6409     0.0007    -0.6494    -0.6487     0.0007   2.812342   2.812292  -0.000055    34.3533    34.3518     7.0921    27.6150    27.6138    34.3543    27.6158    1449.37    1449.37    -0.6492  1028.8155    34.5219 0.0000e+00
      10237 313.510666  -62.14528  -58.43590      0.872    1447.01    251.000    248.441    -0.6412    -0.6406     0.0006    -0.6491    -0.6485     0.0006   2.812417   2.812377  -0.000041    34.3535    34.3522     7.0808    27.6151    27.6141    34.3543    27.6158    1449.38    1449.38    -0.6489  1028.8202    34.5220 0.0000e+00
      10264 313.510679  -62.14528  -58.43589      0.867    1447.01    252.000    249.430    -0.6424    -0.6409     0.0015    -0.6503    -0.6489     0.0015   2.812334   2.812363   0.000020    34.3535    34.3522     7.0768    27.6153    27.6141    34.3539    27.6156    1449.39    1449.40    -0.6501  1028.8248    34.5216 0.0000e+00
      10290 313.510691  -62.14528  -58.43588      0.911    1447.01    253.000    250.419    -0.6450    -0.6440     0.0010    -0.6529    -0.6520     0.0010   2.812115   2.812081  -0.000026    34.3529    34.3514     7.0763    27.6148    27.6136    34.3533    27.6152    1449.39    1449.40    -0.6528  1028.8292    34.5210 0.0000e+00
      10314 313.510703  -62.14529  -58.43588      0.966    1447.01    254.000    251.408    -0.6447    -0.6441     0.0006    -0.6527    -0.6520     0.0006   2.812164   2.812124  -0.000039    34.3525    34.3513     7.0720    27.6146    27.6136    34.3530    27.6150    1449.41    1449.42    -0.6525  1028.8337    34.5207 0.0000e+00
      10339 313.510715  -62.14530  -58.43587      0.980    1447.01    255.000    252.398    -0.6445    -0.6438     0.0007    -0.6525    -0.6518     0.0007   2.812238   2.812205  -0.000035    34.3528    34.3515     7.0703    27.6147    27.6137    34.3532    27.6151    1449.43    1449.43    -0.6523  1028.8385    34.5209 0.0000e+00
      10366 313.510728  -62.14530  -58.43586      0.935    1447.01    256.000    253.387    -0.6427    -0.6421     0.0006    -0.6508    -0.6502     0.0006   2.812499   2.812453  -0.000047    34.3533    34.3520     7.0780    27.6151    27.6141    34.3541    27.6157    1449.46    1449.46    -0.6506  1028.8439    34.5217 0.0000e+00
      10394 313.510741  -62.14530  -58.43586      0.868    1447.01    257.000    254.376    -0.6411    -0.6402     0.0008    -0.6491    -0.6483     0.0008   2.812695   2.812683  -0.000015    34.3540    34.3528     7.0717    27.6156    27.6146    34.3542    27.6158    1449.48    1449.49    -0.6490  1028.8487    34.5219 0.0000e+00
      10422 313.510755  -62.14530  -58.43584      0.852    1447.01    258.000    255.365    -0.6418    -0.6410     0.0008    -0.6499    -0.6491     0.0008   2.812669   2.812650  -0.000017    34.3536    34.3525     7.0792    27.6153    27.6144    34.3541    27.6157    1449.49    1449.50    -0.6497  1028.8534    34.5217 0.0000e+00
      10447 313.510767  -62.14530  -58.43584      0.909    1447.01    259.000    256.355    -0.6424    -0.6415     0.0009    -0.6506    -0.6496     0.0009   2.812653   2.812639  -0.000014    34.3539    34.3526     7.0833    27.6155    27.6145    34.3539    27.6156    1449.51    1449.51    -0.6504  1028.8581    34.5216 0.0000e+00
      10471 313.510778  -62.14532  -58.43584      0.989    1447.01    260.000    257.343    -0.6435    -0.6425     0.0010    -0.6517    -0.6507     0.0010   2.812584   2.812580  -0.000009    34.3535    34.3523     7.0751    27.6153    27.6143    34.3536    27.6154    1449.52    1449.52    -0.6515  1028.8627    34.5213 0.0000e+00
      10495 313.510790  -62.14532  -58.43582      1.011    1447.01    261.000    258.333    -0.6404    -0.6405    -0.0001    -0.6487    -0.6488    -0.0001   2.812950   2.812870  -0.000077    34.3537    34.3528     7.0765    27.6153    27.6146    34.3545    27.6160    1449.55    1449.55    -0.6485  1028.8680    34.5222 0.0000e+00
      10521 313.510803  -62.14532  -58.43582      0.945    1447.01    262.000    259.322    -0.6363    -0.6358     0.0005    -0.6446    -0.6441     0.0005   2.813429   2.813412  -0.000017    34.3551    34.3544     7.0705    27.6163    27.6157    34.3557    27.6167    1449.59    1449.59    -0.6444  1028.8735    34.5234 0.0000e+00
      10551 313.510817  -62.14533  -58.43580      0.839    1447.01    263.000    260.311    -0.6309    -0.6286     0.0023    -0.6393    -0.6369     0.0023   2.814202   2.814302   0.000104    34.3579    34.3567     7.0766    27.6183    27.6172    34.3594    27.6195    1449.63    1449.64    -0.6391  1028.8810    34.5271 0.0000e+00
      10579 313.510831  -62.14534  -58.43580      0.822    1447.01    264.000    261.300    -0.6241    -0.6231     0.0010    -0.6325    -0.6314     0.0010   2.814938   2.814940  -0.000004    34.3603    34.3590     7.0699    27.6199    27.6189    34.3610    27.6205    1449.68    1449.69    -0.6323  1028.8866    34.5287 0.0000e+00
      10605 313.510843  -62.14534  -58.43579      0.897    1447.01    265.000    262.289    -0.6245    -0.6231     0.0015    -0.6329    -0.6315     0.0014   2.814940   2.814995   0.000049    34.3604    34.3594     7.0610    27.6201    27.6192    34.3608    27.6204    1449.70    1449.71    -0.6327  1028.8913    34.5286 0.0000e+00
      10629 313.510854  -62.14534  -58.43578      0.975    1447.01    266.000    263.279    -0.6262    -0.6255     0.0007    -0.6346    -0.6340     0.0007   2.814780   2.814755  -0.000019    34.3597    34.3586     7.0433    27.6196    27.6187    34.3600    27.6198    1449.70    1449.71    -0.6345  1028.8955    34.5278 0.0000e+00
      10652 313.510866  -62.14535  -58.43578      1.011    1447.01    267.000    264.267    -0.6263    -0.6242     0.0020    -0.6347    -0.6327     0.0020   2.814824   2.814959   0.000113    34.3596    34.3589     7.0215    27.6195    27.6188    34.3600    27.6198    1449.72    1449.73    -0.6346  1028.9003    34.5278 0.0000e+00
      10678 313.510878  -62.14536  -58.43577      0.986    1447.01    268.000    265.257    -0.6251    -0.6247     0.0004    -0.6336    -0.6332     0.0004   2.814972   2.814948  -0.000015    34.3596    34.3589     7.0147    27.6194    27.6189    34.3601    27.6198    1449.74    1449.74    -0.6334  1028.9050    34.5278 0.0000e+00
      10705 313.510891  -62.14536  -58.43576      0.891    1447.01    269.000    266.246    -0.6208    -0.6204     0.0004    -0.6294    -0.6290     0.0004   2.815506   2.815495  -0.000008    34.3609    34.3603     7.0165    27.6203    27.6198    34.3618    27.6210    1449.78    1449.78    -0.6292  1028.9110    34.5296 0.0000e+00
      10734 313.510905  -62.14536  -58.43576      0.839    1447.01    270.000    267.235    -0.6184    -0.6173     0.0010    -0.6270    -0.6259     0.0010   2.815845   2.815885   0.000051    34.3624    34.3619     7.0139    27.6214    27.6210    34.3630    27.6219    1449.81    1449.82    -0.6268  1028.9166    34.5308 0.0000e+00
      10762 313.510919  -62.14538  -58.43574      0.857    1447.01    271.000    268.224    -0.6178    -0.6172     0.0007    -0.6264    -0.6258     0.0007   2.815996   2.815969  -0.000033    34.3634    34.3622     7.0132    27.6222    27.6212    34.3638    27.6226    1449.83    1449.83    -0.6263  1028.9220    34.5316 0.0000e+00
      10789 313.510932  -62.14538  -58.43574      0.883    1447.01    272.000    269.214    -0.6187    -0.6177     0.0011    -0.6274    -0.6263     0.0011   2.815912   2.815894  -0.000015    34.3629    34.3615     7.0090    27.6219    27.6207    34.3631    27.6220    1449.84    1449.84    -0.6272  1028.9262    34.5309 0.0000e+00
      10815 313.510944  -62.14538  -58.43573      0.907    1447.01    273.000    270.202    -0.6195    -0.6184     0.0011    -0.6282    -0.6271     0.0011   2.815842   2.815841  -0.000001    34.3622    34.3610     7.0040    27.6213    27.6203    34.3624    27.6215    1449.85    1449.86    -0.6280  1028.9305    34.5302 0.0000e+00
      10841 313.510957  -62.14538  -58.43572      0.926    1447.01    274.000    271.191    -0.6180    -0.6175     0.0005    -0.6268    -0.6262     0.0005   2.816094   2.816068  -0.000026    34.3629    34.3620     6.9924    27.6218    27.6210    34.3636    27.6224    1449.88    1449.88    -0.6266  1028.9360    34.5314 0.0000e+00
      10867 313.510969  -62.14538  -58.43572      0.929    1447.01    275.000    272.180    -0.6173    -0.6165     0.0008    -0.6261    -0.6253     0.0008   2.816267   2.816249  -0.000014    34.3641    34.3630     6.9888    27.6228    27.6219    34.3644    27.6230    1449.90    1449.90    -0.6259  1028.9415    34.5322 0.0000e+00
      10893 313.510982  -62.14539  -58.43571      0.919    1447.01    276.000    273.170    -0.6168    -0.6161     0.0006    -0.6256    -0.6249     0.0006   2.816374   2.816333  -0.000045    34.3644    34.3631     6.9954    27.6230    27.6219    34.3647    27.6232    1449.92    1449.92    -0.6254  1028.9464    34.5325 0.0000e+00
      10919 313.510994  -62.14540  -58.43570      0.914    1447.01    277.000    274.159    -0.6166    -0.6158     0.0008    -0.6255    -0.6247     0.0008   2.816450   2.816426  -0.000021    34.3646    34.3634     6.9920    27.6232    27.6221    34.3649    27.6234    1449.94    1449.94    -0.6253  1028.9514    34.5327 0.0000e+00
      10946 313.511007  -62.14540  -58.43570      0.907    1447.01    278.000    275.147    -0.6162    -0.6155     0.0007    -0.6251    -0.6244     0.0007   2.816526   2.816501  -0.000027    34.3647    34.3635     6.9797    27.6232    27.6222    34.3649    27.6234    1449.95    1449.96    -0.6249  1028.9561    34.5327 0.0000e+00
      10971 313.511019  -62.14540  -58.43568      0.924    1447.01    279.000    276.136    -0.6159    -0.6152     0.0008    -0.6248    -0.6241     0.0008   2.816625   2.816593  -0.000036    34.3649    34.3636     6.9772    27.6234    27.6223    34.3652    27.6236    1449.97    1449.97    -0.6246  1028.9611    34.5330 0.0000e+00
      10996 313.511031  -62.14542  -58.43568      0.962    1447.01    280.000    277.126    -0.6156    -0.6145     0.0011    -0.6245    -0.6235     0.0011   2.816699   2.816692  -0.000001    34.3650    34.3638     6.9787    27.6235    27.6224    34.3653    27.6236    1449.99    1449.99    -0.6243  1028.9659    34.5331 0.0000e+00
      11020 313.511043  -62.14542  -58.43566      0.979    1447.01    281.000    278.115    -0.6148    -0.6141     0.0007    -0.6238    -0.6231     0.0007   2.816828   2.816793  -0.000036    34.3652    34.3639     6.9833    27.6235    27.6225    34.3655    27.6238    1450.01    1450.01    -0.6236  1028.9718    34.5346 0.0000e+00
      11048 313.511056  -62.14542 -9.990e-29      0.917    1447.01    282.000    279.104    -0.6145    -0.6138     0.0007    -0.6235    -0.6228     0.0007   2.816911   2.816884  -0.000026    34.3654    34.3643     6.9824    27.6237    27.6228    34.3656    27.6239    1450.03    1450.03    -0.6233  1028.9776    34.5359 0.0000e+00
      11077 313.511071  -62.14542 -9.990e-29      0.829    1447.01    283.000    280.093    -0.6142    -0.6136     0.0006    -0.6233    -0.6227     0.0006   2.816994   2.816968  -0.000027    34.3656    34.3646     6.9847    27.6239    27.6230    34.3658    27.6241    1450.05    1450.05    -0.6231  1028.9825    34.5361 0.0000e+00
      11105 313.511084  -62.14543 -9.990e-29      0.843    1447.01    284.000    281.082    -0.6138    -0.6130     0.0008    -0.6229    -0.6220     0.0008   2.817132   2.817114  -0.000017    34.3664    34.3652     6.9877    27.6245    27.6235    34.3666    27.6247    1450.06    1450.07    -0.6227  1028.9879    34.5369 0.0000e+00
      11130 313.511096  -62.14544  -58.43564      0.917    1447.01    285.000    282.071    -0.6119    -0.6114     0.0005    -0.6210    -0.6206     0.0005   2.817492   2.817425  -0.000070    34.3680    34.3665     6.9824    27.6257    27.6245    34.3687    27.6263    1450.09    1450.09    -0.6208  1028.9925    34.5368 0.0000e+00
      11153 313.511107  -62.14544  -58.43564      0.997    1447.01    286.000    283.060    -0.6096    -0.6088     0.0008    -0.6187    -0.6179     0.0008   2.817866   2.817867   0.000001    34.3701    34.3692     6.9739    27.6273    27.6266    34.3705    27.6276    1450.12    1450.13    -0.6186  1028.9984    34.5384 0.0000e+00
      11176 313.511119  -62.14544  -58.43564      1.032    1447.01    287.000    284.049    -0.6095    -0.6087     0.0008    -0.6187    -0.6179     0.0008   2.817967   2.817943  -0.000024    34.3708    34.3696     6.9707    27.6279    27.6269    34.3711    27.6281    1450.14    1450.14    -0.6185  1029.0036    34.5390 0.0000e+00
      11202 313.511131  -62.14544  -58.43564      0.973    1447.01    288.000    285.038    -0.6094    -0.6088     0.0007    -0.6187    -0.6180     0.0007   2.818030   2.817993  -0.000032    34.3711    34.3698     6.9632    27.6281    27.6271    34.3713    27.6283    1450.16    1450.16    -0.6185  1029.0094    34.5404 0.0000e+00
      11232 313.511145  -62.14545  -58.43562      0.844    1447.01    289.000    286.027    -0.6091    -0.6084     0.0007    -0.6183    -0.6176     0.0007   2.818110   2.818093  -0.000016    34.3712    34.3702     6.9556    27.6282    27.6273    34.3714    27.6283    1450.18    1450.18    -0.6182  1029.0136    34.5396 0.0000e+00
      11260 313.511159  -62.14546  -58.43560      0.834    1447.01    290.000    287.016    -0.6087    -0.6081     0.0006    -0.6180    -0.6174     0.0006   2.818204   2.818188  -0.000021    34.3712    34.3703     6.9505    27.6282    27.6274    34.3716    27.6285    1450.19    1450.20    -0.6178  1029.0182    34.5395 0.0000e+00
      11285 313.511171  -62.14546  -58.43560      0.912    1447.01    291.000    288.005    -0.6073    -0.6065     0.0008    -0.6167    -0.6159     0.0008   2.818412   2.818394  -0.000016    34.3720    34.3709     6.9408    27.6287    27.6278    34.3723    27.6290    1450.22    1450.22    -0.6165  1029.0235    34.5402 0.0000e+00
      11310 313.511183  -62.14546  -58.43560      0.960    1447.01    292.000    288.994    -0.6073    -0.6064     0.0009    -0.6167    -0.6158     0.0009   2.818471   2.818464  -0.000006    34.3722    34.3710     6.9401    27.6289    27.6279    34.3724    27.6291    1450.24    1450.24    -0.6165  1029.0280    34.5398 0.0000e+00
      11336 313.511196 -9.990e-29  -58.43558      0.949    1447.01    293.000    289.983    -0.6072    -0.6065     0.0007    -0.6167    -0.6160     0.0007   2.818526   2.818506  -0.000019    34.3723    34.3713     6.9368    27.6290    27.6281    34.3725    27.6291    1450.25    1450.25    -0.6164  1029.0285    34.5347 0.0000e+00
