Pos-Processados/process_op42/Processamento_split/down/doperantar42_010.cnv
* Sea-Bird SBE 9 Data File:
* FileName = C:\Users\Hidrografia\Desktop\OPXLII\Brutos\OP42010.hdr
* Software Version Seasave V 7.26.7.107
* Temperature SN = 6502
* Conductivity SN = 4998
* Number of Bytes Per Scan = 31
* Number of Voltage Words = 2
* Number of Scans Averaged by the Deck Unit = 1
* NMEA Latitude = 44 13.49 S
* NMEA Longitude = 056 00.10 W
* NMEA UTC (Time) = Oct 19 2023 00:22:47
* NMEA baud rate = 4800
** H41
** NPOALTEMAXIMIANO
** NUMERO DA ESTACAO (XXX) 010
** LAT (XX XX.XX S/N) 44 13.210 S
** LONG (XXX XX.XX W/E) 055 59.942 W
** DATAHORA (dd/mm/aaaa hh:mm Z) 18/10/2023 0022Z
** PROFUNDIDADE (m) 5179
** OPERADOR CT FABIREZA
# nquan = 30
# nvalues = 1013                        
# units = specified
# name 0 = scan: Scan Count
# name 1 = timeJ: Julian Days
# name 2 = latitude: Latitude [deg]
# name 3 = longitude: Longitude [deg]
# name 4 = dz/dtM: Descent Rate [m/s]
# name 5 = avgsvCM: Average Sound Velocity [Chen-Millero, m/s]
# name 6 = prDM: Pressure, Digiquartz [db]
# name 7 = depSM: Depth [salt water, m]
# name 8 = t090C: Temperature [ITS-90, deg C]
# name 9 = t190C: Temperature, 2 [ITS-90, deg C]
# name 10 = T2-T190C: Temperature Difference, 2 - 1 [ITS-90, deg C]
# name 11 = potemp090C: Potential Temperature [ITS-90, deg C]
# name 12 = potemp190C: Potential Temperature, 2 [ITS-90, deg C]
# name 13 = potemp90Cdiff: Potential Temperature, Diff, 2 - 1 [ITS-90, deg C]
# name 14 = c0S/m: Conductivity [S/m]
# name 15 = c1S/m: Conductivity, 2 [S/m]
# name 16 = C2-C1S/m: Conductivity Difference, 2 - 1 [S/m]
# name 17 = sal00: Salinity, Practical [PSU]
# name 18 = sal11: Salinity, Practical, 2 [PSU]
# name 19 = sbeox0ML/L: Oxygen, SBE 43 [ml/l]
# name 20 = sigma-é00: Density [sigma-theta, kg/m^3]
# name 21 = sigma-é11: Density, 2 [sigma-theta, kg/m^3]
# name 22 = sal00: Salinity, Practical [PSU]
# name 23 = sigma-é00: Density [sigma-theta, kg/m^3]
# name 24 = svCM: Sound Velocity [Chen-Millero, m/s]
# name 25 = svCM1: Sound Velocity, 2 [Chen-Millero, m/s]
# name 26 = gsw_ptA0: potential temperature [ITS-90, deg C]
# name 27 = gsw_densityA0: density, TEOS-10 [density, kg/m^3]
# name 28 = gsw_saA0: Absolute Salinity [g/kg]
# name 29 = flag:
# span 0 =       2814,      30655       
# span 1 = 292.017178, 292.030605       
# span 2 =  -44.23053,  -44.22546       
# span 3 =  -56.00561,  -56.00222       
# span 4 =     -0.131,      1.491       
# span 5 =       0.00,    1499.70       
# span 6 =      1.000,   1013.000       
# span 7 =      0.997,   1002.394       
# span 8 =     3.0521,    13.1216       
# span 9 =     3.0531,    13.1221       
# span 10 =    -0.0441,     0.0145      
# span 11 =     2.9845,    13.1204      
# span 12 =     2.9854,    13.1209      
# span 13 =    -0.0440,     0.0145      
# span 14 =   3.163075,   4.126437      
# span 15 =   3.163094,   4.126571      
# span 16 =  -0.011344,   0.003346      
# span 17 =    34.1219,    35.1906      
# span 18 =    34.1218,    35.1701      
# span 19 =     4.3479,     6.5547      
# span 20 =    26.4996,    27.3940      
# span 21 =    26.5002,    27.3937      
# span 22 =    34.1199,    35.1698      
# span 23 =    26.4998,    27.3939      
# span 24 =    1473.81,    1500.95      
# span 25 =    1473.81,    1500.96      
# span 26 =     2.9844,    13.1204      
# span 27 =  1026.5090,  1032.0855      
# span 28 =    34.2822,    35.3359      
# span 29 = 0.0000e+00, 0.0000e+00      
# interval = decibars: 1                
# start_time = Oct 19 2023 00:22:47 [NMEA time, header]
# bad_flag = -9.990e-29
*END*
[from data line 194]
       8461 292.019902  -44.22642  -56.00320      1.249    1497.49    195.000    193.339     6.9921     6.9670    -0.0252     6.9741     6.9490    -0.0251   3.470635   3.463927  -0.007420    34.3464    34.2900     5.7087    26.9073    26.8664    34.2744    26.8506    1480.92    1480.76     6.9740  1027.7438    34.4368 0.0000e+00
       8482 292.019912  -44.22642  -56.00320      1.237    1497.49    196.000    194.330     6.8448     6.8437    -0.0011     6.8269     6.8258    -0.0011   3.454540   3.454086  -0.000545    34.2748    34.2699     5.6936    26.8711    26.8674    34.2436    26.8465    1480.32    1480.32     6.8269  1027.7449    34.4059 0.0000e+00
       8512 292.019926  -44.22644  -56.00322      0.936    1497.49    197.000    195.322     6.7604     6.7429    -0.0175     6.7425     6.7250    -0.0175   3.454961   3.443073  -0.011344    34.3626    34.2547     5.8218    26.9518    26.8690    34.3321    26.9277    1480.12    1479.91     6.7425  1027.8309    34.4948 0.0000e+00
       8554 292.019946  -44.22644  -56.00322      0.563    1497.49    198.000    196.313     6.5876     6.5671    -0.0205     6.5699     6.5494    -0.0205   3.428645   3.425233  -0.003958    34.2521    34.2288     6.1778    26.8878    26.8721    34.2130    26.8569    1479.31    1479.21     6.5699  1027.7656    34.3751 0.0000e+00
       8586 292.019962  -44.22645  -56.00322      0.683    1497.49    199.000    197.303     6.4868     6.4849    -0.0018     6.4692     6.4673    -0.0018   3.417162   3.416592  -0.000597    34.2135    34.2087     6.1727    26.8706    26.8671    34.1858    26.8488    1478.90    1478.89     6.4691  1027.7626    34.3478 0.0000e+00
       8611 292.019974  -44.22646  -56.00323      0.897    1497.49    200.000    198.295     6.4508     6.4489    -0.0020     6.4332     6.4312    -0.0020   3.413422   3.413080  -0.000348    34.2044    34.2025     6.2083    26.8682    26.8670    34.1796    26.8487    1478.77    1478.76     6.4331  1027.7672    34.3417 0.0000e+00
       8634 292.019985  -44.22646  -56.00324      1.013    1497.49    201.000    199.286     6.4371     6.4332    -0.0039     6.4194     6.4155    -0.0039   3.412361   3.412054  -0.000312    34.1997    34.2002     6.2589    26.8663    26.8672    34.1811    26.8516    1478.73    1478.72     6.4193  1027.7748    34.3431 0.0000e+00
       8659 292.019997  -44.22646  -56.00324      0.995    1497.49    202.000    200.276     6.3830     6.3707    -0.0123     6.3653     6.3530    -0.0123   3.406092   3.404313  -0.001574    34.1955    34.1903     6.2748    26.8701    26.8675    34.1649    26.8459    1478.52    1478.46     6.3652  1027.7739    34.3269 0.0000e+00
       8686 292.020010  -44.22647  -56.00324      0.905    1497.49    203.000    201.268     6.2122     6.2184     0.0062     6.1947     6.2008     0.0062   3.391312   3.389912  -0.001595    34.1952    34.1712     6.2914    26.8919    26.8722    34.1706    26.8725    1477.87    1477.86     6.1946  1027.8059    34.3326 0.0000e+00
       8712 292.020023  -44.22648  -56.00324      0.899    1497.49    204.000    202.259     6.1988     6.1967    -0.0021     6.1812     6.1791    -0.0021   3.388047   3.387762  -0.000335    34.1668    34.1651     6.2767    26.8712    26.8701    34.1471    26.8556    1477.80    1477.79     6.1812  1027.7937    34.3090 0.0000e+00
       8735 292.020034  -44.22648  -56.00325      0.993    1497.49    205.000    203.250     6.1783     6.1778    -0.0005     6.1607     6.1601    -0.0005   3.385821   3.385913   0.000053    34.1601    34.1613     6.3051    26.8686    26.8696    34.1422    26.8544    1477.73    1477.73     6.1606  1027.7971    34.3040 0.0000e+00
       8757 292.020044  -44.22648  -56.00326      1.080    1497.49    206.000    204.240     6.1653     6.1656     0.0003     6.1476     6.1479     0.0003   3.384521   3.384790   0.000266    34.1557    34.1584     6.3422    26.8667    26.8688    34.1402    26.8545    1477.69    1477.70     6.1476  1027.8019    34.3020 0.0000e+00
       8780 292.020055  -44.22648  -56.00326      1.073    1497.49    207.000    205.231     6.1501     6.1509     0.0009     6.1323     6.1332     0.0008   3.383254   3.383464   0.000193    34.1551    34.1563     6.3604    26.8682    26.8691    34.1408    26.8569    1477.65    1477.65     6.1323  1027.8090    34.3026 0.0000e+00
       8807 292.020068  -44.22649  -56.00326      0.950    1497.49    208.000    206.223     6.0994     6.0958    -0.0036     6.0816     6.0781    -0.0036   3.378947   3.377972  -0.000949    34.1587    34.1516     6.3673    26.8775    26.8724    34.1429    26.8650    1477.47    1477.44     6.0816  1027.8219    34.3047 0.0000e+00
       8840 292.020085  -44.22650  -56.00326      0.761    1497.49    209.000    207.213     6.0655     6.0642    -0.0014     6.0477     6.0463    -0.0014   3.375901   3.375723  -0.000201    34.1555    34.1546     6.3603    26.8793    26.8788    34.1422    26.8688    1477.35    1477.34     6.0477  1027.8304    34.3041 0.0000e+00
       8876 292.020102 -9.990e-29  -56.00327      0.658    1497.49    210.000    208.205     6.0295     6.0291    -0.0004     6.0116     6.0113    -0.0004   3.372359   3.372290  -0.000074    34.1504    34.1500     6.3609    26.8798    26.8795    34.1382    26.8702    1477.22    1477.21     6.0116  1027.8358    34.2991 0.0000e+00
       8907 292.020117 -9.990e-29  -56.00328      0.739    1497.49    211.000    209.195     6.0114     6.0133     0.0018     5.9935     5.9954     0.0018   3.370579   3.370987   0.000361    34.1442    34.1464     6.3518    26.8771    26.8787    34.1359    26.8706    1477.16    1477.17     5.9935  1027.8410    34.2968 0.0000e+00
       8932 292.020129 -9.990e-29  -56.00328      0.886    1497.49    212.000    210.186     6.0710     6.0732     0.0022     6.0529     6.0551     0.0022   3.376520   3.378186   0.001567    34.1405    34.1559     6.3341    26.8668    26.8786    34.1422    26.8681    1477.42    1477.45     6.0528  1027.8428    34.3032 0.0000e+00
       8954 292.020139 -9.990e-29  -56.00328      1.022    1497.49    213.000    211.177     6.0948     6.0935    -0.0013     6.0766     6.0753    -0.0013   3.379689   3.379808   0.000275    34.1598    34.1642     6.3373    26.8791    26.8827    34.1534    26.8739    1477.54    1477.54     6.0765  1027.8530    34.3144 0.0000e+00
       8975 292.020150 -9.990e-29  -56.00328      1.115    1497.49    214.000    212.168     6.1008     6.1019     0.0011     6.0825     6.0836     0.0011   3.381186   3.381933   0.000672    34.1626    34.1690     6.3401    26.8805    26.8854    34.1636    26.8813    1477.60    1477.61     6.0824  1027.8649    34.3247 0.0000e+00
       8998 292.020160 -9.990e-29  -56.00329      1.116    1497.49    215.000    213.159     6.1573     6.1621     0.0048     6.1388     6.1436     0.0048   3.387431   3.388872   0.001346    34.1721    34.1824     6.2980    26.8808    26.8883    34.1764    26.8842    1477.85    1477.89     6.1387  1027.8721    34.3375 0.0000e+00
       9025 292.020173 -9.990e-29  -56.00330      0.968    1497.49    216.000    214.150     6.2886     6.2972     0.0086     6.2698     6.2784     0.0086   3.401003   3.404522   0.003334    34.1802    34.2088     6.2326    26.8704    26.8918    34.1958    26.8826    1478.41    1478.49     6.2698  1027.8744    34.3570 0.0000e+00
       9055 292.020188 -9.990e-29  -56.00330      0.800    1497.49    217.000    215.141     6.4497     6.4549     0.0051     6.4306     6.4357     0.0051   3.417480   3.420316   0.003027    34.2047    34.2333     6.1874    26.8688    26.8906    34.2175    26.8788    1479.09    1479.14     6.4305  1027.8744    34.3788 0.0000e+00
       9084 292.020202 -9.990e-29  -56.00330      0.811    1497.49    218.000    216.132     6.4907     6.4930     0.0024     6.4713     6.4737     0.0024   3.423503   3.424172   0.000733    34.2355    34.2412     6.1486    26.8877    26.8919    34.2430    26.8936    1479.30    1479.32     6.4713  1027.8935    34.4044 0.0000e+00
       9109 292.020214 -9.990e-29  -56.00331      0.909    1497.49    219.000    217.123     6.4943     6.4967     0.0024     6.4749     6.4773     0.0024   3.424237   3.424755   0.000493    34.2405    34.2435     6.0752    26.8912    26.8933    34.2470    26.8963    1479.34    1479.35     6.4748  1027.9007    34.4085 0.0000e+00
       9134 292.020226 -9.990e-29  -56.00332      0.954    1497.49    220.000    218.113     6.5015     6.5058     0.0042     6.4820     6.4862     0.0042   3.425143   3.425640   0.000540    34.2437    34.2454     6.0110    26.8928    26.8936    34.2493    26.8972    1479.38    1479.40     6.4819  1027.9061    34.4108 0.0000e+00
       9162 292.020240  -44.22656  -56.00332      0.907    1497.49    221.000    219.104     6.5118     6.5095    -0.0023     6.4922     6.4899    -0.0023   3.426170   3.426251   0.000034    34.2446    34.2473     5.9795    26.8922    26.8946    34.2499    26.8963    1479.44    1479.44     6.4921  1027.9102    34.4120 0.0000e+00
       9193 292.020255  -44.22656  -56.00332      0.793    1497.49    222.000    220.095     6.5169     6.5184     0.0014     6.4972     6.4986     0.0014   3.426764   3.427046   0.000325    34.2466    34.2487     5.9765    26.8930    26.8946    34.2509    26.8964    1479.48    1479.49     6.4972  1027.9151    34.4133 0.0000e+00
       9224 292.020269  -44.22656  -56.00332      0.762    1497.49    223.000    221.086     6.5113     6.5110    -0.0003     6.4915     6.4912    -0.0003   3.426301   3.426189  -0.000077    34.2494    34.2488     5.9901    26.8960    26.8956    34.2509    26.8972    1479.47    1479.47     6.4914  1027.9205    34.4133 0.0000e+00
       9249 292.020282  -44.22656  -56.00334      0.877    1497.49    224.000    222.077     6.4578     6.4597     0.0020     6.4379     6.4399     0.0020   3.421425   3.420802  -0.000640    34.2524    34.2433     5.9987    26.9055    26.8980    34.2498    26.9034    1479.28    1479.27     6.4379  1027.9316    34.4122 0.0000e+00
       9272 292.020293  -44.22658  -56.00334      1.008    1497.49    225.000    223.068     6.4005     6.3979    -0.0026     6.3806     6.3781    -0.0026   3.414989   3.413388  -0.001241    34.2493    34.2380     6.0041    26.9105    26.9020    34.2351    26.8993    1479.05    1479.02     6.3806  1027.9323    34.3974 0.0000e+00
       9294 292.020303  -44.22658  -56.00334      1.066    1497.49    226.000    224.059     6.2098     6.2067    -0.0031     6.1903     6.1871    -0.0031   3.397618   3.395248  -0.002637    34.2445    34.2181     6.0250    26.9314    26.9110    34.2321    26.9216    1478.31    1478.27     6.1902  1027.9602    34.3944 0.0000e+00
       9320 292.020316  -44.22658  -56.00334      1.003    1497.49    227.000    225.050     6.1905     6.1873    -0.0032     6.1709     6.1677    -0.0032   3.393817   3.393212  -0.000623    34.2170    34.2132     6.0145    26.9121    26.9096    34.2085    26.9055    1478.22    1478.20     6.1708  1027.9488    34.3707 0.0000e+00
       9349 292.020330  -44.22658  -56.00334      0.863    1493.92    228.000    226.041     6.1840     6.1858     0.0018     6.1643     6.1661     0.0018   3.393082   3.393491   0.000323    34.2104    34.2122     6.0566    26.9078    26.9090    34.2063    26.9046    1478.21    1478.22     6.1642  1027.9525    34.3685 0.0000e+00
       9377 292.020343  -44.22659  -56.00335      0.825    1493.54    229.000    227.032     6.2356     6.2365     0.0009     6.2158     6.2166     0.0009   3.398270   3.398929   0.000731    34.2113    34.2186     6.1092    26.9019    26.9076    34.2120    26.9024    1478.44    1478.45     6.2157  1027.9547    34.3742 0.0000e+00
       9404 292.020356  -44.22660  -56.00336      0.885    1493.54    230.000    228.022     6.1863     6.1821    -0.0041     6.1664     6.1623    -0.0041   3.393868   3.392591  -0.001248    34.2226    34.2128     6.1425    26.9172    26.9100    34.2118    26.9086    1478.26    1478.23     6.1663  1027.9657    34.3740 0.0000e+00
       9430 292.020369  -44.22660  -56.00336      0.921    1493.54    231.000    229.013     6.1315     6.1311    -0.0004     6.1116     6.1113    -0.0004   3.388524   3.387948  -0.000559    34.2139    34.2080     6.1265    26.9173    26.9127    34.2065    26.9115    1478.05    1478.04     6.1116  1027.9734    34.3687 0.0000e+00
       9462 292.020385  -44.22660  -56.00336      0.790    1493.54    232.000    230.004     6.1040     6.1034    -0.0006     6.0841     6.0835    -0.0006   3.385878   3.385433  -0.000459    34.2093    34.2047     6.0916    26.9172    26.9137    34.2041    26.9130    1477.95    1477.95     6.0840  1027.9797    34.3662 0.0000e+00
       9498 292.020402  -44.22662  -56.00337      0.664    1493.54    233.000    230.995     6.0651     6.0641    -0.0010     6.0452     6.0442    -0.0009   3.381928   3.381303  -0.000643    34.2073    34.2011     6.1125    26.9206    26.9157    34.1984    26.9135    1477.81    1477.80     6.0451  1027.9850    34.3605 0.0000e+00
       9524 292.020414  -44.22662  -56.00338      0.811    1493.54    234.000    231.986     5.9881     5.9884     0.0003     5.9682     5.9685     0.0003   3.374080   3.373238  -0.000794    34.2025    34.1933     6.1311    26.9264    26.9191    34.1872    26.9143    1477.51    1477.50     5.9682  1027.9908    34.3493 0.0000e+00
       9544 292.020424  -44.22662  -56.00338      1.024    1493.54    235.000    232.977     5.8823     5.8825     0.0002     5.8625     5.8627     0.0002   3.363423   3.362822  -0.000625    34.1917    34.1844     6.1394    26.9311    26.9254    34.1733    26.9167    1477.09    1477.08     5.8625  1027.9984    34.3354 0.0000e+00
       9563 292.020433  -44.22662  -56.00338      1.199    1493.54    236.000    233.967     5.7752     5.7737    -0.0015     5.7556     5.7541    -0.0015   3.352794   3.351952  -0.000885    34.1833    34.1748     6.1468    26.9378    26.9313    34.1609    26.9200    1476.66    1476.64     5.7555  1028.0069    34.3228 0.0000e+00
       9582 292.020442  -44.22662  -56.00338      1.272    1493.54    237.000    234.958     5.7195     5.7192    -0.0003     5.6999     5.6996    -0.0003   3.347175   3.347061  -0.000150    34.1673    34.1658     6.1597    26.9320    26.9309    34.1531    26.9208    1476.44    1476.44     5.6998  1028.0126    34.3150 0.0000e+00
       9610 292.020456  -44.22663  -56.00339      1.019    1493.54    238.000    235.949     5.6943     5.7056     0.0113     5.6746     5.6859     0.0113   3.346598   3.346001  -0.000518    34.1821    34.1648     6.2096    26.9469    26.9318    34.1716    26.9385    1476.38    1476.40     5.6746  1028.0350    34.3336 0.0000e+00
       9652 292.020476  -44.22664  -56.00340      0.560    1493.54    239.000    236.940     5.6482     5.6460    -0.0022     5.6285     5.6263    -0.0022   3.340983   3.340155  -0.000926    34.1676    34.1593     6.3098    26.9409    26.9346    34.1540    26.9302    1476.19    1476.17     5.6285  1028.0316    34.3160 0.0000e+00
       9684 292.020492  -44.22664  -56.00340      0.688    1493.54    240.000    237.930     5.6179     5.6183     0.0003     5.5982     5.5986     0.0003   3.337276   3.337333   0.000046    34.1517    34.1519     6.3072    26.9321    26.9322    34.1420    26.9244    1476.07    1476.07     5.5982  1028.0306    34.3039 0.0000e+00
       9709 292.020504  -44.22666  -56.00340      0.888    1493.54    241.000    238.921     5.6070     5.6092     0.0022     5.5873     5.5894     0.0022   3.336237   3.336384   0.000168    34.1497    34.1494     6.3135    26.9318    26.9313    34.1408    26.9248    1476.04    1476.05     5.5872  1028.0356    34.3027 0.0000e+00
