Pos-Processados/process_op42/Processamento_split/down/doperantar42_026.cnv
* Sea-Bird SBE 9 Data File:
* FileName = C:\Users\Hidrografia\Desktop\OPXLII\Brutos\OP42026.hdr
* Software Version Seasave V 7.26.7.107
* Temperature SN = 6502
* Conductivity SN = 4998
* Number of Bytes Per Scan = 37
* Number of Voltage Words = 4
* Number of Scans Averaged by the Deck Unit = 1
* NMEA Latitude = 62 13.40 S
* NMEA Longitude = 058 12.50 W
* NMEA UTC (Time) = Nov 08 2023 16:16:15
* NMEA baud rate = 4800
** H41
** NPOALTEMAXIMIANO
** NUMERO DA ESTACAO (XXX) 026
** LAT (XX XX.XX S/N) 62  13.401 S
** LONG (XXX XX.XX W/E) 058  12.553 W
** DATAHORA (dd/mm/aaaa hh:mm Z) 08/11/2023 1615Z
** PROFUNDIDADE (m) 390
** OPERADOR 1T ZAMITH
# nquan = 30
# nvalues = 359                         
# units = specified
# name 0 = scan: Scan Count
# name 1 = timeJ: Julian Days
# name 2 = latitude: Latitude [deg]
# name 3 = longitude: Longitude [deg]
# name 4 = dz/dtM: Descent Rate [m/s]
# name 5 = avgsvCM: Average Sound Velocity [Chen-Millero, m/s]
# name 6 = prDM: Pressure, Digiquartz [db]
# name 7 = depSM: Depth [salt water, m]
# name 8 = t090C: Temperature [ITS-90, deg C]
# name 9 = t190C: Temperature, 2 [ITS-90, deg C]
# name 10 = T2-T190C: Temperature Difference, 2 - 1 [ITS-90, deg C]
# name 11 = potemp090C: Potential Temperature [ITS-90, deg C]
# name 12 = potemp190C: Potential Temperature, 2 [ITS-90, deg C]
# name 13 = potemp90Cdiff: Potential Temperature, Diff, 2 - 1 [ITS-90, deg C]
# name 14 = c0S/m: Conductivity [S/m]
# name 15 = c1S/m: Conductivity, 2 [S/m]
# name 16 = C2-C1S/m: Conductivity Difference, 2 - 1 [S/m]
# name 17 = sal00: Salinity, Practical [PSU]
# name 18 = sal11: Salinity, Practical, 2 [PSU]
# name 19 = sbeox0ML/L: Oxygen, SBE 43 [ml/l]
# name 20 = sigma-é00: Density [sigma-theta, kg/m^3]
# name 21 = sigma-é11: Density, 2 [sigma-theta, kg/m^3]
# name 22 = sal00: Salinity, Practical [PSU]
# name 23 = sigma-é00: Density [sigma-theta, kg/m^3]
# name 24 = svCM: Sound Velocity [Chen-Millero, m/s]
# name 25 = svCM1: Sound Velocity, 2 [Chen-Millero, m/s]
# name 26 = gsw_ptA0: potential temperature [ITS-90, deg C]
# name 27 = gsw_densityA0: density, TEOS-10 [density, kg/m^3]
# name 28 = gsw_saA0: Absolute Salinity [g/kg]
# name 29 = flag:
# span 0 =       2909,      14672       
# span 1 = 312.679354, 312.685026       
# span 2 =  -62.22436,  -62.22360       
# span 3 =  -58.20720,  -58.20135       
# span 4 =      0.040,      1.230       
# span 5 =      -0.04,    1448.69       
# span 6 =      8.000,    366.000       
# span 7 =      7.953,    362.156       
# span 8 =    -0.8284,    -0.4720       
# span 9 =    -0.8265,    -0.4700       
# span 10 =    -0.0081,     0.0073      
# span 11 =    -0.8292,    -0.4841      
# span 12 =    -0.8272,    -0.4822      
# span 13 =    -0.0081,     0.0073      
# span 14 =   2.780580,   2.833103      
# span 15 =   2.780649,   2.833182      
# span 16 =  -0.000595,   0.000601      
# span 17 =    34.2791,    34.3757      
# span 18 =    34.2798,    34.3744      
# span 19 =     6.8284,     7.7551      
# span 20 =    27.5604,    27.6258      
# span 21 =    27.5614,    27.6247      
# span 22 =    34.2804,    34.3758      
# span 23 =    27.5615,    27.6259      
# span 24 =    1444.48,    1451.97      
# span 25 =    1444.49,    1451.98      
# span 26 =    -0.8291,    -0.4839      
# span 27 =  1027.6070,  1029.3739      
# span 28 =    34.4459,    34.5439      
# span 29 = 0.0000e+00, 0.0000e+00      
# interval = decibars: 1                
# start_time = Nov 08 2023 16:16:15 [NMEA time, header]
# bad_flag = -9.990e-29
*END*
[from data line 291]
      11175 312.683340  -62.22414  -58.20320      0.837    1448.00    299.000    295.915    -0.5139    -0.5131     0.0008    -0.5237    -0.5229     0.0008   2.826155   2.826159   0.000004    34.3658    34.3649     6.9470    27.6196    27.6189    34.3657    27.6196    1450.78    1450.78    -0.5236  1029.0513    34.5337 0.0000e+00
      11203 312.683353  -62.22414  -58.20319      0.880    1448.00    300.000    296.904    -0.5144    -0.5137     0.0008    -0.5243    -0.5235     0.0008   2.826137   2.826138   0.000004    34.3655    34.3647     6.9407    27.6194    27.6187    34.3654    27.6193    1450.79    1450.79    -0.5241  1029.0558    34.5334 0.0000e+00
      11233 312.683368  -62.22416  -58.20318      0.817    1448.00    301.000    297.893    -0.5151    -0.5148     0.0003    -0.5251    -0.5247     0.0003   2.826106   2.826049  -0.000054    34.3653    34.3642     6.9385    27.6193    27.6184    34.3652    27.6192    1450.80    1450.80    -0.5249  1029.0596    34.5321 0.0000e+00
      11264 312.683383  -62.22416  -58.20316      0.767    1448.00    302.000    298.882    -0.5141    -0.5134     0.0007    -0.5240    -0.5233     0.0007   2.826268   2.826267  -0.000009    34.3655    34.3646     6.9430    27.6194    27.6186    34.3656    27.6195    1450.82    1450.83    -0.5239  1029.0655    34.5336 0.0000e+00
      11290 312.683395  -62.22416  -58.20314      0.867    1448.00    303.000    299.871    -0.5136    -0.5129     0.0008    -0.5236    -0.5229     0.0008   2.826372   2.826354 -5.212e-07    34.3658    34.3649     6.9505    27.6196    27.6189    34.3659    27.6197    1450.84    1450.85    -0.5234  1029.0704    34.5339 0.0000e+00
      11317 312.683409  -62.22416  -58.20311      0.904    1448.00    304.000    300.860    -0.5122    -0.5114     0.0008    -0.5223    -0.5215     0.0008   2.826553   2.826566   0.000003    34.3659    34.3650     6.9534    27.6196    27.6189    34.3661    27.6198    1450.86    1450.87    -0.5221  1029.0753    34.5341 0.0000e+00
      11353 312.683426  -62.22416  -58.20310      0.723    1448.00    305.000    301.849    -0.5105    -0.5101     0.0004    -0.5206    -0.5202     0.0004   2.826801   2.826772  -0.000030    34.3667    34.3658     6.9479    27.6202    27.6194    34.3669    27.6204    1450.89    1450.89    -0.5204  1029.0806    34.5349 0.0000e+00
      11392 312.683445  -62.22416  -58.20308      0.603    1448.00    306.000    302.838    -0.5093    -0.5084     0.0009    -0.5194    -0.5185     0.0009   2.826991   2.827008   0.000018    34.3673    34.3665     6.9382    27.6206    27.6200    34.3675    27.6208    1450.91    1450.92    -0.5192  1029.0857    34.5355 0.0000e+00
      11422 312.683459  -62.22416  -58.20308      0.731    1448.00    307.000    303.827    -0.5092    -0.5084     0.0008    -0.5194    -0.5185     0.0008   2.827049   2.827054   0.000006    34.3675    34.3666     6.9373    27.6208    27.6200    34.3676    27.6209    1450.93    1450.93    -0.5192  1029.0906    34.5356 0.0000e+00
      11446 312.683471  -62.22416  -58.20307      0.917    1448.00    308.000    304.816    -0.5096    -0.5089     0.0008    -0.5198    -0.5191     0.0008   2.827043   2.827037  -0.000006    34.3673    34.3664     6.9323    27.6207    27.6199    34.3673    27.6207    1450.94    1450.95    -0.5196  1029.0951    34.5353 0.0000e+00
      11470 312.683482  -62.22416  -58.20305      1.010    1448.00    309.000    305.805    -0.5106    -0.5098     0.0008    -0.5208    -0.5200     0.0008   2.826965   2.826966  -0.000001    34.3668    34.3659     6.9275    27.6203    27.6196    34.3668    27.6203    1450.96    1450.96    -0.5206  1029.0995    34.5347 0.0000e+00
      11496 312.683495  -62.22416  -58.20304      0.952    1448.00    310.000    306.793    -0.5110    -0.5104     0.0007    -0.5213    -0.5206     0.0007   2.826958   2.826947  -0.000009    34.3666    34.3656     6.9231    27.6201    27.6193    34.3666    27.6202    1450.97    1450.97    -0.5211  1029.1041    34.5346 0.0000e+00
      11525 312.683509  -62.22416  -58.20302      0.845    1448.00    311.000    307.783    -0.5109    -0.5101     0.0008    -0.5212    -0.5204     0.0008   2.826995   2.826998 2.3297e-07    34.3663    34.3654     6.9273    27.6199    27.6191    34.3663    27.6199    1450.99    1450.99    -0.5210  1029.1057    34.5306 0.0000e+00
      11553 312.683522 -9.990e-29  -58.20300      0.855    1448.00    312.000    308.772    -0.5108    -0.5100     0.0007    -0.5211    -0.5204     0.0007   2.827047   2.827035  -0.000010    34.3662    34.3652     6.9261    27.6198    27.6190    34.3662    27.6199    1451.00    1451.01    -0.5209  1029.1086    34.5283 0.0000e+00
      11584 312.683538 -9.990e-29  -58.20299      0.801    1448.00    313.000    309.760    -0.5110    -0.5101     0.0008    -0.5214    -0.5205     0.0008   2.827090   2.827088  -0.000002    34.3664    34.3655     6.9381    27.6200    27.6192    34.3665    27.6201    1451.02    1451.02    -0.5212  1029.1135    34.5285 0.0000e+00
      11624 312.683557  -62.22418  -58.20296      0.621    1448.00    314.000    310.750    -0.5090    -0.5086     0.0004    -0.5195    -0.5191     0.0004   2.827359   2.827318  -0.000043    34.3670    34.3660     6.9348    27.6204    27.6196    34.3673    27.6206    1451.04    1451.05    -0.5192  1029.1215    34.5327 0.0000e+00
      11664 312.683576  -62.22418  -58.20295      0.591    1448.00    315.000    311.738    -0.5075    -0.5065     0.0009    -0.5179    -0.5170     0.0009   2.827593   2.827613   0.000021    34.3679    34.3671     6.9407    27.6210    27.6204    34.3680    27.6212    1451.07    1451.07    -0.5177  1029.1289    34.5361 0.0000e+00
      11695 312.683591  -62.22418  -58.20294      0.728    1448.00    316.000    312.727    -0.5079    -0.5070     0.0009    -0.5184    -0.5175     0.0009   2.827611   2.827613 -2.780e-07    34.3681    34.3671     6.9375    27.6212    27.6204    34.3682    27.6213    1451.08    1451.09    -0.5182  1029.1337    34.5362 0.0000e+00
      11720 312.683603  -62.22418  -58.20292      0.876    1448.00    317.000    313.716    -0.5079    -0.5072     0.0007    -0.5185    -0.5177     0.0007   2.827660   2.827656  -0.000006    34.3682    34.3673     6.9234    27.6213    27.6206    34.3682    27.6214    1451.10    1451.10    -0.5182  1029.1385    34.5362 0.0000e+00
      11745 312.683615  -62.22418  -58.20290      0.965    1448.00    318.000    314.705    -0.5094    -0.5086     0.0007    -0.5199    -0.5192     0.0007   2.827569   2.827550  -0.000012    34.3681    34.3672     6.9192    27.6213    27.6205    34.3680    27.6213    1451.11    1451.11    -0.5197  1029.1432    34.5360 0.0000e+00
      11773 312.683628  -62.22418  -58.20289      0.916    1448.00    319.000    315.694    -0.5106    -0.5100     0.0006    -0.5212    -0.5206     0.0006   2.827416   2.827392  -0.000030    34.3669    34.3658     6.9167    27.6204    27.6195    34.3668    27.6203    1451.12    1451.12    -0.5210  1029.1470    34.5348 0.0000e+00
      11806 312.683644  -62.22418  -58.20288      0.766    1448.00    320.000    316.683    -0.5102    -0.5094     0.0008    -0.5208    -0.5200     0.0008   2.827537   2.827529  -0.000005    34.3672    34.3663     6.9158    27.6206    27.6199    34.3673    27.6207    1451.14    1451.14    -0.5206  1029.1522    34.5353 0.0000e+00
      11845 312.683663  -62.22418  -58.20286      0.617    1448.00    321.000    317.672    -0.5097    -0.5089     0.0008    -0.5204    -0.5196     0.0008   2.827632   2.827654   0.000019    34.3675    34.3668     6.9255    27.6208    27.6202    34.3675    27.6209    1451.16    1451.16    -0.5202  1029.1570    34.5355 0.0000e+00
      11883 312.683681  -62.22418  -58.20285      0.618    1448.00    322.000    318.660    -0.5061    -0.5061    -0.0000    -0.5168    -0.5168    -0.0000   2.828032   2.827992  -0.000035    34.3675    34.3671     6.9253    27.6207    27.6203    34.3681    27.6212    1451.19    1451.19    -0.5166  1029.1621    34.5361 0.0000e+00
      11913 312.683696  -62.22420  -58.20282      0.758    1448.00    323.000    319.649    -0.5017    -0.5010     0.0007    -0.5125    -0.5118     0.0007   2.828528   2.828577   0.000040    34.3687    34.3685     6.9279    27.6215    27.6212    34.3693    27.6219    1451.23    1451.23    -0.5123  1029.1675    34.5373 0.0000e+00
      11942 312.683710  -62.22420  -58.20280      0.827    1448.00    324.000    320.638    -0.5040    -0.5032     0.0008    -0.5148    -0.5140     0.0008   2.828331   2.828354   0.000027    34.3687    34.3682     6.9264    27.6216    27.6212    34.3686    27.6214    1451.23    1451.23    -0.5146  1029.1718    34.5365 0.0000e+00
      11984 312.683730  -62.22420  -58.20278      0.602    1448.00    325.000    321.627    -0.5084    -0.5068     0.0016    -0.5193    -0.5176     0.0016   2.828037   2.828061   0.000016    34.3691    34.3675     6.9168    27.6221    27.6207    34.3690    27.6220    1451.23    1451.24    -0.5190  1029.1772    34.5370 0.0000e+00
      12028 312.683751  -62.22420  -58.20276      0.536    1448.21    326.000    322.616    -0.5057    -0.5049     0.0009    -0.5166    -0.5157     0.0009   2.828307   2.828321   0.000018    34.3689    34.3681     6.9116    27.6218    27.6211    34.3690    27.6219    1451.26    1451.26    -0.5164  1029.1818    34.5370 0.0000e+00
      12062 312.683768  -62.22420  -58.20273      0.673    1448.42    327.000    323.605    -0.5053    -0.5042     0.0012    -0.5162    -0.5151     0.0012   2.828396   2.828414   0.000018    34.3691    34.3680     6.9180    27.6219    27.6210    34.3691    27.6220    1451.28    1451.28    -0.5160  1029.1866    34.5371 0.0000e+00
      12090 312.683781  -62.22420  -58.20272      0.809    1448.42    328.000    324.593    -0.5091    -0.5090     0.0000    -0.5200    -0.5200     0.0000   2.828068   2.827973  -0.000081    34.3684    34.3673     6.9220    27.6215    27.6207    34.3684    27.6215    1451.28    1451.27    -0.5198  1029.1910    34.5364 0.0000e+00
      12120 312.683796  -62.22420  -58.20271      0.842    1448.42    329.000    325.581    -0.5034    -0.5032     0.0002    -0.5143    -0.5141     0.0002   2.828641   2.828603  -0.000044    34.3686    34.3677     6.9215    27.6214    27.6207    34.3690    27.6218    1451.32    1451.32    -0.5142  1029.1959    34.5370 0.0000e+00
      12155 312.683813  -62.22420  -58.20270      0.707    1448.42    330.000    326.571    -0.5037    -0.5032     0.0005    -0.5147    -0.5142     0.0005   2.828692   2.828635  -0.000056    34.3694    34.3681     6.9178    27.6221    27.6211    34.3694    27.6221    1451.33    1451.33    -0.5145  1029.2010    34.5374 0.0000e+00
      12190 312.683830  -62.22420  -58.20269      0.665    1448.42    331.000    327.560    -0.5033    -0.5018     0.0015    -0.5143    -0.5128     0.0015   2.828765   2.828833   0.000063    34.3692    34.3683     6.9107    27.6220    27.6212    34.3694    27.6221    1451.35    1451.36    -0.5141  1029.2057    34.5374 0.0000e+00
      12221 312.683845  -62.22420  -58.20266      0.753    1448.42    332.000    328.547    -0.5054    -0.5044     0.0009    -0.5165    -0.5155     0.0010   2.828621   2.828577  -0.000002    34.3692    34.3681     6.9152    27.6221    27.6212    34.3692    27.6220    1451.36    1451.36    -0.5163  1029.2080    34.5342 0.0000e+00
      12255 312.683861 -9.990e-29  -58.20264      0.733    1448.42    333.000    329.538    -0.5027    -0.5028    -0.0001    -0.5138    -0.5139    -0.0001   2.828843   2.828824  -0.000038    34.3681    34.3678     6.9133    27.6211    27.6208    34.3685    27.6213    1451.39    1451.39    -0.5136  1029.2098    34.5307 0.0000e+00
      12306 312.683886  -62.22422  -58.20261      0.453    1448.42    334.000    330.526    -0.5052    -0.5043     0.0009    -0.5163    -0.5154     0.0009   2.828683   2.828702   0.000027    34.3686    34.3680     6.9112    27.6216    27.6210    34.3686    27.6215    1451.39    1451.39    -0.5161  1029.2155    34.5317 0.0000e+00
      12349 312.683906  -62.22422  -58.20259      0.550    1448.42    335.000    331.515    -0.5073    -0.5066     0.0007    -0.5185    -0.5178     0.0007   2.828536   2.828522  -0.000022    34.3688    34.3677     6.9117    27.6218    27.6209    34.3683    27.6215    1451.40    1451.40    -0.5183  1029.2243    34.5365 0.0000e+00
      12377 312.683920  -62.22422  -58.20258      0.774    1448.42    336.000    332.504    -0.5081    -0.5081 5.1915e-07    -0.5193    -0.5194 5.1915e-07   2.828479   2.828413  -0.000055    34.3679    34.3671     6.9101    27.6211    27.6205    34.3679    27.6212    1451.41    1451.41    -0.5191  1029.2286    34.5359 0.0000e+00
      12407 312.683934  -62.22422  -58.20257      0.829    1448.42    337.000    333.493    -0.5037    -0.5035     0.0002    -0.5150    -0.5148     0.0002   2.828899   2.828902  -0.000014    34.3681    34.3676     6.9075    27.6211    27.6207    34.3680    27.6210    1451.45    1451.45    -0.5148  1029.2331    34.5360 0.0000e+00
      12444 312.683952  -62.22422  -58.20254      0.668    1448.42    338.000    334.481    -0.5128    -0.5116     0.0012    -0.5241    -0.5229     0.0012   2.828213   2.828160  -0.000046    34.3687    34.3667     6.9101    27.6220    27.6203    34.3684    27.6218    1451.42    1451.42    -0.5239  1029.2387    34.5365 0.0000e+00
      12479 312.683969  -62.22422  -58.20253      0.672    1448.42    339.000    335.470    -0.5061    -0.5046     0.0015    -0.5175    -0.5160     0.0015   2.828722   2.828863   0.000126    34.3668    34.3668     6.9101    27.6202    27.6201    34.3671    27.6204    1451.47    1451.47    -0.5172  1029.2420    34.5351 0.0000e+00
      12510 312.683984  -62.22422  -58.20252      0.751    1448.42    340.000    336.459    -0.5079    -0.5065     0.0015    -0.5193    -0.5179     0.0015   2.828703   2.828726   0.000038    34.3683    34.3672     6.9116    27.6215    27.6205    34.3683    27.6215    1451.48    1451.48    -0.5191  1029.2479    34.5363 0.0000e+00
      12546 312.684001  -62.22423  -58.20249      0.700    1448.42    341.000    337.444    -0.5069    -0.5061     0.0008    -0.5183    -0.5175     0.0008   2.828799   2.828807   0.000004    34.3679    34.3670     6.9142    27.6210    27.6203    34.3678    27.6210    1451.50    1451.50    -0.5181  1029.2522    34.5358 0.0000e+00
      12596 312.684025  -62.22424  -58.20246      0.464    1448.42    342.000    338.440    -0.5057    -0.5057    -0.0000    -0.5171    -0.5171    -0.0000   2.828980   2.828900  -0.000077    34.3679    34.3669     6.9093    27.6210    27.6202    34.3683    27.6213    1451.52    1451.52    -0.5169  1029.2572    34.5363 0.0000e+00
      12639 312.684046  -62.22424  -58.20243      0.554    1448.42    343.000    339.425    -0.4993    -0.4986     0.0007    -0.5108    -0.5101     0.0007   2.829637   2.829636   0.000001    34.3687    34.3679     6.9112    27.6214    27.6207    34.3693    27.6219    1451.57    1451.57    -0.5106  1029.2624    34.5373 0.0000e+00
      12673 312.684062  -62.22424  -58.20242      0.693    1448.42    344.000    340.414    -0.4969    -0.4945     0.0023    -0.5084    -0.5061     0.0023   2.829849   2.830018   0.000153    34.3689    34.3683     6.9126    27.6214    27.6208    34.3688    27.6213    1451.59    1451.60    -0.5082  1029.2666    34.5368 0.0000e+00
      12712 312.684082  -62.22424  -58.20240      0.613    1448.42    345.000    341.403    -0.5026    -0.5016     0.0010    -0.5142    -0.5131     0.0010   2.829413   2.829413   0.000002    34.3687    34.3676     6.8979    27.6216    27.6206    34.3688    27.6216    1451.58    1451.59    -0.5139  1029.2717    34.5368 0.0000e+00
