Pos-Processados/process_op42/Processamento_split/down/doperantar42_025.cnv
* Sea-Bird SBE 9 Data File:
* FileName = C:\Users\Hidrografia\Desktop\OPXLII\Brutos\OP42025.hdr
* Software Version Seasave V 7.26.7.107
* Temperature SN = 6502
* Conductivity SN = 4998
* Number of Bytes Per Scan = 37
* Number of Voltage Words = 4
* Number of Scans Averaged by the Deck Unit = 1
* NMEA Latitude = 62 11.31 S
* NMEA Longitude = 058 02.91 W
* NMEA UTC (Time) = Nov 08 2023 13:45:45
* NMEA baud rate = 4800
** H41
** NPOALTEMAXIMIANO
** NUMERO DA ESTACAO (XXX) 025
** LAT (XX XX.XX S/N) 62  11.331 S
** LONG (XXX XX.XX W/E) 058  02.993 W
** DATAHORA (dd/mm/aaaa hh:mm Z) 08/11/2023 1345Z
** PROFUNDIDADE (m) 484
** OPERADOR CT FABIREZA
# nquan = 30
# nvalues = 437                         
# units = specified
# name 0 = scan: Scan Count
# name 1 = timeJ: Julian Days
# name 2 = latitude: Latitude [deg]
# name 3 = longitude: Longitude [deg]
# name 4 = dz/dtM: Descent Rate [m/s]
# name 5 = avgsvCM: Average Sound Velocity [Chen-Millero, m/s]
# name 6 = prDM: Pressure, Digiquartz [db]
# name 7 = depSM: Depth [salt water, m]
# name 8 = t090C: Temperature [ITS-90, deg C]
# name 9 = t190C: Temperature, 2 [ITS-90, deg C]
# name 10 = T2-T190C: Temperature Difference, 2 - 1 [ITS-90, deg C]
# name 11 = potemp090C: Potential Temperature [ITS-90, deg C]
# name 12 = potemp190C: Potential Temperature, 2 [ITS-90, deg C]
# name 13 = potemp90Cdiff: Potential Temperature, Diff, 2 - 1 [ITS-90, deg C]
# name 14 = c0S/m: Conductivity [S/m]
# name 15 = c1S/m: Conductivity, 2 [S/m]
# name 16 = C2-C1S/m: Conductivity Difference, 2 - 1 [S/m]
# name 17 = sal00: Salinity, Practical [PSU]
# name 18 = sal11: Salinity, Practical, 2 [PSU]
# name 19 = sbeox0ML/L: Oxygen, SBE 43 [ml/l]
# name 20 = sigma-é00: Density [sigma-theta, kg/m^3]
# name 21 = sigma-é11: Density, 2 [sigma-theta, kg/m^3]
# name 22 = sal00: Salinity, Practical [PSU]
# name 23 = sigma-é00: Density [sigma-theta, kg/m^3]
# name 24 = svCM: Sound Velocity [Chen-Millero, m/s]
# name 25 = svCM1: Sound Velocity, 2 [Chen-Millero, m/s]
# name 26 = gsw_ptA0: potential temperature [ITS-90, deg C]
# name 27 = gsw_densityA0: density, TEOS-10 [density, kg/m^3]
# name 28 = gsw_saA0: Absolute Salinity [g/kg]
# name 29 = flag:
# span 0 =       2048,      18055       
# span 1 = 312.574425, 312.582144       
# span 2 =  -62.18842,  -62.18712       
# span 3 =  -58.04745,  -58.03873       
# span 4 =      0.033,      1.244       
# span 5 =      -0.01,    1449.50       
# span 6 =      4.000,    440.000       
# span 7 =      3.959,    435.295       
# span 8 =    -0.8202,    -0.0522       
# span 9 =    -0.8193,    -0.0509       
# span 10 =    -0.0051,     0.0120      
# span 11 =    -0.8287,    -0.0663      
# span 12 =    -0.8278,    -0.0649      
# span 13 =    -0.0050,     0.0119      
# span 14 =   2.797745,   2.877123      
# span 15 =   2.797721,   2.877100      
# span 16 =  -0.000516,   0.000995      
# span 17 =    34.2957,    34.4841      
# span 18 =    34.2943,    34.4826      
# span 19 =     5.9185,     7.5334      
# span 20 =    27.5669,    27.6985      
# span 21 =    27.5657,    27.6960      
# span 22 =    34.2956,    34.4841      
# span 23 =    27.5668,    27.6970      
# span 24 =    1445.42,    1455.04      
# span 25 =    1445.43,    1455.04      
# span 26 =    -0.8285,    -0.0661      
# span 27 =  1027.5906,  1029.7920      
# span 28 =    34.4590,    34.6529      
# span 29 = 0.0000e+00, 0.0000e+00      
# interval = decibars: 1                
# start_time = Nov 08 2023 13:45:45 [NMEA time, header]
# bad_flag = -9.990e-29
*END*
[from data line 49]
       3936 312.575335  -62.18825  -58.04639      0.940    1445.69     53.000     52.482    -0.6156    -0.6147     0.0009    -0.6171    -0.6163     0.0009   2.801345   2.801346 6.2613e-07    34.2979    34.2970     7.4969    27.5688    27.5680    34.2979    27.5688    1446.21    1446.21    -0.6171  1027.8272    34.4638 0.0000e+00
       3992 312.575362  -62.18824  -58.04636      0.358    1445.69     54.000     53.480    -0.6153    -0.6145     0.0008    -0.6169    -0.6161     0.0008   2.801404   2.801399  -0.000005    34.2978    34.2969     7.5075    27.5687    27.5679    34.2978    27.5687    1446.22    1446.23    -0.6169  1027.8319    34.4636 0.0000e+00
       4027 312.575379  -62.18824  -58.04633      0.634    1445.69     55.000     54.465    -0.6152    -0.6142     0.0010    -0.6169    -0.6159     0.0010   2.801466   2.801458  -0.000009    34.2979    34.2967     7.5109    27.5688    27.5678    34.2980    27.5688    1446.24    1446.25    -0.6168  1027.8368    34.4638 0.0000e+00
       4054 312.575392  -62.18824  -58.04631      0.845    1445.69     56.000     55.455    -0.6154    -0.6144     0.0010    -0.6171    -0.6161     0.0010   2.801493   2.801494 6.7708e-07    34.2979    34.2967     7.5101    27.5688    27.5678    34.2979    27.5688    1446.26    1446.26    -0.6170  1027.8416    34.4638 0.0000e+00
       4086 312.575407  -62.18824  -58.04628      0.799    1445.69     57.000     56.445    -0.6156    -0.6147     0.0009    -0.6173    -0.6164     0.0009   2.801560   2.801546  -0.000015    34.2984    34.2972     7.5135    27.5692    27.5682    34.2984    27.5692    1446.27    1446.27    -0.6173  1027.8468    34.4643 0.0000e+00
       4121 312.575424  -62.18823  -58.04627      0.674    1445.69     58.000     57.435    -0.6160    -0.6152     0.0009    -0.6177    -0.6169     0.0009   2.801588   2.801573  -0.000018    34.2987    34.2974     7.5172    27.5694    27.5684    34.2986    27.5694    1446.29    1446.29    -0.6177  1027.8518    34.4645 0.0000e+00
       4151 312.575439  -62.18822  -58.04626      0.760    1445.69     59.000     58.425    -0.6154    -0.6145     0.0009    -0.6172    -0.6162     0.0009   2.801657   2.801662   0.000006    34.2982    34.2972     7.5104    27.5691    27.5682    34.2983    27.5691    1446.31    1446.31    -0.6171  1027.8562    34.4642 0.0000e+00
       4182 312.575454  -62.18822  -58.04626      0.803    1445.69     60.000     59.416    -0.6153    -0.6145     0.0008    -0.6171    -0.6163     0.0008   2.801703   2.801709   0.000006    34.2981    34.2972     7.5027    27.5690    27.5682    34.2981    27.5690    1446.32    1446.33    -0.6170  1027.8609    34.4640 0.0000e+00
       4219 312.575472  -62.18822  -58.04623      0.652    1445.69     61.000     60.405    -0.6157    -0.6148     0.0009    -0.6175    -0.6166     0.0009   2.801735   2.801730 8.0122e-07    34.2983    34.2973     7.5028    27.5692    27.5683    34.2984    27.5692    1446.34    1446.34    -0.6175  1027.8659    34.4643 0.0000e+00
       4254 312.575489  -62.18822  -58.04620      0.659    1445.70     62.000     61.396    -0.6157    -0.6148     0.0008    -0.6175    -0.6166     0.0008   2.801780   2.801779  -0.000004    34.2983    34.2973     7.5045    27.5691    27.5683    34.2983    27.5692    1446.35    1446.36    -0.6175  1027.8707    34.4642 0.0000e+00
       4280 312.575501  -62.18822  -58.04618      0.826 -9.990e-29     63.000     62.386    -0.6154    -0.6143     0.0010    -0.6172    -0.6162     0.0010   2.801880   2.801859  -0.000021    34.2986    34.2972     7.4998    27.5694    27.5682    34.2987    27.5695    1446.37    1446.37    -0.6172  1027.8758    34.4646 0.0000e+00
       4302 312.575512  -62.18822  -58.04616      1.018 -9.990e-29     64.000     63.376    -0.6155    -0.6146     0.0010    -0.6175    -0.6165     0.0010   2.801894   2.801905   0.000002    34.2986    34.2975     7.4972    27.5694    27.5684    34.2985    27.5693    1446.39    1446.39    -0.6174  1027.8804    34.4644 0.0000e+00
       4321 312.575521  -62.18822  -58.04614      1.163 -9.990e-29     65.000     64.366    -0.6163    -0.6155     0.0009    -0.6183    -0.6174     0.0009   2.801899   2.801875  -0.000020    34.2988    34.2976     7.5049    27.5696    27.5685    34.2988    27.5696    1446.40    1446.40    -0.6182  1027.8854    34.4647 0.0000e+00
       4340 312.575530  -62.18822  -58.04614      1.231 -9.990e-29     66.000     65.356    -0.6164    -0.6155     0.0009    -0.6184    -0.6175     0.0009   2.801915   2.801906  -0.000009    34.2985    34.2974     7.5014    27.5693    27.5684    34.2985    27.5694    1446.42    1446.42    -0.6183  1027.8900    34.4644 0.0000e+00
       4391 312.575555  -62.18821  -58.04612      0.710    1446.05     67.000     66.352    -0.6161    -0.6152     0.0009    -0.6181    -0.6172     0.0009   2.801981   2.801984   0.000004    34.2984    34.2974     7.5001    27.5693    27.5684    34.2985    27.5693    1446.43    1446.44    -0.6181  1027.8947    34.4644 0.0000e+00
       4457 312.575586  -62.18820  -58.04607      0.529    1446.05     68.000     67.336    -0.6166    -0.6156     0.0009    -0.6186    -0.6177     0.0009   2.802003   2.801999  -0.000005    34.2987    34.2975     7.5097    27.5695    27.5685    34.2987    27.5695    1446.45    1446.45    -0.6186  1027.8997    34.4646 0.0000e+00
       4479 312.575597  -62.18820  -58.04604      0.938    1446.05     69.000     68.326    -0.6164    -0.6155     0.0009    -0.6185    -0.6176     0.0009   2.802056   2.802067   0.000012    34.2985    34.2977     7.4927    27.5694    27.5686    34.2986    27.5694    1446.46    1446.47    -0.6184  1027.9044    34.4646 0.0000e+00
       4500 312.575607  -62.18820  -58.04604      1.089    1446.05     70.000     69.316    -0.6163    -0.6154     0.0009    -0.6184    -0.6175     0.0009   2.802124   2.802110  -0.000019    34.2988    34.2975     7.4791    27.5696    27.5685    34.2987    27.5695    1446.48    1446.48    -0.6183  1027.9093    34.4647 0.0000e+00
       4522 312.575618  -62.18820  -58.04602      1.115    1446.05     71.000     70.306    -0.6163    -0.6154     0.0010    -0.6185    -0.6176     0.0010   2.802164   2.802159  -0.000005    34.2987    34.2976     7.4822    27.5695    27.5685    34.2987    27.5695    1446.50    1446.50    -0.6185  1027.9141    34.4647 0.0000e+00
       4542 312.575627  -62.18818  -58.04602      1.143    1446.05     72.000     71.296    -0.6164    -0.6155     0.0009    -0.6186    -0.6177     0.0009   2.802191   2.802178  -0.000014    34.2985    34.2973     7.4902    27.5694    27.5683    34.2985    27.5694    1446.51    1446.52    -0.6185  1027.9187    34.4645 0.0000e+00
       4559 312.575636  -62.18818  -58.04602      1.244    1446.05     73.000     72.287    -0.6161    -0.6153     0.0009    -0.6183    -0.6175     0.0009   2.802279   2.802258  -0.000020    34.2987    34.2975     7.4903    27.5695    27.5685    34.2988    27.5696    1446.53    1446.53    -0.6182  1027.9237    34.4648 0.0000e+00
       4588 312.575650  -62.18818  -58.04602      1.042    1446.05     74.000     73.277    -0.6163    -0.6153     0.0010    -0.6185    -0.6175     0.0010   2.802284   2.802283 9.2455e-07    34.2984    34.2973     7.4909    27.5693    27.5683    34.2984    27.5693    1446.55    1446.55    -0.6184  1027.9282    34.4644 0.0000e+00
       4630 312.575670  -62.18818  -58.04599      0.548    1446.05     75.000     74.267    -0.6165    -0.6156     0.0009    -0.6187    -0.6178     0.0009   2.802295   2.802282  -0.000011    34.2981    34.2970     7.5007    27.5691    27.5681    34.2981    27.5691    1446.56    1446.56    -0.6187  1027.9328    34.4642 0.0000e+00
       4666 312.575687  -62.18818  -58.04594      0.649    1446.05     76.000     75.257    -0.6165    -0.6156     0.0009    -0.6188    -0.6179     0.0009   2.802334   2.802336  -0.000002    34.2982    34.2971     7.5000    27.5691    27.5682    34.2981    27.5690    1446.58    1446.58    -0.6187  1027.9376    34.4641 0.0000e+00
       4692 312.575700  -62.18818  -58.04592      0.827    1446.05     77.000     76.247    -0.6167    -0.6157     0.0009    -0.6190    -0.6181     0.0009   2.802394   2.802384  -0.000011    34.2985    34.2972     7.5002    27.5693    27.5683    34.2985    27.5694    1446.59    1446.60    -0.6189  1027.9427    34.4645 0.0000e+00
       4713 312.575710  -62.18816  -58.04592      1.015    1446.05     78.000     77.237    -0.6166    -0.6158     0.0008    -0.6190    -0.6181     0.0008   2.802446   2.802427  -0.000017    34.2984    34.2973     7.5086    27.5693    27.5683    34.2985    27.5694    1446.61    1446.61    -0.6189  1027.9475    34.4646 0.0000e+00
       4734 312.575720  -62.18816  -58.04590      1.131    1446.05     79.000     78.227    -0.6166    -0.6157     0.0009    -0.6190    -0.6181     0.0009   2.802493   2.802470  -0.000022    34.2984    34.2971     7.5111    27.5693    27.5682    34.2985    27.5694    1446.63    1446.63    -0.6189  1027.9523    34.4646 0.0000e+00
       4757 312.575731  -62.18816  -58.04590      1.106    1446.05     80.000     79.217    -0.6165    -0.6157     0.0008    -0.6190    -0.6181     0.0008   2.802518   2.802518  -0.000003    34.2982    34.2972     7.5075    27.5691    27.5683    34.2982    27.5691    1446.64    1446.64    -0.6189  1027.9568    34.4643 0.0000e+00
       4791 312.575748  -62.18817  -58.04589      0.792    1446.05     81.000     80.205    -0.6164    -0.6156     0.0009    -0.6189    -0.6181     0.0009   2.802578   2.802568  -0.000005    34.2981    34.2971     7.5072    27.5691    27.5682    34.2982    27.5691    1446.66    1446.66    -0.6188  1027.9616    34.4643 0.0000e+00
       4833 312.575768  -62.18816  -58.04587      0.577    1446.05     82.000     81.199    -0.6164    -0.6155     0.0009    -0.6189    -0.6180     0.0009   2.802612   2.802625   0.000011    34.2981    34.2972     7.5080    27.5690    27.5683    34.2980    27.5690    1446.68    1446.68    -0.6188  1027.9663    34.4642 0.0000e+00
       4872 312.575787  -62.18816  -58.04585      0.600    1446.05     83.000     82.187    -0.6165    -0.6157     0.0008    -0.6190    -0.6182     0.0008   2.802674   2.802650  -0.000022    34.2983    34.2971     7.4988    27.5692    27.5682    34.2983    27.5692    1446.69    1446.69    -0.6189  1027.9713    34.4645 0.0000e+00
       4907 312.575803  -62.18816  -58.04582      0.676    1446.05     84.000     83.177    -0.6163    -0.6155     0.0009    -0.6188    -0.6180     0.0009   2.802724   2.802728   0.000003    34.2982    34.2972     7.5012    27.5691    27.5683    34.2982    27.5691    1446.71    1446.71    -0.6188  1027.9760    34.4643 0.0000e+00
       4939 312.575819  -62.18816  -58.04579      0.747    1446.05     85.000     84.167    -0.6165    -0.6156     0.0009    -0.6190    -0.6182     0.0009   2.802754   2.802752  -0.000004    34.2982    34.2971     7.4997    27.5691    27.5682    34.2982    27.5691    1446.72    1446.73    -0.6190  1027.9807    34.4643 0.0000e+00
       4976 312.575836  -62.18816  -58.04578      0.676    1446.05     86.000     85.157    -0.6159    -0.6152     0.0007    -0.6185    -0.6177     0.0007   2.802855   2.802846  -0.000008    34.2982    34.2972     7.5041    27.5691    27.5683    34.2982    27.5691    1446.74    1446.74    -0.6184  1027.9856    34.4644 0.0000e+00
       5016 312.575856  -62.18814  -58.04575      0.579    1446.05     87.000     86.145    -0.6158    -0.6149     0.0009    -0.6184    -0.6175     0.0009   2.802922   2.802918  -0.000005    34.2983    34.2972     7.5107    27.5692    27.5683    34.2984    27.5693    1446.76    1446.76    -0.6183  1027.9905    34.4646 0.0000e+00
       5052 312.575874  -62.18814  -58.04573      0.651    1446.05     88.000     87.139    -0.6149    -0.6139     0.0010    -0.6175    -0.6166     0.0010   2.803063   2.803072   0.000010    34.2985    34.2976     7.5011    27.5693    27.5685    34.2986    27.5694    1446.78    1446.78    -0.6175  1027.9954    34.4649 0.0000e+00
       5081 312.575887  -62.18814  -58.04571      0.788    1446.05     89.000     88.127    -0.6151    -0.6143     0.0008    -0.6178    -0.6170     0.0008   2.803116   2.803082  -0.000033    34.2989    34.2976     7.4978    27.5697    27.5686    34.2990    27.5697    1446.80    1446.80    -0.6177  1028.0005    34.4653 0.0000e+00
       5115 312.575904  -62.18814  -58.04570      0.749    1446.05     90.000     89.112    -0.6147    -0.6140     0.0007    -0.6174    -0.6167     0.0007   2.803164   2.803145  -0.000018    34.2986    34.2975     7.5025    27.5693    27.5684    34.2986    27.5694    1446.81    1446.81    -0.6174  1028.0050    34.4649 0.0000e+00
       5218 312.575953  -62.18813  -58.04564      0.151    1446.05     91.000     90.118    -0.6152    -0.6141     0.0010    -0.6179    -0.6169     0.0010   2.803165   2.803171   0.000006    34.2985    34.2974     7.4914    27.5693    27.5684    34.2985    27.5694    1446.83    1446.83    -0.6179  1028.0097    34.4648 0.0000e+00
       5245 312.575966  -62.18812  -58.04560      0.675    1446.05     92.000     91.096    -0.6154    -0.6145     0.0009    -0.6181    -0.6173     0.0009   2.803178   2.803195   0.000016    34.2983    34.2975     7.4892    27.5692    27.5685    34.2983    27.5691    1446.84    1446.85    -0.6181  1028.0143    34.4646 0.0000e+00
       5268 312.575978  -62.18812  -58.04560      0.913    1446.05     93.000     92.087    -0.6154    -0.6144     0.0010    -0.6182    -0.6172     0.0010   2.803251   2.803248  -0.000005    34.2987    34.2974     7.4886    27.5695    27.5684    34.2987    27.5695    1446.86    1446.86    -0.6181  1028.0195    34.4650 0.0000e+00
       5304 312.575995  -62.18812  -58.04558      0.802    1446.05     94.000     93.076    -0.6152    -0.6145     0.0006    -0.6180    -0.6174     0.0006   2.803293   2.803272  -0.000017    34.2983    34.2974     7.4913    27.5692    27.5684    34.2984    27.5692    1446.88    1446.88    -0.6180  1028.0240    34.4647 0.0000e+00
       5404 312.576043  -62.18812  -58.04553      0.240    1446.05     95.000     94.076    -0.6117    -0.6113     0.0005    -0.6146    -0.6141     0.0005   2.803652   2.803615  -0.000045    34.2985    34.2974     7.4934    27.5692    27.5683    34.2987    27.5694    1446.91    1446.91    -0.6145  1028.0289    34.4651 0.0000e+00
       5430 312.576056  -62.18812  -58.04550      0.710    1446.05     96.000     95.057    -0.6119    -0.6111     0.0009    -0.6148    -0.6140     0.0009   2.803673   2.803697   0.000026    34.2985    34.2979     7.4925    27.5692    27.5686    34.2986    27.5692    1446.92    1446.93    -0.6147  1028.0336    34.4650 0.0000e+00
       5455 312.576068  -62.18812  -58.04550      0.923    1446.05     97.000     96.047    -0.6119    -0.6110     0.0009    -0.6148    -0.6140     0.0009   2.803754   2.803744  -0.000009    34.2989    34.2978     7.4960    27.5695    27.5686    34.2990    27.5696    1446.94    1446.94    -0.6148  1028.0388    34.4654 0.0000e+00
       5482 312.576081  -62.18812  -58.04548      0.924    1446.05     98.000     97.036    -0.6120    -0.6111     0.0009    -0.6150    -0.6141     0.0009   2.803833   2.803782  -0.000050    34.2995    34.2978     7.4883    27.5700    27.5686    34.2996    27.5701    1446.96    1446.96    -0.6149  1028.0440    34.4660 0.0000e+00
       5515 312.576097  -62.18810  -58.04546      0.755    1446.05     99.000     98.026    -0.6119    -0.6109     0.0009    -0.6149    -0.6139     0.0009   2.803876   2.803841  -0.000036    34.2993    34.2978     7.4915    27.5699    27.5686    34.2994    27.5699    1446.97    1446.98    -0.6148  1028.0486    34.4659 0.0000e+00
