Pos-Processados/process_op42/Processamento_split/down/doperantar42_043.cnv
* Sea-Bird SBE 9 Data File:
* FileName = C:\Users\Hidrografia\Desktop\OPXLII\Brutos\OP42043.hdr
* Software Version Seasave V 7.26.7.107
* Temperature SN = 6502
* Conductivity SN = 4998
* Number of Bytes Per Scan = 37
* Number of Voltage Words = 4
* Number of Scans Averaged by the Deck Unit = 1
* NMEA Latitude = 62 08.44 S
* NMEA Longitude = 058 25.74 W
* NMEA UTC (Time) = Nov 09 2023 18:18:47
* NMEA baud rate = 4800
** H41
** NPOALTEMAXIMIANO
** NUMERO DA ESTACAO (XXX) 043
** LAT (XX XX.XX S/N) 62 08.430 S
** LONG (XXX XX.XX W/E) 058 26.773 W
** DATAHORA (dd/mm/aaaa hh:mm Z) 09/11/2023 1818Z
** PROFUNDIDADE (m) 400
** OPERADOR CT FABIREZA
# nquan = 30
# nvalues = 386                         
# units = specified
# name 0 = scan: Scan Count
# name 1 = timeJ: Julian Days
# name 2 = latitude: Latitude [deg]
# name 3 = longitude: Longitude [deg]
# name 4 = dz/dtM: Descent Rate [m/s]
# name 5 = avgsvCM: Average Sound Velocity [Chen-Millero, m/s]
# name 6 = prDM: Pressure, Digiquartz [db]
# name 7 = depSM: Depth [salt water, m]
# name 8 = t090C: Temperature [ITS-90, deg C]
# name 9 = t190C: Temperature, 2 [ITS-90, deg C]
# name 10 = T2-T190C: Temperature Difference, 2 - 1 [ITS-90, deg C]
# name 11 = potemp090C: Potential Temperature [ITS-90, deg C]
# name 12 = potemp190C: Potential Temperature, 2 [ITS-90, deg C]
# name 13 = potemp90Cdiff: Potential Temperature, Diff, 2 - 1 [ITS-90, deg C]
# name 14 = c0S/m: Conductivity [S/m]
# name 15 = c1S/m: Conductivity, 2 [S/m]
# name 16 = C2-C1S/m: Conductivity Difference, 2 - 1 [S/m]
# name 17 = sal00: Salinity, Practical [PSU]
# name 18 = sal11: Salinity, Practical, 2 [PSU]
# name 19 = sbeox0ML/L: Oxygen, SBE 43 [ml/l]
# name 20 = sigma-é00: Density [sigma-theta, kg/m^3]
# name 21 = sigma-é11: Density, 2 [sigma-theta, kg/m^3]
# name 22 = sal00: Salinity, Practical [PSU]
# name 23 = sigma-é00: Density [sigma-theta, kg/m^3]
# name 24 = svCM: Sound Velocity [Chen-Millero, m/s]
# name 25 = svCM1: Sound Velocity, 2 [Chen-Millero, m/s]
# name 26 = gsw_ptA0: potential temperature [ITS-90, deg C]
# name 27 = gsw_densityA0: density, TEOS-10 [density, kg/m^3]
# name 28 = gsw_saA0: Absolute Salinity [g/kg]
# name 29 = flag:
# span 0 =       2147,      14673       
# span 1 = 313.764079, 313.770120       
# span 2 =  -62.14383,  -62.14129       
# span 3 =  -58.42838,  -58.42265       
# span 4 =      0.185,      0.990       
# span 5 =      -0.01,    1448.44       
# span 6 =      3.000,    388.000       
# span 7 =      2.977,    383.885       
# span 8 =    -0.8208,    -0.5119       
# span 9 =    -0.8199,    -0.5104       
# span 10 =    -0.0033,     0.0042      
# span 11 =    -0.8265,    -0.5120      
# span 12 =    -0.8255,    -0.5105      
# span 13 =    -0.0033,     0.0042      
# span 14 =   2.791144,   2.824558      
# span 15 =   2.791170,   2.824647      
# span 16 =  -0.000335,   0.000136      
# span 17 =    34.2752,    34.3942      
# span 18 =    34.2742,    34.3930      
# span 19 =     6.7827,     7.6642      
# span 20 =    27.5458,    27.6469      
# span 21 =    27.5449,    27.6459      
# span 22 =    34.2753,    34.3941      
# span 23 =    27.5459,    27.6468      
# span 24 =    1445.85,    1451.82      
# span 25 =    1445.86,    1451.83      
# span 26 =    -0.8263,    -0.5120      
# span 27 =  1027.5647,  1029.5021      
# span 28 =    34.4386,    34.5622      
# span 29 = 0.0000e+00, 0.0000e+00      
# interval = decibars: 1                
# start_time = Nov 09 2023 18:18:47 [NMEA time, header]
# bad_flag = -9.990e-29
*END*
[from data line 49]
       3984 313.764965  -62.14175  -58.42774      0.817    1446.02     52.000     51.495    -0.5410    -0.5405     0.0005    -0.5426    -0.5421     0.0005   2.806113   2.806113 -2.278e-07    34.2784    34.2778     7.6348    27.5497    27.5493    34.2784    27.5498    1446.51    1446.51    -0.5425  1027.8031    34.4440 0.0000e+00
       4015 313.764980  -62.14176  -58.42772      0.770    1446.02     53.000     52.485    -0.5393    -0.5382     0.0010    -0.5409    -0.5399     0.0010   2.806324   2.806335   0.000012    34.2783    34.2773     7.6265    27.5496    27.5487    34.2786    27.5498    1446.54    1446.54    -0.5409  1027.8080    34.4442 0.0000e+00
       4042 313.764993  -62.14176  -58.42772      0.836    1446.02     54.000     53.475    -0.5382    -0.5360     0.0021    -0.5398    -0.5377     0.0021   2.806463   2.806528   0.000079    34.2789    34.2775     7.6280    27.5500    27.5489    34.2786    27.5498    1446.56    1446.57    -0.5398  1027.8127    34.4442 0.0000e+00
       4069 313.765006  -62.14177  -58.42770      0.898    1446.02     55.000     54.465    -0.5386    -0.5368     0.0018    -0.5402    -0.5385     0.0018   2.806552   2.806568  -0.000014    34.2795    34.2773     7.6369    27.5505    27.5486    34.2797    27.5507    1446.58    1446.58    -0.5402  1027.8184    34.4453 0.0000e+00
       4098 313.765020  -62.14178  -58.42769      0.856    1446.02     56.000     55.455    -0.5487    -0.5462     0.0024    -0.5504    -0.5480     0.0024   2.805816   2.805831   0.000025    34.2818    34.2794     7.6401    27.5528    27.5507    34.2806    27.5519    1446.54    1446.55    -0.5503  1027.8244    34.4462 0.0000e+00
       4127 313.765034  -62.14178  -58.42768      0.811    1446.02     57.000     56.445    -0.5552    -0.5546     0.0007    -0.5570    -0.5563     0.0007   2.805285   2.805277  -0.000009    34.2807    34.2799     7.6392    27.5523    27.5515    34.2802    27.5519    1446.53    1446.53    -0.5569  1027.8292    34.4459 0.0000e+00
       4155 313.765047  -62.14180  -58.42766      0.846    1446.02     58.000     57.435    -0.5562    -0.5553     0.0009    -0.5580    -0.5570     0.0009   2.805241   2.805247   0.000011    34.2807    34.2798     7.6374    27.5523    27.5515    34.2802    27.5519    1446.54    1446.54    -0.5579  1027.8340    34.4458 0.0000e+00
       4183 313.765061  -62.14180  -58.42766      0.869    1446.02     59.000     58.426    -0.5565    -0.5556     0.0009    -0.5582    -0.5574     0.0009   2.805267   2.805275   0.000001    34.2804    34.2794     7.6457    27.5521    27.5512    34.2802    27.5519    1446.56    1446.56    -0.5582  1027.8388    34.4458 0.0000e+00
       4210 313.765074  -62.14180  -58.42766      0.874    1446.02     60.000     59.415    -0.5562    -0.5552     0.0010    -0.5580    -0.5570     0.0010   2.805334   2.805331   0.000003    34.2804    34.2794     7.6385    27.5520    27.5512    34.2801    27.5518    1446.57    1446.58    -0.5580  1027.8435    34.4458 0.0000e+00
       4237 313.765087  -62.14181  -58.42764      0.892    1446.02     61.000     60.406    -0.5567    -0.5559     0.0008    -0.5585    -0.5577     0.0008   2.805326   2.805324  -0.000005    34.2803    34.2793     7.6394    27.5520    27.5512    34.2800    27.5517    1446.59    1446.59    -0.5585  1027.8482    34.4456 0.0000e+00
       4265 313.765101  -62.14182  -58.42763      0.866    1446.02     62.000     61.396    -0.5575    -0.5567     0.0008    -0.5594    -0.5585     0.0008   2.805307   2.805296   0.000002    34.2803    34.2793     7.6416    27.5520    27.5512    34.2800    27.5518    1446.60    1446.60    -0.5593  1027.8531    34.4457 0.0000e+00
       4295 313.765115  -62.14182  -58.42762      0.805    1446.02     63.000     62.386    -0.5611    -0.5604     0.0008    -0.5630    -0.5623     0.0008   2.805038   2.805039  -0.000010    34.2805    34.2795     7.6408    27.5524    27.5515    34.2799    27.5519    1446.60    1446.60    -0.5630  1027.8579    34.4456 0.0000e+00
       4324 313.765129  -62.14182  -58.42762      0.826    1446.02     64.000     63.376    -0.5633    -0.5622     0.0011    -0.5652    -0.5641     0.0011   2.804910   2.804928   0.000011    34.2803    34.2792     7.6309    27.5523    27.5514    34.2799    27.5520    1446.60    1446.61    -0.5652  1027.8628    34.4456 0.0000e+00
       4353 313.765143  -62.14184  -58.42760      0.840    1446.02     65.000     64.366    -0.5628    -0.5610     0.0019    -0.5648    -0.5629     0.0019   2.804977   2.805068   0.000093    34.2800    34.2791     7.6361    27.5520    27.5512    34.2797    27.5518    1446.62    1446.63    -0.5647  1027.8674    34.4454 0.0000e+00
       4384 313.765158  -62.14184  -58.42758      0.781    1446.02     66.000     65.356    -0.5614    -0.5608     0.0007    -0.5634    -0.5628     0.0007   2.805142   2.805140 -5.617e-07    34.2799    34.2791     7.6417    27.5519    27.5512    34.2798    27.5518    1446.65    1446.65    -0.5634  1027.8718    34.4450 0.0000e+00
       4415 313.765173 -9.990e-29  -58.42757      0.761 -9.990e-29     67.000     66.347    -0.5640    -0.5639     0.0001    -0.5660    -0.5659     0.0001   2.804974   2.804929  -0.000035    34.2800    34.2794     7.6332    27.5521    27.5516    34.2798    27.5519    1446.65    1446.65    -0.5660  1027.8738    34.4414 0.0000e+00
       4443 313.765186 -9.990e-29  -58.42756      0.828 -9.990e-29     68.000     67.336    -0.5632    -0.5620     0.0012    -0.5653    -0.5640     0.0012   2.805081   2.805120   0.000030    34.2801    34.2791     7.6311    27.5521    27.5513    34.2797    27.5518    1446.67    1446.68    -0.5652  1027.8785    34.4413 0.0000e+00
       4469 313.765199 -9.990e-29  -58.42754      0.896 -9.990e-29     69.000     68.327    -0.5670    -0.5656     0.0014    -0.5691    -0.5677     0.0014   2.804865   2.804871   0.000019    34.2805    34.2792     7.6340    27.5526    27.5515    34.2805    27.5526    1446.67    1446.67    -0.5690  1027.8841    34.4421 0.0000e+00
       4494 313.765211  -62.14186  -58.42754      0.956    1446.35     70.000     69.316    -0.5654    -0.5644     0.0010    -0.5675    -0.5665     0.0010   2.804953   2.804996   0.000034    34.2798    34.2791     7.6314    27.5520    27.5513    34.2792    27.5515    1446.69    1446.70    -0.5675  1027.8890    34.4424 0.0000e+00
       4519 313.765223  -62.14188  -58.42754      0.979    1446.36     71.000     70.307    -0.5700    -0.5696     0.0004    -0.5721    -0.5718     0.0004   2.804645   2.804600  -0.000049    34.2803    34.2792     7.6329    27.5526    27.5517    34.2797    27.5521    1446.69    1446.69    -0.5721  1027.8965    34.4454 0.0000e+00
       4545 313.765235  -62.14188  -58.42752      0.933    1446.36     72.000     71.297    -0.5720    -0.5705     0.0014    -0.5742    -0.5727     0.0014   2.804545   2.804585   0.000037    34.2802    34.2791     7.6275    27.5526    27.5516    34.2800    27.5524    1446.70    1446.70    -0.5741  1027.9015    34.4457 0.0000e+00
       4573 313.765249  -62.14189  -58.42751      0.875    1446.36     73.000     72.287    -0.5745    -0.5734     0.0011    -0.5767    -0.5756     0.0011   2.804393   2.804371  -0.000006    34.2805    34.2792     7.6262    27.5529    27.5518    34.2801    27.5526    1446.70    1446.70    -0.5767  1027.9066    34.4459 0.0000e+00
       4602 313.765263  -62.14190  -58.42750      0.849    1446.36     74.000     73.277    -0.5691    -0.5698    -0.0007    -0.5713    -0.5720    -0.0007   2.804836   2.804748  -0.000082    34.2790    34.2787     7.6273    27.5515    27.5513    34.2793    27.5518    1446.74    1446.74    -0.5713  1027.9105    34.4451 0.0000e+00
       4632 313.765277  -62.14190  -58.42749      0.805    1446.36     75.000     74.267    -0.5657    -0.5654     0.0003    -0.5680    -0.5676     0.0003   2.805176   2.805148  -0.000031    34.2795    34.2787     7.6383    27.5517    27.5511    34.2795    27.5518    1446.77    1446.77    -0.5679  1027.9153    34.4453 0.0000e+00
       4662 313.765292  -62.14192  -58.42748      0.789    1446.36     76.000     75.257    -0.5680    -0.5672     0.0007    -0.5703    -0.5695     0.0007   2.805046   2.805034  -0.000013    34.2798    34.2788     7.6286    27.5521    27.5512    34.2797    27.5520    1446.78    1446.78    -0.5702  1027.9203    34.4455 0.0000e+00
       4692 313.765306  -62.14192  -58.42746      0.798    1446.36     77.000     76.247    -0.5659    -0.5654     0.0005    -0.5682    -0.5677     0.0005   2.805238   2.805230  -0.000014    34.2793    34.2785     7.6295    27.5516    27.5509    34.2793    27.5516    1446.80    1446.81    -0.5682  1027.9247    34.4451 0.0000e+00
       4720 313.765320  -62.14192  -58.42746      0.842    1446.36     78.000     77.237    -0.5678    -0.5682    -0.0003    -0.5702    -0.5705    -0.0003   2.805180   2.805067  -0.000103    34.2800    34.2790     7.6327    27.5523    27.5515    34.2801    27.5524    1446.81    1446.81    -0.5701  1027.9302    34.4460 0.0000e+00
       4744 313.765332  -62.14193  -58.42745      0.925    1446.36     79.000     78.227    -0.5675    -0.5662     0.0013    -0.5699    -0.5686     0.0013   2.805245   2.805268   0.000023    34.2799    34.2787     7.6329    27.5522    27.5512    34.2800    27.5523    1446.83    1446.83    -0.5699  1027.9349    34.4459 0.0000e+00
       4770 313.765344  -62.14194  -58.42743      0.963    1446.36     80.000     79.217    -0.5656    -0.5643     0.0012    -0.5680    -0.5668     0.0012   2.805445   2.805475   0.000024    34.2797    34.2786     7.6351    27.5519    27.5510    34.2799    27.5521    1446.85    1446.86    -0.5680  1027.9395    34.4457 0.0000e+00
       4800 313.765358  -62.14194  -58.42742      0.852    1446.36     81.000     80.207    -0.5660    -0.5652     0.0008    -0.5685    -0.5676     0.0008   2.805471   2.805444  -0.000025    34.2802    34.2789     7.6267    27.5523    27.5513    34.2801    27.5523    1446.87    1446.87    -0.5684  1027.9445    34.4460 0.0000e+00
       4834 313.765375  -62.14196  -58.42742      0.704    1446.36     82.000     81.197    -0.5730    -0.5716     0.0013    -0.5755    -0.5741     0.0013   2.804909   2.804925   0.000013    34.2806    34.2792     7.6305    27.5529    27.5518    34.2798    27.5523    1446.85    1446.86    -0.5754  1027.9494    34.4457 0.0000e+00
       4865 313.765390  -62.14196  -58.42740      0.751    1446.36     83.000     82.187    -0.5750    -0.5744     0.0006    -0.5775    -0.5769     0.0006   2.804796   2.804778  -0.000012    34.2795    34.2788     7.6316    27.5522    27.5516    34.2799    27.5525    1446.86    1446.86    -0.5774  1027.9543    34.4458 0.0000e+00
       4897 313.765405  -62.14197  -58.42739      0.780    1446.36     84.000     83.177    -0.5698    -0.5692     0.0005    -0.5723    -0.5718     0.0005   2.805242   2.805216  -0.000039    34.2798    34.2787     7.6300    27.5522    27.5513    34.2794    27.5519    1446.90    1446.90    -0.5723  1027.9568    34.4432 0.0000e+00
       4932 313.765422 -9.990e-29  -58.42737      0.692    1446.36     85.000     84.167    -0.5773    -0.5760     0.0013    -0.5799    -0.5786     0.0013   2.804657   2.804702   0.000051    34.2799    34.2791     7.6395    27.5526    27.5519    34.2794    27.5522    1446.88    1446.88    -0.5798  1027.9602    34.4411 0.0000e+00
       4967 313.765439 -9.990e-29  -58.42736      0.681    1446.36     86.000     85.157    -0.5784    -0.5774     0.0010    -0.5810    -0.5800     0.0010   2.804617   2.804636   0.000013    34.2798    34.2789     7.6400    27.5526    27.5518    34.2795    27.5524    1446.89    1446.89    -0.5809  1027.9651    34.4412 0.0000e+00
       5007 313.765458  -62.14200  -58.42734      0.611    1446.36     87.000     86.147    -0.5786    -0.5776     0.0009    -0.5812    -0.5803     0.0009   2.804650   2.804653   0.000007    34.2797    34.2788     7.6352    27.5525    27.5517    34.2796    27.5524    1446.91    1446.91    -0.5812  1027.9726    34.4445 0.0000e+00
       5042 313.765475  -62.14200  -58.42733      0.649    1446.36     88.000     87.137    -0.5788    -0.5779     0.0009    -0.5814    -0.5806     0.0009   2.804675   2.804682   0.000010    34.2796    34.2787     7.6401    27.5524    27.5517    34.2795    27.5523    1446.92    1446.92    -0.5814  1027.9782    34.4455 0.0000e+00
       5073 313.765490  -62.14202  -58.42732      0.764    1446.36     89.000     88.127    -0.5794    -0.5785     0.0008    -0.5821    -0.5813     0.0008   2.804658   2.804668   0.000006    34.2796    34.2787     7.6301    27.5524    27.5517    34.2793    27.5522    1446.93    1446.94    -0.5820  1027.9829    34.4454 0.0000e+00
       5108 313.765507  -62.14202  -58.42730      0.721    1446.36     90.000     89.117    -0.5796    -0.5789     0.0007    -0.5823    -0.5817     0.0007   2.804692   2.804680  -0.000014    34.2796    34.2786     7.6279    27.5525    27.5517    34.2794    27.5523    1446.95    1446.95    -0.5823  1027.9877    34.4455 0.0000e+00
       5146 313.765525  -62.14203  -58.42728      0.627    1446.36     91.000     90.107    -0.5793    -0.5786     0.0007    -0.5821    -0.5813     0.0007   2.804783   2.804764  -0.000016    34.2797    34.2786     7.6345    27.5526    27.5516    34.2797    27.5526    1446.97    1446.97    -0.5820  1027.9928    34.4458 0.0000e+00
       5185 313.765544  -62.14204  -58.42727      0.613    1446.36     92.000     91.097    -0.5794    -0.5784     0.0009    -0.5821    -0.5812     0.0009   2.804813   2.804815   0.000001    34.2796    34.2786     7.6334    27.5525    27.5516    34.2796    27.5524    1446.98    1446.99    -0.5821  1027.9974    34.4456 0.0000e+00
       5224 313.765563  -62.14204  -58.42726      0.615    1446.36     93.000     92.087    -0.5808    -0.5800     0.0008    -0.5836    -0.5828     0.0008   2.804740   2.804734  -0.000004    34.2797    34.2787     7.6411    27.5526    27.5518    34.2795    27.5525    1446.99    1447.00    -0.5835  1028.0023    34.4457 0.0000e+00
       5261 313.765580  -62.14206  -58.42726      0.653    1446.36     94.000     93.077    -0.5804    -0.5797     0.0006    -0.5832    -0.5826     0.0006   2.804817   2.804799  -0.000017    34.2795    34.2785     7.6291    27.5524    27.5516    34.2795    27.5524    1447.01    1447.01    -0.5832  1028.0070    34.4456 0.0000e+00
       5297 313.765598  -62.14206  -58.42724      0.653    1446.36     95.000     94.067    -0.5835    -0.5826     0.0009    -0.5864    -0.5855     0.0009   2.804537   2.804586   0.000045    34.2791    34.2788     7.6308    27.5523    27.5519    34.2787    27.5519    1447.01    1447.02    -0.5863  1028.0113    34.4448 0.0000e+00
       5335 313.765616  -62.14208  -58.42722      0.644    1446.36     96.000     95.057    -0.5845    -0.5837     0.0008    -0.5874    -0.5866     0.0008   2.804567   2.804546  -0.000022    34.2797    34.2785     7.6370    27.5528    27.5518    34.2796    27.5527    1447.03    1447.03    -0.5874  1028.0169    34.4458 0.0000e+00
       5374 313.765635  -62.14208  -58.42721      0.618    1446.36     97.000     96.047    -0.5840    -0.5832     0.0010    -0.5870    -0.5861     0.0010   2.804633   2.804634   0.000005    34.2794    34.2784     7.6335    27.5525    27.5516    34.2793    27.5525    1447.04    1447.05    -0.5869  1028.0214    34.4455 0.0000e+00
       5408 313.765651  -62.14208  -58.42718      0.684    1446.36     98.000     97.037    -0.5847    -0.5839     0.0008    -0.5877    -0.5869     0.0008   2.804582   2.804604   0.000019    34.2790    34.2783     7.6237    27.5522    27.5517    34.2788    27.5520    1447.06    1447.06    -0.5876  1028.0258    34.4450 0.0000e+00
