Pos-Processados/process_op42/Processamento_split/down/doperantar42_052.cnv
* Sea-Bird SBE 9 Data File:
* FileName = C:\Users\Hidrografia\Desktop\OPXLII\Brutos\OP42052.hdr
* Software Version Seasave V 7.26.7.107
* Temperature SN = 6502
* Conductivity SN = 4998
* Number of Bytes Per Scan = 37
* Number of Voltage Words = 4
* Number of Scans Averaged by the Deck Unit = 1
* NMEA Latitude = 62 08.45 S
* NMEA Longitude = 058 26.37 W
* NMEA UTC (Time) = Nov 10 2023 03:08:21
* NMEA baud rate = 4800
** H41
** NPOALTEMAXIMIANO
** NUMERO DA ESTACAO (XXX) 052
** LAT (XX XX.XX S/N) 62 08.443 S
** LONG (XXX XX.XX W/E) 058 26.408 W
** DATAHORA (dd/mm/aaaa hh:mm Z) 10/11/2023 0307Z
** PROFUNDIDADE (m) 424
** OPERADOR CT FABIREZA
# nquan = 30
# nvalues = 387                         
# units = specified
# name 0 = scan: Scan Count
# name 1 = timeJ: Julian Days
# name 2 = latitude: Latitude [deg]
# name 3 = longitude: Longitude [deg]
# name 4 = dz/dtM: Descent Rate [m/s]
# name 5 = avgsvCM: Average Sound Velocity [Chen-Millero, m/s]
# name 6 = prDM: Pressure, Digiquartz [db]
# name 7 = depSM: Depth [salt water, m]
# name 8 = t090C: Temperature [ITS-90, deg C]
# name 9 = t190C: Temperature, 2 [ITS-90, deg C]
# name 10 = T2-T190C: Temperature Difference, 2 - 1 [ITS-90, deg C]
# name 11 = potemp090C: Potential Temperature [ITS-90, deg C]
# name 12 = potemp190C: Potential Temperature, 2 [ITS-90, deg C]
# name 13 = potemp90Cdiff: Potential Temperature, Diff, 2 - 1 [ITS-90, deg C]
# name 14 = c0S/m: Conductivity [S/m]
# name 15 = c1S/m: Conductivity, 2 [S/m]
# name 16 = C2-C1S/m: Conductivity Difference, 2 - 1 [S/m]
# name 17 = sal00: Salinity, Practical [PSU]
# name 18 = sal11: Salinity, Practical, 2 [PSU]
# name 19 = sbeox0ML/L: Oxygen, SBE 43 [ml/l]
# name 20 = sigma-é00: Density [sigma-theta, kg/m^3]
# name 21 = sigma-é11: Density, 2 [sigma-theta, kg/m^3]
# name 22 = sal00: Salinity, Practical [PSU]
# name 23 = sigma-é00: Density [sigma-theta, kg/m^3]
# name 24 = svCM: Sound Velocity [Chen-Millero, m/s]
# name 25 = svCM1: Sound Velocity, 2 [Chen-Millero, m/s]
# name 26 = gsw_ptA0: potential temperature [ITS-90, deg C]
# name 27 = gsw_densityA0: density, TEOS-10 [density, kg/m^3]
# name 28 = gsw_saA0: Absolute Salinity [g/kg]
# name 29 = flag:
# span 0 =       4508,      16271       
# span 1 = 314.132972, 314.138645       
# span 2 =  -62.14389,  -62.14179       
# span 3 =  -58.43788,  -58.43307       
# span 4 =     -0.007,      1.014       
# span 5 =       0.00,    1448.28       
# span 6 =      2.000,    388.000       
# span 7 =      1.987,    383.914       
# span 8 =    -0.8046,    -0.5034       
# span 9 =    -0.8038,    -0.5027       
# span 10 =    -0.0037,     0.0045      
# span 11 =    -0.8117,    -0.5166      
# span 12 =    -0.8109,    -0.5159      
# span 13 =    -0.0036,     0.0045      
# span 14 =   2.792896,   2.835155      
# span 15 =   2.792886,   2.835168      
# span 16 =  -0.000589,   0.000245      
# span 17 =    34.2727,    34.4206      
# span 18 =    34.2724,    34.4200      
# span 19 =     6.5830,     7.6589      
# span 20 =    27.5463,    27.6636      
# span 21 =    27.5460,    27.6632      
# span 22 =    34.2729,    34.4207      
# span 23 =    27.5465,    27.6637      
# span 24 =    1445.57,    1452.35      
# span 25 =    1445.57,    1452.35      
# span 26 =    -0.8115,    -0.5163      
# span 27 =  1027.5599,  1029.5170      
# span 28 =    34.4345,    34.5882      
# span 29 = 0.0000e+00, 0.0000e+00      
# interval = decibars: 1                
# start_time = Nov 10 2023 03:08:21 [NMEA time, header]
# bad_flag = -9.990e-29
*END*
[from data line 291]
      12794 314.136968  -62.14336  -58.43468      0.812    1447.45    293.000    289.983    -0.7739    -0.7735     0.0004    -0.7828    -0.7824     0.0004   2.800828   2.800780  -0.000040    34.3218    34.3208     7.3576    27.5951    27.5943    34.3226    27.5957    1449.40    1449.40    -0.7826  1029.0015    34.4902 0.0000e+00
      12823 314.136982  -62.14336  -58.43466      0.821    1447.45    294.000    290.972    -0.7517    -0.7530    -0.0013    -0.7607    -0.7621    -0.0013   2.802891   2.802804  -0.000090    34.3223    34.3226     7.3556    27.5946    27.5949    34.3247    27.5966    1449.53    1449.52    -0.7605  1029.0069    34.4924 0.0000e+00
      12851 314.136996  -62.14336  -58.43466      0.850    1447.45    295.000    291.961    -0.7408    -0.7400     0.0008    -0.7499    -0.7491     0.0008   2.804025   2.804049   0.000031    34.3254    34.3249     7.3613    27.5967    27.5963    34.3270    27.5980    1449.60    1449.60    -0.7497  1029.0130    34.4947 0.0000e+00
      12878 314.137009  -62.14336  -58.43464      0.883    1447.45    296.000    292.950    -0.7392    -0.7382     0.0010    -0.7484    -0.7474     0.0010   2.804292   2.804284  -0.000012    34.3272    34.3259     7.3547    27.5981    27.5970    34.3282    27.5989    1449.62    1449.63    -0.7482  1029.0145    34.4908 0.0000e+00
      12904 314.137021 -9.990e-29  -58.43463      0.907    1447.45    297.000    293.939    -0.7381    -0.7374     0.0007    -0.7473    -0.7466     0.0007   2.804473   2.804427  -0.000043    34.3280    34.3266     7.3420    27.5987    27.5975    34.3288    27.5994    1449.65    1449.65    -0.7471  1029.0191    34.4907 0.0000e+00
      12931 314.137034 -9.990e-29  -58.43462      0.909    1447.45    298.000    294.928    -0.7380    -0.7373     0.0008    -0.7473    -0.7465     0.0007   2.804499   2.804489  -0.000017    34.3278    34.3267     7.3206    27.5985    27.5976    34.3285    27.5991    1449.66    1449.66    -0.7470  1029.0236    34.4903 0.0000e+00
      12957 314.137047  -62.14338  -58.43461      0.911    1447.45    299.000    295.917    -0.7377    -0.7369     0.0008    -0.7470    -0.7462     0.0008   2.804603   2.804583  -0.000017    34.3282    34.3271     7.3063    27.5989    27.5979    34.3289    27.5994    1449.68    1449.68    -0.7468  1029.0292    34.4915 0.0000e+00
      12983 314.137059  -62.14338  -58.43459      0.931    1447.45    300.000    296.906    -0.7347    -0.7341     0.0006    -0.7440    -0.7434     0.0006   2.804959   2.804933  -0.000025    34.3286    34.3276     7.2985    27.5990    27.5982    34.3297    27.5999    1449.71    1449.71    -0.7438  1029.0386    34.4974 0.0000e+00
      13008 314.137071  -62.14339  -58.43458      0.934    1447.45    301.000    297.895    -0.7318    -0.7313     0.0005    -0.7412    -0.7407     0.0005   2.805322   2.805269  -0.000057    34.3300    34.3287     7.2956    27.6001    27.5990    34.3307    27.6007    1449.74    1449.74    -0.7410  1029.0441    34.4985 0.0000e+00
      13034 314.137084  -62.14340  -58.43458      0.930    1447.45    302.000    298.884    -0.7311    -0.7305     0.0006    -0.7405    -0.7399     0.0006   2.805431   2.805401  -0.000030    34.3301    34.3290     7.2983    27.6001    27.5992    34.3308    27.6007    1449.76    1449.76    -0.7403  1029.0489    34.4986 0.0000e+00
      13062 314.137097  -62.14340  -58.43456      0.890    1447.45    303.000    299.873    -0.7306    -0.7301     0.0006    -0.7401    -0.7395     0.0006   2.805521   2.805491  -0.000027    34.3303    34.3292     7.2982    27.6002    27.5994    34.3308    27.6007    1449.78    1449.78    -0.7398  1029.0537    34.4986 0.0000e+00
      13092 314.137112  -62.14340  -58.43454      0.816    1447.45    304.000    300.862    -0.7297    -0.7291     0.0006    -0.7392    -0.7386     0.0006   2.805671   2.805643  -0.000028    34.3307    34.3296     7.2845    27.6005    27.5996    34.3312    27.6010    1449.80    1449.80    -0.7390  1029.0587    34.4990 0.0000e+00
      13122 314.137126  -62.14340  -58.43453      0.793    1447.45    305.000    301.851    -0.7282    -0.7274     0.0008    -0.7377    -0.7369     0.0008   2.805876   2.805866  -0.000014    34.3311    34.3300     7.2796    27.6008    27.5999    34.3317    27.6012    1449.83    1449.83    -0.7375  1029.0637    34.4994 0.0000e+00
      13151 314.137140  -62.14341  -58.43452      0.825    1447.45    306.000    302.840    -0.7278    -0.7270     0.0007    -0.7373    -0.7366     0.0007   2.805975   2.805936  -0.000032    34.3315    34.3302     7.2834    27.6011    27.6000    34.3319    27.6014    1449.84    1449.85    -0.7371  1029.0686    34.4997 0.0000e+00
      13177 314.137153  -62.14342  -58.43451      0.884    1447.45    307.000    303.829    -0.7277    -0.7270     0.0006    -0.7372    -0.7366     0.0006   2.806020   2.805990  -0.000037    34.3314    34.3302     7.2859    27.6011    27.6001    34.3318    27.6013    1449.86    1449.86    -0.7370  1029.0733    34.4995 0.0000e+00
      13204 314.137166  -62.14342  -58.43450      0.901    1447.45    308.000    304.818    -0.7247    -0.7243     0.0004    -0.7343    -0.7339     0.0004   2.806417   2.806353  -0.000069    34.3321    34.3308     7.2831    27.6015    27.6004    34.3331    27.6023    1449.89    1449.89    -0.7341  1029.0790    34.5009 0.0000e+00
      13233 314.137180  -62.14342  -58.43448      0.848    1447.45    309.000    305.806    -0.7180    -0.7170     0.0009    -0.7276    -0.7267     0.0009   2.807059   2.807096   0.000040    34.3326    34.3321     7.2824    27.6016    27.6011    34.3336    27.6024    1449.94    1449.95    -0.7274  1029.0838    34.5014 0.0000e+00
      13262 314.137194  -62.14344  -58.43447      0.819    1447.45    310.000    306.796    -0.7158    -0.7149     0.0009    -0.7255    -0.7247     0.0009   2.807357   2.807351  -0.000005    34.3339    34.3329     7.2798    27.6026    27.6017    34.3345    27.6031    1449.97    1449.97    -0.7253  1029.0892    34.5023 0.0000e+00
      13290 314.137207  -62.14344  -58.43446      0.857    1447.45    311.000    307.784    -0.7154    -0.7145     0.0009    -0.7251    -0.7242     0.0009   2.807463   2.807449  -0.000018    34.3344    34.3331     7.2690    27.6029    27.6019    34.3349    27.6034    1449.99    1449.99    -0.7249  1029.0942    34.5027 0.0000e+00
      13314 314.137219  -62.14344  -58.43445      0.932    1447.45    312.000    308.773    -0.7145    -0.7138     0.0007    -0.7242    -0.7235     0.0007   2.807626   2.807599  -0.000028    34.3348    34.3337     7.2597    27.6033    27.6023    34.3354    27.6037    1450.01    1450.01    -0.7240  1029.0993    34.5032 0.0000e+00
      13338 314.137231  -62.14344  -58.43444      0.989    1447.45    313.000    309.762    -0.7129    -0.7127     0.0002    -0.7228    -0.7226     0.0002   2.807817   2.807735  -0.000077    34.3350    34.3338     7.2561    27.6033    27.6024    34.3357    27.6039    1450.03    1450.03    -0.7225  1029.1042    34.5034 0.0000e+00
      13364 314.137243  -62.14345  -58.43443      0.966    1447.45    314.000    310.751    -0.7098    -0.7096     0.0003    -0.7197    -0.7194     0.0003   2.808114   2.808073  -0.000048    34.3348    34.3339     7.2497    27.6031    27.6023    34.3355    27.6036    1450.06    1450.06    -0.7194  1029.1087    34.5033 0.0000e+00
      13395 314.137258  -62.14346  -58.43442      0.827    1447.45    315.000    311.740    -0.7090    -0.7080     0.0010    -0.7189    -0.7179     0.0010   2.808280   2.808275  -0.000008    34.3357    34.3344     7.2378    27.6037    27.6026    34.3362    27.6042    1450.09    1450.09    -0.7187  1029.1140    34.5040 0.0000e+00
      13427 314.137273  -62.14346  -58.43440      0.742    1447.45    316.000    312.729    -0.7060    -0.7055     0.0006    -0.7160    -0.7155     0.0006   2.808571   2.808542  -0.000020    34.3356    34.3347     7.2390    27.6035    27.6028    34.3362    27.6040    1450.12    1450.12    -0.7157  1029.1186    34.5040 0.0000e+00
      13455 314.137287  -62.14346  -58.43439      0.813    1447.45    317.000    313.718    -0.7050    -0.7041     0.0009    -0.7150    -0.7141     0.0009   2.808751   2.808723  -0.000030    34.3363    34.3349     7.2322    27.6041    27.6029    34.3368    27.6045    1450.14    1450.14    -0.7148  1029.1234    34.5042 0.0000e+00
      13482 314.137300  -62.14348  -58.43438      0.878    1447.45    318.000    314.707    -0.7047    -0.7041     0.0006    -0.7147    -0.7141     0.0006   2.808801   2.808770  -0.000035    34.3362    34.3351     7.2253    27.6040    27.6030    34.3366    27.6043    1450.15    1450.15    -0.7145  1029.1258    34.5012 0.0000e+00
      13509 314.137313  -62.14348  -58.43437      0.906    1447.45    319.000    315.695    -0.7038    -0.7029     0.0009    -0.7139    -0.7130     0.0009   2.808929   2.808917  -0.000008    34.3363    34.3352     7.2295    27.6040    27.6031    34.3367    27.6043    1450.18    1450.18    -0.7136  1029.1331    34.5044 0.0000e+00
      13536 314.137326  -62.14348  -58.43436      0.879    1447.45    320.000    316.685    -0.7035    -0.7033     0.0002    -0.7136    -0.7134     0.0002   2.809001   2.808940  -0.000058    34.3364    34.3354     7.2346    27.6041    27.6032    34.3367    27.6043    1450.19    1450.19    -0.7134  1029.1378    34.5044 0.0000e+00
      13564 314.137340  -62.14348  -58.43434      0.855    1447.45    321.000    317.673    -0.7043    -0.7038     0.0005    -0.7144    -0.7139     0.0005   2.808997   2.808952  -0.000051    34.3366    34.3354     7.2344    27.6043    27.6033    34.3369    27.6045    1450.21    1450.21    -0.7142  1029.1428    34.5047 0.0000e+00
      13591 314.137353  -62.14348  -58.43434      0.874    1447.45    322.000    318.662    -0.7040    -0.7030     0.0010    -0.7141    -0.7131     0.0010   2.809052   2.809057  -0.000004    34.3365    34.3353     7.2388    27.6042    27.6032    34.3367    27.6043    1450.22    1450.23    -0.7139  1029.1474    34.5045 0.0000e+00
      13617 314.137365  -62.14348  -58.43432      0.920    1447.45    323.000    319.651    -0.7044    -0.7039     0.0004    -0.7146    -0.7141     0.0004   2.809082   2.809035  -0.000033    34.3367    34.3357     7.2387    27.6043    27.6036    34.3370    27.6046    1450.24    1450.24    -0.7144  1029.1524    34.5048 0.0000e+00
      13641 314.137377  -62.14350  -58.43432      0.968    1447.45    324.000    320.640    -0.7047    -0.7033     0.0014    -0.7149    -0.7135     0.0014   2.809088   2.809110   0.000014    34.3370    34.3356     7.2402    27.6046    27.6035    34.3368    27.6044    1450.25    1450.26    -0.7147  1029.1570    34.5046 0.0000e+00
      13668 314.137389  -62.14350  -58.43430      0.947    1447.45    325.000    321.629    -0.7099    -0.7090     0.0009    -0.7202    -0.7193     0.0009   2.808680   2.808662  -0.000016    34.3368    34.3355     7.2337    27.6046    27.6036    34.3366    27.6045    1450.24    1450.25    -0.7199  1029.1619    34.5044 0.0000e+00
      13698 314.137404  -62.14350  -58.43429      0.828    1447.45    326.000    322.618    -0.7104    -0.7097     0.0007    -0.7207    -0.7200     0.0007   2.808665   2.808645  -0.000022    34.3364    34.3353     7.2408    27.6044    27.6035    34.3363    27.6043    1450.26    1450.26    -0.7204  1029.1665    34.5041 0.0000e+00
      13729 314.137419  -62.14350  -58.43428      0.761    1447.45    327.000    323.606    -0.7101    -0.7096     0.0005    -0.7204    -0.7199     0.0005   2.808753   2.808710  -0.000036    34.3365    34.3354     7.2391    27.6044    27.6036    34.3365    27.6045    1450.28    1450.28    -0.7202  1029.1714    34.5043 0.0000e+00
      13759 314.137433  -62.14352  -58.43426      0.800    1447.45    328.000    324.596    -0.7091    -0.7087     0.0004    -0.7194    -0.7190     0.0004   2.808886   2.808837  -0.000050    34.3364    34.3354     7.2395    27.6044    27.6035    34.3366    27.6045    1450.30    1450.30    -0.7192  1029.1761    34.5044 0.0000e+00
      13785 314.137446  -62.14352  -58.43426      0.869    1447.45    329.000    325.585    -0.7049    -0.7046     0.0002    -0.7153    -0.7150     0.0002   2.809368   2.809310  -0.000049    34.3366    34.3357     7.2425    27.6043    27.6036    34.3377    27.6052    1450.34    1450.33    -0.7151  1029.1816    34.5055 0.0000e+00
      13811 314.137459  -62.14352  -58.43424      0.915    1447.45    330.000    326.573    -0.6905    -0.6912    -0.0008    -0.7009    -0.7017    -0.0008   2.810853   2.810742  -0.000123    34.3383    34.3375     7.2386    27.6050    27.6044    34.3408    27.6071    1450.42    1450.42    -0.7007  1029.1880    34.5086 0.0000e+00
      13838 314.137471  -62.14352  -58.43423      0.918    1447.45    331.000    327.562    -0.6650    -0.6650     0.0000    -0.6756    -0.6756     0.0000   2.813392   2.813422   0.000044    34.3428    34.3433     7.2263    27.6077    27.6081    34.3456    27.6099    1450.56    1450.57    -0.6754  1029.1953    34.5135 0.0000e+00
      13865 314.137484  -62.14353  -58.43421      0.904    1447.46    332.000    328.551    -0.6476    -0.6509    -0.0033    -0.6582    -0.6615    -0.0033   2.815257   2.814979  -0.000287    34.3450    34.3449     7.2199    27.6087    27.6088    34.3504    27.6130    1450.67    1450.65    -0.6580  1029.2030    34.5182 0.0000e+00
      13891 314.137497  -62.14354  -58.43420      0.885 -9.990e-29    333.000    329.540    -0.6045    -0.6045    -0.0000    -0.6153    -0.6153    -0.0000   2.819303   2.819314   0.000018    34.3508    34.3510     7.1943    27.6115    27.6117    34.3554    27.6153    1450.89    1450.89    -0.6151  1029.2095    34.5233 0.0000e+00
      13917 314.137510  -62.14354  -58.43419      0.918 -9.990e-29    334.000    330.528    -0.5954    -0.5947     0.0006    -0.6062    -0.6056     0.0006   2.820607   2.820581  -0.000055    34.3588    34.3574     7.1692    27.6177    27.6165    34.3620    27.6202    1450.96    1450.96    -0.6060  1029.2191    34.5300 0.0000e+00
      13943 314.137522  -62.14354  -58.43418      0.924 -9.990e-29    335.000    331.517    -0.5922    -0.5891     0.0031    -0.6031    -0.6000     0.0031   2.821066   2.821190   0.000149    34.3611    34.3597     7.1376    27.6194    27.6180    34.3640    27.6217    1451.00    1451.01    -0.6029  1029.2252    34.5319 0.0000e+00
      13970 314.137535  -62.14354  -58.43416      0.903    1447.87    336.000    332.506    -0.5909    -0.5903     0.0006    -0.6019    -0.6012     0.0006   2.821226   2.821158  -0.000076    34.3615    34.3598     7.0779    27.6196    27.6182    34.3642    27.6218    1451.02    1451.02    -0.6017  1029.2272    34.5285 0.0000e+00
      13999 314.137549 -9.990e-29  -58.43416      0.859    1447.88    337.000    333.495    -0.5839    -0.5830     0.0009    -0.5950    -0.5940     0.0009   2.821917   2.821926   0.000016    34.3626    34.3617     7.0325    27.6202    27.6195    34.3649    27.6221    1451.07    1451.07    -0.5947  1029.2303    34.5270 0.0000e+00
      14030 314.137564 -9.990e-29  -58.43414      0.782    1447.88    338.000    334.483    -0.5844    -0.5835     0.0009    -0.5955    -0.5945     0.0009   2.821971   2.821941  -0.000031    34.3639    34.3624     7.0078    27.6213    27.6200    34.3656    27.6226    1451.08    1451.09    -0.5952  1029.2356    34.5276 0.0000e+00
      14061 314.137579  -62.14356  -58.43413      0.768    1447.88    339.000    335.473    -0.5844    -0.5837     0.0007    -0.5955    -0.5948     0.0007   2.822010   2.821958  -0.000053    34.3640    34.3625     6.9960    27.6214    27.6201    34.3655    27.6225    1451.10    1451.10    -0.5953  1029.2417    34.5293 0.0000e+00
