Pos-Processados/process_op42/Processamento_split/down/doperantar42_035.cnv
* Sea-Bird SBE 9 Data File:
* FileName = C:\Users\Hidrografia\Desktop\OPXLII\Brutos\OP42035.hdr
* Software Version Seasave V 7.26.7.107
* Temperature SN = 6502
* Conductivity SN = 4998
* Number of Bytes Per Scan = 37
* Number of Voltage Words = 4
* Number of Scans Averaged by the Deck Unit = 1
* NMEA Latitude = 62 08.15 S
* NMEA Longitude = 058 26.56 W
* NMEA UTC (Time) = Nov 09 2023 10:06:19
* NMEA baud rate = 4800
** H41
** NPOALTEMAXIMIANO
** NUMERO DA ESTACAO (XXX) 035
** LAT (XX XX.XX S/N) 62 08.14 S
** LONG (XXX XX.XX W/E) 058 26.57 W
** DATAHORA (dd/mm/aaaa hh:mm Z) 09/11/2023 1005Z
** PROFUNDIDADE (m) 424
** OPERADOR CT FABIREZA
# nquan = 30
# nvalues = 397                         
# units = specified
# name 0 = scan: Scan Count
# name 1 = timeJ: Julian Days
# name 2 = latitude: Latitude [deg]
# name 3 = longitude: Longitude [deg]
# name 4 = dz/dtM: Descent Rate [m/s]
# name 5 = avgsvCM: Average Sound Velocity [Chen-Millero, m/s]
# name 6 = prDM: Pressure, Digiquartz [db]
# name 7 = depSM: Depth [salt water, m]
# name 8 = t090C: Temperature [ITS-90, deg C]
# name 9 = t190C: Temperature, 2 [ITS-90, deg C]
# name 10 = T2-T190C: Temperature Difference, 2 - 1 [ITS-90, deg C]
# name 11 = potemp090C: Potential Temperature [ITS-90, deg C]
# name 12 = potemp190C: Potential Temperature, 2 [ITS-90, deg C]
# name 13 = potemp90Cdiff: Potential Temperature, Diff, 2 - 1 [ITS-90, deg C]
# name 14 = c0S/m: Conductivity [S/m]
# name 15 = c1S/m: Conductivity, 2 [S/m]
# name 16 = C2-C1S/m: Conductivity Difference, 2 - 1 [S/m]
# name 17 = sal00: Salinity, Practical [PSU]
# name 18 = sal11: Salinity, Practical, 2 [PSU]
# name 19 = sbeox0ML/L: Oxygen, SBE 43 [ml/l]
# name 20 = sigma-é00: Density [sigma-theta, kg/m^3]
# name 21 = sigma-é11: Density, 2 [sigma-theta, kg/m^3]
# name 22 = sal00: Salinity, Practical [PSU]
# name 23 = sigma-é00: Density [sigma-theta, kg/m^3]
# name 24 = svCM: Sound Velocity [Chen-Millero, m/s]
# name 25 = svCM1: Sound Velocity, 2 [Chen-Millero, m/s]
# name 26 = gsw_ptA0: potential temperature [ITS-90, deg C]
# name 27 = gsw_densityA0: density, TEOS-10 [density, kg/m^3]
# name 28 = gsw_saA0: Absolute Salinity [g/kg]
# name 29 = flag:
# span 0 =       1917,      14179       
# span 1 = 313.421977, 313.427890       
# span 2 =  -62.13820,  -62.13608       
# span 3 =  -58.44282,  -58.44214       
# span 4 =      0.117,      1.172       
# span 5 =       0.00,    1455.47       
# span 6 =      2.000,    398.000       
# span 7 =      1.984,    393.798       
# span 8 =    -0.8118,    -0.5603       
# span 9 =    -0.8120,    -0.5592       
# span 10 =    -0.0018,     0.0062      
# span 11 =    -0.8189,    -0.5607      
# span 12 =    -0.8189,    -0.5596      
# span 13 =    -0.0018,     0.0062      
# span 14 =   2.794139,   2.823585      
# span 15 =   2.793956,   2.823522      
# span 16 =  -0.000178,   0.000439      
# span 17 =    34.2780,    34.3927      
# span 18 =    34.2781,    34.3917      
# span 19 =     6.7977,     7.6635      
# span 20 =    27.5521,    27.6463      
# span 21 =    27.5519,    27.6455      
# span 22 =    34.2786,    34.3928      
# span 23 =    27.5526,    27.6464      
# span 24 =    1445.60,    1451.93      
# span 25 =    1445.60,    1451.93      
# span 26 =    -0.8187,    -0.5607      
# span 27 =  1027.5651,  1029.5484      
# span 28 =    34.4418,    34.5629      
# span 29 = 0.0000e+00, 0.0000e+00      
# interval = decibars: 1                
# start_time = Nov 09 2023 10:06:19 [NMEA time, header]
# bad_flag = -9.990e-29
*END*
[from data line 146]
       6152 313.424020  -62.13678  -58.44278      0.905    1446.48    148.000    146.527    -0.7098    -0.7092     0.0006    -0.7142    -0.7136     0.0006   2.797361   2.797328  -0.000035    34.2923    34.2911     7.5127    27.5683    27.5674    34.2921    27.5682    1447.30    1447.30    -0.7141  1028.2818    34.4589 0.0000e+00
       6180 313.424033  -62.13678  -58.44278      0.872    1446.48    149.000    147.517    -0.7102    -0.7095     0.0007    -0.7146    -0.7139     0.0007   2.797366   2.797351  -0.000015    34.2921    34.2911     7.5153    27.5683    27.5674    34.2920    27.5682    1447.32    1447.32    -0.7145  1028.2865    34.4589 0.0000e+00
       6207 313.424046  -62.13679  -58.44276      0.881    1446.48    150.000    148.507    -0.7100    -0.7095     0.0005    -0.7145    -0.7139     0.0005   2.797419   2.797393  -0.000023    34.2920    34.2910     7.5176    27.5681    27.5674    34.2920    27.5681    1447.33    1447.33    -0.7144  1028.2912    34.4588 0.0000e+00
       6232 313.424058  -62.13680  -58.44276      0.915    1446.48    151.000    149.497    -0.7084    -0.7077     0.0006    -0.7129    -0.7122     0.0006   2.797600   2.797577  -0.000023    34.2917    34.2907     7.5130    27.5679    27.5670    34.2919    27.5680    1447.36    1447.36    -0.7128  1028.2959    34.4588 0.0000e+00
       6257 313.424070  -62.13680  -58.44276      0.966    1446.48    152.000    150.486    -0.7072    -0.7065     0.0008    -0.7118    -0.7110     0.0008   2.797715   2.797729   0.000009    34.2915    34.2907     7.5099    27.5676    27.5670    34.2916    27.5677    1447.38    1447.38    -0.7116  1028.3003    34.4584 0.0000e+00
       6281 313.424082  -62.13680  -58.44276      1.000    1446.48    153.000    151.476    -0.7070    -0.7062     0.0008    -0.7116    -0.7108     0.0008   2.797790   2.797796   0.000007    34.2916    34.2908     7.5063    27.5677    27.5671    34.2917    27.5678    1447.40    1447.40    -0.7115  1028.3052    34.4586 0.0000e+00
       6305 313.424094  -62.13681  -58.44276      0.986    1446.48    154.000    152.466    -0.7071    -0.7063     0.0008    -0.7117    -0.7109     0.0008   2.797835   2.797835   0.000003    34.2918    34.2909     7.5047    27.5679    27.5671    34.2918    27.5679    1447.41    1447.41    -0.7116  1028.3101    34.4587 0.0000e+00
       6333 313.424107  -62.13682  -58.44276      0.910    1446.48    155.000    153.455    -0.7076    -0.7068     0.0008    -0.7122    -0.7115     0.0008   2.797839   2.797836  -0.000004    34.2918    34.2909     7.4994    27.5679    27.5671    34.2918    27.5679    1447.43    1447.43    -0.7121  1028.3149    34.4587 0.0000e+00
       6363 313.424121  -62.13682  -58.44276      0.818    1446.48    156.000    154.445    -0.7082    -0.7073     0.0009    -0.7128    -0.7119     0.0009   2.797846   2.797846  -0.000001    34.2920    34.2910     7.5089    27.5681    27.5672    34.2919    27.5680    1447.44    1447.44    -0.7127  1028.3198    34.4588 0.0000e+00
       6391 313.424135  -62.13682  -58.44276      0.826    1446.48    157.000    155.435    -0.7159    -0.7135     0.0024    -0.7206    -0.7182     0.0024   2.797296   2.797381   0.000085    34.2937    34.2921     7.5155    27.5698    27.5684    34.2927    27.5690    1447.42    1447.43    -0.7205  1028.3255    34.4596 0.0000e+00
       6416 313.424147  -62.13684  -58.44276      0.909    1446.48    158.000    156.424    -0.7203    -0.7202     0.0001    -0.7250    -0.7249     0.0001   2.796974   2.796932  -0.000041    34.2931    34.2924     7.5167    27.5695    27.5689    34.2927    27.5692    1447.42    1447.42    -0.7249  1028.3305    34.4596 0.0000e+00
       6440 313.424159  -62.13684  -58.44276      0.980    1446.48    159.000    157.414    -0.7197    -0.7195     0.0002    -0.7245    -0.7242     0.0002   2.797047   2.797023  -0.000022    34.2926    34.2920     7.5089    27.5691    27.5686    34.2924    27.5689    1447.44    1447.44    -0.7243  1028.3350    34.4593 0.0000e+00
       6465 313.424171  -62.13684  -58.44276      0.984    1446.48    160.000    158.403    -0.7193    -0.7188     0.0005    -0.7241    -0.7236     0.0005   2.797131   2.797116  -0.000016    34.2926    34.2918     7.5108    27.5691    27.5684    34.2924    27.5689    1447.45    1447.45    -0.7240  1028.3398    34.4593 0.0000e+00
       6491 313.424183  -62.13684  -58.44276      0.936    1446.48    161.000    159.393    -0.7193    -0.7184     0.0009    -0.7241    -0.7232     0.0009   2.797175   2.797184   0.000008    34.2927    34.2917     7.5060    27.5691    27.5683    34.2924    27.5689    1447.47    1447.47    -0.7240  1028.3446    34.4593 0.0000e+00
       6518 313.424196  -62.13686  -58.44274      0.900    1446.48    162.000    160.383    -0.7208    -0.7197     0.0011    -0.7256    -0.7245     0.0011   2.797116   2.797145   0.000020    34.2931    34.2921     7.5056    27.5695    27.5687    34.2927    27.5692    1447.48    1447.49    -0.7255  1028.3497    34.4596 0.0000e+00
       6543 313.424208  -62.13686  -58.44275      0.929    1446.48    163.000    161.372    -0.7232    -0.7224     0.0008    -0.7280    -0.7272     0.0008   2.796990   2.796981  -0.000004    34.2934    34.2924     7.5086    27.5698    27.5690    34.2930    27.5696    1447.48    1447.49    -0.7279  1028.3549    34.4600 0.0000e+00
       6567 313.424220  -62.13686  -58.44276      0.979    1446.48    164.000    162.362    -0.7227    -0.7220     0.0007    -0.7276    -0.7269     0.0007   2.797050   2.797065   0.000005    34.2929    34.2921     7.5043    27.5694    27.5687    34.2928    27.5693    1447.50    1447.51    -0.7275  1028.3594    34.4597 0.0000e+00
       6591 313.424231  -62.13686  -58.44276      0.999    1446.48    165.000    163.352    -0.7226    -0.7208     0.0018    -0.7275    -0.7257     0.0018   2.797095   2.797183   0.000097    34.2928    34.2921     7.5032    27.5694    27.5687    34.2926    27.5692    1447.52    1447.53    -0.7274  1028.3640    34.4596 0.0000e+00
       6617 313.424244  -62.13687  -58.44276      0.962    1446.48    166.000    164.341    -0.7222    -0.7216     0.0006    -0.7272    -0.7266     0.0006   2.797178   2.797165  -0.000012    34.2929    34.2920     7.4959    27.5694    27.5687    34.2927    27.5693    1447.54    1447.54    -0.7270  1028.3689    34.4596 0.0000e+00
       6644 313.424257  -62.13688  -58.44276      0.910    1446.48    167.000    165.331    -0.7264    -0.7250     0.0013    -0.7313    -0.7300     0.0013   2.796904   2.796926   0.000020    34.2936    34.2923     7.5040    27.5701    27.5691    34.2930    27.5697    1447.53    1447.54    -0.7312  1028.3743    34.4602 0.0000e+00
       6671 313.424270  -62.13688 -9.990e-29      0.894    1446.48    168.000    166.320    -0.7295    -0.7292     0.0003    -0.7345    -0.7342     0.0003   2.796693   2.796658  -0.000036    34.2937    34.2928     7.4927    27.5704    27.5697    34.2931    27.5699    1447.54    1447.54    -0.7344  1028.3807    34.4621 0.0000e+00
       6697 313.424282  -62.13688 -9.990e-29      0.908    1446.48    169.000    167.310    -0.7325    -0.7313     0.0012    -0.7375    -0.7363     0.0012   2.796516   2.796546   0.000033    34.2940    34.2931     7.4957    27.5707    27.5699    34.2935    27.5703    1447.54    1447.54    -0.7374  1028.3860    34.4625 0.0000e+00
       6723 313.424295  -62.13690 -9.990e-29      0.909    1446.48    170.000    168.300    -0.7338    -0.7333     0.0005    -0.7388    -0.7383     0.0005   2.796475   2.796440  -0.000028    34.2941    34.2931     7.4915    27.5709    27.5701    34.2938    27.5707    1447.55    1447.55    -0.7387  1028.3911    34.4628 0.0000e+00
       6750 313.424308  -62.13690  -58.44274      0.895    1446.48    171.000    169.289    -0.7334    -0.7320     0.0014    -0.7385    -0.7371     0.0014   2.796510   2.796559   0.000042    34.2936    34.2926     7.4905    27.5705    27.5696    34.2933    27.5702    1447.57    1447.57    -0.7384  1028.3934    34.4598 0.0000e+00
       6776 313.424321 -9.990e-29  -58.44274      0.913    1446.48    172.000    170.279    -0.7344    -0.7336     0.0008    -0.7396    -0.7387     0.0008   2.796486   2.796498   0.000013    34.2938    34.2930     7.5025    27.5707    27.5700    34.2935    27.5704    1447.58    1447.58    -0.7394  1028.3945    34.4552 0.0000e+00
       6800 313.424332 -9.990e-29  -58.44274      0.968    1446.48    173.000    171.268    -0.7344    -0.7334     0.0009    -0.7395    -0.7386     0.0009   2.796534   2.796552   0.000020    34.2936    34.2928     7.5058    27.5705    27.5698    34.2935    27.5704    1447.60    1447.60    -0.7394  1028.3993    34.4552 0.0000e+00
       6823 313.424343 -9.990e-29  -58.44274      1.023    1446.48    174.000    172.258    -0.7352    -0.7346     0.0006    -0.7404    -0.7398     0.0006   2.796526   2.796508  -0.000020    34.2940    34.2930     7.5075    27.5709    27.5701    34.2937    27.5706    1447.61    1447.61    -0.7403  1028.4042    34.4554 0.0000e+00
       6847 313.424355  -62.13692  -58.44274      1.029    1446.48    175.000    173.247    -0.7388    -0.7376     0.0012    -0.7440    -0.7428     0.0012   2.796284   2.796322   0.000036    34.2944    34.2935     7.5084    27.5713    27.5706    34.2938    27.5709    1447.61    1447.61    -0.7439  1028.4101    34.4566 0.0000e+00
       6873 313.424367  -62.13692  -58.44274      0.960    1446.48    176.000    174.237    -0.7404    -0.7397     0.0008    -0.7457    -0.7449     0.0008   2.796225   2.796227 4.0754e-07    34.2946    34.2938     7.5010    27.5716    27.5709    34.2942    27.5713    1447.62    1447.62    -0.7455  1028.4187    34.4612 0.0000e+00
       6902 313.424381  -62.13692  -58.44274      0.861    1446.48    177.000    175.227    -0.7404    -0.7396     0.0008    -0.7457    -0.7449     0.0008   2.796280   2.796274  -0.000005    34.2947    34.2937     7.4955    27.5716    27.5708    34.2944    27.5714    1447.63    1447.63    -0.7455  1028.4237    34.4614 0.0000e+00
       6930 313.424395  -62.13692  -58.44274      0.840    1446.48    178.000    176.216    -0.7407    -0.7400     0.0007    -0.7460    -0.7453     0.0007   2.796308   2.796297  -0.000011    34.2947    34.2937     7.4956    27.5717    27.5708    34.2945    27.5715    1447.65    1447.65    -0.7459  1028.4285    34.4615 0.0000e+00
       6955 313.424407  -62.13692  -58.44274      0.901    1446.48    179.000    177.206    -0.7414    -0.7407     0.0006    -0.7467    -0.7461     0.0006   2.796306   2.796280  -0.000030    34.2950    34.2938     7.5008    27.5719    27.5710    34.2946    27.5716    1447.66    1447.66    -0.7466  1028.4312    34.4588 0.0000e+00
       6980 313.424419 -9.990e-29  -58.44274      0.964    1446.48    180.000    178.195    -0.7505    -0.7494     0.0011    -0.7559    -0.7547     0.0011   2.795667   2.795667   0.000005    34.2971    34.2959     7.5081    27.5740    27.5730    34.2957    27.5729    1447.63    1447.64    -0.7557  1028.4353    34.4574 0.0000e+00
       7004 313.424430 -9.990e-29  -58.44274      0.995    1446.48    181.000    179.185    -0.7594    -0.7581     0.0014    -0.7648    -0.7635     0.0014   2.795020   2.795062   0.000035    34.2977    34.2967     7.5023    27.5749    27.5740    34.2964    27.5739    1447.61    1447.62    -0.7646  1028.4410    34.4582 0.0000e+00
       7028 313.424442 -9.990e-29  -58.44274      0.985    1446.48    182.000    180.175    -0.7639    -0.7634     0.0006    -0.7693    -0.7688     0.0006   2.794758   2.794735  -0.000014    34.2982    34.2973     7.5015    27.5754    27.5748    34.2974    27.5748    1447.61    1447.61    -0.7692  1028.4468    34.4591 0.0000e+00
       7054 313.424455  -62.13696  -58.44274      0.943    1446.48    183.000    181.164    -0.7680    -0.7677     0.0003    -0.7734    -0.7731     0.0003   2.794519   2.794472  -0.000052    34.2992    34.2982     7.5006    27.5764    27.5756    34.2981    27.5756    1447.61    1447.61    -0.7733  1028.4545    34.4625 0.0000e+00
       7081 313.424468  -62.13696  -58.44273      0.903    1446.48    184.000    182.154    -0.7690    -0.7683     0.0007    -0.7745    -0.7738     0.0007   2.794455   2.794468   0.000014    34.2985    34.2980     7.4962    27.5759    27.5755    34.2978    27.5754    1447.62    1447.62    -0.7743  1028.4613    34.4649 0.0000e+00
       7108 313.424481  -62.13696  -58.44272      0.896    1446.49    185.000    183.143    -0.7696    -0.7686     0.0010    -0.7751    -0.7741     0.0010   2.794470   2.794497   0.000026    34.2987    34.2979     7.4951    27.5761    27.5754    34.2981    27.5756    1447.63    1447.64    -0.7749  1028.4662    34.4651 0.0000e+00
       7134 313.424493  -62.13696  -58.44272      0.906    1446.77    186.000    184.128    -0.7710    -0.7698     0.0012    -0.7765    -0.7753     0.0012   2.794439   2.794461   0.000024    34.2992    34.2981     7.4984    27.5766    27.5757    34.2986    27.5761    1447.64    1447.65    -0.7764  1028.4715    34.4657 0.0000e+00
       7160 313.424506  -62.13698  -58.44272      0.922    1446.77    187.000    185.127    -0.7720    -0.7713     0.0008    -0.7776    -0.7768     0.0008   2.794403   2.794418   0.000016    34.2993    34.2986     7.5011    27.5767    27.5761    34.2987    27.5762    1447.65    1447.66    -0.7774  1028.4764    34.4658 0.0000e+00
       7186 313.424518  -62.13698  -58.44272      0.920    1446.77    188.000    186.112    -0.7722    -0.7714     0.0009    -0.7778    -0.7769     0.0009   2.794455   2.794454   0.000002    34.2994    34.2984     7.4968    27.5768    27.5760    34.2990    27.5765    1447.67    1447.67    -0.7776  1028.4814    34.4661 0.0000e+00
       7213 313.424531  -62.13698  -58.44272      0.900    1446.77    189.000    187.101    -0.7722    -0.7713     0.0009    -0.7778    -0.7769     0.0009   2.794487   2.794499   0.000010    34.2992    34.2983     7.4946    27.5766    27.5759    34.2988    27.5763    1447.69    1447.69    -0.7777  1028.4860    34.4659 0.0000e+00
       7240 313.424544  -62.13698  -58.44272      0.896    1446.77    190.000    188.091    -0.7726    -0.7718     0.0007    -0.7782    -0.7775     0.0007   2.794519   2.794507  -0.000009    34.2993    34.2984     7.4996    27.5767    27.5759    34.2990    27.5765    1447.70    1447.70    -0.7781  1028.4910    34.4661 0.0000e+00
       7265 313.424556  -62.13699  -58.44272      0.926    1446.77    191.000    189.080    -0.7732    -0.7724     0.0008    -0.7789    -0.7781     0.0008   2.794541   2.794544   0.000001    34.2998    34.2989     7.5017    27.5771    27.5764    34.2995    27.5769    1447.71    1447.72    -0.7787  1028.4962    34.4666 0.0000e+00
       7289 313.424568  -62.13700  -58.44272      0.970    1446.77    192.000    190.070    -0.7732    -0.7724     0.0007    -0.7789    -0.7781     0.0007   2.794598   2.794595  -0.000005    34.2998    34.2989     7.4979    27.5772    27.5764    34.2996    27.5769    1447.73    1447.73    -0.7787  1028.5010    34.4667 0.0000e+00
       7314 313.424580  -62.13700  -58.44272      0.998    1446.77    193.000    191.059    -0.7747    -0.7740     0.0007    -0.7804    -0.7797     0.0007   2.794552   2.794544  -0.000005    34.3004    34.2995     7.4985    27.5777    27.5770    34.3000    27.5774    1447.74    1447.74    -0.7803  1028.5063    34.4671 0.0000e+00
       7339 313.424592  -62.13700  -58.44272      0.970    1446.77    194.000    192.049    -0.7758    -0.7747     0.0011    -0.7815    -0.7804     0.0011   2.794540   2.794543   0.000003    34.3008    34.2996     7.4930    27.5781    27.5770    34.3005    27.5778    1447.75    1447.76    -0.7814  1028.5114    34.4676 0.0000e+00
