Pos-Processados/process_op42/Processamento_split/down/doperantar42_022.cnv
* Sea-Bird SBE 9 Data File:
* FileName = C:\Users\Hidrografia\Desktop\OPXLII\Brutos\OP42022.hdr
* Software Version Seasave V 7.26.7.107
* Temperature SN = 6502
* Conductivity SN = 4998
* Number of Bytes Per Scan = 37
* Number of Voltage Words = 4
* Number of Scans Averaged by the Deck Unit = 1
* NMEA Latitude = 62 18.70 S
* NMEA Longitude = 058 31.66 W
* NMEA UTC (Time) = Nov 07 2023 22:53:42
* NMEA baud rate = 4800
** H41
** NPOALTEMAXIMIANO
** NUMERO DA ESTACAO (XXX) 022
** LAT (XX XX.XX S/N) 62 18.60 S
** LONG (XXX XX.XX W/E) 058 32.03 W
** DATAHORA (dd/mm/aaaa hh:mm Z) 07/11/2023 2251Z
** PROFUNDIDADE (m) 434
** OPERADOR 1T ZAMITH
# nquan = 30
# nvalues = 426                         
# units = specified
# name 0 = scan: Scan Count
# name 1 = timeJ: Julian Days
# name 2 = latitude: Latitude [deg]
# name 3 = longitude: Longitude [deg]
# name 4 = dz/dtM: Descent Rate [m/s]
# name 5 = avgsvCM: Average Sound Velocity [Chen-Millero, m/s]
# name 6 = prDM: Pressure, Digiquartz [db]
# name 7 = depSM: Depth [salt water, m]
# name 8 = t090C: Temperature [ITS-90, deg C]
# name 9 = t190C: Temperature, 2 [ITS-90, deg C]
# name 10 = T2-T190C: Temperature Difference, 2 - 1 [ITS-90, deg C]
# name 11 = potemp090C: Potential Temperature [ITS-90, deg C]
# name 12 = potemp190C: Potential Temperature, 2 [ITS-90, deg C]
# name 13 = potemp90Cdiff: Potential Temperature, Diff, 2 - 1 [ITS-90, deg C]
# name 14 = c0S/m: Conductivity [S/m]
# name 15 = c1S/m: Conductivity, 2 [S/m]
# name 16 = C2-C1S/m: Conductivity Difference, 2 - 1 [S/m]
# name 17 = sal00: Salinity, Practical [PSU]
# name 18 = sal11: Salinity, Practical, 2 [PSU]
# name 19 = sbeox0ML/L: Oxygen, SBE 43 [ml/l]
# name 20 = sigma-é00: Density [sigma-theta, kg/m^3]
# name 21 = sigma-é11: Density, 2 [sigma-theta, kg/m^3]
# name 22 = sal00: Salinity, Practical [PSU]
# name 23 = sigma-é00: Density [sigma-theta, kg/m^3]
# name 24 = svCM: Sound Velocity [Chen-Millero, m/s]
# name 25 = svCM1: Sound Velocity, 2 [Chen-Millero, m/s]
# name 26 = gsw_ptA0: potential temperature [ITS-90, deg C]
# name 27 = gsw_densityA0: density, TEOS-10 [density, kg/m^3]
# name 28 = gsw_saA0: Absolute Salinity [g/kg]
# name 29 = flag:
# span 0 =       2376,      18947       
# span 1 = 311.955104, 311.963095       
# span 2 =  -62.31349,  -62.31195       
# span 3 =  -58.52627,  -58.51479       
# span 4 =     -0.096,      1.117       
# span 5 =       0.00,    1450.34       
# span 6 =      4.000,    429.000       
# span 7 =      4.058,    424.435       
# span 8 =    -0.6479,     0.1639       
# span 9 =    -0.6466,     0.1645       
# span 10 =    -0.0068,     0.0346      
# span 11 =    -0.6579,     0.1490      
# span 12 =    -0.6567,     0.1496      
# span 13 =    -0.0067,     0.0345      
# span 14 =   2.799025,   2.897280      
# span 15 =   2.798995,   2.897271      
# span 16 =  -0.000600,   0.003154      
# span 17 =    34.2862,    34.5123      
# span 18 =    34.2853,    34.5107      
# span 19 =     5.6397,     7.6158      
# span 20 =    27.5585,    27.7265      
# span 21 =    27.5578,    27.7280      
# span 22 =    34.2864,    34.5097      
# span 23 =    27.5588,    27.7262      
# span 24 =    1445.47,    1455.36      
# span 25 =    1445.48,    1455.37      
# span 26 =    -0.6576,     0.1491      
# span 27 =  1027.5842,  1029.7761      
# span 28 =    34.4482,    34.6784      
# span 29 = 0.0000e+00, 0.0000e+00      
# interval = decibars: 1                
# start_time = Nov 07 2023 22:53:42 [NMEA time, header]
# bad_flag = -9.990e-29
*END*
[from data line 97]
       5723 311.956718  -62.31230  -58.52412      0.879    1446.10    101.000    100.005    -0.6276    -0.6264     0.0012    -0.6306    -0.6294     0.0012   2.803556   2.803599   0.000039    34.3122    34.3113     7.2682    27.5809    27.5802    34.3117    27.5805    1446.95    1446.95    -0.6306  1028.0688    34.4781 0.0000e+00
       5754 311.956733  -62.31230  -58.52409      0.783    1446.10    102.000    100.995    -0.6330    -0.6318     0.0012    -0.6361    -0.6349     0.0012   2.803143   2.803145   0.000002    34.3119    34.3106     7.2748    27.5809    27.5798    34.3116    27.5807    1446.94    1446.94    -0.6360  1028.0738    34.4781 0.0000e+00
       5784 311.956747  -62.31231  -58.52408      0.782    1446.10    103.000    101.985    -0.6224    -0.6230    -0.0006    -0.6255    -0.6261    -0.0006   2.804213   2.804122  -0.000124    34.3111    34.3101     7.2808    27.5798    27.5791    34.3134    27.5817    1447.01    1447.00    -0.6254  1028.0795    34.4799 0.0000e+00
       5819 311.956764  -62.31232  -58.52406      0.721    1446.10    104.000    102.975    -0.5957    -0.5949     0.0007    -0.5988    -0.5981     0.0007   2.806642   2.806623   0.000029    34.3138    34.3134     7.2878    27.5809    27.5805    34.3153    27.5820    1447.15    1447.15    -0.5988  1028.0845    34.4818 0.0000e+00
       5853 311.956780  -62.31232  -58.52403      0.686    1446.10    105.000    103.965    -0.6029    -0.6010     0.0019    -0.6060    -0.6042     0.0019   2.806123   2.806163   0.000026    34.3163    34.3145     7.2954    27.5832    27.5817    34.3158    27.5828    1447.14    1447.14    -0.6060  1028.0901    34.4823 0.0000e+00
       5883 311.956795  -62.31232  -58.52400      0.783    1446.10    106.000    104.952    -0.6135    -0.6127     0.0008    -0.6167    -0.6159     0.0008   2.805229   2.805176  -0.000065    34.3152    34.3135     7.2507    27.5828    27.5814    34.3152    27.5828    1447.10    1447.10    -0.6166  1028.0949    34.4817 0.0000e+00
       5917 311.956812  -62.31232  -58.52399      0.728    1446.10    107.000    105.946    -0.6041    -0.6060    -0.0019    -0.6074    -0.6093    -0.0019   2.806095   2.805851  -0.000234    34.3145    34.3135     7.2208    27.5818    27.5810    34.3156    27.5827    1447.16    1447.15    -0.6073  1028.0996    34.4822 0.0000e+00
       5958 311.956831  -62.31232  -58.52396      0.580    1446.10    108.000    106.934    -0.6016    -0.5999     0.0017    -0.6049    -0.6032     0.0017   2.806396   2.806408   0.000011    34.3161    34.3143     7.2278    27.5830    27.5815    34.3162    27.5831    1447.19    1447.20    -0.6048  1028.1048    34.4828 0.0000e+00
       5993 311.956848  -62.31234  -58.52395      0.670    1446.10    109.000    107.924    -0.6033    -0.6025     0.0008    -0.6066    -0.6058     0.0008   2.806286   2.806249  -0.000038    34.3157    34.3142     7.2362    27.5827    27.5815    34.3160    27.5830    1447.20    1447.20    -0.6065  1028.1095    34.4826 0.0000e+00
       6024 311.956863  -62.31234  -58.52393      0.763    1446.10    110.000    108.914    -0.6035    -0.6025     0.0009    -0.6068    -0.6059     0.0009   2.806299   2.806304  -0.000009    34.3153    34.3142     7.2236    27.5825    27.5815    34.3158    27.5828    1447.21    1447.22    -0.6067  1028.1140    34.4823 0.0000e+00
       6058 311.956880  -62.31234  -58.52390      0.714    1446.10    111.000    109.904    -0.5967    -0.5953     0.0013    -0.6000    -0.5987     0.0013   2.806951   2.806986   0.000054    34.3155    34.3147     7.2267    27.5823    27.5816    34.3162    27.5829    1447.26    1447.27    -0.6000  1028.1189    34.4828 0.0000e+00
       6093 311.956896  -62.31234  -58.52387      0.677    1446.10    112.000    110.894    -0.5993    -0.5998    -0.0005    -0.6027    -0.6032    -0.0005   2.806770   2.806625  -0.000141    34.3162    34.3148     7.2298    27.5829    27.5819    34.3161    27.5829    1447.27    1447.26    -0.6026  1028.1237    34.4828 0.0000e+00
       6123 311.956911  -62.31234  -58.52386      0.762    1446.10    113.000    111.884    -0.5928    -0.5943    -0.0015    -0.5962    -0.5977    -0.0015   2.807339   2.807203  -0.000140    34.3144    34.3142     7.2279    27.5813    27.5812    34.3158    27.5824    1447.31    1447.30    -0.5961  1028.1279    34.4824 0.0000e+00
       6150 311.956924  -62.31234  -58.52384      0.857    1446.10    114.000    112.874    -0.5843    -0.5828     0.0015    -0.5878    -0.5863     0.0015   2.808211   2.808261   0.000052    34.3164    34.3154     7.2163    27.5825    27.5816    34.3174    27.5833    1447.37    1447.38    -0.5877  1028.1336    34.4840 0.0000e+00
       6175 311.956936  -62.31236  -58.52382      0.946    1446.10    115.000    113.863    -0.5868    -0.5851     0.0017    -0.5903    -0.5886     0.0017   2.808110   2.808120  -0.000021    34.3181    34.3159     7.2104    27.5840    27.5821    34.3182    27.5841    1447.37    1447.38    -0.5902  1028.1392    34.4849 0.0000e+00
       6200 311.956948  -62.31236  -58.52380      0.981    1446.10    116.000    114.853    -0.5956    -0.5924     0.0032    -0.5991    -0.5959     0.0032   2.807345   2.807463   0.000143    34.3179    34.3161     7.2035    27.5842    27.5826    34.3172    27.5837    1447.35    1447.36    -0.5990  1028.1436    34.4839 0.0000e+00
       6232 311.956963  -62.31236  -58.52379      0.803    1446.10    117.000    115.843    -0.5908    -0.5919    -0.0011    -0.5943    -0.5954    -0.0011   2.807827   2.807647  -0.000183    34.3167    34.3154     7.1916    27.5830    27.5820    34.3176    27.5838    1447.39    1447.38    -0.5943  1028.1485    34.4843 0.0000e+00
       6273 311.956983  -62.31236  -58.52376      0.579    1446.10    118.000    116.833    -0.5870    -0.5854     0.0016    -0.5906    -0.5890     0.0016   2.808249   2.808244  -0.000003    34.3180    34.3162     7.1879    27.5839    27.5823    34.3185    27.5843    1447.42    1447.43    -0.5905  1028.1537    34.4851 0.0000e+00
       6304 311.956998  -62.31236  -58.52374      0.709    1446.10    119.000    117.823    -0.5859    -0.5828     0.0031    -0.5896    -0.5865     0.0031   2.808339   2.808545   0.000158    34.3177    34.3162     7.1909    27.5836    27.5823    34.3178    27.5837    1447.44    1447.46    -0.5895  1028.1580    34.4845 0.0000e+00
       6332 311.957011  -62.31236  -58.52373      0.851    1446.10    120.000    118.813    -0.5787    -0.5783     0.0005    -0.5824    -0.5820     0.0005   2.809012   2.809013   0.000036    34.3170    34.3170     7.1869    27.5828    27.5827    34.3181    27.5837    1447.49    1447.50    -0.5823  1028.1626    34.4849 0.0000e+00
       6363 311.957026  -62.31237  -58.52371      0.803    1446.10    121.000    119.802    -0.5752    -0.5752    -0.0001    -0.5789    -0.5790    -0.0001   2.809376   2.809324  -0.000043    34.3176    34.3171     7.1847    27.5831    27.5827    34.3184    27.5837    1447.53    1447.53    -0.5788  1028.1675    34.4852 0.0000e+00
       6396 311.957043  -62.31238  -58.52369      0.716    1446.10    122.000    120.792    -0.5719    -0.5719     0.0000    -0.5757    -0.5756     0.0000   2.809714   2.809700  -0.000017    34.3182    34.3179     7.1851    27.5834    27.5832    34.3187    27.5838    1447.56    1447.56    -0.5756  1028.1723    34.4854 0.0000e+00
       6426 311.957057  -62.31238  -58.52367      0.774    1446.40    123.000    121.782    -0.5768    -0.5736     0.0032    -0.5806    -0.5774     0.0032   2.809451   2.809573   0.000134    34.3198    34.3180     7.1750    27.5849    27.5833    34.3200    27.5851    1447.55    1447.57    -0.5805  1028.1784    34.4868 0.0000e+00
       6455 311.957071  -62.31238  -58.52365      0.829    1446.54    124.000    122.772    -0.5754    -0.5753     0.0001    -0.5792    -0.5791     0.0001   2.809568   2.809492  -0.000072    34.3190    34.3180     7.1715    27.5842    27.5834    34.3193    27.5845    1447.58    1447.58    -0.5791  1028.1826    34.4861 0.0000e+00
       6488 311.957087  -62.31238  -58.52362      0.757    1446.54    125.000    123.761    -0.5775    -0.5776    -0.0001    -0.5813    -0.5814    -0.0001   2.809362   2.809301  -0.000078    34.3185    34.3176     7.1758    27.5839    27.5832    34.3184    27.5838    1447.58    1447.58    -0.5813  1028.1867    34.4851 0.0000e+00
       6527 311.957105  -62.31238  -58.52359      0.630    1446.54    126.000    124.751    -0.5783    -0.5774     0.0008    -0.5821    -0.5813     0.0008   2.809369   2.809385   0.000016    34.3183    34.3176     7.1712    27.5838    27.5832    34.3187    27.5841    1447.60    1447.60    -0.5821  1028.1918    34.4855 0.0000e+00
       6563 311.957123  -62.31240  -58.52356      0.647    1446.54    127.000    125.741    -0.5669    -0.5659     0.0010    -0.5708    -0.5698     0.0010   2.810479   2.810503   0.000027    34.3189    34.3181     7.1724    27.5838    27.5831    34.3202    27.5848    1447.67    1447.67    -0.5707  1028.1972    34.4870 0.0000e+00
       6594 311.957138  -62.31240  -58.52355      0.749    1446.54    128.000    126.731    -0.5590    -0.5600    -0.0010    -0.5629    -0.5639    -0.0010   2.811255   2.811124  -0.000119    34.3197    34.3193     7.1847    27.5841    27.5838    34.3210    27.5852    1447.72    1447.71    -0.5629  1028.2023    34.4879 0.0000e+00
       6620 311.957151  -62.31240  -58.52354      0.864    1446.54    129.000    127.721    -0.5502    -0.5538    -0.0036    -0.5542    -0.5578    -0.0036   2.812132   2.811806  -0.000310    34.3204    34.3203     7.1730    27.5843    27.5843    34.3223    27.5858    1447.78    1447.76    -0.5541  1028.2077    34.4891 0.0000e+00
       6648 311.957164  -62.31240  -58.52353      0.902    1446.54    130.000    128.711    -0.5452    -0.5436     0.0016    -0.5492    -0.5476     0.0016   2.812767   2.812788   0.000019    34.3235    34.3219     7.1576    27.5865    27.5852    34.3246    27.5874    1447.82    1447.83    -0.5491  1028.2140    34.4914 0.0000e+00
       6681 311.957180  -62.31240  -58.52350      0.750    1446.54    131.000    129.700    -0.5398    -0.5398    -0.0000    -0.5438    -0.5439    -0.0000   2.813304   2.813244  -0.000075    34.3239    34.3229     7.1354    27.5865    27.5858    34.3250    27.5875    1447.86    1447.86    -0.5438  1028.2189    34.4919 0.0000e+00
       6718 311.957198  -62.31240  -58.52347      0.653    1446.54    132.000    130.690    -0.5390    -0.5379     0.0011    -0.5431    -0.5420     0.0011   2.813452   2.813437  -0.000028    34.3249    34.3233     7.1109    27.5874    27.5860    34.3255    27.5879    1447.88    1447.89    -0.5430  1028.2222    34.4901 0.0000e+00
       6754 311.957215 -9.990e-29  -58.52344      0.663    1446.54    133.000    131.680    -0.5424    -0.5424     0.0001    -0.5466    -0.5465     0.0001   2.813202   2.813100  -0.000097    34.3252    34.3238     7.0877    27.5878    27.5866    34.3254    27.5880    1447.89    1447.88    -0.5465  1028.2249    34.4873 0.0000e+00
       6790 311.957232 -9.990e-29  -58.52341      0.668    1446.54    134.000    132.670    -0.5418    -0.5405     0.0012    -0.5459    -0.5447     0.0012   2.813319   2.813330   0.000021    34.3248    34.3237     7.0868    27.5875    27.5865    34.3256    27.5881    1447.90    1447.91    -0.5459  1028.2298    34.4875 0.0000e+00
       6823 311.957248  -62.31242  -58.52340      0.710    1446.54    135.000    133.659    -0.5313    -0.5346    -0.0033    -0.5355    -0.5388    -0.0033   2.814296   2.813977  -0.000315    34.3249    34.3245     7.0907    27.5871    27.5869    34.3263    27.5882    1447.97    1447.95    -0.5354  1028.2371    34.4913 0.0000e+00
       6857 311.957264  -62.31242  -58.52337      0.724    1446.54    136.000    134.649    -0.5304    -0.5290     0.0014    -0.5347    -0.5332     0.0014   2.814446   2.814478   0.000026    34.3265    34.3252     7.0909    27.5883    27.5872    34.3267    27.5885    1447.99    1448.00    -0.5346  1028.2437    34.4937 0.0000e+00
       6888 311.957280  -62.31242  -58.52336      0.744    1446.54    137.000    135.639    -0.5325    -0.5324     0.0001    -0.5368    -0.5366     0.0001   2.814321   2.814235  -0.000067    34.3262    34.3252     7.0855    27.5882    27.5873    34.3268    27.5886    1448.00    1448.00    -0.5367  1028.2486    34.4937 0.0000e+00
       6920 311.957295  -62.31242  -58.52334      0.764    1446.54    138.000    136.628    -0.5194    -0.5261    -0.0068    -0.5237    -0.5304    -0.0067   2.815637   2.815047  -0.000600    34.3255    34.3251     7.0689    27.5870    27.5870    34.3290    27.5899    1448.08    1448.05    -0.5236  1028.2546    34.4960 0.0000e+00
       6954 311.957312  -62.31243  -58.52332      0.715    1446.54    139.000    137.618    -0.4672    -0.4696    -0.0025    -0.4716    -0.4741    -0.0025   2.820330   2.820201  -0.000101    34.3284    34.3298     7.0649    27.5870    27.5883    34.3324    27.5903    1448.34    1448.33    -0.4715  1028.2595    34.4994 0.0000e+00
       6988 311.957328  -62.31244  -58.52329      0.699    1446.54    140.000    138.608    -0.4585    -0.4579     0.0007    -0.4630    -0.4623     0.0007   2.821525   2.821595   0.000055    34.3352    34.3351     7.0601    27.5921    27.5920    34.3381    27.5944    1448.41    1448.41    -0.4629  1028.2684    34.5051 0.0000e+00
       7026 311.957346  -62.31244  -58.52325      0.657    1446.54    141.000    139.598    -0.4518    -0.4537    -0.0020    -0.4563    -0.4582    -0.0020   2.822339   2.822057  -0.000272    34.3384    34.3370     7.0056    27.5944    27.5934    34.3408    27.5963    1448.46    1448.45    -0.4562  1028.2750    34.5078 0.0000e+00
       7067 311.957366  -62.31244  -58.52322      0.572    1446.54    142.000    140.587    -0.4439    -0.4445    -0.0006    -0.4485    -0.4491    -0.0006   2.823231   2.823093  -0.000155    34.3406    34.3393     6.9392    27.5958    27.5948    34.3432    27.5979    1448.51    1448.51    -0.4484  1028.2813    34.5102 0.0000e+00
       7102 311.957383  -62.31244  -58.52321      0.664    1446.54    143.000    141.577    -0.4290    -0.4295    -0.0005    -0.4336    -0.4342    -0.0005   2.824775   2.824693  -0.000082    34.3437    34.3432     6.9187    27.5977    27.5973    34.3465    27.5999    1448.60    1448.60    -0.4335  1028.2880    34.5136 0.0000e+00
       7132 311.957397  -62.31246  -58.52320      0.776    1446.54    144.000    142.567    -0.4230    -0.4227     0.0003    -0.4277    -0.4273     0.0003   2.825539   2.825500  -0.000034    34.3472    34.3463     6.9107    27.6002    27.5995    34.3493    27.6020    1448.65    1448.65    -0.4276  1028.2948    34.5165 0.0000e+00
       7163 311.957412  -62.31244  -58.52317      0.782    1446.54    145.000    143.556    -0.4209    -0.4209     0.0000    -0.4255    -0.4255     0.0000   2.825893   2.825788  -0.000110    34.3491    34.3477     6.8850    27.6017    27.6005    34.3511    27.6032    1448.68    1448.68    -0.4255  1028.3008    34.5182 0.0000e+00
       7197 311.957428  -62.31245  -58.52315      0.731    1446.54    146.000    144.546    -0.4165    -0.4171    -0.0006    -0.4212    -0.4219    -0.0006   2.826398   2.826256  -0.000133    34.3505    34.3495     6.8681    27.6026    27.6018    34.3523    27.6040    1448.72    1448.71    -0.4211  1028.3064    34.5194 0.0000e+00
       7233 311.957446  -62.31246  -58.52312      0.679    1446.54    147.000    145.536    -0.4139    -0.4146    -0.0006    -0.4187    -0.4193    -0.0006   2.826694   2.826577  -0.000129    34.3516    34.3505     6.8436    27.6033    27.6025    34.3527    27.6042    1448.75    1448.74    -0.4186  1028.3114    34.5198 0.0000e+00
       7274 311.957466  -62.31246  -58.52310      0.593    1446.54    148.000    146.526    -0.4132    -0.4131     0.0001    -0.4179    -0.4179     0.0001   2.826899   2.826815  -0.000085    34.3528    34.3515     6.8239    27.6043    27.6033    34.3540    27.6052    1448.77    1448.77    -0.4179  1028.3171    34.5211 0.0000e+00
