Pos-Processados/process_op42/Processamento_split/down/doperantar42_002.cnv
* Sea-Bird SBE 9 Data File:
* FileName = C:\Users\Hidrografia\Desktop\OPXLII\Brutos\OP42002.hdr
* Software Version Seasave V 7.26.7.107
* Temperature SN = 6502
* Conductivity SN = 4998
* Number of Bytes Per Scan = 37
* Number of Voltage Words = 4
* Number of Scans Averaged by the Deck Unit = 1
* NMEA Latitude = 37 53.44 S
* NMEA Longitude = 051 46.15 W
* NMEA UTC (Time) = Oct 16 2023 08:29:02
* NMEA baud rate = 4800
** H41
** NPOALTEMAXIMIANO
** NUMERO DA ESTACAO (XXX) 002
** LAT (XX XX.XX S/N) 37 53.431 S
** LONG (XXX XX.XX W/E) 51 48.140 W
** DATAHORA (dd/mm/aaaa hh:mm Z) 16/10/2023 0828Z
** PROFUNDIDADE (m) 4384
** OPERADOR CT FILIPE LOPES
# nquan = 30
# nvalues = 1007                        
# units = specified
# name 0 = scan: Scan Count
# name 1 = timeJ: Julian Days
# name 2 = latitude: Latitude [deg]
# name 3 = longitude: Longitude [deg]
# name 4 = dz/dtM: Descent Rate [m/s]
# name 5 = avgsvCM: Average Sound Velocity [Chen-Millero, m/s]
# name 6 = prDM: Pressure, Digiquartz [db]
# name 7 = depSM: Depth [salt water, m]
# name 8 = t090C: Temperature [ITS-90, deg C]
# name 9 = t190C: Temperature, 2 [ITS-90, deg C]
# name 10 = T2-T190C: Temperature Difference, 2 - 1 [ITS-90, deg C]
# name 11 = potemp090C: Potential Temperature [ITS-90, deg C]
# name 12 = potemp190C: Potential Temperature, 2 [ITS-90, deg C]
# name 13 = potemp90Cdiff: Potential Temperature, Diff, 2 - 1 [ITS-90, deg C]
# name 14 = c0S/m: Conductivity [S/m]
# name 15 = c1S/m: Conductivity, 2 [S/m]
# name 16 = C2-C1S/m: Conductivity Difference, 2 - 1 [S/m]
# name 17 = sal00: Salinity, Practical [PSU]
# name 18 = sal11: Salinity, Practical, 2 [PSU]
# name 19 = sbeox0ML/L: Oxygen, SBE 43 [ml/l]
# name 20 = sigma-é00: Density [sigma-theta, kg/m^3]
# name 21 = sigma-é11: Density, 2 [sigma-theta, kg/m^3]
# name 22 = sal00: Salinity, Practical [PSU]
# name 23 = sigma-é00: Density [sigma-theta, kg/m^3]
# name 24 = svCM: Sound Velocity [Chen-Millero, m/s]
# name 25 = svCM1: Sound Velocity, 2 [Chen-Millero, m/s]
# name 26 = gsw_ptA0: potential temperature [ITS-90, deg C]
# name 27 = gsw_densityA0: density, TEOS-10 [density, kg/m^3]
# name 28 = gsw_saA0: Absolute Salinity [g/kg]
# name 29 = flag:
# span 0 =       6219,      38356       
# span 1 = 289.356494, 289.371992       
# span 2 =  -37.89813,  -37.89182       
# span 3 =  -51.77796,  -51.77083       
# span 4 =     -0.036,      1.612       
# span 5 =       0.00,    1518.61       
# span 6 =      5.000,   1011.000       
# span 7 =      4.959,   1001.013       
# span 8 =     4.6510,    18.1866       
# span 9 =     4.6531,    18.1874       
# span 10 =    -0.0446,     0.0417      
# span 11 =     4.5699,    18.1744      
# span 12 =     4.5720,    18.1752      
# span 13 =    -0.0445,     0.0416      
# span 14 =   3.290534,   4.757839      
# span 15 =   3.290670,   4.758249      
# span 16 =  -0.006880,   0.004659      
# span 17 =    34.1283,    36.2478      
# span 18 =    34.1287,    36.2497      
# span 19 =     4.4790,     6.2347      
# span 20 =    26.1674,    27.1001      
# span 21 =    26.1688,    27.0935      
# span 22 =    34.1278,    36.2480      
# span 23 =    26.1675,    27.0937      
# span 24 =    1482.69,    1519.30      
# span 25 =    1482.70,    1519.30      
# span 26 =     4.5697,    18.1744      
# span 27 =  1026.1967,  1031.7355      
# span 28 =    34.2902,    36.4191      
# span 29 = 0.0000e+00, 0.0000e+00      
# interval = decibars: 1                
# start_time = Oct 16 2023 08:29:02 [NMEA time, header]
# bad_flag = -9.990e-29
*END*
[from data line 146]
      12746 289.359642 -9.990e-29  -51.77250      1.129    1518.61    151.000    149.817    17.2306    17.2299    -0.0007    17.2053    17.2046    -0.0007   4.637501   4.636901  -0.000591    36.0333    36.0288     5.1926    26.2583    26.2550    36.0267    26.2532    1517.20    1517.19    17.2053  1026.9149    36.1973 0.0000e+00
      12775 289.359656  -37.89286  -51.77250      0.952    1518.61    152.000    150.808    17.2118    17.2122     0.0004    17.1863    17.1868     0.0004   4.635583   4.635332  -0.000291    36.0302    36.0272     5.1792    26.2605    26.2581    36.0264    26.2576    1517.16    1517.16    17.1863  1026.9234    36.1967 0.0000e+00
      12816 289.359676  -37.89286  -51.77250      0.583    1518.61    153.000    151.801    17.2102    17.2100    -0.0002    17.1846    17.1843    -0.0002   4.635064   4.635285   0.000214    36.0257    36.0278     5.1832    26.2575    26.2592    36.0228    26.2553    1517.17    1517.17    17.1846  1026.9254    36.1930 0.0000e+00
      12850 289.359692  -37.89286  -51.77252      0.658    1518.61    154.000    152.792    17.2160    17.2184     0.0024    17.1902    17.1926     0.0024   4.636292   4.637251   0.000831    36.0267    36.0318     5.2046    26.2569    26.2602    36.0280    26.2579    1517.21    1517.22    17.1902  1026.9323    36.1981 0.0000e+00
      12874 289.359703  -37.89286  -51.77252      0.876    1518.48    155.000    153.784    17.2669    17.2687     0.0018    17.2409    17.2427     0.0018   4.643484   4.644793   0.001415    36.0419    36.0526     5.1902    26.2563    26.2641    36.0448    26.2586    1517.40    1517.41    17.2409  1026.9372    36.2150 0.0000e+00
      12893 289.359713  -37.89288 -9.990e-29      1.090    1518.48    156.000    154.776    17.2866    17.2878     0.0012    17.2604    17.2616     0.0012   4.646830   4.647408   0.000615    36.0549    36.0592     5.1872    26.2616    26.2646    36.0561    26.2625    1517.48    1517.49    17.2604  1026.9453    36.2263 0.0000e+00
      12911 289.359721  -37.89288 -9.990e-29      1.255    1518.48    157.000    155.768    17.2874    17.2889     0.0015    17.2611    17.2625     0.0015   4.647300   4.647699   0.000423    36.0594    36.0618     5.1895    26.2649    26.2664    36.0590    26.2646    1517.51    1517.51    17.2611  1026.9517    36.2292 0.0000e+00
      12931 289.359731  -37.89288 -9.990e-29      1.292    1518.48    158.000    156.759    17.2792    17.2795     0.0002    17.2527    17.2530     0.0002   4.646589   4.646862   0.000250    36.0604    36.0624     5.1824    26.2677    26.2691    36.0597    26.2672    1517.50    1517.50    17.2527  1026.9587    36.2300 0.0000e+00
      12960 289.359745  -37.89288  -51.77254      0.999    1518.48    159.000    157.751    17.2576    17.2527    -0.0049    17.2309    17.2260    -0.0049   4.644486   4.643914  -0.000481    36.0625    36.0626     5.1793    26.2745    26.2758    36.0604    26.2729    1517.45    1517.44    17.2309  1026.9689    36.2306 0.0000e+00
      13000 289.359764  -37.89288  -51.77255      0.585    1518.48    160.000    158.743    17.2243    17.2223    -0.0019    17.1975    17.1955    -0.0019   4.640285   4.640157  -0.000176    36.0562    36.0563     5.1723    26.2778    26.2784    36.0531    26.2754    1517.36    1517.36    17.1975  1026.9758    36.2234 0.0000e+00
      13034 289.359780  -37.89289  -51.77256      0.667    1518.48    161.000    159.734    17.1898    17.1901     0.0004    17.1628    17.1632     0.0004   4.635923   4.635947   0.000013    36.0491    36.0488     5.1640    26.2807    26.2804    36.0455    26.2779    1517.27    1517.27    17.1628  1026.9828    36.2157 0.0000e+00
      13059 289.359793  -37.89290  -51.77258      0.860    1518.48    162.000    160.726    17.1752    17.1757     0.0006    17.1481    17.1486     0.0006   4.634090   4.634250   0.000148    36.0448    36.0456     5.1539    26.2809    26.2814    36.0421    26.2789    1517.24    1517.24    17.1481  1026.9882    36.2123 0.0000e+00
      13082 289.359804  -37.89290  -51.77258      0.998    1518.48    163.000    161.718    17.1655    17.1659     0.0005    17.1382    17.1387     0.0005   4.632963   4.633101   0.000145    36.0435    36.0444     5.1384    26.2823    26.2829    36.0405    26.2800    1517.22    1517.23    17.1383  1026.9937    36.2108 0.0000e+00
      13110 289.359817  -37.89290  -51.77258      0.959    1518.48    164.000    162.710    17.1503    17.1511     0.0008    17.1228    17.1237     0.0008   4.631303   4.631404   0.000094    36.0419    36.0420     5.1448    26.2848    26.2847    36.0393    26.2828    1517.19    1517.20    17.1229  1027.0008    36.2095 0.0000e+00
      13145 289.359834  -37.89291  -51.77258      0.702    1518.48    165.000    163.702    17.1439    17.1444     0.0005    17.1164    17.1168     0.0005   4.630313   4.630595   0.000271    36.0380    36.0399     5.1423    26.2833    26.2847    36.0359    26.2817    1517.19    1517.19    17.1164  1027.0041    36.2061 0.0000e+00
      13180 289.359851  -37.89292  -51.77258      0.665    1518.48    166.000    164.693    17.1387    17.1389     0.0002    17.1110    17.1112     0.0002   4.629678   4.629904   0.000221    36.0366    36.0384     5.1305    26.2836    26.2849    36.0346    26.2821    1517.19    1517.19    17.1110  1027.0088    36.2048 0.0000e+00
      13206 289.359864  -37.89292  -51.77260      0.827    1518.48    167.000    165.685    17.1294    17.1298     0.0004    17.1015    17.1019     0.0004   4.628542   4.628696   0.000177    36.0350    36.0363     5.1209    26.2847    26.2855    36.0326    26.2828    1517.17    1517.18    17.1015  1027.0139    36.2028 0.0000e+00
      13228 289.359874  -37.89292  -51.77260      1.009    1518.48    168.000    166.677    17.1142    17.1153     0.0011    17.0862    17.0872     0.0011   4.626619   4.626709   0.000139    36.0330    36.0333     5.1222    26.2868    26.2867    36.0290    26.2837    1517.14    1517.14    17.0862  1027.0192    36.1992 0.0000e+00
      13250 289.359885  -37.89292  -51.77260      1.103    1518.48    169.000    167.668    17.0635    17.0621    -0.0014    17.0353    17.0339    -0.0014   4.620971   4.619945  -0.000983    36.0312    36.0238     5.1376    26.2976    26.2923    36.0246    26.2925    1517.00    1516.99    17.0353  1027.0326    36.1947 0.0000e+00
      13286 289.359902  -37.89293  -51.77262      0.775    1518.48    170.000    168.660    17.0319    17.0271    -0.0048    17.0036    16.9988    -0.0048   4.617091   4.616008  -0.001118    36.0225    36.0170     5.1304    26.2985    26.2955    36.0185    26.2955    1516.92    1516.90    17.0036  1027.0399    36.1886 0.0000e+00
      13334 289.359925  -37.89294  -51.77263      0.453    1518.48    171.000    169.652    17.0172    17.0164    -0.0009    16.9888    16.9879    -0.0009   4.614409   4.614536   0.000144    36.0113    36.0133     5.1292    26.2934    26.2952    36.0077    26.2907    1516.87    1516.88    16.9888  1027.0396    36.1778 0.0000e+00
      13364 289.359940  -37.89294  -51.77264      0.695    1518.48    172.000    170.643    16.9947    16.9943    -0.0003    16.9661    16.9658    -0.0003   4.611665   4.611650  -0.000016    36.0079    36.0080     5.1234    26.2962    26.2964    36.0035    26.2929    1516.82    1516.82    16.9661  1027.0464    36.1738 0.0000e+00
      13387 289.359951 -9.990e-29  -51.77264      0.951    1518.48    173.000    171.635    16.9461    16.9435    -0.0027    16.9174    16.9148    -0.0026   4.605768   4.604775  -0.000919    36.0045    35.9988     5.1294    26.3053    26.3015    35.9949    26.2979    1516.68    1516.67    16.9175  1027.0562    36.1656 0.0000e+00
      13407 289.359960 -9.990e-29  -51.77265      1.129    1518.48    174.000    172.627    16.9023    16.8992    -0.0031    16.8734    16.8704    -0.0031   4.600003   4.599399  -0.000707    35.9906    35.9872     5.1335    26.3051    26.3032    35.9832    26.2994    1516.55    1516.54    16.8735  1027.0623    36.1538 0.0000e+00
      13431 289.359972 -9.990e-29  -51.77266      1.101    1518.48    175.000    173.619    16.8426    16.8439     0.0013    16.8137    16.8150     0.0013   4.592521   4.591792  -0.000638    35.9808    35.9740     5.1215    26.3118    26.3063    35.9705    26.3039    1516.38    1516.37    16.8137  1027.0713    36.1411 0.0000e+00
      13465 289.359988  -37.89296  -51.77266      0.760    1518.48    176.000    174.610    16.7542    16.7518    -0.0024    16.7252    16.7228    -0.0024   4.581181   4.580348  -0.000864    35.9607    35.9553     5.0877    26.3174    26.3138    35.9496    26.3089    1516.10    1516.09    16.7253  1027.0807    36.1199 0.0000e+00
      13496 289.360003  -37.89296  -51.77266      0.714    1518.48    177.000    175.602    16.6974    16.6988     0.0014    16.6684    16.6698     0.0014   4.573539   4.573481  -0.000129    35.9412    35.9389     5.0708    26.3159    26.3137    35.9328    26.3094    1515.93    1515.93    16.6684  1027.0854    36.1025 0.0000e+00
      13520 289.360015  -37.89296  -51.77268      0.901    1518.48    178.000    176.594    16.6750    16.6758     0.0008    16.6459    16.6466     0.0008   4.570374   4.570284  -0.000036    35.9344    35.9334     5.0772    26.3159    26.3150    35.9246    26.3084    1515.87    1515.87    16.6459  1027.0889    36.0943 0.0000e+00
      13543 289.360026  -37.89298  -51.77268      1.026    1518.48    179.000    177.585    16.6402    16.6418     0.0016    16.6109    16.6125     0.0016   4.566137   4.566245   0.000044    35.9256    35.9245     5.0604    26.3174    26.3163    35.9181    26.3117    1515.77    1515.78    16.6109  1027.0966    36.0877 0.0000e+00
      13570 289.360039  -37.89298  -51.77268      0.970    1518.48    180.000    178.577    16.6379    16.6390     0.0010    16.6085    16.6095     0.0010   4.565632   4.565942   0.000303    35.9208    35.9226     5.0585    26.3143    26.3154    35.9153    26.3101    1515.78    1515.78    16.6085  1027.0997    36.0853 0.0000e+00
      13603 289.360055 -9.990e-29  -51.77269      0.746    1518.48    181.000    179.569    16.6347    16.6346    -0.0001    16.6050    16.6050    -0.0001   4.565259   4.565438   0.000183    35.9195    35.9211     5.0612    26.3141    26.3154    35.9145    26.3103    1515.79    1515.79    16.6051  1027.1046    36.0849 0.0000e+00
      13633 289.360070 -9.990e-29  -51.77270      0.750    1518.48    182.000    180.560    16.6191    16.6189    -0.0002    16.5894    16.5892    -0.0002   4.563277   4.563235   0.000002    35.9168    35.9169     5.0639    26.3157    26.3159    35.9106    26.3110    1515.75    1515.75    16.5894  1027.1097    36.0810 0.0000e+00
      13657 289.360081 -9.990e-29  -51.77270      0.917    1518.48    183.000    181.552    16.5812    16.5819     0.0007    16.5513    16.5521     0.0007   4.558778   4.558620  -0.000209    35.9121    35.9096     5.0593    26.3211    26.3190    35.9045    26.3152    1515.64    1515.64    16.5514  1027.1184    36.0749 0.0000e+00
      13676 289.360090  -37.89300  -51.77271      1.113    1518.48    184.000    182.544    16.5651    16.5656     0.0004    16.5351    16.5355     0.0004   4.556542   4.556760   0.000195    35.9039    35.9053     5.0387    26.3186    26.3196    35.8988    26.3147    1515.61    1515.61    16.5351  1027.1217    36.0684 0.0000e+00
      13693 289.360099  -37.89300  -51.77272      1.269    1518.48    185.000    183.536    16.5569    16.5563    -0.0007    16.5267    16.5261    -0.0007   4.555371   4.555407   0.000088    35.9017    35.9030     5.0218    26.3189    26.3201    35.8954    26.3141    1515.59    1515.59    16.5267  1027.1254    36.0650 0.0000e+00
      13712 289.360108  -37.89300  -51.77272      1.320    1518.48    186.000    184.527    16.5240    16.5239    -0.0000    16.4937    16.4937    -0.0000   4.551499   4.551364  -0.000159    35.8977    35.8963     5.0181    26.3235    26.3225    35.8904    26.3179    1515.50    1515.50    16.4937  1027.1338    36.0599 0.0000e+00
      13737 289.360120  -37.89300  -51.77272      1.135    1518.48    187.000    185.519    16.5096    16.5096     0.0000    16.4791    16.4792     0.0000   4.550069   4.549699  -0.000347    35.8949    35.8918     5.0153    26.3248    26.3225    35.8902    26.3213    1515.48    1515.47    16.4791  1027.1415    36.0598 0.0000e+00
      13770 289.360135  -37.89300  -51.77274      0.767    1518.48    188.000    186.510    16.4967    16.4973     0.0005    16.4662    16.4667     0.0005   4.548040   4.548127   0.000047    35.8889    35.8888     5.0212    26.3233    26.3231    35.8834    26.3191    1515.45    1515.45    16.4662  1027.1437    36.0529 0.0000e+00
      13800 289.360150  -37.89301  -51.77274      0.755    1518.48    189.000    187.502    16.4759    16.4773     0.0014    16.4452    16.4466     0.0014   4.545232   4.545503   0.000277    35.8819    35.8831     5.0144    26.3228    26.3234    35.8769    26.3189    1515.39    1515.40    16.4452  1027.1480    36.0464 0.0000e+00
      13823 289.360161  -37.89302  -51.77275      0.929    1518.48    190.000    188.493    16.4528    16.4565     0.0037    16.4219    16.4256     0.0037   4.542411   4.542735   0.000340    35.8777    35.8774     4.9816    26.3251    26.3239    35.8723    26.3209    1515.33    1515.35    16.4219  1027.1544    36.0418 0.0000e+00
      13845 289.360172  -37.89302  -51.77276      1.056    1518.48    191.000    189.485    16.4442    16.4436    -0.0006    16.4132    16.4126    -0.0006   4.541266   4.541230  -0.000082    35.8738    35.8736     4.9733    26.3241    26.3240    35.8694    26.3207    1515.32    1515.32    16.4132  1027.1587    36.0389 0.0000e+00
      13872 289.360185  -37.89303  -51.77276      0.978    1518.48    192.000    190.475    16.4302    16.4367     0.0065    16.3990    16.4055     0.0065   4.539637   4.540359   0.000745    35.8716    35.8724     4.9739    26.3257    26.3248    35.8672    26.3223    1515.29    1515.31    16.3990  1027.1647    36.0367 0.0000e+00
      13911 289.360204  -37.89304  -51.77277      0.631    1518.48    193.000    191.470    16.3666    16.3570    -0.0096    16.3353    16.3258    -0.0096   4.531693   4.530363  -0.001330    35.8624    35.8592     4.9785    26.3335    26.3333    35.8536    26.3267    1515.10    1515.07    16.3354  1027.1736    36.0229 0.0000e+00
      13941 289.360218  -37.89304  -51.77278      0.703    1518.48    194.000    192.460    16.2898    16.2846    -0.0053    16.2586    16.2533    -0.0053   4.521397   4.520228  -0.001008    35.8440    35.8397     4.9853    26.3372    26.3352    35.8308    26.3271    1514.86    1514.83    16.2585  1027.1786    36.0000 0.0000e+00
      13961 289.360228  -37.89304  -51.77278      0.992    1518.48    195.000    193.452    16.1994    16.1891    -0.0104    16.1681    16.1578    -0.0104   4.510069   4.508244  -0.001796    35.8260    35.8194     4.9705    26.3445    26.3417    35.8110    26.3328    1514.57    1514.54    16.1681  1027.1891    35.9801 0.0000e+00
      13979 289.360236  -37.89304  -51.77278      1.228    1518.48    196.000    194.443    16.1295    16.1259    -0.0036    16.0981    16.0946    -0.0036   4.501422   4.500617  -0.000929    35.8104    35.8053     4.9477    26.3486    26.3455    35.7965    26.3379    1514.36    1514.35    16.0982  1027.1988    35.9656 0.0000e+00
      13998 289.360246  -37.89304  -51.77278      1.308    1518.48    197.000    195.435    16.0924    16.0917    -0.0006    16.0609    16.0603    -0.0006   4.496971   4.496552  -0.000410    35.7999    35.7968     4.9111    26.3491    26.3469    35.7899    26.3414    1514.26    1514.25    16.0609  1027.2068    35.9590 0.0000e+00
