Pos-Processados/process_op42/Processamento_split/down/doperantar42_005.cnv
* Sea-Bird SBE 9 Data File:
* FileName = C:\Users\Hidrografia\Desktop\OPXLII\Brutos\OP42005.hdr
* Software Version Seasave V 7.26.7.107
* Temperature SN = 6502
* Conductivity SN = 4998
* Number of Bytes Per Scan = 31
* Number of Voltage Words = 2
* Number of Scans Averaged by the Deck Unit = 1
* NMEA Latitude = 39 18.87 S
* NMEA Longitude = 053 09.31 W
* NMEA UTC (Time) = Oct 17 2023 00:39:31
* NMEA baud rate = 4800
** H41
** NPOALTEMAXIMIANO
** NUMERO DA ESTACAO (XXX) 005
** LAT (XX XX.XX S/N) 39 19.919 S
** LONG (XXX XX.XX W/E) 053 09.46 W
** DATAHORA (dd/mm/aaaa hh:mm Z) 17/10/2023 0025Z
** PROFUNDIDADE (m) 4727
** OPERADOR ZAMITH
# nquan = 30
# nvalues = 1003                        
# units = specified
# name 0 = scan: Scan Count
# name 1 = timeJ: Julian Days
# name 2 = latitude: Latitude [deg]
# name 3 = longitude: Longitude [deg]
# name 4 = dz/dtM: Descent Rate [m/s]
# name 5 = avgsvCM: Average Sound Velocity [Chen-Millero, m/s]
# name 6 = prDM: Pressure, Digiquartz [db]
# name 7 = depSM: Depth [salt water, m]
# name 8 = t090C: Temperature [ITS-90, deg C]
# name 9 = t190C: Temperature, 2 [ITS-90, deg C]
# name 10 = T2-T190C: Temperature Difference, 2 - 1 [ITS-90, deg C]
# name 11 = potemp090C: Potential Temperature [ITS-90, deg C]
# name 12 = potemp190C: Potential Temperature, 2 [ITS-90, deg C]
# name 13 = potemp90Cdiff: Potential Temperature, Diff, 2 - 1 [ITS-90, deg C]
# name 14 = c0S/m: Conductivity [S/m]
# name 15 = c1S/m: Conductivity, 2 [S/m]
# name 16 = C2-C1S/m: Conductivity Difference, 2 - 1 [S/m]
# name 17 = sal00: Salinity, Practical [PSU]
# name 18 = sal11: Salinity, Practical, 2 [PSU]
# name 19 = sbeox0ML/L: Oxygen, SBE 43 [ml/l]
# name 20 = sigma-é00: Density [sigma-theta, kg/m^3]
# name 21 = sigma-é11: Density, 2 [sigma-theta, kg/m^3]
# name 22 = sal00: Salinity, Practical [PSU]
# name 23 = sigma-é00: Density [sigma-theta, kg/m^3]
# name 24 = svCM: Sound Velocity [Chen-Millero, m/s]
# name 25 = svCM1: Sound Velocity, 2 [Chen-Millero, m/s]
# name 26 = gsw_ptA0: potential temperature [ITS-90, deg C]
# name 27 = gsw_densityA0: density, TEOS-10 [density, kg/m^3]
# name 28 = gsw_saA0: Absolute Salinity [g/kg]
# name 29 = flag:
# span 0 =       2807,      32186       
# span 1 = 290.028795, 290.042963       
# span 2 =  -39.31441,  -39.31288       
# span 3 =  -53.15490,  -53.15060       
# span 4 =     -0.039,      1.529       
# span 5 =       0.00,    1484.10       
# span 6 =      3.000,   1005.000       
# span 7 =      2.987,    994.947       
# span 8 =     2.6988,     9.5573       
# span 9 =     2.6997,     9.5594       
# span 10 =    -0.0566,     0.0188      
# span 11 =     2.6328,     9.5570      
# span 12 =     2.6337,     9.5591      
# span 13 =    -0.0566,     0.0188      
# span 14 =   3.094396,   3.665812      
# span 15 =   3.094464,   3.666033      
# span 16 =  -0.007395,   0.001864      
# span 17 =    33.9516,    34.5402      
# span 18 =    33.9517,    34.5398      
# span 19 =     3.9135,     6.7886      
# span 20 =    26.2072,    27.5508      
# span 21 =    26.2069,    27.5504      
# span 22 =    33.9519,    34.5402      
# span 23 =    26.2074,    27.5508      
# span 24 =    1465.89,    1487.06      
# span 25 =    1465.89,    1487.08      
# span 26 =     2.6327,     9.5570      
# span 27 =  1026.2246,  1032.2140      
# span 28 =    34.1133,    34.7060      
# span 29 = 0.0000e+00, 0.0000e+00      
# interval = decibars: 1                
# start_time = Oct 17 2023 00:39:31 [NMEA time, header]
# bad_flag = -9.990e-29
*END*
[from data line 919]
      28509 290.041190  -39.31306  -53.15123      1.445    1471.38    922.000    912.964     2.7759     2.7772     0.0013     2.7154     2.7168     0.0013   3.146951   3.147050   0.000098    34.5037    34.5035     3.9987    27.5144    27.5141    34.5036    27.5143    1475.95    1475.96     2.7153  1031.7945    34.6688 0.0000e+00
      28524 290.041198  -39.31306  -53.15122      1.529    1471.38    923.000    913.952     2.7750     2.7760     0.0010     2.7145     2.7155     0.0010   3.146924   3.146986   0.000070    34.5038    34.5037     3.9914    27.5146    27.5144    34.5036    27.5144    1475.96    1475.97     2.7144  1031.7992    34.6689 0.0000e+00
      28551 290.041211  -39.31304  -53.15122      1.202    1471.38    924.000    914.938     2.7759     2.7752    -0.0007     2.7153     2.7146    -0.0007   3.147074   3.146954  -0.000108    34.5040    34.5035     3.9910    27.5147    27.5143    34.5040    27.5147    1475.98    1475.98     2.7152  1031.8040    34.6693 0.0000e+00
      28605 290.041236  -39.31304  -53.15122      0.222    1471.38    925.000    915.930     2.7708     2.7712     0.0004     2.7102     2.7106     0.0004   3.146629   3.146622  -0.000010    34.5044    34.5038     3.9846    27.5154    27.5149    34.5035    27.5147    1475.98    1475.98     2.7101  1031.8088    34.6687 0.0000e+00
      28626 290.041247  -39.31304  -53.15122      0.775    1471.38    926.000    916.917     2.7450     2.7454     0.0004     2.6845     2.6850     0.0004   3.144563   3.144312  -0.000238    34.5088    34.5054     3.9907    27.5212    27.5185    34.5053    27.5184    1475.89    1475.88     2.6844  1031.8177    34.6706 0.0000e+00
      28646 290.041256  -39.31304  -53.15122      1.092    1471.38    927.000    917.905     2.7289     2.7294     0.0005     2.6684     2.6690     0.0005   3.143175   3.143164  -0.000037    34.5071    34.5061     3.9946    27.5213    27.5204    34.5050    27.5196    1475.83    1475.83     2.6683  1031.8239    34.6703 0.0000e+00
      28664 290.041265  -39.31304  -53.15120      1.242    1471.38    928.000    918.893     2.7273     2.7281     0.0007     2.6668     2.6676     0.0007   3.143053   3.143108   0.000059    34.5059    34.5058     3.9839    27.5204    27.5203    34.5046    27.5194    1475.84    1475.84     2.6667  1031.8284    34.6699 0.0000e+00
      28684 290.041274  -39.31304  -53.15120      1.283    1471.38    929.000    919.881     2.7250     2.7259     0.0008     2.6644     2.6653     0.0008   3.142925   3.142949   0.000027    34.5065    34.5059     3.9758    27.5211    27.5206    34.5050    27.5199    1475.85    1475.85     2.6643  1031.8336    34.6703 0.0000e+00
      28706 290.041285  -39.31304  -53.15120      1.167    1471.38    930.000    920.869     2.7218     2.7227     0.0009     2.6612     2.6621     0.0009   3.142769   3.142815   0.000042    34.5072    34.5068     3.9647    27.5220    27.5215    34.5060    27.5210    1475.85    1475.86     2.6611  1031.8393    34.6713 0.0000e+00
      28733 290.041298  -39.31304  -53.15118      0.959    1471.38    931.000    921.857     2.7214     2.7224     0.0010     2.6607     2.6617     0.0010   3.142791   3.142846   0.000053    34.5072    34.5068     3.9536    27.5220    27.5216    34.5062    27.5212    1475.87    1475.87     2.6606  1031.8441    34.6715 0.0000e+00
      28762 290.041312  -39.31304  -53.15118      0.843    1471.38    932.000    922.845     2.7214     2.7223     0.0009     2.6606     2.6615     0.0009   3.142846   3.142911   0.000064    34.5071    34.5069     3.9397    27.5220    27.5217    34.5064    27.5213    1475.88    1475.89     2.6605  1031.8489    34.6717 0.0000e+00
      28793 290.041327  -39.31304  -53.15118      0.798    1471.38    933.000    923.833     2.7214     2.7222     0.0009     2.6605     2.6614     0.0009   3.142914   3.142987   0.000072    34.5073    34.5073     3.9413    27.5221    27.5220    34.5067    27.5216    1475.90    1475.91     2.6605  1031.8537    34.6720 0.0000e+00
      28821 290.041340  -39.31304  -53.15118      0.818    1471.38    934.000    924.820     2.7214     2.7222     0.0008     2.6605     2.6613     0.0008   3.142992   3.143064   0.000072    34.5076    34.5076     3.9516    27.5223    27.5222    34.5071    27.5219    1475.92    1475.92     2.6604  1031.8586    34.6724 0.0000e+00
      28843 290.041351  -39.31304  -53.15117      0.954    1471.38    935.000    925.809     2.7215     2.7225     0.0009     2.6606     2.6615     0.0009   3.143076   3.143139   0.000064    34.5078    34.5076     3.9487    27.5225    27.5223    34.5074    27.5222    1475.94    1475.94     2.6605  1031.8635    34.6727 0.0000e+00
      28863 290.041361  -39.31304  -53.15116      1.113    1471.38    936.000    926.797     2.7217     2.7227     0.0009     2.6607     2.6616     0.0009   3.143131   3.143196   0.000065    34.5077    34.5075     3.9466    27.5224    27.5222    34.5073    27.5221    1475.95    1475.96     2.6606  1031.8680    34.6726 0.0000e+00
      28883 290.041371  -39.31304  -53.15116      1.208    1471.38    937.000    927.784     2.7219     2.7228     0.0009     2.6608     2.6617     0.0009   3.143204   3.143271   0.000065    34.5078    34.5076     3.9409    27.5225    27.5223    34.5075    27.5222    1475.97    1475.97     2.6607  1031.8727    34.6728 0.0000e+00
      28905 290.041381  -39.31304  -53.15116      1.168    1471.38    938.000    928.772     2.7221     2.7230     0.0009     2.6609     2.6618     0.0009   3.143272   3.143337   0.000061    34.5080    34.5077     3.9443    27.5226    27.5223    34.5076    27.5223    1475.99    1475.99     2.6608  1031.8774    34.6730 0.0000e+00
      28930 290.041393  -39.31304  -53.15116      1.014    1471.38    939.000    929.760     2.7220     2.7229     0.0009     2.6607     2.6616     0.0009   3.143330   3.143393   0.000065    34.5082    34.5080     3.9388    27.5228    27.5226    34.5079    27.5225    1476.01    1476.01     2.6606  1031.8822    34.6732 0.0000e+00
      28955 290.041405  -39.31304  -53.15116      0.937    1471.38    940.000    930.748     2.7217     2.7226     0.0008     2.6604     2.6612     0.0008   3.143371   3.143438   0.000069    34.5084    34.5083     3.9426    27.5230    27.5228    34.5082    27.5228    1476.02    1476.02     2.6603  1031.8871    34.6735 0.0000e+00
      29218 290.041532  -39.31304  -53.15112      0.663    1471.48    941.000    931.745     2.7199     2.7209     0.0010     2.6585     2.6595     0.0010   3.143319   3.143378   0.000058    34.5092    34.5088     3.9426    27.5238    27.5234    34.5089    27.5236    1476.03    1476.03     2.6584  1031.8921    34.6738 0.0000e+00
      29647 290.041739 -9.990e-29  -53.15104      0.574    1471.59    942.000    932.726     2.7120     2.7130     0.0010     2.6506     2.6516     0.0010   3.142930   3.142980   0.000050    34.5125    34.5120     3.9422    27.5271    27.5266    34.5121    27.5268    1476.02    1476.02     2.6505  1031.8986    34.6752 0.0000e+00
      29665 290.041748 -9.990e-29  -53.15103      0.800    1471.59    943.000    933.710     2.7116     2.7125     0.0009     2.6502     2.6510     0.0009   3.142961   3.143006   0.000044    34.5126    34.5122     3.9451    27.5272    27.5268    34.5123    27.5270    1476.03    1476.03     2.6501  1031.9035    34.6754 0.0000e+00
      29733 290.041780 -9.990e-29  -53.15102      0.325    1471.59    944.000    934.701     2.7120     2.7132     0.0012     2.6504     2.6516     0.0012   3.143023   3.143093   0.000067    34.5124    34.5119     3.9366    27.5270    27.5266    34.5122    27.5269    1476.05    1476.05     2.6503  1031.9080    34.6753 0.0000e+00
      29786 290.041806  -39.31300  -53.15101      0.532    1471.59    945.000    935.687     2.7108     2.7117     0.0009     2.6491     2.6501     0.0009   3.143047   3.143092   0.000046    34.5134    34.5130     3.9344    27.5279    27.5275    34.5133    27.5279    1476.06    1476.07     2.6491  1031.9144    34.6775 0.0000e+00
      29813 290.041819  -39.31300  -53.15100      0.812    1471.59    946.000    936.676     2.7106     2.7114     0.0009     2.6489     2.6497     0.0009   3.143087   3.143150   0.000061    34.5135    34.5134     3.9344    27.5281    27.5279    34.5134    27.5280    1476.08    1476.08     2.6488  1031.9201    34.6788 0.0000e+00
      29838 290.041831  -39.31300  -53.15100      0.939    1471.59    947.000    937.664     2.7103     2.7113     0.0010     2.6486     2.6495     0.0009   3.143118   3.143177   0.000061    34.5136    34.5134     3.9341    27.5282    27.5279    34.5135    27.5281    1476.09    1476.10     2.6485  1031.9248    34.6789 0.0000e+00
      29875 290.041849  -39.31300  -53.15099      0.721    1471.59    948.000    938.651     2.7101     2.7109     0.0009     2.6482     2.6491     0.0009   3.143153   3.143203   0.000050    34.5139    34.5135     3.9363    27.5284    27.5281    34.5138    27.5283    1476.11    1476.11     2.6481  1031.9296    34.6792 0.0000e+00
      29913 290.041867  -39.31300  -53.15098      0.580    1471.59    949.000    939.639     2.7098     2.7107     0.0009     2.6479     2.6488     0.0009   3.143192   3.143250   0.000058    34.5140    34.5138     3.9304    27.5286    27.5283    34.5139    27.5285    1476.13    1476.13     2.6478  1031.9344    34.6794 0.0000e+00
      29938 290.041880  -39.31300  -53.15098      0.828    1471.59    950.000    940.627     2.7096     2.7106     0.0009     2.6477     2.6486     0.0009   3.143247   3.143292   0.000043    34.5143    34.5139     3.9295    27.5288    27.5284    34.5143    27.5288    1476.14    1476.15     2.6475  1031.9393    34.6797 0.0000e+00
      29960 290.041890  -39.31300  -53.15098      1.030    1471.59    951.000    941.615     2.7098     2.7107     0.0009     2.6477     2.6486     0.0009   3.143300   3.143351   0.000051    34.5143    34.5139     3.9321    27.5288    27.5285    34.5143    27.5288    1476.16    1476.16     2.6476  1031.9439    34.6797 0.0000e+00
      29980 290.041900  -39.31300  -53.15098      1.150    1471.59    952.000    942.603     2.7095     2.7106     0.0011     2.6474     2.6484     0.0011   3.143340   3.143391   0.000049    34.5146    34.5140     3.9326    27.5290    27.5285    34.5145    27.5290    1476.17    1476.18     2.6473  1031.9487    34.6799 0.0000e+00
      30004 290.041911  -39.31300 -9.990e-29      1.091    1471.59    953.000    943.591     2.7078     2.7088     0.0009     2.6456     2.6466     0.0009   3.143328   3.143377   0.000051    34.5157    34.5153     3.9329    27.5301    27.5297    34.5156    27.5300    1476.19    1476.19     2.6455  1031.9543    34.6810 0.0000e+00
      30043 290.041930  -39.31300 -9.990e-29      0.672    1471.59    954.000    944.578     2.7065     2.7074     0.0009     2.6443     2.6452     0.0009   3.143359   3.143418   0.000060    34.5169    34.5167     3.9353    27.5312    27.5310    34.5168    27.5311    1476.20    1476.20     2.6442  1031.9600    34.6822 0.0000e+00
      30084 290.041950  -39.31300  -53.15096      0.571    1471.59    955.000    945.570     2.7059     2.7068     0.0009     2.6436     2.6445     0.0009   3.143477   3.143532   0.000056    34.5184    34.5181     3.9308    27.5324    27.5322    34.5184    27.5324    1476.21    1476.22     2.6435  1031.9651    34.6828 0.0000e+00
      30112 290.041963 -9.990e-29  -53.15095      0.771    1471.59    956.000    946.554     2.7059     2.7069     0.0010     2.6435     2.6445     0.0010   3.143571   3.143626   0.000055    34.5192    34.5188     3.9277    27.5331    27.5326    34.5191    27.5330    1476.23    1476.24     2.6434  1031.9693    34.6822 0.0000e+00
      30136 290.041975 -9.990e-29  -53.15094      0.944    1471.59    957.000    947.542     2.7055     2.7064     0.0009     2.6430     2.6439     0.0009   3.143615   3.143675   0.000058    34.5196    34.5193     3.9284    27.5334    27.5331    34.5195    27.5334    1476.25    1476.25     2.6429  1031.9743    34.6827 0.0000e+00
      30158 290.041985 -9.990e-29  -53.15094      1.066    1471.59    958.000    948.530     2.7049     2.7058     0.0009     2.6424     2.6433     0.0009   3.143694   3.143756   0.000061    34.5206    34.5204     3.9310    27.5343    27.5341    34.5205    27.5342    1476.26    1476.27     2.6423  1031.9797    34.6836 0.0000e+00
      30181 290.041996  -39.31298  -53.15094      1.070    1471.59    959.000    949.518     2.7044     2.7054     0.0009     2.6418     2.6428     0.0009   3.143740   3.143796   0.000056    34.5212    34.5209     3.9308    27.5348    27.5345    34.5212    27.5348    1476.28    1476.28     2.6417  1031.9854    34.6850 0.0000e+00
      30204 290.042008  -39.31298  -53.15094      1.025    1471.59    960.000    950.506     2.7042     2.7051     0.0009     2.6415     2.6424     0.0009   3.143790   3.143839   0.000052    34.5215    34.5212     3.9250    27.5351    27.5348    34.5214    27.5350    1476.29    1476.30     2.6414  1031.9916    34.6870 0.0000e+00
      30226 290.042018  -39.31298  -53.15094      1.044    1471.59    961.000    951.494     2.7041     2.7049     0.0008     2.6413     2.6422     0.0008   3.143836   3.143886   0.000051    34.5217    34.5214     3.9250    27.5353    27.5350    34.5216    27.5352    1476.31    1476.31     2.6412  1031.9963    34.6871 0.0000e+00
      30246 290.042028  -39.31298  -53.15092      1.129    1471.59    962.000    952.482     2.7037     2.7045     0.0008     2.6409     2.6417     0.0008   3.143869   3.143918   0.000046    34.5219    34.5216     3.9277    27.5355    27.5352    34.5219    27.5354    1476.33    1476.33     2.6408  1032.0012    34.6874 0.0000e+00
      30265 290.042037  -39.31298  -53.15092      1.221    1471.59    963.000    953.469     2.7035     2.7043     0.0009     2.6405     2.6414     0.0009   3.143906   3.143959   0.000057    34.5221    34.5219     3.9291    27.5357    27.5354    34.5221    27.5356    1476.34    1476.34     2.6404  1032.0060    34.6876 0.0000e+00
      30286 290.042047  -39.31298  -53.15092      1.212    1471.59    964.000    954.457     2.7030     2.7040     0.0010     2.6400     2.6410     0.0010   3.143912   3.143973   0.000060    34.5222    34.5219     3.9259    27.5358    27.5354    34.5221    27.5357    1476.36    1476.36     2.6399  1032.0107    34.6876 0.0000e+00
      30318 290.042063  -39.31300  -53.15092      0.883    1471.59    965.000    955.445     2.7030     2.7039     0.0009     2.6400     2.6408     0.0009   3.143950   3.144005   0.000054    34.5221    34.5219     3.9226    27.5357    27.5354    34.5221    27.5357    1476.37    1476.38     2.6399  1032.0152    34.6876 0.0000e+00
      30355 290.042080  -39.31300  -53.15091      0.625    1471.59    966.000    956.433     2.7028     2.7038     0.0010     2.6397     2.6406     0.0010   3.143984   3.144043   0.000061    34.5222    34.5219     3.9257    27.5358    27.5355    34.5222    27.5358    1476.39    1476.39     2.6396  1032.0200    34.6877 0.0000e+00
      30382 290.042094  -39.31299  -53.15090      0.798    1471.59    967.000    957.421     2.7026     2.7035     0.0009     2.6394     2.6404     0.0009   3.144029   3.144084   0.000055    34.5224    34.5221     3.9257    27.5360    27.5357    34.5224    27.5360    1476.40    1476.41     2.6393  1032.0247    34.6879 0.0000e+00
      30405 290.042105  -39.31298  -53.15090      0.959    1471.59    968.000    958.408     2.7023     2.7032     0.0009     2.6391     2.6400     0.0009   3.144061   3.144125   0.000063    34.5226    34.5224     3.9261    27.5362    27.5360    34.5226    27.5361    1476.42    1476.42     2.6390  1032.0295    34.6881 0.0000e+00
