Pos-Processados/process_op42/Processamento_split/down/doperantar42_012.cnv
* Sea-Bird SBE 9 Data File:
* FileName = C:\Users\Hidrografia\Desktop\OPXLII\Brutos\OP42012.hdr
* Software Version Seasave V 7.26.7.107
* Temperature SN = 6502
* Conductivity SN = 4998
* Number of Bytes Per Scan = 31
* Number of Voltage Words = 2
* Number of Scans Averaged by the Deck Unit = 1
* NMEA Latitude = 45 45.00 S
* NMEA Longitude = 055 01.26 W
* NMEA UTC (Time) = Oct 19 2023 15:31:14
* NMEA baud rate = 4800
** H41
** NPOALTEMAXIMIANO
** NUMERO DA ESTACAO (XXX) 012
** LAT (XX XX.XX S/N) 45 44.898 S
** LONG (XXX XX.XX W/E) 055 00.940 W
** DATAHORA (dd/mm/aaaa hh:mm Z) 19/10/2023 15:24 Z
** PROFUNDIDADE (m) 5690
** OPERADOR 1T ZAMITH
# nquan = 30
# nvalues = 1007                        
# units = specified
# name 0 = scan: Scan Count
# name 1 = timeJ: Julian Days
# name 2 = latitude: Latitude [deg]
# name 3 = longitude: Longitude [deg]
# name 4 = dz/dtM: Descent Rate [m/s]
# name 5 = avgsvCM: Average Sound Velocity [Chen-Millero, m/s]
# name 6 = prDM: Pressure, Digiquartz [db]
# name 7 = depSM: Depth [salt water, m]
# name 8 = t090C: Temperature [ITS-90, deg C]
# name 9 = t190C: Temperature, 2 [ITS-90, deg C]
# name 10 = T2-T190C: Temperature Difference, 2 - 1 [ITS-90, deg C]
# name 11 = potemp090C: Potential Temperature [ITS-90, deg C]
# name 12 = potemp190C: Potential Temperature, 2 [ITS-90, deg C]
# name 13 = potemp90Cdiff: Potential Temperature, Diff, 2 - 1 [ITS-90, deg C]
# name 14 = c0S/m: Conductivity [S/m]
# name 15 = c1S/m: Conductivity, 2 [S/m]
# name 16 = C2-C1S/m: Conductivity Difference, 2 - 1 [S/m]
# name 17 = sal00: Salinity, Practical [PSU]
# name 18 = sal11: Salinity, Practical, 2 [PSU]
# name 19 = sbeox0ML/L: Oxygen, SBE 43 [ml/l]
# name 20 = sigma-é00: Density [sigma-theta, kg/m^3]
# name 21 = sigma-é11: Density, 2 [sigma-theta, kg/m^3]
# name 22 = sal00: Salinity, Practical [PSU]
# name 23 = sigma-é00: Density [sigma-theta, kg/m^3]
# name 24 = svCM: Sound Velocity [Chen-Millero, m/s]
# name 25 = svCM1: Sound Velocity, 2 [Chen-Millero, m/s]
# name 26 = gsw_ptA0: potential temperature [ITS-90, deg C]
# name 27 = gsw_densityA0: density, TEOS-10 [density, kg/m^3]
# name 28 = gsw_saA0: Absolute Salinity [g/kg]
# name 29 = flag:
# span 0 =       2103,      29076       
# span 1 = 292.647703, 292.660711       
# span 2 =  -45.75582,  -45.75052       
# span 3 =  -55.02097,  -55.02060       
# span 4 =      0.177,      1.279       
# span 5 =       0.00,    1481.43       
# span 6 =      6.000,   1012.000       
# span 7 =      5.986,   1001.251       
# span 8 =     2.6433,     8.2930       
# span 9 =     2.6443,     8.2944       
# span 10 =    -0.0067,     0.0092      
# span 11 =     2.5794,     8.2924      
# span 12 =     2.5803,     8.2938      
# span 13 =    -0.0066,     0.0092      
# span 14 =   3.132303,   3.565361      
# span 15 =   3.132274,   3.565706      
# span 16 =  -0.002425,   0.001255      
# span 17 =    34.0634,    34.5093      
# span 18 =    34.0665,    34.5087      
# span 19 =     3.8942,     7.0944      
# span 20 =    26.5319,    27.5298      
# span 21 =    26.5319,    27.5293      
# span 22 =    34.0582,    34.5092      
# span 23 =    26.5318,    27.5298      
# span 24 =    1469.30,    1482.66      
# span 25 =    1469.30,    1482.69      
# span 26 =     2.5793,     8.2924      
# span 27 =  1026.5617,  1032.2269      
# span 28 =    34.2192,    34.6764      
# span 29 = 0.0000e+00, 0.0000e+00      
# interval = decibars: 1                
# start_time = Oct 19 2023 15:31:14 [NMEA time, header]
# bad_flag = -9.990e-29
*END*
[from data line 822]
      23511 292.658028  -45.75472  -55.02064      0.733    1471.41    828.000    819.585     2.7642     2.7651     0.0008     2.7108     2.7117     0.0008   3.133315   3.133333   0.000021    34.3994    34.3988     4.2336    27.4315    27.4309    34.3994    27.4315    1474.21    1474.21     2.7107  1031.2812    34.5652 0.0000e+00
      23535 292.658039  -45.75472  -55.02064      0.907    1471.41    829.000    820.573     2.7642     2.7652     0.0009     2.7108     2.7117     0.0009   3.133356   3.133384   0.000027    34.3994    34.3988     4.2319    27.4315    27.4309    34.3994    27.4314    1474.22    1474.23     2.7107  1031.2858    34.5651 0.0000e+00
      23556 292.658049  -45.75472  -55.02064      1.071    1471.41    830.000    821.561     2.7643     2.7653     0.0009     2.7108     2.7117     0.0009   3.133409   3.133442   0.000033    34.3994    34.3988     4.2255    27.4315    27.4309    34.3994    27.4315    1474.24    1474.24     2.7107  1031.2904    34.5651 0.0000e+00
      23577 292.658059  -45.75472  -55.02064      1.136    1471.41    831.000    822.549     2.7643     2.7653     0.0010     2.7107     2.7117     0.0010   3.133467   3.133491   0.000022    34.3996    34.3988     4.2222    27.4316    27.4310    34.3996    27.4316    1474.26    1474.26     2.7106  1031.2952    34.5653 0.0000e+00
      23602 292.658071  -45.75472  -55.02064      1.045    1471.41    832.000    823.537     2.7644     2.7653     0.0010     2.7107     2.7116     0.0010   3.133521   3.133542   0.000019    34.3997    34.3989     4.2233    27.4317    27.4310    34.3997    27.4317    1474.28    1474.28     2.7106  1031.2999    34.5654 0.0000e+00
      23628 292.658084  -45.75474  -55.02064      0.925    1471.41    833.000    824.525     2.7638     2.7647     0.0009     2.7100     2.7109     0.0009   3.133550   3.133565   0.000017    34.4003    34.3995     4.2238    27.4322    27.4315    34.4001    27.4321    1474.29    1474.29     2.7099  1031.3049    34.5659 0.0000e+00
      23651 292.658095  -45.75474  -55.02064      0.964    1471.41    834.000    825.513     2.7591     2.7600     0.0008     2.7053     2.7062     0.0008   3.133292   3.133282  -0.000010    34.4018    34.4008     4.2229    27.4339    27.4330    34.4014    27.4335    1474.29    1474.29     2.7052  1031.3110    34.5672 0.0000e+00
      23675 292.658106  -45.75474  -55.02064      1.043    1471.41    835.000    826.500     2.7573     2.7582     0.0008     2.7035     2.7043     0.0008   3.133217   3.133230   0.000013    34.4021    34.4014     4.2248    27.4342    27.4336    34.4019    27.4341    1474.30    1474.30     2.7034  1031.3162    34.5676 0.0000e+00
      23711 292.658124  -45.75475  -55.02064      0.754    1471.41    836.000    827.488     2.7592     2.7593     0.0001     2.7052     2.7053     0.0001   3.133353   3.133347  -0.000004    34.4011    34.4010     4.2225    27.4333    27.4332    34.4010    27.4333    1474.32    1474.32     2.7051  1031.3200    34.5668 0.0000e+00
      23754 292.658145  -45.75476  -55.02064      0.501    1471.41    837.000    828.479     2.7574     2.7583     0.0009     2.7034     2.7043     0.0009   3.133311   3.133333   0.000025    34.4020    34.4014     4.2190    27.4342    27.4336    34.4019    27.4341    1474.33    1474.33     2.7033  1031.3255    34.5677 0.0000e+00
      23780 292.658157  -45.75476  -55.02064      0.805    1471.41    838.000    829.464     2.7571     2.7580     0.0009     2.7030     2.7039     0.0009   3.133365   3.133384   0.000017    34.4025    34.4017     4.2228    27.4346    27.4339    34.4024    27.4345    1474.35    1474.35     2.7029  1031.3282    34.5653 0.0000e+00
      23802 292.658168 -9.990e-29  -55.02064      1.012    1471.41    839.000    830.452     2.7569     2.7579     0.0010     2.7028     2.7037     0.0010   3.133416   3.133448   0.000033    34.4027    34.4021     4.2216    27.4348    27.4342    34.4026    27.4347    1474.36    1474.37     2.7027  1031.3328    34.5652 0.0000e+00
      23824 292.658179 -9.990e-29  -55.02064      1.084    1471.41    840.000    831.440     2.7570     2.7579     0.0009     2.7028     2.7037     0.0009   3.133469   3.133500   0.000031    34.4026    34.4021     4.2226    27.4348    27.4342    34.4026    27.4347    1474.38    1474.38     2.7027  1031.3374    34.5652 0.0000e+00
      23851 292.658191 -9.990e-29  -55.02064      0.976    1471.41    841.000    832.427     2.7571     2.7580     0.0009     2.7028     2.7037     0.0009   3.133548   3.133578   0.000030    34.4030    34.4024     4.2172    27.4351    27.4345    34.4030    27.4350    1474.40    1474.40     2.7027  1031.3422    34.5655 0.0000e+00
      23877 292.658204  -45.75478  -55.02064      0.889    1471.41    842.000    833.415     2.7574     2.7582     0.0008     2.7030     2.7039     0.0008   3.133640   3.133674   0.000033    34.4033    34.4027     4.2206    27.4352    27.4347    34.4033    27.4352    1474.41    1474.42     2.7029  1031.3490    34.5683 0.0000e+00
      23901 292.658216  -45.75479  -55.02064      0.953    1471.41    843.000    834.403     2.7570     2.7578     0.0008     2.7026     2.7034     0.0008   3.133745   3.133760   0.000017    34.4044    34.4038     4.2202    27.4362    27.4356    34.4044    27.4362    1474.43    1474.43     2.7025  1031.3552    34.5702 0.0000e+00
      23924 292.658227  -45.75480  -55.02064      1.031    1471.41    844.000    835.391     2.7559     2.7568     0.0009     2.7014     2.7023     0.0009   3.133762   3.133779   0.000019    34.4053    34.4046     4.2180    27.4370    27.4364    34.4053    27.4370    1474.44    1474.45     2.7013  1031.3606    34.5711 0.0000e+00
      23949 292.658239  -45.75480  -55.02064      1.005    1471.41    845.000    836.379     2.7553     2.7562     0.0009     2.7007     2.7016     0.0009   3.133777   3.133806   0.000028    34.4056    34.4050     4.2160    27.4373    27.4367    34.4056    27.4373    1474.46    1474.46     2.7006  1031.3655    34.5714 0.0000e+00
      23981 292.658254  -45.75480  -55.02064      0.815    1471.41    846.000    837.366     2.7550     2.7559     0.0009     2.7004     2.7013     0.0009   3.133851   3.133874   0.000023    34.4063    34.4056     4.2116    27.4379    27.4372    34.4063    27.4379    1474.47    1474.48     2.7003  1031.3707    34.5721 0.0000e+00
      24012 292.658269  -45.75482  -55.02064      0.737    1471.41    847.000    838.354     2.7551     2.7560     0.0009     2.7004     2.7013     0.0009   3.133918   3.133921   0.000004    34.4064    34.4056     4.2043    27.4380    27.4372    34.4064    27.4380    1474.49    1474.50     2.7003  1031.3754    34.5723 0.0000e+00
      24040 292.658283  -45.75482  -55.02064      0.831    1471.41    848.000    839.342     2.7551     2.7558     0.0008     2.7003     2.7011     0.0008   3.133963   3.133981   0.000017    34.4065    34.4059     4.1984    27.4381    27.4375    34.4065    27.4381    1474.51    1474.51     2.7002  1031.3801    34.5724 0.0000e+00
      24069 292.658297  -45.75482  -55.02064      0.847    1471.41    849.000    840.330     2.7519     2.7527     0.0007     2.6971     2.6978     0.0007   3.133910   3.133906 -1.406e-07    34.4089    34.4081     4.1956    27.4402    27.4396    34.4086    27.4400    1474.51    1474.52     2.6970  1031.3868    34.5745 0.0000e+00
      24100 292.658312  -45.75482  -55.02064      0.786    1471.41    850.000    841.318     2.7484     2.7493     0.0008     2.6935     2.6944     0.0008   3.133796   3.133799   0.000001    34.4107    34.4099     4.1920    27.4420    27.4413    34.4105    27.4418    1474.52    1474.52     2.6934  1031.3932    34.5764 0.0000e+00
      24128 292.658325  -45.75484  -55.02064      0.813    1471.41    851.000    842.306     2.7478     2.7487     0.0009     2.6929     2.6938     0.0009   3.133823   3.133846   0.000023    34.4111    34.4104     4.1861    27.4424    27.4417    34.4109    27.4422    1474.53    1474.54     2.6928  1031.3982    34.5768 0.0000e+00
      24152 292.658337  -45.75484  -55.02064      0.939    1471.41    852.000    843.293     2.7476     2.7484     0.0009     2.6925     2.6934     0.0008   3.133870   3.133889   0.000022    34.4114    34.4107     4.1856    27.4426    27.4420    34.4112    27.4425    1474.55    1474.55     2.6925  1031.4031    34.5771 0.0000e+00
      24173 292.658347  -45.75484  -55.02064      1.065    1471.41    853.000    844.281     2.7462     2.7472     0.0009     2.6911     2.6921     0.0009   3.133923   3.133939   0.000015    34.4129    34.4121     4.1782    27.4440    27.4433    34.4128    27.4439    1474.56    1474.57     2.6910  1031.4091    34.5787 0.0000e+00
      24195 292.658357  -45.75484  -55.02064      1.128    1471.41    854.000    845.268     2.7449     2.7459     0.0009     2.6898     2.6907     0.0009   3.133928   3.133955   0.000024    34.4139    34.4132     4.1776    27.4449    27.4443    34.4137    27.4447    1474.57    1474.58     2.6897  1031.4146    34.5796 0.0000e+00
      24221 292.658370  -45.75486  -55.02064      1.005    1471.58    855.000    846.256     2.7435     2.7444     0.0009     2.6883     2.6891     0.0009   3.133950   3.133982   0.000032    34.4152    34.4146     4.1781    27.4460    27.4455    34.4150    27.4459    1474.58    1474.59     2.6882  1031.4204    34.5809 0.0000e+00
      24257 292.658387  -45.75486  -55.02064      0.702    1471.59    856.000    847.244     2.7429     2.7437     0.0008     2.6876     2.6884     0.0008   3.134043   3.134072   0.000028    34.4164    34.4159     4.1719    27.4471    27.4466    34.4162    27.4469    1474.60    1474.60     2.6875  1031.4260    34.5822 0.0000e+00
      24288 292.658402  -45.75486  -55.02064      0.728    1471.59    857.000    848.232     2.7422     2.7432     0.0009     2.6869     2.6878     0.0009   3.134098   3.134121   0.000028    34.4172    34.4165     4.1637    27.4478    27.4472    34.4170    27.4476    1474.62    1474.62     2.6868  1031.4314    34.5830 0.0000e+00
      24312 292.658414  -45.75487  -55.02064      0.889    1471.59    858.000    849.220     2.7411     2.7421     0.0010     2.6857     2.6866     0.0009   3.134155   3.134175   0.000020    34.4186    34.4178     4.1575    27.4490    27.4482    34.4184    27.4488    1474.63    1474.63     2.6856  1031.4372    34.5844 0.0000e+00
      24336 292.658425  -45.75488  -55.02064      1.007    1471.59    859.000    850.208     2.7398     2.7407     0.0009     2.6843     2.6852     0.0009   3.134220   3.134253   0.000029    34.4201    34.4195     4.1615    27.4503    27.4497    34.4201    27.4503    1474.64    1474.65     2.6842  1031.4433    34.5861 0.0000e+00
      24361 292.658437  -45.75488  -55.02064      1.006    1471.59    860.000    851.195     2.7405     2.7414     0.0009     2.6849     2.6858     0.0009   3.134503   3.134558   0.000057    34.4222    34.4219     4.1501    27.4520    27.4516    34.4223    27.4520    1474.66    1474.67     2.6848  1031.4495    34.5883 0.0000e+00
      24392 292.658452  -45.75488  -55.02064      0.821    1471.59    861.000    852.183     2.7408     2.7417     0.0009     2.6852     2.6861     0.0009   3.134654   3.134685   0.000033    34.4233    34.4227     4.1444    27.4528    27.4523    34.4233    27.4528    1474.68    1474.69     2.6851  1031.4549    34.5893 0.0000e+00
      24424 292.658468  -45.75489  -55.02064      0.724    1471.59    862.000    853.170     2.7400     2.7408     0.0008     2.6843     2.6851     0.0008   3.134699   3.134707   0.000007    34.4243    34.4235     4.1448    27.4537    27.4530    34.4241    27.4535    1474.70    1474.70     2.6842  1031.4603    34.5901 0.0000e+00
      24450 292.658480  -45.75490  -55.02064      0.858    1471.59    863.000    854.158     2.7366     2.7374     0.0009     2.6808     2.6816     0.0009   3.134530   3.134523  -0.000012    34.4256    34.4246     4.1336    27.4550    27.4541    34.4252    27.4547    1474.70    1474.70     2.6807  1031.4661    34.5912 0.0000e+00
      24473 292.658491  -45.75490  -55.02064      0.998    1471.59    864.000    855.146     2.7347     2.7355     0.0008     2.6789     2.6796     0.0008   3.134416   3.134449   0.000031    34.4256    34.4252     4.1305    27.4552    27.4548    34.4252    27.4549    1474.71    1474.71     2.6788  1031.4710    34.5913 0.0000e+00
      24496 292.658503  -45.75491  -55.02064      1.037    1471.59    865.000    856.134     2.7310     2.7321     0.0011     2.6751     2.6762     0.0011   3.134202   3.134215   0.000016    34.4265    34.4255     4.1327    27.4562    27.4553    34.4260    27.4559    1474.71    1474.71     2.6751  1031.4766    34.5921 0.0000e+00
      24525 292.658517  -45.75492  -55.02064      0.894    1471.59    866.000    857.121     2.7307     2.7316     0.0010     2.6747     2.6757     0.0010   3.134208   3.134231   0.000022    34.4262    34.4254     4.1238    27.4561    27.4553    34.4260    27.4558    1474.73    1474.73     2.6747  1031.4812    34.5920 0.0000e+00
      24556 292.658532  -45.75492  -55.02064      0.772    1471.59    867.000    858.109     2.7302     2.7313     0.0010     2.6742     2.6752     0.0010   3.134218   3.134246   0.000027    34.4263    34.4255     4.1163    27.4561    27.4554    34.4260    27.4559    1474.74    1474.75     2.6741  1031.4859    34.5921 0.0000e+00
      24585 292.658546  -45.75492  -55.02064      0.818    1471.59    868.000    859.097     2.7298     2.7307     0.0009     2.6737     2.6746     0.0009   3.134235   3.134265   0.000031    34.4263    34.4257     4.1160    27.4562    27.4556    34.4261    27.4560    1474.76    1474.76     2.6737  1031.4906    34.5922 0.0000e+00
      24611 292.658558  -45.75492  -55.02066      0.882    1471.59    869.000    860.085     2.7295     2.7304     0.0009     2.6733     2.6743     0.0009   3.134268   3.134295   0.000030    34.4265    34.4259     4.1112    27.4564    27.4558    34.4263    27.4562    1474.77    1474.78     2.6733  1031.4954    34.5924 0.0000e+00
      24636 292.658570  -45.75492  -55.02066      0.951    1471.59    870.000    861.072     2.7287     2.7297     0.0009     2.6725     2.6734     0.0009   3.134265   3.134293   0.000027    34.4268    34.4261     4.1111    27.4567    27.4561    34.4266    27.4565    1474.79    1474.79     2.6724  1031.5004    34.5927 0.0000e+00
      24659 292.658581  -45.75494  -55.02066      1.010    1471.59    871.000    862.060     2.7278     2.7287     0.0009     2.6715     2.6725     0.0009   3.134295   3.134327   0.000030    34.4276    34.4270     4.1135    27.4574    27.4568    34.4274    27.4572    1474.80    1474.80     2.6715  1031.5057    34.5935 0.0000e+00
      24685 292.658594  -45.75494  -55.02066      0.985    1471.59    872.000    863.048     2.7272     2.7282     0.0010     2.6709     2.6718     0.0010   3.134374   3.134392   0.000020    34.4285    34.4278     4.1174    27.4582    27.4575    34.4284    27.4582    1474.81    1474.82     2.6708  1031.5112    34.5945 0.0000e+00
      24713 292.658607  -45.75495  -55.02066      0.871    1471.59    873.000    864.035     2.7273     2.7283     0.0010     2.6709     2.6719     0.0009   3.134461   3.134495   0.000033    34.4290    34.4284     4.1142    27.4586    27.4580    34.4289    27.4585    1474.83    1474.84     2.6708  1031.5162    34.5950 0.0000e+00
      24743 292.658622  -45.75496  -55.02066      0.810    1471.59    874.000    865.023     2.7278     2.7287     0.0009     2.6713     2.6722     0.0009   3.134579   3.134609   0.000029    34.4294    34.4288     4.1104    27.4589    27.4583    34.4293    27.4588    1474.85    1474.85     2.6712  1031.5211    34.5954 0.0000e+00
      24772 292.658636  -45.75496  -55.02066      0.818    1471.59    875.000    866.011     2.7279     2.7288     0.0009     2.6713     2.6722     0.0009   3.134646   3.134667   0.000021    34.4295    34.4289     4.1020    27.4590    27.4583    34.4295    27.4589    1474.87    1474.87     2.6713  1031.5243    34.5937 0.0000e+00
