Pos-Processados/process_op42/Processamento_split/down/doperantar42_020.cnv
* Sea-Bird SBE 9 Data File:
* FileName = C:\Users\Hidrografia\Desktop\OPXLII\Brutos\OP42020.hdr
* Software Version Seasave V 7.26.7.107
* Temperature SN = 6502
* Conductivity SN = 4998
* Number of Bytes Per Scan = 37
* Number of Voltage Words = 4
* Number of Scans Averaged by the Deck Unit = 1
* NMEA Latitude = 62 08.28 S
* NMEA Longitude = 058 26.46 W
* NMEA UTC (Time) = Nov 07 2023 17:35:19
* NMEA baud rate = 4800
** H41
** NPOALTEMAXIMIANO
** NUMERO DA ESTACAO (XXX) 020
** LAT (XX XX.XX S/N) 62 08.46 S
** LONG (XXX XX.XX W/E) 058 26.12 W
** DATAHORA (dd/mm/aaaa hh:mm Z) 07/11/2023 1734Z
** PROFUNDIDADE (m) 423
** OPERADOR CT FILIPE LOPES
# nquan = 30
# nvalues = 373                         
# units = specified
# name 0 = scan: Scan Count
# name 1 = timeJ: Julian Days
# name 2 = latitude: Latitude [deg]
# name 3 = longitude: Longitude [deg]
# name 4 = dz/dtM: Descent Rate [m/s]
# name 5 = avgsvCM: Average Sound Velocity [Chen-Millero, m/s]
# name 6 = prDM: Pressure, Digiquartz [db]
# name 7 = depSM: Depth [salt water, m]
# name 8 = t090C: Temperature [ITS-90, deg C]
# name 9 = t190C: Temperature, 2 [ITS-90, deg C]
# name 10 = T2-T190C: Temperature Difference, 2 - 1 [ITS-90, deg C]
# name 11 = potemp090C: Potential Temperature [ITS-90, deg C]
# name 12 = potemp190C: Potential Temperature, 2 [ITS-90, deg C]
# name 13 = potemp90Cdiff: Potential Temperature, Diff, 2 - 1 [ITS-90, deg C]
# name 14 = c0S/m: Conductivity [S/m]
# name 15 = c1S/m: Conductivity, 2 [S/m]
# name 16 = C2-C1S/m: Conductivity Difference, 2 - 1 [S/m]
# name 17 = sal00: Salinity, Practical [PSU]
# name 18 = sal11: Salinity, Practical, 2 [PSU]
# name 19 = sbeox0ML/L: Oxygen, SBE 43 [ml/l]
# name 20 = sigma-é00: Density [sigma-theta, kg/m^3]
# name 21 = sigma-é11: Density, 2 [sigma-theta, kg/m^3]
# name 22 = sal00: Salinity, Practical [PSU]
# name 23 = sigma-é00: Density [sigma-theta, kg/m^3]
# name 24 = svCM: Sound Velocity [Chen-Millero, m/s]
# name 25 = svCM1: Sound Velocity, 2 [Chen-Millero, m/s]
# name 26 = gsw_ptA0: potential temperature [ITS-90, deg C]
# name 27 = gsw_densityA0: density, TEOS-10 [density, kg/m^3]
# name 28 = gsw_saA0: Absolute Salinity [g/kg]
# name 29 = flag:
# span 0 =       7172,      18653       
# span 1 = 311.736317, 311.741854       
# span 2 =  -62.13967,  -62.13878       
# span 3 =  -58.44138,  -58.44100       
# span 4 =     -0.339,      1.167       
# span 5 =       0.00,    1448.46       
# span 6 =      3.000,    375.000       
# span 7 =      2.969,    371.064       
# span 8 =    -0.8189,    -0.4525       
# span 9 =    -0.8195,    -0.4542       
# span 10 =    -0.0022,     0.0126      
# span 11 =    -0.8237,    -0.4654      
# span 12 =    -0.8243,    -0.4670      
# span 13 =    -0.0022,     0.0126      
# span 14 =   2.790474,   2.839313      
# span 15 =   2.790332,   2.839083      
# span 16 =  -0.000268,   0.000941      
# span 17 =    34.2743,    34.4268      
# span 18 =    34.2778,    34.4258      
# span 19 =     6.5110,     7.7408      
# span 20 =    27.5447,    27.6663      
# span 21 =    27.5472,    27.6656      
# span 22 =    34.2761,    34.4274      
# span 23 =    27.5462,    27.6668      
# span 24 =    1445.68,    1452.37      
# span 25 =    1445.68,    1452.36      
# span 26 =    -0.8236,    -0.4651      
# span 27 =  1027.5714,  1029.4568      
# span 28 =    34.4414,    34.5957      
# span 29 = 0.0000e+00, 0.0000e+00      
# interval = decibars: 1                
# start_time = Nov 07 2023 17:35:19 [NMEA time, header]
# bad_flag = -9.990e-29
*END*
[from data line 339]
      16329 311.740733  -62.13954  -58.44118      1.018    1447.77    342.000    338.439    -0.4775    -0.4769     0.0005    -0.4890    -0.4885     0.0005   2.835270   2.835243  -0.000027    34.4204    34.4195     6.5691    27.6622    27.6614    34.4207    27.6625    1451.72    1451.72    -0.4888  1029.2978    34.5889 0.0000e+00
      16355 311.740745  -62.13954  -58.44118      0.942    1447.77    343.000    339.427    -0.4766    -0.4764     0.0003    -0.4882    -0.4880     0.0003   2.835400   2.835354  -0.000049    34.4207    34.4197     6.5670    27.6624    27.6616    34.4209    27.6626    1451.74    1451.74    -0.4880  1029.3027    34.5891 0.0000e+00
      16381 311.740758  -62.13954  -58.44118      0.905    1447.77    344.000    340.416    -0.4775    -0.4766     0.0009    -0.4891    -0.4883     0.0009   2.835376   2.835375 9.0558e-07    34.4207    34.4198     6.5687    27.6625    27.6617    34.4210    27.6627    1451.75    1451.76    -0.4889  1029.3075    34.5892 0.0000e+00
      16406 311.740770  -62.13954  -58.44118      0.927    1447.77    345.000    341.405    -0.4784    -0.4769     0.0015    -0.4900    -0.4885     0.0015   2.835315   2.835367   0.000051    34.4206    34.4196     6.5494    27.6625    27.6616    34.4205    27.6624    1451.77    1451.77    -0.4899  1029.3120    34.5888 0.0000e+00
      16431 311.740782  -62.13954  -58.44118      0.975    1447.77    346.000    342.394    -0.4805    -0.4799     0.0006    -0.4922    -0.4916     0.0006   2.835148   2.835101  -0.000041    34.4201    34.4189     6.5451    27.6621    27.6611    34.4201    27.6621    1451.77    1451.77    -0.4920  1029.3164    34.5883 0.0000e+00
      16458 311.740795  -62.13954  -58.44119      0.922    1447.77    347.000    343.383    -0.4821    -0.4812     0.0008    -0.4938    -0.4930     0.0008   2.834981   2.834983 -9.614e-08    34.4193    34.4183     6.5558    27.6615    27.6607    34.4191    27.6614    1451.78    1451.78    -0.4936  1029.3205    34.5873 0.0000e+00
      16491 311.740811  -62.13954  -58.44120      0.768    1447.77    348.000    344.371    -0.4839    -0.4813     0.0026    -0.4957    -0.4931     0.0026   2.834723   2.835028   0.000207    34.4179    34.4177     6.5590    27.6610    27.6602    34.4170    27.6598    1451.78    1451.80    -0.4954  1029.3237    34.5852 0.0000e+00
      16527 311.740828  -62.13954  -58.44120      0.690    1447.77    349.000    345.360    -0.4743    -0.4733     0.0010    -0.4861    -0.4851     0.0010   2.835848   2.835913   0.000090    34.4199    34.4200     6.5616    27.6617    27.6617    34.4206    27.6623    1451.85    1451.85    -0.4859  1029.3308    34.5888 0.0000e+00
      16568 311.740848  -62.13954  -58.44120      0.576    1447.77    350.000    346.349    -0.4731    -0.4719     0.0012    -0.4849    -0.4838     0.0012   2.836020   2.836149   0.000118    34.4206    34.4209     6.5782    27.6623    27.6624    34.4210    27.6625    1451.87    1451.88    -0.4847  1029.3357    34.5892 0.0000e+00
      16604 311.740866  -62.13954  -58.44120      0.654    1447.77    351.000    347.337    -0.4697    -0.4690     0.0008    -0.4817    -0.4809     0.0008   2.836486   2.836531   0.000046    34.4225    34.4222     6.5580    27.6636    27.6633    34.4228    27.6639    1451.91    1451.91    -0.4814  1029.3418    34.5911 0.0000e+00
      16649 311.740888  -62.13956  -58.44120      0.533    1447.77    352.000    348.325    -0.4709    -0.4717    -0.0008    -0.4829    -0.4836    -0.0008   2.836391   2.836241  -0.000149    34.4220    34.4209     6.5329    27.6633    27.6624    34.4223    27.6635    1451.92    1451.91    -0.4827  1029.3462    34.5905 0.0000e+00
      16781 311.740951  -62.13956  -58.44121      0.196    1447.77    353.000    349.316    -0.4702    -0.4699     0.0003    -0.4822    -0.4818     0.0003   2.836540   2.836499  -0.000040    34.4228    34.4219     6.5268    27.6638    27.6631    34.4228    27.6639    1451.94    1451.94    -0.4820  1029.3513    34.5911 0.0000e+00
      17172 311.741139  -62.13958  -58.44125      0.155    1448.13    354.000    350.306    -0.4710    -0.4707     0.0003    -0.4831    -0.4827     0.0003   2.836518   2.836469  -0.000052    34.4229    34.4218     6.5436    27.6640    27.6631    34.4229    27.6640    1451.95    1451.95    -0.4828  1029.3562    34.5912 0.0000e+00
      17365 311.741232  -62.13960  -58.44126      0.350    1448.24    355.000    351.292    -0.4705    -0.4701     0.0004    -0.4826    -0.4822     0.0004   2.836631   2.836583  -0.000047    34.4232    34.4220     6.5262    27.6642    27.6632    34.4233    27.6643    1451.97    1451.97    -0.4824  1029.3612    34.5915 0.0000e+00
      17426 311.741262  -62.13960  -58.44126      0.389    1448.24    356.000    352.281    -0.4706    -0.4695     0.0011    -0.4827    -0.4816     0.0011   2.836682   2.836709   0.000024    34.4234    34.4224     6.5340    27.6643    27.6635    34.4234    27.6643    1451.99    1451.99    -0.4825  1029.3660    34.5916 0.0000e+00
      17475 311.741286  -62.13960  -58.44127      0.492    1448.24    357.000    353.270    -0.4708    -0.4700     0.0009    -0.4830    -0.4821     0.0009   2.836700   2.836705   0.000010    34.4232    34.4224     6.5212    27.6642    27.6635    34.4233    27.6643    1452.00    1452.00    -0.4827  1029.3707    34.5915 0.0000e+00
      17511 311.741303  -62.13960  -58.44128      0.640    1448.24    358.000    354.259    -0.4704    -0.4693     0.0011    -0.4826    -0.4814     0.0011   2.836783   2.836830   0.000043    34.4233    34.4226     6.5201    27.6643    27.6637    34.4233    27.6643    1452.02    1452.03    -0.4824  1029.3755    34.5916 0.0000e+00
      17547 311.741320  -62.13960  -58.44128      0.687    1448.24    359.000    355.247    -0.4706    -0.4698     0.0008    -0.4829    -0.4820     0.0008   2.836827   2.836825  -0.000004    34.4235    34.4225     6.5339    27.6644    27.6636    34.4236    27.6645    1452.04    1452.04    -0.4826  1029.3804    34.5918 0.0000e+00
      17590 311.741341  -62.13960  -58.44128      0.562    1448.24    360.000    356.236    -0.4702    -0.4696     0.0007    -0.4825    -0.4818     0.0007   2.836895   2.836879  -0.000017    34.4234    34.4224     6.5298    27.6644    27.6635    34.4234    27.6644    1452.05    1452.05    -0.4822  1029.3850    34.5917 0.0000e+00
      17632 311.741361  -62.13961  -58.44128      0.549    1448.24    361.000    357.224    -0.4705    -0.4694     0.0011    -0.4827    -0.4817     0.0011   2.836895   2.836933   0.000034    34.4232    34.4225     6.5220    27.6642    27.6636    34.4231    27.6641    1452.07    1452.07    -0.4826  1029.3895    34.5913 0.0000e+00
      17662 311.741376  -62.13962  -58.44128      0.740    1448.24    362.000    358.213    -0.4714    -0.4705     0.0009    -0.4837    -0.4828     0.0009   2.836856   2.836876   0.000018    34.4229    34.4222     6.5197    27.6640    27.6634    34.4230    27.6641    1452.08    1452.08    -0.4835  1029.3947    34.5918 0.0000e+00
      17689 311.741389  -62.13962 -9.990e-29      0.866    1448.24    363.000    359.202    -0.4718    -0.4709     0.0009    -0.4841    -0.4832     0.0009   2.836857   2.836873   0.000026    34.4227    34.4221     6.5266    27.6639    27.6633    34.4229    27.6640    1452.09    1452.10    -0.4839  1029.4010    34.5937 0.0000e+00
      17716 311.741402  -62.13962 -9.990e-29      0.898    1448.24    364.000    360.191    -0.4711    -0.4702     0.0009    -0.4835    -0.4826     0.0009   2.836977   2.836987   0.000008    34.4231    34.4222     6.5380    27.6642    27.6634    34.4231    27.6642    1452.12    1452.12    -0.4833  1029.4059    34.5940 0.0000e+00
      17747 311.741417  -62.13962 -9.990e-29      0.806    1448.24    365.000    361.179    -0.4707    -0.4699     0.0008    -0.4832    -0.4824     0.0008   2.837082   2.837079  -0.000001    34.4233    34.4223     6.5267    27.6643    27.6635    34.4235    27.6644    1452.13    1452.14    -0.4829  1029.4109    34.5943 0.0000e+00
      17782 311.741434  -62.13962  -58.44130      0.697    1448.24    366.000    362.168    -0.4697    -0.4689     0.0008    -0.4822    -0.4814     0.0008   2.837239   2.837242   0.000008    34.4237    34.4229     6.5234    27.6646    27.6639    34.4238    27.6647    1452.15    1452.16    -0.4820  1029.4141    34.5925 0.0000e+00
      17813 311.741449  -62.13962  -58.44130      0.739    1448.24    367.000    363.156    -0.4693    -0.4686     0.0006    -0.4818    -0.4812     0.0006   2.837334   2.837314  -0.000026    34.4240    34.4229     6.5199    27.6648    27.6639    34.4240    27.6648    1452.17    1452.17    -0.4816  1029.4187    34.5923 0.0000e+00
      17842 311.741463  -62.13962  -58.44130      0.815    1448.24    368.000    364.145    -0.4684    -0.4679     0.0005    -0.4810    -0.4805     0.0005   2.837445   2.837432  -0.000013    34.4237    34.4229     6.5191    27.6645    27.6639    34.4239    27.6647    1452.19    1452.19    -0.4807  1029.4233    34.5922 0.0000e+00
      17871 311.741477  -62.13962  -58.44131      0.828    1448.24    369.000    365.134    -0.4665    -0.4665    -0.0000    -0.4791    -0.4791    -0.0000   2.837707   2.837636  -0.000073    34.4244    34.4234     6.5159    27.6650    27.6642    34.4247    27.6652    1452.22    1452.22    -0.4789  1029.4285    34.5929 0.0000e+00
      17901 311.741491  -62.13962  -58.44132      0.821    1448.24    370.000    366.122    -0.4662    -0.4652     0.0010    -0.4789    -0.4778     0.0010   2.837805   2.837831   0.000027    34.4248    34.4241     6.5139    27.6653    27.6647    34.4250    27.6655    1452.24    1452.24    -0.4786  1029.4336    34.5933 0.0000e+00
      17937 311.741508  -62.13962  -58.44132      0.712    1448.24    371.000    367.111    -0.4664    -0.4658     0.0006    -0.4791    -0.4785     0.0006   2.837793   2.837791  -0.000004    34.4245    34.4237     6.5178    27.6651    27.6644    34.4245    27.6651    1452.25    1452.25    -0.4789  1029.4379    34.5928 0.0000e+00
      17976 311.741527  -62.13962  -58.44132      0.600    1448.24    372.000    368.100    -0.4660    -0.4650     0.0010    -0.4787    -0.4777     0.0010   2.837921   2.837938   0.000013    34.4248    34.4238     6.5171    27.6653    27.6644    34.4251    27.6656    1452.27    1452.27    -0.4785  1029.4432    34.5934 0.0000e+00
      18012 311.741544  -62.13962  -58.44132      0.665    1448.24    373.000    369.088    -0.4553    -0.4558    -0.0005    -0.4681    -0.4686    -0.0005   2.838943   2.838857  -0.000080    34.4252    34.4247     6.5140    27.6651    27.6648    34.4261    27.6659    1452.34    1452.34    -0.4679  1029.4481    34.5944 0.0000e+00
      18063 311.741569  -62.13962  -58.44132      0.593    1448.24    374.000    370.070    -0.4525    -0.4542    -0.0017    -0.4654    -0.4670    -0.0017   2.839313   2.839083  -0.000217    34.4268    34.4258     6.5110    27.6663    27.6656    34.4274    27.6668    1452.37    1452.36    -0.4651  1029.4537    34.5957 0.0000e+00
      18653 311.741854  -62.13967  -58.44138     -0.339    1448.46    375.000    371.064    -0.4694    -0.4638     0.0056    -0.4822    -0.4767     0.0055   2.837697   2.838148   0.000444    34.4246    34.4243     6.5130    27.6654    27.6648    34.4242    27.6650    1452.30    1452.33    -0.4820  1029.4568    34.5925 0.0000e+00
