Pos-Processados/process_op42/Processamento_split/down/doperantar42_035.cnv
* Sea-Bird SBE 9 Data File:
* FileName = C:\Users\Hidrografia\Desktop\OPXLII\Brutos\OP42035.hdr
* Software Version Seasave V 7.26.7.107
* Temperature SN = 6502
* Conductivity SN = 4998
* Number of Bytes Per Scan = 37
* Number of Voltage Words = 4
* Number of Scans Averaged by the Deck Unit = 1
* NMEA Latitude = 62 08.15 S
* NMEA Longitude = 058 26.56 W
* NMEA UTC (Time) = Nov 09 2023 10:06:19
* NMEA baud rate = 4800
** H41
** NPOALTEMAXIMIANO
** NUMERO DA ESTACAO (XXX) 035
** LAT (XX XX.XX S/N) 62 08.14 S
** LONG (XXX XX.XX W/E) 058 26.57 W
** DATAHORA (dd/mm/aaaa hh:mm Z) 09/11/2023 1005Z
** PROFUNDIDADE (m) 424
** OPERADOR CT FABIREZA
# nquan = 30
# nvalues = 397                         
# units = specified
# name 0 = scan: Scan Count
# name 1 = timeJ: Julian Days
# name 2 = latitude: Latitude [deg]
# name 3 = longitude: Longitude [deg]
# name 4 = dz/dtM: Descent Rate [m/s]
# name 5 = avgsvCM: Average Sound Velocity [Chen-Millero, m/s]
# name 6 = prDM: Pressure, Digiquartz [db]
# name 7 = depSM: Depth [salt water, m]
# name 8 = t090C: Temperature [ITS-90, deg C]
# name 9 = t190C: Temperature, 2 [ITS-90, deg C]
# name 10 = T2-T190C: Temperature Difference, 2 - 1 [ITS-90, deg C]
# name 11 = potemp090C: Potential Temperature [ITS-90, deg C]
# name 12 = potemp190C: Potential Temperature, 2 [ITS-90, deg C]
# name 13 = potemp90Cdiff: Potential Temperature, Diff, 2 - 1 [ITS-90, deg C]
# name 14 = c0S/m: Conductivity [S/m]
# name 15 = c1S/m: Conductivity, 2 [S/m]
# name 16 = C2-C1S/m: Conductivity Difference, 2 - 1 [S/m]
# name 17 = sal00: Salinity, Practical [PSU]
# name 18 = sal11: Salinity, Practical, 2 [PSU]
# name 19 = sbeox0ML/L: Oxygen, SBE 43 [ml/l]
# name 20 = sigma-é00: Density [sigma-theta, kg/m^3]
# name 21 = sigma-é11: Density, 2 [sigma-theta, kg/m^3]
# name 22 = sal00: Salinity, Practical [PSU]
# name 23 = sigma-é00: Density [sigma-theta, kg/m^3]
# name 24 = svCM: Sound Velocity [Chen-Millero, m/s]
# name 25 = svCM1: Sound Velocity, 2 [Chen-Millero, m/s]
# name 26 = gsw_ptA0: potential temperature [ITS-90, deg C]
# name 27 = gsw_densityA0: density, TEOS-10 [density, kg/m^3]
# name 28 = gsw_saA0: Absolute Salinity [g/kg]
# name 29 = flag:
# span 0 =       1917,      14179       
# span 1 = 313.421977, 313.427890       
# span 2 =  -62.13820,  -62.13608       
# span 3 =  -58.44282,  -58.44214       
# span 4 =      0.117,      1.172       
# span 5 =       0.00,    1455.47       
# span 6 =      2.000,    398.000       
# span 7 =      1.984,    393.798       
# span 8 =    -0.8118,    -0.5603       
# span 9 =    -0.8120,    -0.5592       
# span 10 =    -0.0018,     0.0062      
# span 11 =    -0.8189,    -0.5607      
# span 12 =    -0.8189,    -0.5596      
# span 13 =    -0.0018,     0.0062      
# span 14 =   2.794139,   2.823585      
# span 15 =   2.793956,   2.823522      
# span 16 =  -0.000178,   0.000439      
# span 17 =    34.2780,    34.3927      
# span 18 =    34.2781,    34.3917      
# span 19 =     6.7977,     7.6635      
# span 20 =    27.5521,    27.6463      
# span 21 =    27.5519,    27.6455      
# span 22 =    34.2786,    34.3928      
# span 23 =    27.5526,    27.6464      
# span 24 =    1445.60,    1451.93      
# span 25 =    1445.60,    1451.93      
# span 26 =    -0.8187,    -0.5607      
# span 27 =  1027.5651,  1029.5484      
# span 28 =    34.4418,    34.5629      
# span 29 = 0.0000e+00, 0.0000e+00      
# interval = decibars: 1                
# start_time = Nov 09 2023 10:06:19 [NMEA time, header]
# bad_flag = -9.990e-29
*END*
[from data line 291]
       9887 313.425821  -62.13750  -58.44252      0.935    1447.09    293.000    289.983    -0.6609    -0.6602     0.0008    -0.6702    -0.6695     0.0008   2.812076   2.812058  -0.000022    34.3461    34.3449     7.1393    27.6100    27.6091    34.3464    27.6103    1449.96    1449.97    -0.6700  1029.0149    34.5142 0.0000e+00
       9913 313.425833  -62.13750  -58.44252      0.914    1447.09    294.000    290.972    -0.6607    -0.6600     0.0007    -0.6700    -0.6693     0.0007   2.812164   2.812127  -0.000036    34.3463    34.3451     7.1286    27.6103    27.6092    34.3467    27.6106    1449.98    1449.98    -0.6698  1029.0199    34.5145 0.0000e+00
       9939 313.425846  -62.13750  -58.44252      0.926    1447.09    295.000    291.961    -0.6602    -0.6595     0.0007    -0.6696    -0.6689     0.0007   2.812264   2.812229  -0.000037    34.3466    34.3453     7.1323    27.6105    27.6094    34.3469    27.6107    1450.00    1450.00    -0.6694  1029.0249    34.5147 0.0000e+00
       9964 313.425858  -62.13752  -58.44250      0.952    1447.09    296.000    292.950    -0.6610    -0.6601     0.0009    -0.6704    -0.6695     0.0009   2.812193   2.812200   0.000008    34.3461    34.3452     7.1297    27.6101    27.6093    34.3462    27.6102    1450.01    1450.01    -0.6702  1029.0291    34.5140 0.0000e+00
       9989 313.425870  -62.13752  -58.44250      0.956    1447.14    297.000    293.939    -0.6607    -0.6602     0.0005    -0.6701    -0.6696     0.0005   2.812281   2.812232  -0.000044    34.3461    34.3450     7.1340    27.6101    27.6092    34.3464    27.6104    1450.03    1450.03    -0.6699  1029.0340    34.5142 0.0000e+00
      10016 313.425883  -62.13752  -58.44250      0.920    1447.51    298.000    294.928    -0.6608    -0.6601     0.0007    -0.6703    -0.6696     0.0007   2.812299   2.812275  -0.000027    34.3461    34.3450     7.1330    27.6101    27.6091    34.3462    27.6102    1450.05    1450.05    -0.6700  1029.0386    34.5140 0.0000e+00
      10042 313.425896  -62.13752  -58.44250      0.903    1447.51    299.000    295.917    -0.6604    -0.6598     0.0006    -0.6699    -0.6693     0.0006   2.812407   2.812371  -0.000039    34.3465    34.3453     7.1234    27.6104    27.6094    34.3466    27.6105    1450.07    1450.07    -0.6697  1029.0437    34.5144 0.0000e+00
      10067 313.425908  -62.13752  -58.44250      0.937    1447.51    300.000    296.906    -0.6612    -0.6606     0.0006    -0.6707    -0.6701     0.0006   2.812410   2.812387  -0.000026    34.3468    34.3458     7.1196    27.6107    27.6098    34.3469    27.6108    1450.08    1450.08    -0.6705  1029.0487    34.5148 0.0000e+00
      10090 313.425919  -62.13754  -58.44250      1.003    1447.51    301.000    297.895    -0.6613    -0.6606     0.0008    -0.6709    -0.6701     0.0008   2.812461   2.812443  -0.000016    34.3470    34.3459     7.1187    27.6109    27.6100    34.3471    27.6110    1450.09    1450.10    -0.6706  1029.0537    34.5150 0.0000e+00
      10113 313.425930  -62.13754  -58.44250      1.046    1447.51    302.000    298.884    -0.6609    -0.6602     0.0007    -0.6705    -0.6698     0.0007   2.812537   2.812519  -0.000021    34.3469    34.3459     7.1158    27.6107    27.6099    34.3471    27.6109    1450.11    1450.11    -0.6703  1029.0583    34.5149 0.0000e+00
      10138 313.425942  -62.13754  -58.44250      1.014    1447.51    303.000    299.873    -0.6606    -0.6599     0.0008    -0.6703    -0.6695     0.0008   2.812599   2.812588  -0.000012    34.3469    34.3459     7.1144    27.6108    27.6099    34.3470    27.6108    1450.13    1450.13    -0.6700  1029.0630    34.5148 0.0000e+00
      10166 313.425955  -62.13754  -58.44249      0.901    1447.51    304.000    300.862    -0.6610    -0.6602     0.0008    -0.6706    -0.6698     0.0008   2.812629   2.812614  -0.000016    34.3471    34.3459     7.1208    27.6109    27.6100    34.3472    27.6110    1450.15    1450.15    -0.6704  1029.0638    34.5098 0.0000e+00
      10195 313.425969 -9.990e-29  -58.44248      0.821    1447.51    305.000    301.851    -0.6610    -0.6603     0.0007    -0.6707    -0.6700     0.0007   2.812679   2.812653  -0.000023    34.3472    34.3460     7.1246    27.6110    27.6100    34.3473    27.6111    1450.16    1450.16    -0.6705  1029.0681    34.5092 0.0000e+00
      10221 313.425982 -9.990e-29  -58.44248      0.878    1447.51    306.000    302.840    -0.6606    -0.6598     0.0008    -0.6703    -0.6695     0.0008   2.812765   2.812754  -0.000016    34.3473    34.3462     7.1246    27.6111    27.6101    34.3474    27.6112    1450.18    1450.18    -0.6701  1029.0729    34.5094 0.0000e+00
      10244 313.425993 -9.990e-29  -58.44248      0.989    1447.51    307.000    303.829    -0.6608    -0.6599     0.0009    -0.6705    -0.6696     0.0009   2.812806   2.812802 7.3572e-07    34.3473    34.3463     7.1240    27.6111    27.6102    34.3475    27.6112    1450.20    1450.20    -0.6703  1029.0777    34.5095 0.0000e+00
      10266 313.426003  -62.13756  -58.44248      1.073    1447.51    308.000    304.818    -0.6603    -0.6596     0.0007    -0.6701    -0.6694     0.0007   2.812902   2.812873  -0.000027    34.3475    34.3464     7.1193    27.6112    27.6103    34.3476    27.6113    1450.21    1450.22    -0.6699  1029.0873    34.5155 0.0000e+00
      10288 313.426014  -62.13757  -58.44248      1.077    1447.51    309.000    305.807    -0.6604    -0.6595     0.0009    -0.6703    -0.6693     0.0009   2.812944   2.812938  -0.000009    34.3477    34.3465     7.1154    27.6114    27.6104    34.3478    27.6114    1450.23    1450.23    -0.6700  1029.0922    34.5156 0.0000e+00
      10315 313.426027  -62.13758  -58.44248      0.964    1447.51    310.000    306.795    -0.6602    -0.6594     0.0007    -0.6700    -0.6693     0.0007   2.813002   2.812989  -0.000012    34.3476    34.3466     7.1118    27.6113    27.6104    34.3476    27.6113    1450.25    1450.25    -0.6698  1029.0968    34.5155 0.0000e+00
      10344 313.426041  -62.13758  -58.44248      0.836    1447.51    311.000    307.785    -0.6602    -0.6593     0.0009    -0.6701    -0.6692     0.0009   2.813041   2.813050   0.000006    34.3476    34.3466     7.1089    27.6113    27.6105    34.3476    27.6113    1450.26    1450.27    -0.6699  1029.1016    34.5155 0.0000e+00
      10370 313.426054  -62.13758  -58.44248      0.876    1447.51    312.000    308.774    -0.6602    -0.6593     0.0009    -0.6702    -0.6693     0.0009   2.813119   2.813098  -0.000020    34.3480    34.3467     7.1154    27.6116    27.6106    34.3481    27.6117    1450.28    1450.28    -0.6699  1029.1067    34.5159 0.0000e+00
      10392 313.426065  -62.13758  -58.44248      1.000    1447.51    313.000    309.763    -0.6599    -0.6593     0.0007    -0.6699    -0.6692     0.0007   2.813196   2.813171  -0.000026    34.3481    34.3469     7.1209    27.6117    27.6107    34.3481    27.6117    1450.30    1450.30    -0.6697  1029.1115    34.5160 0.0000e+00
      10414 313.426075  -62.13759  -58.44248      1.095    1447.51    314.000    310.751    -0.6602    -0.6594     0.0008    -0.6702    -0.6694     0.0008   2.813219   2.813207  -0.000011    34.3481    34.3470     7.1186    27.6117    27.6108    34.3481    27.6118    1450.31    1450.32    -0.6700  1029.1163    34.5160 0.0000e+00
      10436 313.426085  -62.13760  -58.44248      1.117    1447.51    315.000    311.740    -0.6576    -0.6572     0.0005    -0.6677    -0.6672     0.0005   2.813560   2.813546  -0.000022    34.3488    34.3480     7.1170    27.6122    27.6115    34.3492    27.6125    1450.34    1450.34    -0.6674  1029.1218    34.5171 0.0000e+00
      10460 313.426097  -62.13760  -58.44248      1.035    1447.51    316.000    312.729    -0.6560    -0.6555     0.0005    -0.6661    -0.6655     0.0005   2.813804   2.813774  -0.000026    34.3496    34.3487     7.1064    27.6128    27.6120    34.3501    27.6131    1450.37    1450.37    -0.6659  1029.1237    34.5137 0.0000e+00
      10489 313.426111 -9.990e-29  -58.44248      0.873    1447.51    317.000    313.718    -0.6542    -0.6536     0.0006    -0.6643    -0.6637     0.0006   2.814053   2.814026  -0.000022    34.3505    34.3495     7.1096    27.6134    27.6126    34.3508    27.6136    1450.39    1450.40    -0.6641  1029.1276    34.5127 0.0000e+00
      10518 313.426125 -9.990e-29  -58.44246      0.828    1447.51    318.000    314.707    -0.6528    -0.6524     0.0004    -0.6630    -0.6626     0.0004   2.814271   2.814226  -0.000046    34.3511    34.3501     7.1005    27.6139    27.6130    34.3515    27.6142    1450.42    1450.42    -0.6627  1029.1329    34.5135 0.0000e+00
      10543 313.426137 -9.990e-29  -58.44248      0.909    1447.51    319.000    315.696    -0.6510    -0.6504     0.0006    -0.6612    -0.6606     0.0006   2.814569   2.814531  -0.000032    34.3520    34.3510     7.0894    27.6145    27.6136    34.3529    27.6152    1450.44    1450.45    -0.6610  1029.1386    34.5149 0.0000e+00
      10566 313.426148  -62.13762  -58.44246      1.006    1447.51    320.000    316.685    -0.6448    -0.6441     0.0006    -0.6550    -0.6544     0.0006   2.815265   2.815264  -0.000008    34.3538    34.3529     7.0857    27.6157    27.6150    34.3546    27.6163    1450.49    1450.49    -0.6548  1029.1492    34.5225 0.0000e+00
      10588 313.426159  -62.13762  -58.44246      1.048    1447.51    321.000    317.673    -0.6424    -0.6420     0.0004    -0.6527    -0.6523     0.0004   2.815606   2.815566  -0.000040    34.3550    34.3539     7.0803    27.6165    27.6157    34.3559    27.6173    1450.52    1450.52    -0.6525  1029.1549    34.5238 0.0000e+00
      10613 313.426171  -62.13762  -58.44246      1.023    1447.51    322.000    318.663    -0.6356    -0.6353     0.0003    -0.6460    -0.6456     0.0003   2.816352   2.816324  -0.000026    34.3565    34.3558     7.0829    27.6175    27.6169    34.3577    27.6184    1450.57    1450.57    -0.6457  1029.1607    34.5255 0.0000e+00
      10639 313.426183  -62.13762  -58.44246      0.948    1447.51    323.000    319.651    -0.6329    -0.6323     0.0006    -0.6433    -0.6427     0.0006   2.816706   2.816675  -0.000031    34.3580    34.3569     7.0699    27.6185    27.6176    34.3587    27.6192    1450.60    1450.60    -0.6431  1029.1662    34.5266 0.0000e+00
      10666 313.426196  -62.13764  -58.44246      0.893    1447.51    324.000    320.640    -0.6321    -0.6314     0.0006    -0.6425    -0.6419     0.0006   2.816860   2.816835  -0.000027    34.3585    34.3574     7.0607    27.6190    27.6180    34.3593    27.6196    1450.62    1450.62    -0.6423  1029.1713    34.5272 0.0000e+00
      10691 313.426208  -62.13764  -58.44246      0.926    1447.51    325.000    321.629    -0.6309    -0.6300     0.0008    -0.6414    -0.6405     0.0008   2.817053   2.817040  -0.000012    34.3593    34.3582     7.0418    27.6195    27.6186    34.3599    27.6200    1450.65    1450.65    -0.6411  1029.1765    34.5278 0.0000e+00
      10715 313.426220  -62.13764  -58.44246      0.986    1447.51    326.000    322.618    -0.6285    -0.6279     0.0005    -0.6390    -0.6385     0.0005   2.817396   2.817367  -0.000032    34.3602    34.3592     7.0305    27.6202    27.6193    34.3612    27.6210    1450.68    1450.68    -0.6388  1029.1821    34.5291 0.0000e+00
      10738 313.426231  -62.13764  -58.44246      1.013    1447.51    327.000    323.607    -0.6269    -0.6261     0.0008    -0.6374    -0.6367     0.0008   2.817641   2.817634  -0.000005    34.3615    34.3605     7.0221    27.6211    27.6203    34.3621    27.6216    1450.70    1450.70    -0.6372  1029.1875    34.5300 0.0000e+00
      10763 313.426243  -62.13764  -58.44246      0.996    1447.51    328.000    324.595    -0.6265    -0.6258     0.0007    -0.6371    -0.6364     0.0007   2.817755   2.817727  -0.000028    34.3620    34.3608     7.0221    27.6216    27.6206    34.3626    27.6220    1450.72    1450.72    -0.6369  1029.1927    34.5305 0.0000e+00
      10789 313.426256  -62.13765  -58.44246      0.948    1447.51    329.000    325.585    -0.6237    -0.6233     0.0004    -0.6343    -0.6339     0.0004   2.818120   2.818071  -0.000049    34.3627    34.3616     7.0152    27.6220    27.6211    34.3637    27.6228    1450.75    1450.75    -0.6341  1029.1982    34.5316 0.0000e+00
      10814 313.426268  -62.13766  -58.44246      0.925    1447.51    330.000    326.573    -0.6197    -0.6191     0.0006    -0.6304    -0.6298     0.0006   2.818628   2.818599  -0.000027    34.3646    34.3636     7.0042    27.6233    27.6225    34.3654    27.6240    1450.79    1450.79    -0.6302  1029.2041    34.5333 0.0000e+00
      10839 313.426280  -62.13766  -58.44246      0.956    1447.51    331.000    327.562    -0.6193    -0.6186     0.0007    -0.6300    -0.6293     0.0007   2.818766   2.818727  -0.000041    34.3657    34.3643     6.9994    27.6242    27.6231    34.3662    27.6247    1450.81    1450.81    -0.6298  1029.2095    34.5342 0.0000e+00
      10863 313.426291  -62.13766  -58.44246      0.996    1447.51    332.000    328.551    -0.6183    -0.6177     0.0006    -0.6291    -0.6285     0.0006   2.818922   2.818894  -0.000027    34.3658    34.3648     6.9955    27.6243    27.6234    34.3666    27.6249    1450.83    1450.83    -0.6288  1029.2145    34.5345 0.0000e+00
      10887 313.426303  -62.13767  -58.44246      0.996    1447.51    333.000    329.539    -0.6149    -0.6145     0.0004    -0.6257    -0.6253     0.0004   2.819307   2.819272  -0.000035    34.3665    34.3656     6.9937    27.6247    27.6239    34.3673    27.6253    1450.86    1450.86    -0.6255  1029.2196    34.5352 0.0000e+00
      10914 313.426316  -62.13768  -58.44245      0.944    1447.51    334.000    330.529    -0.6145    -0.6138     0.0007    -0.6254    -0.6247     0.0007   2.819403   2.819368  -0.000036    34.3671    34.3658     6.9875    27.6252    27.6241    34.3676    27.6255    1450.88    1450.88    -0.6251  1029.2246    34.5355 0.0000e+00
      10941 313.426329  -62.13768  -58.44244      0.879    1447.51    335.000    331.517    -0.6142    -0.6135     0.0007    -0.6251    -0.6244     0.0007   2.819480   2.819446  -0.000035    34.3672    34.3660     6.9688    27.6252    27.6242    34.3676    27.6256    1450.90    1450.90    -0.6249  1029.2294    34.5356 0.0000e+00
      10967 313.426342  -62.13768  -58.44244      0.891    1447.51    336.000    332.506    -0.6137    -0.6130     0.0007    -0.6246    -0.6240     0.0007   2.819578   2.819559  -0.000018    34.3672    34.3662     6.9618    27.6252    27.6244    34.3677    27.6256    1450.92    1450.92    -0.6244  1029.2342    34.5357 0.0000e+00
      10991 313.426353  -62.13769  -58.44244      0.965    1447.51    337.000    333.495    -0.6119    -0.6114     0.0005    -0.6229    -0.6223     0.0005   2.819804   2.819776  -0.000031    34.3676    34.3665     6.9553    27.6254    27.6246    34.3682    27.6259    1450.94    1450.94    -0.6226  1029.2392    34.5361 0.0000e+00
      11014 313.426364  -62.13770  -58.44244      1.039    1447.51    338.000    334.484    -0.6105    -0.6098     0.0007    -0.6215    -0.6208     0.0007   2.820021   2.820002  -0.000020    34.3683    34.3673     6.9622    27.6260    27.6251    34.3689    27.6264    1450.97    1450.97    -0.6213  1029.2444    34.5368 0.0000e+00
      11036 313.426375  -62.13770  -58.44244      1.075    1447.51    339.000    335.472    -0.6095    -0.6086     0.0009    -0.6206    -0.6196     0.0009   2.820164   2.820181   0.000017    34.3687    34.3678     6.9617    27.6262    27.6255    34.3691    27.6266    1450.99    1450.99    -0.6203  1029.2493    34.5370 0.0000e+00
