Pos-Processados/process_op42/Processamento_split/down/doperantar42_050.cnv
* Sea-Bird SBE 9 Data File:
* FileName = C:\Users\Hidrografia\Desktop\OPXLII\Brutos\OP42050.hdr
* Software Version Seasave V 7.26.7.107
* Temperature SN = 6502
* Conductivity SN = 4998
* Number of Bytes Per Scan = 37
* Number of Voltage Words = 4
* Number of Scans Averaged by the Deck Unit = 1
* NMEA Latitude = 62 08.29 S
* NMEA Longitude = 058 26.27 W
* NMEA UTC (Time) = Nov 10 2023 01:03:24
* NMEA baud rate = 4800
** H41
** NPOALTEMAXIMIANO
** NUMERO DA ESTACAO (XXX) 50
** LAT (XX XX.XX S/N) 62 08. S
** LONG (XXX XX.XX W/E) 058 26. W
** DATAHORA (dd/mm/aaaa hh:mm Z) 10/11/2023 0105Z
** PROFUNDIDADE (m) 424
** OPERADOR CT FILIPE LOPES
# nquan = 30
# nvalues = 354                         
# units = specified
# name 0 = scan: Scan Count
# name 1 = timeJ: Julian Days
# name 2 = latitude: Latitude [deg]
# name 3 = longitude: Longitude [deg]
# name 4 = dz/dtM: Descent Rate [m/s]
# name 5 = avgsvCM: Average Sound Velocity [Chen-Millero, m/s]
# name 6 = prDM: Pressure, Digiquartz [db]
# name 7 = depSM: Depth [salt water, m]
# name 8 = t090C: Temperature [ITS-90, deg C]
# name 9 = t190C: Temperature, 2 [ITS-90, deg C]
# name 10 = T2-T190C: Temperature Difference, 2 - 1 [ITS-90, deg C]
# name 11 = potemp090C: Potential Temperature [ITS-90, deg C]
# name 12 = potemp190C: Potential Temperature, 2 [ITS-90, deg C]
# name 13 = potemp90Cdiff: Potential Temperature, Diff, 2 - 1 [ITS-90, deg C]
# name 14 = c0S/m: Conductivity [S/m]
# name 15 = c1S/m: Conductivity, 2 [S/m]
# name 16 = C2-C1S/m: Conductivity Difference, 2 - 1 [S/m]
# name 17 = sal00: Salinity, Practical [PSU]
# name 18 = sal11: Salinity, Practical, 2 [PSU]
# name 19 = sbeox0ML/L: Oxygen, SBE 43 [ml/l]
# name 20 = sigma-é00: Density [sigma-theta, kg/m^3]
# name 21 = sigma-é11: Density, 2 [sigma-theta, kg/m^3]
# name 22 = sal00: Salinity, Practical [PSU]
# name 23 = sigma-é00: Density [sigma-theta, kg/m^3]
# name 24 = svCM: Sound Velocity [Chen-Millero, m/s]
# name 25 = svCM1: Sound Velocity, 2 [Chen-Millero, m/s]
# name 26 = gsw_ptA0: potential temperature [ITS-90, deg C]
# name 27 = gsw_densityA0: density, TEOS-10 [density, kg/m^3]
# name 28 = gsw_saA0: Absolute Salinity [g/kg]
# name 29 = flag:
# span 0 =       4216,      17360       
# span 1 = 314.046061, 314.052399       
# span 2 =  -62.14055,  -62.13909       
# span 3 =  -58.43575,  -58.42874       
# span 4 =      0.034,      0.953       
# span 5 =      -0.01,    1448.13       
# span 6 =     13.000,    366.000       
# span 7 =     12.880,    362.165       
# span 8 =    -0.8059,    -0.5135       
# span 9 =    -0.8049,    -0.5140       
# span 10 =    -0.0058,     0.0050      
# span 11 =    -0.8122,    -0.5258      
# span 12 =    -0.8113,    -0.5264      
# span 13 =    -0.0058,     0.0050      
# span 14 =   2.793456,   2.833027      
# span 15 =   2.793462,   2.832854      
# span 16 =  -0.000498,   0.000261      
# span 17 =    34.2706,    34.4165      
# span 18 =    34.2695,    34.4149      
# span 19 =     6.6308,     7.7449      
# span 20 =    27.5445,    27.6608      
# span 21 =    27.5436,    27.6595      
# span 22 =    34.2706,    34.4168      
# span 23 =    27.5445,    27.6610      
# span 24 =    1445.75,    1451.94      
# span 25 =    1445.76,    1451.94      
# span 26 =    -0.8121,    -0.5256      
# span 27 =  1027.6116,  1029.4107      
# span 28 =    34.4358,    34.5851      
# span 29 = 0.0000e+00, 0.0000e+00      
# interval = decibars: 1                
# start_time = Nov 10 2023 01:03:24 [NMEA time, header]
# bad_flag = -9.990e-29
*END*
       4216 314.046061  -62.13909  -58.43575      0.034      -0.01     13.000     12.880    -0.5666    -0.5654     0.0012    -0.5669    -0.5657     0.0012   2.801640   2.801678   0.000023    34.2716    34.2704     7.7146    27.5453    27.5443    34.2713    27.5451    1445.75    1445.76    -0.5670  1027.6116    34.4363 0.0000e+00
       4395 314.046147  -62.13912  -58.43565      0.300       0.04     14.000     13.866    -0.5668    -0.5660     0.0009    -0.5673    -0.5664     0.0009   2.801649   2.801604  -0.000041    34.2709    34.2696     7.7167    27.5448    27.5437    34.2710    27.5449    1445.77    1445.77    -0.5672  1027.6164    34.4363 0.0000e+00
       4457 314.046177  -62.13912  -58.43562      0.402      -0.00     15.000     14.857    -0.5664    -0.5655     0.0008    -0.5668    -0.5660     0.0008   2.801763   2.801753  -0.000015    34.2714    34.2703     7.7078    27.5452    27.5442    34.2714    27.5452    1445.79    1445.79    -0.5668  1027.6214    34.4367 0.0000e+00
       4505 314.046200  -62.13914  -58.43560      0.502 5.1346e-09     16.000     15.846    -0.5671    -0.5663     0.0008    -0.5676    -0.5668     0.0008   2.801684   2.801670  -0.000009    34.2706    34.2695     7.7027    27.5445    27.5436    34.2706    27.5445    1445.80    1445.80    -0.5676  1027.6255    34.4358 0.0000e+00
       4547 314.046220  -62.13914  -58.43558      0.559       0.15     17.000     16.836    -0.5670    -0.5662     0.0008    -0.5675    -0.5667     0.0008   2.801744   2.801735  -0.000010    34.2706    34.2696     7.6998    27.5446    27.5437    34.2706    27.5446    1445.81    1445.81    -0.5675  1027.6303    34.4358 0.0000e+00
       4589 314.046240  -62.13914  -58.43556      0.583       0.00     18.000     17.827    -0.5668    -0.5659     0.0008    -0.5673    -0.5665     0.0008   2.801841   2.801813  -0.000029    34.2711    34.2697     7.6944    27.5449    27.5438    34.2711    27.5449    1445.83    1445.83    -0.5673  1027.6355    34.4362 0.0000e+00
       4631 314.046261  -62.13915  -58.43554      0.568 2.8532e-12     19.000     18.817    -0.5667    -0.5659     0.0008    -0.5673    -0.5665     0.0008   2.801874   2.801855  -0.000018    34.2708    34.2697     7.7007    27.5447    27.5438    34.2709    27.5447    1445.85    1445.85    -0.5673  1027.6400    34.4360 0.0000e+00
       4673 314.046281  -62.13916  -58.43551      0.573     622.50     20.000     19.807    -0.5668    -0.5660     0.0007    -0.5674    -0.5666     0.0007   2.801927   2.801900  -0.000025    34.2710    34.2698     7.7016    27.5448    27.5438    34.2710    27.5449    1445.86    1445.87    -0.5674  1027.6450    34.4362 0.0000e+00
       4714 314.046301  -62.13916  -58.43549      0.578    1446.33     21.000     20.797    -0.5668    -0.5661     0.0008    -0.5675    -0.5667     0.0008   2.801966   2.801948  -0.000023    34.2710    34.2698     7.6989    27.5448    27.5439    34.2710    27.5448    1445.88    1445.88    -0.5674  1027.6497    34.4361 0.0000e+00
       4752 314.046319  -62.13917  -58.43548      0.625    1445.86     22.000     21.788    -0.5667    -0.5658     0.0008    -0.5673    -0.5665     0.0008   2.802030   2.802016  -0.000013    34.2710    34.2699     7.7058    27.5448    27.5439    34.2710    27.5449    1445.90    1445.90    -0.5673  1027.6546    34.4362 0.0000e+00
       4785 314.046335  -62.13918  -58.43546      0.702    1445.86     23.000     22.778    -0.5664    -0.5656     0.0008    -0.5670    -0.5663     0.0008   2.802120   2.802091  -0.000023    34.2711    34.2699     7.7131    27.5449    27.5439    34.2713    27.5451    1445.91    1445.92    -0.5671  1027.6595    34.4365 0.0000e+00
       4818 314.046351  -62.13918  -58.43544      0.736    1445.86     24.000     23.768    -0.5667    -0.5658     0.0009    -0.5674    -0.5665     0.0009   2.802114   2.802103  -0.000014    34.2710    34.2698     7.7044    27.5449    27.5438    34.2709    27.5448    1445.93    1445.93    -0.5674  1027.6640    34.4361 0.0000e+00
       4850 314.046366  -62.13918  -58.43543      0.740    1445.86     25.000     24.759    -0.5665    -0.5658     0.0007    -0.5673    -0.5666     0.0007   2.802178   2.802136  -0.000045    34.2710    34.2696     7.6992    27.5448    27.5437    34.2710    27.5448    1445.94    1445.95    -0.5672  1027.6689    34.4362 0.0000e+00
       4885 314.046383  -62.13919  -58.43541      0.702    1445.86     26.000     25.749    -0.5664    -0.5655     0.0008    -0.5671    -0.5663     0.0008   2.802233   2.802223  -0.000005    34.2708    34.2698     7.6996    27.5447    27.5439    34.2709    27.5448    1445.96    1445.97    -0.5671  1027.6736    34.4361 0.0000e+00
       4919 314.046400  -62.13920  -58.43539      0.692    1445.86     27.000     26.739    -0.5665    -0.5656     0.0008    -0.5673    -0.5665     0.0008   2.802264   2.802266 6.8540e-07    34.2709    34.2699     7.7111    27.5447    27.5440    34.2708    27.5447    1445.98    1445.98    -0.5673  1027.6783    34.4361 0.0000e+00
       4951 314.046415  -62.13920  -58.43538      0.740    1445.86     28.000     27.730    -0.5664    -0.5656     0.0008    -0.5672    -0.5664     0.0008   2.802346   2.802307  -0.000035    34.2712    34.2697     7.7116    27.5450    27.5438    34.2713    27.5451    1445.99    1446.00    -0.5672  1027.6835    34.4365 0.0000e+00
       4982 314.046430  -62.13920  -58.43536      0.771    1445.86     29.000     28.720    -0.5673    -0.5664     0.0009    -0.5682    -0.5673     0.0009   2.802349   2.802343  -0.000013    34.2718    34.2706     7.7068    27.5455    27.5445    34.2717    27.5455    1446.01    1446.01    -0.5682  1027.6887    34.4370 0.0000e+00
       5014 314.046445  -62.13920  -58.43535      0.765    1445.86     30.000     29.710    -0.5675    -0.5667     0.0008    -0.5684    -0.5676     0.0008   2.802382   2.802363  -0.000010    34.2716    34.2705     7.7039    27.5454    27.5445    34.2717    27.5455    1446.02    1446.03    -0.5684  1027.6935    34.4370 0.0000e+00
       5047 314.046461  -62.13920  -58.43532      0.737    1445.86     31.000     30.700    -0.5681    -0.5671     0.0010    -0.5690    -0.5680     0.0010   2.802512   2.802486  -0.000032    34.2736    34.2721     7.7180    27.5471    27.5457    34.2736    27.5470    1446.04    1446.04    -0.5690  1027.6998    34.4388 0.0000e+00
       5078 314.046476  -62.13922  -58.43531      0.751    1445.86     32.000     31.691    -0.5688    -0.5677     0.0011    -0.5698    -0.5687     0.0011   2.802541   2.802538  -0.000005    34.2742    34.2729     7.7251    27.5476    27.5464    34.2742    27.5475    1446.05    1446.06    -0.5697  1027.7051    34.4395 0.0000e+00
       5107 314.046490  -62.13922  -58.43530      0.805    1445.86     33.000     32.681    -0.5711    -0.5698     0.0012    -0.5721    -0.5708     0.0012   2.802516   2.802512   0.000001    34.2758    34.2745     7.7216    27.5490    27.5478    34.2757    27.5489    1446.06    1446.06    -0.5721  1027.7113    34.4410 0.0000e+00
       5137 314.046505  -62.13922  -58.43529      0.807    1445.86     34.000     33.671    -0.5716    -0.5712     0.0004    -0.5726    -0.5722     0.0004   2.802547   2.802489  -0.000052    34.2761    34.2750     7.7179    27.5492    27.5483    34.2762    27.5492    1446.08    1446.08    -0.5726  1027.7164    34.4415 0.0000e+00
       5169 314.046520  -62.13922  -58.43528      0.772    1445.86     35.000     34.661    -0.5713    -0.5704     0.0009    -0.5724    -0.5715     0.0009   2.802635   2.802602  -0.000038    34.2765    34.2750     7.7031    27.5495    27.5483    34.2764    27.5494    1446.09    1446.10    -0.5723  1027.7210    34.4413 0.0000e+00
       5204 314.046537 -9.990e-29  -58.43525      0.702    1445.86     36.000     35.652    -0.5721    -0.5714     0.0007    -0.5732    -0.5725     0.0007   2.802616   2.802612  -0.000008    34.2766    34.2756     7.6981    27.5496    27.5488    34.2764    27.5495    1446.10    1446.11    -0.5732  1027.7232    34.4380 0.0000e+00
       5238 314.046553 -9.990e-29  -58.43524      0.693    1445.86     37.000     36.642    -0.5722    -0.5713     0.0010    -0.5733    -0.5723     0.0010   2.802683   2.802671  -0.000011    34.2769    34.2756     7.7083    27.5499    27.5488    34.2768    27.5498    1446.12    1446.12    -0.5733  1027.7284    34.4385 0.0000e+00
       5270 314.046569  -62.13924  -58.43522      0.742    1445.86     38.000     37.632    -0.5730    -0.5723     0.0007    -0.5741    -0.5734     0.0007   2.802690   2.802677  -0.000011    34.2772    34.2763     7.7157    27.5502    27.5494    34.2772    27.5501    1446.13    1446.14    -0.5741  1027.7339    34.4394 0.0000e+00
       5302 314.046584  -62.13924  -58.43521      0.750    1445.86     39.000     38.622    -0.5730    -0.5721     0.0009    -0.5742    -0.5733     0.0009   2.802755   2.802729  -0.000024    34.2774    34.2761     7.7295    27.5503    27.5492    34.2775    27.5504    1446.15    1446.15    -0.5742  1027.7415    34.4429 0.0000e+00
       5333 314.046599  -62.13924  -58.43520      0.766    1445.86     40.000     39.612    -0.5722    -0.5714     0.0008    -0.5734    -0.5726     0.0008   2.802853   2.802823  -0.000028    34.2772    34.2760     7.7449    27.5502    27.5491    34.2772    27.5502    1446.17    1446.17    -0.5734  1027.7461    34.4426 0.0000e+00
       5365 314.046615  -62.13926  -58.43517      0.762    1445.86     41.000     40.603    -0.5717    -0.5708     0.0008    -0.5729    -0.5720     0.0008   2.802944   2.802916  -0.000031    34.2771    34.2758     7.7265    27.5501    27.5489    34.2772    27.5501    1446.19    1446.19    -0.5729  1027.7508    34.4426 0.0000e+00
       5397 314.046630  -62.13926  -58.43516      0.747    1445.86     42.000     41.593    -0.5720    -0.5712     0.0008    -0.5732    -0.5724     0.0008   2.802963   2.802941  -0.000026    34.2772    34.2760     7.6903    27.5501    27.5491    34.2772    27.5501    1446.21    1446.21    -0.5732  1027.7556    34.4426 0.0000e+00
       5429 314.046645  -62.13926  -58.43514      0.760    1445.86     43.000     42.583    -0.5719    -0.5711     0.0008    -0.5732    -0.5724     0.0008   2.803018   2.802989  -0.000029    34.2772    34.2760     7.6731    27.5501    27.5491    34.2772    27.5502    1446.22    1446.22    -0.5732  1027.7605    34.4427 0.0000e+00
       5462 314.046661  -62.13926  -58.43513      0.725    1445.86     44.000     43.573    -0.5720    -0.5711     0.0010    -0.5733    -0.5724     0.0010   2.803062   2.803042  -0.000020    34.2773    34.2760     7.6626    27.5502    27.5491    34.2774    27.5503    1446.24    1446.24    -0.5733  1027.7654    34.4428 0.0000e+00
       5496 314.046678  -62.13927  -58.43512      0.701    1445.86     45.000     44.563    -0.5716    -0.5708     0.0007    -0.5729    -0.5722     0.0007   2.803120   2.803087  -0.000025    34.2769    34.2757     7.6567    27.5499    27.5489    34.2770    27.5499    1446.25    1446.26    -0.5729  1027.7669    34.4388 0.0000e+00
       5529 314.046694 -9.990e-29  -58.43510      0.724    1445.86     46.000     45.553    -0.5717    -0.5710     0.0007    -0.5731    -0.5724     0.0007   2.803149   2.803129  -0.000021    34.2769    34.2758     7.6592    27.5498    27.5490    34.2769    27.5499    1446.27    1446.27    -0.5730  1027.7714    34.4385 0.0000e+00
       5562 314.046709 -9.990e-29  -58.43508      0.738    1445.86     47.000     46.544    -0.5720    -0.5713     0.0007    -0.5734    -0.5727     0.0007   2.803184   2.803166  -0.000023    34.2771    34.2761     7.6554    27.5501    27.5492    34.2771    27.5501    1446.29    1446.29    -0.5734  1027.7764    34.4387 0.0000e+00
       5595 314.046725  -62.13928  -58.43507      0.731    1445.86     48.000     47.534    -0.5720    -0.5712     0.0009    -0.5735    -0.5726     0.0009   2.803254   2.803213  -0.000038    34.2774    34.2759     7.6586    27.5503    27.5490    34.2775    27.5504    1446.30    1446.30    -0.5734  1027.7842    34.4425 0.0000e+00
       5629 314.046742  -62.13928  -58.43505      0.714    1445.86     49.000     48.524    -0.5719    -0.5712     0.0008    -0.5734    -0.5727     0.0008   2.803259   2.803257 -8.378e-07    34.2767    34.2759     7.6582    27.5498    27.5490    34.2768    27.5498    1446.32    1446.32    -0.5733  1027.7889    34.4423 0.0000e+00
       5665 314.046759  -62.13928  -58.43503      0.668    1445.86     50.000     49.514    -0.5723    -0.5714     0.0010    -0.5738    -0.5729     0.0010   2.803281   2.803286 5.6485e-08    34.2770    34.2759     7.6577    27.5500    27.5491    34.2769    27.5499    1446.33    1446.34    -0.5738  1027.7938    34.4425 0.0000e+00
       5699 314.046776  -62.13930  -58.43501      0.687    1445.86     51.000     50.505    -0.5738    -0.5730     0.0009    -0.5754    -0.5745     0.0009   2.803273   2.803228  -0.000044    34.2780    34.2764     7.6508    27.5509    27.5495    34.2779    27.5508    1446.34    1446.35    -0.5753  1027.7994    34.4435 0.0000e+00
       5731 314.046791  -62.13930  -58.43500      0.731    1445.86     52.000     51.495    -0.5751    -0.5740     0.0011    -0.5766    -0.5756     0.0011   2.803199   2.803199   0.000005    34.2777    34.2766     7.6506    27.5507    27.5497    34.2777    27.5507    1446.35    1446.35    -0.5766  1027.8041    34.4432 0.0000e+00
       5760 314.046805  -62.13930  -58.43499      0.803    1445.86     53.000     52.485    -0.5748    -0.5740     0.0008    -0.5764    -0.5756     0.0008   2.803268   2.803238  -0.000038    34.2778    34.2763     7.6520    27.5508    27.5495    34.2777    27.5506    1446.37    1446.37    -0.5763  1027.8089    34.4432 0.0000e+00
       5790 314.046820  -62.13930  -58.43498      0.817    1445.86     54.000     53.475    -0.5748    -0.5738     0.0009    -0.5764    -0.5754     0.0009   2.803320   2.803296  -0.000018    34.2776    34.2763     7.6452    27.5506    27.5495    34.2777    27.5507    1446.39    1446.39    -0.5763  1027.8137    34.4433 0.0000e+00
       5824 314.046836  -62.13931  -58.43495      0.732    1445.86     55.000     54.465    -0.5752    -0.5743     0.0009    -0.5768    -0.5759     0.0009   2.803299   2.803302 8.6808e-08    34.2774    34.2764     7.6479    27.5505    27.5496    34.2773    27.5504    1446.40    1446.40    -0.5768  1027.8182    34.4429 0.0000e+00
       5860 314.046853  -62.13932  -58.43492      0.671    1445.86     56.000     55.455    -0.5738    -0.5731     0.0007    -0.5755    -0.5748     0.0007   2.803509   2.803437  -0.000067    34.2778    34.2761     7.6392    27.5507    27.5493    34.2780    27.5508    1446.42    1446.43    -0.5754  1027.8234    34.4436 0.0000e+00
       5893 314.046869  -62.13932  -58.43491      0.704    1445.86     57.000     56.445    -0.5767    -0.5750     0.0017    -0.5784    -0.5767     0.0017   2.803271   2.803330   0.000057    34.2777    34.2766     7.6425    27.5508    27.5498    34.2774    27.5505    1446.43    1446.43    -0.5784  1027.8251    34.4395 0.0000e+00
       5927 314.046886 -9.990e-29  -58.43490      0.722    1445.86     58.000     57.435    -0.5825    -0.5791     0.0034    -0.5842    -0.5808     0.0034   2.802876   2.803018   0.000134    34.2789    34.2768     7.6471    27.5520    27.5501    34.2780    27.5513    1446.42    1446.43    -0.5842  1027.8302    34.4397 0.0000e+00
       5965 314.046904  -62.13934  -58.43487      0.637    1445.86     59.000     58.426    -0.5926    -0.5925     0.0001    -0.5944    -0.5943     0.0001   2.802032   2.801957  -0.000065    34.2781    34.2771     7.6494    27.5517    27.5510    34.2775    27.5513    1446.39    1446.38    -0.5943  1027.8352    34.4394 0.0000e+00
       6003 314.046922  -62.13934  -58.43486      0.631    1445.86     60.000     59.416    -0.5911    -0.5901     0.0010    -0.5929    -0.5919     0.0010   2.802185   2.802183   0.000010    34.2773    34.2763     7.6437    27.5511    27.5502    34.2772    27.5510    1446.41    1446.41    -0.5929  1027.8428    34.4428 0.0000e+00
