Pos-Processados/process_op42/Processamento_split/down/doperantar42_020.cnv
* Sea-Bird SBE 9 Data File:
* FileName = C:\Users\Hidrografia\Desktop\OPXLII\Brutos\OP42020.hdr
* Software Version Seasave V 7.26.7.107
* Temperature SN = 6502
* Conductivity SN = 4998
* Number of Bytes Per Scan = 37
* Number of Voltage Words = 4
* Number of Scans Averaged by the Deck Unit = 1
* NMEA Latitude = 62 08.28 S
* NMEA Longitude = 058 26.46 W
* NMEA UTC (Time) = Nov 07 2023 17:35:19
* NMEA baud rate = 4800
** H41
** NPOALTEMAXIMIANO
** NUMERO DA ESTACAO (XXX) 020
** LAT (XX XX.XX S/N) 62 08.46 S
** LONG (XXX XX.XX W/E) 058 26.12 W
** DATAHORA (dd/mm/aaaa hh:mm Z) 07/11/2023 1734Z
** PROFUNDIDADE (m) 423
** OPERADOR CT FILIPE LOPES
# nquan = 30
# nvalues = 373                         
# units = specified
# name 0 = scan: Scan Count
# name 1 = timeJ: Julian Days
# name 2 = latitude: Latitude [deg]
# name 3 = longitude: Longitude [deg]
# name 4 = dz/dtM: Descent Rate [m/s]
# name 5 = avgsvCM: Average Sound Velocity [Chen-Millero, m/s]
# name 6 = prDM: Pressure, Digiquartz [db]
# name 7 = depSM: Depth [salt water, m]
# name 8 = t090C: Temperature [ITS-90, deg C]
# name 9 = t190C: Temperature, 2 [ITS-90, deg C]
# name 10 = T2-T190C: Temperature Difference, 2 - 1 [ITS-90, deg C]
# name 11 = potemp090C: Potential Temperature [ITS-90, deg C]
# name 12 = potemp190C: Potential Temperature, 2 [ITS-90, deg C]
# name 13 = potemp90Cdiff: Potential Temperature, Diff, 2 - 1 [ITS-90, deg C]
# name 14 = c0S/m: Conductivity [S/m]
# name 15 = c1S/m: Conductivity, 2 [S/m]
# name 16 = C2-C1S/m: Conductivity Difference, 2 - 1 [S/m]
# name 17 = sal00: Salinity, Practical [PSU]
# name 18 = sal11: Salinity, Practical, 2 [PSU]
# name 19 = sbeox0ML/L: Oxygen, SBE 43 [ml/l]
# name 20 = sigma-é00: Density [sigma-theta, kg/m^3]
# name 21 = sigma-é11: Density, 2 [sigma-theta, kg/m^3]
# name 22 = sal00: Salinity, Practical [PSU]
# name 23 = sigma-é00: Density [sigma-theta, kg/m^3]
# name 24 = svCM: Sound Velocity [Chen-Millero, m/s]
# name 25 = svCM1: Sound Velocity, 2 [Chen-Millero, m/s]
# name 26 = gsw_ptA0: potential temperature [ITS-90, deg C]
# name 27 = gsw_densityA0: density, TEOS-10 [density, kg/m^3]
# name 28 = gsw_saA0: Absolute Salinity [g/kg]
# name 29 = flag:
# span 0 =       7172,      18653       
# span 1 = 311.736317, 311.741854       
# span 2 =  -62.13967,  -62.13878       
# span 3 =  -58.44138,  -58.44100       
# span 4 =     -0.339,      1.167       
# span 5 =       0.00,    1448.46       
# span 6 =      3.000,    375.000       
# span 7 =      2.969,    371.064       
# span 8 =    -0.8189,    -0.4525       
# span 9 =    -0.8195,    -0.4542       
# span 10 =    -0.0022,     0.0126      
# span 11 =    -0.8237,    -0.4654      
# span 12 =    -0.8243,    -0.4670      
# span 13 =    -0.0022,     0.0126      
# span 14 =   2.790474,   2.839313      
# span 15 =   2.790332,   2.839083      
# span 16 =  -0.000268,   0.000941      
# span 17 =    34.2743,    34.4268      
# span 18 =    34.2778,    34.4258      
# span 19 =     6.5110,     7.7408      
# span 20 =    27.5447,    27.6663      
# span 21 =    27.5472,    27.6656      
# span 22 =    34.2761,    34.4274      
# span 23 =    27.5462,    27.6668      
# span 24 =    1445.68,    1452.37      
# span 25 =    1445.68,    1452.36      
# span 26 =    -0.8236,    -0.4651      
# span 27 =  1027.5714,  1029.4568      
# span 28 =    34.4414,    34.5957      
# span 29 = 0.0000e+00, 0.0000e+00      
# interval = decibars: 1                
# start_time = Nov 07 2023 17:35:19 [NMEA time, header]
# bad_flag = -9.990e-29
*END*
[from data line 242]
      14029 311.739624  -62.13934  -58.44110      0.990    1446.72    245.000    242.506    -0.7025    -0.7014     0.0012    -0.7101    -0.7089     0.0012   2.807147   2.807191   0.000043    34.3563    34.3555     7.0862    27.6200    27.6193    34.3564    27.6201    1449.00    1449.01    -0.7099  1028.7964    34.5240 0.0000e+00
      14057 311.739637  -62.13935  -58.44110      0.886    1446.72    246.000    243.494    -0.7015    -0.7006     0.0009    -0.7091    -0.7082     0.0009   2.807334   2.807333 4.0620e-08    34.3569    34.3559     7.0738    27.6204    27.6196    34.3572    27.6207    1449.02    1449.03    -0.7089  1028.8017    34.5248 0.0000e+00
      14084 311.739650  -62.13936  -58.44110      0.879    1446.72    247.000    244.484    -0.7024    -0.7007     0.0017    -0.7101    -0.7084     0.0017   2.807265   2.807352   0.000085    34.3565    34.3558     7.0823    27.6202    27.6195    34.3567    27.6204    1449.04    1449.04    -0.7099  1028.8062    34.5243 0.0000e+00
      14107 311.739662  -62.13936  -58.44110      0.960    1446.72    248.000    245.473    -0.7012    -0.7000     0.0012    -0.7089    -0.7077     0.0012   2.807426   2.807475   0.000051    34.3566    34.3560     7.0806    27.6203    27.6197    34.3569    27.6205    1449.06    1449.06    -0.7087  1028.8110    34.5245 0.0000e+00
      14130 311.739672  -62.13936  -58.44110      1.047    1446.72    249.000    246.463    -0.7000    -0.6993     0.0006    -0.7077    -0.7070     0.0006   2.807615   2.807587  -0.000023    34.3570    34.3560     7.0689    27.6205    27.6196    34.3574    27.6209    1449.08    1449.08    -0.7075  1028.8162    34.5251 0.0000e+00
      14152 311.739683  -62.13936  -58.44110      1.090    1446.97    250.000    247.451    -0.6991    -0.6983     0.0009    -0.7069    -0.7060     0.0009   2.807716   2.807733   0.000017    34.3570    34.3562     7.0757    27.6205    27.6198    34.3572    27.6206    1449.10    1449.10    -0.7067  1028.8207    34.5248 0.0000e+00
      14176 311.739695  -62.13936  -58.44110      1.048    1447.17    251.000    248.441    -0.6996    -0.6989     0.0007    -0.7074    -0.7067     0.0007   2.807749   2.807717  -0.000033    34.3574    34.3563     7.0728    27.6208    27.6198    34.3576    27.6209    1449.11    1449.11    -0.7072  1028.8258    34.5252 0.0000e+00
      14201 311.739707  -62.13936  -58.44110      0.960    1447.17    252.000    249.430    -0.7000    -0.6992     0.0008    -0.7077    -0.7070     0.0008   2.807742   2.807733  -0.000012    34.3572    34.3561     7.0769    27.6206    27.6198    34.3572    27.6207    1449.13    1449.13    -0.7076  1028.8304    34.5249 0.0000e+00
      14227 311.739719  -62.13936  -58.44110      0.928    1447.17    253.000    250.420    -0.6997    -0.6989     0.0008    -0.7075    -0.7068     0.0008   2.807816   2.807798  -0.000014    34.3571    34.3560     7.0874    27.6206    27.6197    34.3573    27.6207    1449.15    1449.15    -0.7073  1028.8352    34.5250 0.0000e+00
      14250 311.739731  -62.13936  -58.44110      0.980    1447.17    254.000    251.408    -0.6994    -0.6986     0.0007    -0.7073    -0.7064     0.0007   2.807898   2.807875  -0.000020    34.3573    34.3562     7.0734    27.6207    27.6198    34.3574    27.6209    1449.16    1449.17    -0.7071  1028.8400    34.5251 0.0000e+00
      14272 311.739741  -62.13937  -58.44110      1.053    1447.17    255.000    252.398    -0.6992    -0.6985     0.0008    -0.7071    -0.7064     0.0008   2.807946   2.807932  -0.000016    34.3572    34.3561     7.0646    27.6207    27.6198    34.3574    27.6208    1449.18    1449.18    -0.7069  1028.8447    34.5250 0.0000e+00
      14295 311.739752  -62.13938  -58.44110      1.082    1447.17    256.000    253.387    -0.6990    -0.6981     0.0009    -0.7069    -0.7060     0.0009   2.808017   2.808016   0.000005    34.3573    34.3563     7.0648    27.6207    27.6199    34.3575    27.6208    1449.20    1449.20    -0.7068  1028.8495    34.5251 0.0000e+00
      14319 311.739764  -62.13938  -58.44110      1.038    1447.17    257.000    254.376    -0.6986    -0.6978     0.0008    -0.7066    -0.7058     0.0008   2.808142   2.808141  -0.000011    34.3579    34.3568     7.0640    27.6211    27.6203    34.3580    27.6213    1449.22    1449.22    -0.7064  1028.8547    34.5257 0.0000e+00
      14346 311.739777  -62.13938  -58.44110      0.922    1447.17    258.000    255.365    -0.6990    -0.6980     0.0009    -0.7070    -0.7060     0.0009   2.808126   2.808133   0.000015    34.3577    34.3568     7.0773    27.6211    27.6203    34.3577    27.6210    1449.23    1449.23    -0.7068  1028.8592    34.5253 0.0000e+00
      14373 311.739790  -62.13938  -58.44110      0.870    1447.17    259.000    256.354    -0.7001    -0.6993     0.0008    -0.7081    -0.7074     0.0008   2.808073   2.808059  -0.000017    34.3575    34.3564     7.0807    27.6209    27.6200    34.3576    27.6210    1449.24    1449.24    -0.7079  1028.8640    34.5253 0.0000e+00
      14398 311.739802  -62.13938  -58.44110      0.932    1447.17    260.000    257.343    -0.7003    -0.6994     0.0009    -0.7084    -0.7075     0.0009   2.808101   2.808095  -0.000004    34.3576    34.3565     7.0684    27.6210    27.6201    34.3576    27.6210    1449.26    1449.26    -0.7082  1028.8688    34.5253 0.0000e+00
      14420 311.739812  -62.13938  -58.44110      1.035    1447.17    261.000    258.333    -0.6998    -0.6990     0.0009    -0.7079    -0.7071     0.0009   2.808185   2.808180  -0.000006    34.3575    34.3564     7.0654    27.6209    27.6200    34.3576    27.6210    1449.28    1449.28    -0.7077  1028.8735    34.5253 0.0000e+00
      14441 311.739823  -62.13938  -58.44110      1.108    1447.17    262.000    259.322    -0.6986    -0.6980     0.0005    -0.7067    -0.7062     0.0005   2.808250   2.808241  -0.000005    34.3562    34.3556     7.0692    27.6199    27.6193    34.3564    27.6200    1449.30    1449.30    -0.7065  1028.8773    34.5241 0.0000e+00
      14463 311.739833  -62.13938  -58.44110      1.107    1447.17    263.000    260.311    -0.6990    -0.6981     0.0010    -0.7072    -0.7062     0.0010   2.808212   2.808201  -0.000017    34.3560    34.3546     7.0623    27.6197    27.6185    34.3558    27.6195    1449.31    1449.31    -0.7070  1028.8816    34.5235 0.0000e+00
      14488 311.739845  -62.13938  -58.44110      1.030    1447.17    264.000    261.300    -0.7013    -0.7005     0.0008    -0.7095    -0.7087     0.0008   2.808086   2.808029  -0.000036    34.3562    34.3547     7.0664    27.6199    27.6187    34.3561    27.6198    1449.31    1449.32    -0.7093  1028.8867    34.5238 0.0000e+00
      14514 311.739858  -62.13939  -58.44110      0.933    1447.17    265.000    262.290    -0.6999    -0.6998     0.0001    -0.7082    -0.7081     0.0001   2.808246   2.808197  -0.000064    34.3558    34.3548     7.0805    27.6196    27.6188    34.3561    27.6198    1449.34    1449.34    -0.7080  1028.8914    34.5238 0.0000e+00
      14539 311.739870  -62.13940  -58.44110      0.931    1447.17    266.000    263.278    -0.6989    -0.6982     0.0007    -0.7072    -0.7065     0.0007   2.808367   2.808345  -0.000021    34.3560    34.3549     7.0819    27.6197    27.6188    34.3560    27.6197    1449.36    1449.36    -0.7070  1028.8960    34.5237 0.0000e+00
      14563 311.739881  -62.13940  -58.44110      0.995    1447.17    267.000    264.268    -0.7002    -0.7000     0.0002    -0.7085    -0.7083     0.0002   2.808312   2.808251  -0.000057    34.3559    34.3550     7.0785    27.6197    27.6189    34.3560    27.6198    1449.37    1449.37    -0.7083  1028.9009    34.5238 0.0000e+00
      14585 311.739892  -62.13940  -58.44110      1.040    1447.17    268.000    265.257    -0.7000    -0.6992     0.0008    -0.7083    -0.7075     0.0008   2.808390   2.808385  -0.000013    34.3562    34.3551     7.0825    27.6198    27.6189    34.3562    27.6199    1449.39    1449.39    -0.7081  1028.9058    34.5240 0.0000e+00
      14609 311.739904  -62.13940  -58.44110      1.028    1447.17    269.000    266.246    -0.6981    -0.6977     0.0004    -0.7065    -0.7061     0.0004   2.808592   2.808534  -0.000055    34.3560    34.3549     7.0696    27.6197    27.6187    34.3562    27.6198    1449.41    1449.41    -0.7063  1028.9104    34.5239 0.0000e+00
      14635 311.739916  -62.13940  -58.44110      0.968    1447.17    270.000    267.235    -0.6991    -0.6984     0.0007    -0.7075    -0.7068     0.0007   2.808589   2.808573  -0.000020    34.3568    34.3557     7.0709    27.6203    27.6194    34.3567    27.6203    1449.42    1449.43    -0.7073  1028.9157    34.5245 0.0000e+00
      14661 311.739929  -62.13940  -58.44110      0.928    1447.17    271.000    268.224    -0.6995    -0.6986     0.0009    -0.7079    -0.7070     0.0009   2.808650   2.808657   0.000010    34.3572    34.3563     7.0780    27.6207    27.6199    34.3573    27.6208    1449.44    1449.44    -0.7077  1028.9209    34.5251 0.0000e+00
      14686 311.739941  -62.13940  -58.44110      0.948    1447.17    272.000    269.213    -0.6993    -0.6987     0.0007    -0.7078    -0.7071     0.0007   2.808723   2.808696  -0.000027    34.3575    34.3564     7.0737    27.6209    27.6200    34.3576    27.6210    1449.46    1449.46    -0.7076  1028.9259    34.5253 0.0000e+00
      14709 311.739952  -62.13941  -58.44110      0.996    1447.17    273.000    270.203    -0.6991    -0.6986     0.0005    -0.7076    -0.7071     0.0005   2.808740   2.808729  -0.000015    34.3569    34.3561     7.0673    27.6204    27.6198    34.3568    27.6204    1449.47    1449.48    -0.7074  1028.9301    34.5246 0.0000e+00
      14732 311.739963  -62.13942  -58.44110      1.028    1447.17    274.000    271.192    -0.7002    -0.6992     0.0009    -0.7087    -0.7078     0.0009   2.808646   2.808659   0.000013    34.3563    34.3554     7.0728    27.6200    27.6192    34.3562    27.6199    1449.48    1449.49    -0.7085  1028.9344    34.5240 0.0000e+00
      14755 311.739974  -62.13942  -58.44110      1.043    1447.17    275.000    272.180    -0.6975    -0.6963     0.0012    -0.7060    -0.7049     0.0012   2.808957   2.809032   0.000047    34.3560    34.3553     7.0594    27.6197    27.6190    34.3568    27.6202    1449.51    1449.52    -0.7059  1028.9394    34.5245 0.0000e+00
      14779 311.739985  -62.13942  -58.44110      1.039    1447.17    276.000    273.169    -0.6929    -0.6913     0.0017    -0.7015    -0.6999     0.0017   2.809429   2.809504   0.000097    34.3569    34.3563     7.0532    27.6202    27.6196    34.3574    27.6205    1449.55    1449.56    -0.7013  1028.9444    34.5251 0.0000e+00
      14803 311.739997  -62.13942  -58.44110      1.005    1447.17    277.000    274.158    -0.6915    -0.6904     0.0011    -0.7002    -0.6990     0.0011   2.809619   2.809657   0.000039    34.3573    34.3565     7.0673    27.6204    27.6198    34.3577    27.6207    1449.58    1449.58    -0.7000  1028.9494    34.5255 0.0000e+00
      14828 311.740009  -62.13942  -58.44110      0.965    1447.17    278.000    275.148    -0.6902    -0.6904    -0.0002    -0.6989    -0.6991    -0.0002   2.809779   2.809699  -0.000074    34.3573    34.3566     7.0701    27.6204    27.6198    34.3577    27.6207    1449.60    1449.60    -0.6987  1028.9542    34.5255 0.0000e+00
      14853 311.740021  -62.13942  -58.44110      0.954    1447.17    279.000    276.137    -0.6913    -0.6913    -0.0001    -0.7000    -0.7001    -0.0001   2.809791   2.809672  -0.000101    34.3581    34.3568     7.0662    27.6211    27.6200    34.3585    27.6214    1449.61    1449.61    -0.6998  1028.9596    34.5263 0.0000e+00
      14877 311.740033  -62.13942  -58.44110      0.979    1447.17    280.000    277.126    -0.6820    -0.6833    -0.0013    -0.6908    -0.6921    -0.0013   2.810683   2.810534  -0.000159    34.3579    34.3572     7.0721    27.6205    27.6200    34.3594    27.6218    1449.67    1449.67    -0.6906  1028.9647    34.5272 0.0000e+00
      14900 311.740044  -62.13942  -58.44110      1.016    1447.17    281.000    278.115    -0.6753    -0.6771    -0.0018    -0.6841    -0.6859    -0.0018   2.811370   2.811071  -0.000252    34.3598    34.3584     7.0737    27.6218    27.6207    34.3605    27.6224    1449.72    1449.71    -0.6839  1028.9699    34.5283 0.0000e+00
      14923 311.740055  -62.13943  -58.44110      1.045    1447.17    282.000    279.104    -0.6769    -0.6781    -0.0012    -0.6858    -0.6870    -0.0012   2.811114   2.811055  -0.000103    34.3579    34.3579     7.0646    27.6203    27.6204    34.3583    27.6206    1449.73    1449.72    -0.6856  1028.9730    34.5261 0.0000e+00
      14945 311.740066  -62.13944  -58.44110      1.072    1447.17    283.000    280.093    -0.6729    -0.6724     0.0005    -0.6818    -0.6813     0.0005   2.811712   2.811691  -0.000023    34.3597    34.3589     7.0588    27.6216    27.6209    34.3612    27.6228    1449.77    1449.77    -0.6816  1028.9799    34.5290 0.0000e+00
      14968 311.740077  -62.13944  -58.44110      1.065    1447.17    284.000    281.082    -0.6693    -0.6686     0.0007    -0.6782    -0.6775     0.0007   2.812092   2.812093  -0.000001    34.3608    34.3600     7.0528    27.6224    27.6217    34.3616    27.6230    1449.80    1449.80    -0.6780  1028.9848    34.5294 0.0000e+00
      14992 311.740088  -62.13944  -58.44111      1.026    1447.17    285.000    282.071    -0.6688    -0.6682     0.0006    -0.6778    -0.6772     0.0006   2.812226   2.812194  -0.000032    34.3614    34.3603     7.0417    27.6228    27.6219    34.3622    27.6234    1449.82    1449.82    -0.6776  1028.9900    34.5300 0.0000e+00
      15016 311.740100  -62.13944  -58.44112      0.998    1447.17    286.000    283.060    -0.6665    -0.6660     0.0006    -0.6756    -0.6750     0.0006   2.812488   2.812465  -0.000025    34.3618    34.3608     7.0409    27.6231    27.6222    34.3626    27.6237    1449.85    1449.85    -0.6753  1028.9949    34.5304 0.0000e+00
      15039 311.740111  -62.13944  -58.44112      1.018    1447.17    287.000    284.049    -0.6641    -0.6637     0.0004    -0.6731    -0.6727     0.0004   2.812847   2.812806  -0.000040    34.3628    34.3617     7.0439    27.6237    27.6229    34.3640    27.6247    1449.88    1449.88    -0.6730  1029.0007    34.5319 0.0000e+00
      15061 311.740121  -62.13944  -58.44112      1.075    1447.17    288.000    285.038    -0.6550    -0.6553    -0.0003    -0.6641    -0.6645    -0.0003   2.813863   2.813791  -0.000074    34.3648    34.3642     7.0213    27.6250    27.6245    34.3668    27.6266    1449.94    1449.94    -0.6639  1029.0073    34.5347 0.0000e+00
      15082 311.740132  -62.13944  -58.44112      1.122    1447.17    289.000    286.027    -0.6469    -0.6464     0.0005    -0.6561    -0.6556     0.0005   2.814762   2.814752  -0.000008    34.3674    34.3667     7.0051    27.6267    27.6261    34.3692    27.6282    1450.00    1450.00    -0.6559  1029.0135    34.5371 0.0000e+00
      15104 311.740142  -62.13944  -58.44112      1.124    1447.17    290.000    287.016    -0.6445    -0.6435     0.0011    -0.6537    -0.6527     0.0011   2.815070   2.815072   0.000005    34.3689    34.3678     7.0115    27.6279    27.6269    34.3700    27.6287    1450.03    1450.03    -0.6535  1029.0188    34.5379 0.0000e+00
      15127 311.740153  -62.13944  -58.44112      1.061    1447.17    291.000    288.005    -0.6438    -0.6435     0.0003    -0.6531    -0.6527     0.0003   2.815168   2.815112  -0.000060    34.3691    34.3679     7.0091    27.6279    27.6270    34.3699    27.6286    1450.04    1450.04    -0.6529  1029.0234    34.5378 0.0000e+00
      15154 311.740166  -62.13946  -58.44112      0.952    1447.17    292.000    288.994    -0.6439    -0.6432     0.0007    -0.6532    -0.6525     0.0007   2.815220   2.815205  -0.000026    34.3692    34.3680     6.9767    27.6281    27.6271    34.3700    27.6287    1450.06    1450.06    -0.6530  1029.0283    34.5379 0.0000e+00
