Pos-Processados/process_op42/Processamento_split/down/doperantar42_036.cnv
* Sea-Bird SBE 9 Data File:
* FileName = C:\Users\Hidrografia\Desktop\OPXLII\Brutos\OP42036.hdr
* Software Version Seasave V 7.26.7.107
* Temperature SN = 6502
* Conductivity SN = 4998
* Number of Bytes Per Scan = 37
* Number of Voltage Words = 4
* Number of Scans Averaged by the Deck Unit = 1
* NMEA Latitude = 62 08.52 S
* NMEA Longitude = 058 26.36 W
* NMEA UTC (Time) = Nov 09 2023 11:10:29
* NMEA baud rate = 4800
** H41
** NPOALTEMAXIMIANO
** NUMERO DA ESTACAO (XXX) 036
** LAT (XX XX.XX S/N) 62 08.14 S
** LONG (XXX XX.XX W/E) 058 26.57 W
** DATAHORA (dd/mm/aaaa hh:mm Z) 09/11/2023 1105Z
** PROFUNDIDADE (m) 416
** OPERADOR 1T ZAMITH
# nquan = 30
# nvalues = 348                         
# units = specified
# name 0 = scan: Scan Count
# name 1 = timeJ: Julian Days
# name 2 = latitude: Latitude [deg]
# name 3 = longitude: Longitude [deg]
# name 4 = dz/dtM: Descent Rate [m/s]
# name 5 = avgsvCM: Average Sound Velocity [Chen-Millero, m/s]
# name 6 = prDM: Pressure, Digiquartz [db]
# name 7 = depSM: Depth [salt water, m]
# name 8 = t090C: Temperature [ITS-90, deg C]
# name 9 = t190C: Temperature, 2 [ITS-90, deg C]
# name 10 = T2-T190C: Temperature Difference, 2 - 1 [ITS-90, deg C]
# name 11 = potemp090C: Potential Temperature [ITS-90, deg C]
# name 12 = potemp190C: Potential Temperature, 2 [ITS-90, deg C]
# name 13 = potemp90Cdiff: Potential Temperature, Diff, 2 - 1 [ITS-90, deg C]
# name 14 = c0S/m: Conductivity [S/m]
# name 15 = c1S/m: Conductivity, 2 [S/m]
# name 16 = C2-C1S/m: Conductivity Difference, 2 - 1 [S/m]
# name 17 = sal00: Salinity, Practical [PSU]
# name 18 = sal11: Salinity, Practical, 2 [PSU]
# name 19 = sbeox0ML/L: Oxygen, SBE 43 [ml/l]
# name 20 = sigma-é00: Density [sigma-theta, kg/m^3]
# name 21 = sigma-é11: Density, 2 [sigma-theta, kg/m^3]
# name 22 = sal00: Salinity, Practical [PSU]
# name 23 = sigma-é00: Density [sigma-theta, kg/m^3]
# name 24 = svCM: Sound Velocity [Chen-Millero, m/s]
# name 25 = svCM1: Sound Velocity, 2 [Chen-Millero, m/s]
# name 26 = gsw_ptA0: potential temperature [ITS-90, deg C]
# name 27 = gsw_densityA0: density, TEOS-10 [density, kg/m^3]
# name 28 = gsw_saA0: Absolute Salinity [g/kg]
# name 29 = flag:
# span 0 =       3210,      13517       
# span 1 = 313.467161, 313.472131       
# span 2 =  -62.14470,  -62.14268       
# span 3 =  -58.43898,  -58.43712       
# span 4 =     -0.182,      1.157       
# span 5 = -2.109e-32,    1449.04       
# span 6 =      7.000,    354.000       
# span 7 =      6.933,    350.276       
# span 8 =    -0.8234,    -0.4891       
# span 9 =    -0.8227,    -0.4795       
# span 10 =    -0.0208,     0.0096      
# span 11 =    -0.8289,    -0.5011      
# span 12 =    -0.8281,    -0.4915      
# span 13 =    -0.0207,     0.0095      
# span 14 =   2.790587,   2.834198      
# span 15 =   2.790594,   2.834721      
# span 16 =  -0.001178,   0.000614      
# span 17 =    30.1799,    34.4126      
# span 18 =    34.2805,    34.4100      
# span 19 =     6.6245,     7.7550      
# span 20 =    24.2565,    27.6565      
# span 21 =    27.5533,    27.6539      
# span 22 =    34.2810,    34.4123      
# span 23 =    27.5539,    27.6562      
# span 24 =    1445.70,    1451.85      
# span 25 =    1445.72,    1451.89      
# span 26 =    -0.8287,    -0.5009      
# span 27 =  1027.5938,  1029.3496      
# span 28 =    34.4448,    34.5816      
# span 29 = 0.0000e+00, 0.0000e+00      
# interval = decibars: 1                
# start_time = Nov 09 2023 11:10:29 [NMEA time, header]
# bad_flag = -9.990e-29
*END*
[from data line 339]
      12873 313.471821  -62.14458  -58.43722      0.633    1447.90    346.000    342.394    -0.6271    -0.6264     0.0007    -0.6383    -0.6376     0.0007   2.820762   2.820754  -0.000009    34.3927    34.3918     6.7994    27.6465    27.6457    34.3928    27.6465    1451.05    1451.05    -0.6381  1029.3026    34.5609 0.0000e+00
      12912 313.471840  -62.14460  -58.43721      0.633    1447.90    347.000    343.381    -0.6261    -0.6251     0.0011    -0.6374    -0.6363     0.0011   2.820899   2.820936   0.000039    34.3927    34.3920     6.7935    27.6464    27.6458    34.3929    27.6466    1451.07    1451.08    -0.6372  1029.3074    34.5610 0.0000e+00
      12961 313.471864  -62.14460  -58.43720      0.481    1447.90    348.000    344.372    -0.6242    -0.6237     0.0005    -0.6355    -0.6351     0.0005   2.821134   2.821103  -0.000031    34.3931    34.3922     6.8019    27.6467    27.6459    34.3933    27.6468    1451.10    1451.10    -0.6353  1029.3124    34.5614 0.0000e+00
      13007 313.471886  -62.14461  -58.43720      0.523    1447.90    349.000    345.360    -0.6248    -0.6231     0.0017    -0.6362    -0.6345     0.0017   2.821160   2.821228   0.000063    34.3938    34.3928     6.8057    27.6473    27.6463    34.3937    27.6472    1451.11    1451.12    -0.6359  1029.3164    34.5604 0.0000e+00
      13043 313.471903 -9.990e-29  -58.43719      0.649    1447.90    350.000    346.349    -0.6254    -0.6249     0.0006    -0.6368    -0.6363     0.0006   2.821128   2.821115  -0.000016    34.3932    34.3923     6.7974    27.6468    27.6460    34.3934    27.6470    1451.12    1451.13    -0.6366  1029.3173    34.5556 0.0000e+00
      13082 313.471922 -9.990e-29  -58.43718      0.631    1447.90    351.000    347.337    -0.6219    -0.6215     0.0004    -0.6334    -0.6330     0.0004   2.821491   2.821503   0.000016    34.3934    34.3932     6.7924    27.6468    27.6466    34.3937    27.6471    1451.16    1451.16    -0.6331  1029.3221    34.5559 0.0000e+00
      13128 313.471944  -62.14464  -58.43718      0.510    1447.90    352.000    348.326    -0.6204    -0.6200     0.0004    -0.6319    -0.6315     0.0004   2.821827   2.821691  -0.000026    34.3941    34.3934     6.7930    27.6473    27.6467    34.3959    27.6487    1451.18    1451.18    -0.6316  1029.3321    34.5626 0.0000e+00
      13169 313.471964  -62.14464  -58.43716      0.584    1447.90    353.000    349.314    -0.5381    -0.5589    -0.0208    -0.5499    -0.5706    -0.0207   2.828791   2.827766  -0.001178    34.3875    34.3952     6.7784    27.6384    27.6455    34.3957    27.6450    1451.58    1451.50    -0.5496  1029.3333    34.5638 0.0000e+00
      13517 313.472131  -62.14470  -58.43712      0.037    1447.90    354.000    350.276    -0.4891    -0.4795     0.0096    -0.5011    -0.4915     0.0095   2.834198   2.834721   0.000614    34.4126    34.4100     6.6245    27.6565    27.6539    34.4123    27.6562    1451.85    1451.89    -0.5009  1029.3496    34.5816 0.0000e+00
