Pos-Processados/process_op42/Processamento_split/down/doperantar42_031.cnv
* Sea-Bird SBE 9 Data File:
* FileName = C:\Users\Hidrografia\Desktop\OPXLII\Brutos\OP42031.hdr
* Software Version Seasave V 7.26.7.107
* Temperature SN = 6502
* Conductivity SN = 4998
* Number of Bytes Per Scan = 37
* Number of Voltage Words = 4
* Number of Scans Averaged by the Deck Unit = 1
* NMEA Latitude = 62 08.51 S
* NMEA Longitude = 058 26.69 W
* NMEA UTC (Time) = Nov 09 2023 06:07:33
* NMEA baud rate = 4800
** H41
** NPOALTEMAXIMIANO
** NUMERO DA ESTACAO (XXX) 031
** LAT (XX XX.XX S/N) 62 08.5 S
** LONG (XXX XX.XX W/E) 058 26.7 W
** DATAHORA (dd/mm/aaaa hh:mm Z) 09/11/2023 0606Z
** PROFUNDIDADE (m) 410
** OPERADOR CT FILIPE LOPES
# nquan = 30
# nvalues = 369                         
# units = specified
# name 0 = scan: Scan Count
# name 1 = timeJ: Julian Days
# name 2 = latitude: Latitude [deg]
# name 3 = longitude: Longitude [deg]
# name 4 = dz/dtM: Descent Rate [m/s]
# name 5 = avgsvCM: Average Sound Velocity [Chen-Millero, m/s]
# name 6 = prDM: Pressure, Digiquartz [db]
# name 7 = depSM: Depth [salt water, m]
# name 8 = t090C: Temperature [ITS-90, deg C]
# name 9 = t190C: Temperature, 2 [ITS-90, deg C]
# name 10 = T2-T190C: Temperature Difference, 2 - 1 [ITS-90, deg C]
# name 11 = potemp090C: Potential Temperature [ITS-90, deg C]
# name 12 = potemp190C: Potential Temperature, 2 [ITS-90, deg C]
# name 13 = potemp90Cdiff: Potential Temperature, Diff, 2 - 1 [ITS-90, deg C]
# name 14 = c0S/m: Conductivity [S/m]
# name 15 = c1S/m: Conductivity, 2 [S/m]
# name 16 = C2-C1S/m: Conductivity Difference, 2 - 1 [S/m]
# name 17 = sal00: Salinity, Practical [PSU]
# name 18 = sal11: Salinity, Practical, 2 [PSU]
# name 19 = sbeox0ML/L: Oxygen, SBE 43 [ml/l]
# name 20 = sigma-é00: Density [sigma-theta, kg/m^3]
# name 21 = sigma-é11: Density, 2 [sigma-theta, kg/m^3]
# name 22 = sal00: Salinity, Practical [PSU]
# name 23 = sigma-é00: Density [sigma-theta, kg/m^3]
# name 24 = svCM: Sound Velocity [Chen-Millero, m/s]
# name 25 = svCM1: Sound Velocity, 2 [Chen-Millero, m/s]
# name 26 = gsw_ptA0: potential temperature [ITS-90, deg C]
# name 27 = gsw_densityA0: density, TEOS-10 [density, kg/m^3]
# name 28 = gsw_saA0: Absolute Salinity [g/kg]
# name 29 = flag:
# span 0 =       6615,      18156       
# span 1 = 313.258433, 313.263999       
# span 2 =  -62.14377,  -62.14281       
# span 3 =  -58.44361,  -58.43981       
# span 4 =     -0.498,      1.082       
# span 5 =       0.00,    1448.56       
# span 6 =      4.000,    372.000       
# span 7 =      3.968,    368.104       
# span 8 =    -0.8357,    -0.5460       
# span 9 =    -0.8349,    -0.5452       
# span 10 =    -0.0041,     0.0048      
# span 11 =    -0.8432,    -0.5468      
# span 12 =    -0.8424,    -0.5460      
# span 13 =    -0.0041,     0.0048      
# span 14 =   2.792391,   2.825564      
# span 15 =   2.792391,   2.825246      
# span 16 =  -0.000794,   0.000212      
# span 17 =    34.2818,    34.4000      
# span 18 =    34.2821,    34.3945      
# span 19 =     6.7252,     7.6536      
# span 20 =    27.5533,    27.6508      
# span 21 =    27.5529,    27.6463      
# span 22 =    34.2825,    34.3998      
# span 23 =    27.5533,    27.6506      
# span 24 =    1445.70,    1451.65      
# span 25 =    1445.70,    1451.66      
# span 26 =    -0.8430,    -0.5468      
# span 27 =  1027.5772,  1029.4298      
# span 28 =    34.4442,    34.5680      
# span 29 = 0.0000e+00, 0.0000e+00      
# interval = decibars: 1                
# start_time = Nov 09 2023 06:07:33 [NMEA time, header]
# bad_flag = -9.990e-29
*END*
[from data line 49]
       8143 313.259170  -62.14298  -58.44322      0.896    1445.97     53.000     52.485    -0.5607    -0.5598     0.0008    -0.5623    -0.5614     0.0008   2.805018   2.805013  -0.000013    34.2853    34.2841     7.6197    27.5561    27.5552    34.2853    27.5562    1446.45    1446.45    -0.5623  1027.8144    34.4509 0.0000e+00
       8171 313.259183  -62.14298  -58.44322      0.881    1445.97     54.000     53.475    -0.5563    -0.5552     0.0012    -0.5579    -0.5568     0.0012   2.805415   2.805439   0.000024    34.2846    34.2836     7.6163    27.5555    27.5546    34.2851    27.5559    1446.48    1446.49    -0.5579  1027.8188    34.4507 0.0000e+00
       8200 313.259197  -62.14298  -58.44320      0.832    1445.97     55.000     54.465    -0.5543    -0.5539     0.0005    -0.5560    -0.5555     0.0005   2.805616   2.805580  -0.000033    34.2848    34.2838     7.6188    27.5555    27.5547    34.2849    27.5556    1446.51    1446.51    -0.5559  1027.8234    34.4506 0.0000e+00
       8230 313.259211  -62.14299  -58.44320      0.812    1445.97     56.000     55.455    -0.5554    -0.5549     0.0005    -0.5571    -0.5566     0.0005   2.805601   2.805548  -0.000055    34.2853    34.2840     7.6249    27.5559    27.5549    34.2853    27.5560    1446.52    1446.52    -0.5571  1027.8291    34.4516 0.0000e+00
       8258 313.259225  -62.14300 -9.990e-29      0.837    1445.97     57.000     56.445    -0.5553    -0.5541     0.0011    -0.5570    -0.5559     0.0011   2.805631   2.805654   0.000023    34.2848    34.2838     7.6281    27.5555    27.5547    34.2850    27.5557    1446.54    1446.54    -0.5570  1027.8338    34.4516 0.0000e+00
       8284 313.259238  -62.14300 -9.990e-29      0.893    1445.97     58.000     57.435    -0.5565    -0.5550     0.0015    -0.5582    -0.5567     0.0015   2.805595   2.805624   0.000033    34.2853    34.2840     7.6292    27.5560    27.5549    34.2852    27.5559    1446.55    1446.55    -0.5582  1027.8388    34.4518 0.0000e+00
       8310 313.259250  -62.14300 -9.990e-29      0.924    1445.97     59.000     58.426    -0.5567    -0.5560     0.0008    -0.5585    -0.5578     0.0008   2.805620   2.805614  -0.000014    34.2850    34.2840     7.6283    27.5558    27.5550    34.2852    27.5560    1446.56    1446.56    -0.5585  1027.8437    34.4519 0.0000e+00
       8337 313.259263  -62.14300  -58.44316      0.916    1445.97     60.000     59.415    -0.5555    -0.5546     0.0009    -0.5573    -0.5564     0.0009   2.805732   2.805739   0.000005    34.2849    34.2840     7.6279    27.5557    27.5549    34.2847    27.5555    1446.58    1446.59    -0.5573  1027.8472    34.4504 0.0000e+00
       8365 313.259277  -62.14300  -58.44316      0.858    1445.97     61.000     60.406    -0.5609    -0.5617    -0.0008    -0.5628    -0.5636    -0.0008   2.805395   2.805221  -0.000144    34.2857    34.2846     7.6289    27.5566    27.5557    34.2857    27.5566    1446.58    1446.57    -0.5627  1027.8530    34.4514 0.0000e+00
       8396 313.259292  -62.14300  -58.44315      0.796    1445.97     62.000     61.396    -0.5621    -0.5606     0.0015    -0.5640    -0.5625     0.0015   2.805295   2.805326   0.000013    34.2857    34.2842     7.6248    27.5566    27.5553    34.2851    27.5561    1446.59    1446.59    -0.5639  1027.8574    34.4508 0.0000e+00
       8426 313.259306  -62.14300  -58.44314      0.788    1445.97     63.000     62.386    -0.5669    -0.5655     0.0015    -0.5688    -0.5674     0.0015   2.805014   2.804997  -0.000022    34.2863    34.2843     7.6162    27.5573    27.5556    34.2861    27.5572    1446.58    1446.59    -0.5688  1027.8614    34.4496 0.0000e+00
       8455 313.259320 -9.990e-29  -58.44314      0.826    1445.97     64.000     63.376    -0.5658    -0.5634     0.0024    -0.5678    -0.5654     0.0024   2.805052   2.805175   0.000099    34.2853    34.2839     7.6146    27.5565    27.5552    34.2848    27.5560    1446.60    1446.61    -0.5677  1027.8636    34.4464 0.0000e+00
       8483 313.259333 -9.990e-29  -58.44312      0.852    1445.97     65.000     64.366    -0.5602    -0.5571     0.0030    -0.5621    -0.5591     0.0030   2.805636   2.805794   0.000155    34.2849    34.2836     7.6097    27.5559    27.5547    34.2856    27.5565    1446.64    1446.66    -0.5621  1027.8688    34.4473 0.0000e+00
       8512 313.259348  -62.14302  -58.44312      0.835    1445.97     66.000     65.356    -0.5601    -0.5586     0.0016    -0.5621    -0.5606     0.0016   2.805687   2.805714   0.000047    34.2856    34.2845     7.6092    27.5564    27.5554    34.2856    27.5565    1446.66    1446.67    -0.5621  1027.8739    34.4477 0.0000e+00
       8543 313.259362  -62.14302  -58.44311      0.794    1445.97     67.000     66.346    -0.5598    -0.5591     0.0008    -0.5619    -0.5611     0.0008   2.805745   2.805729  -0.000019    34.2855    34.2844     7.6112    27.5564    27.5554    34.2855    27.5563    1446.68    1446.68    -0.5618  1027.8815    34.4512 0.0000e+00
       8572 313.259377  -62.14302  -58.44310      0.800    1445.97     68.000     67.336    -0.5622    -0.5612     0.0010    -0.5643    -0.5633     0.0010   2.805595   2.805591  -0.000001    34.2857    34.2846     7.6165    27.5566    27.5557    34.2855    27.5565    1446.68    1446.69    -0.5642  1027.8864    34.4513 0.0000e+00
       8600 313.259390  -62.14302  -58.44310      0.848    1445.97     69.000     68.326    -0.5636    -0.5629     0.0006    -0.5657    -0.5650     0.0006   2.805527   2.805505  -0.000024    34.2855    34.2845     7.6222    27.5565    27.5557    34.2855    27.5565    1446.69    1446.70    -0.5656  1027.8913    34.4513 0.0000e+00
       8626 313.259403  -62.14302  -58.44308      0.890    1445.97     70.000     69.316    -0.5617    -0.5608     0.0009    -0.5638    -0.5629     0.0009   2.805732   2.805709  -0.000020    34.2854    34.2841     7.6152    27.5564    27.5553    34.2855    27.5565    1446.72    1446.72    -0.5638  1027.8960    34.4513 0.0000e+00
       8654 313.259416  -62.14304  -58.44308      0.880    1446.16     71.000     70.307    -0.5625    -0.5610     0.0015    -0.5646    -0.5632     0.0015   2.805693   2.805740   0.000042    34.2855    34.2844     7.6062    27.5564    27.5555    34.2853    27.5563    1446.73    1446.74    -0.5646  1027.9006    34.4511 0.0000e+00
       8684 313.259431  -62.14304  -58.44307      0.816    1446.35     72.000     71.297    -0.5634    -0.5625     0.0008    -0.5655    -0.5647     0.0008   2.805666   2.805663   0.000003    34.2853    34.2844     7.5976    27.5563    27.5556    34.2853    27.5564    1446.74    1446.74    -0.5655  1027.9055    34.4511 0.0000e+00
       8714 313.259445  -62.14304  -58.44306      0.794    1446.35     73.000     72.287    -0.5609    -0.5599     0.0009    -0.5631    -0.5622     0.0009   2.805900   2.805930   0.000016    34.2846    34.2838     7.6038    27.5557    27.5550    34.2850    27.5560    1446.77    1446.77    -0.5630  1027.9099    34.4508 0.0000e+00
       8743 313.259459  -62.14304  -58.44306      0.826    1446.35     74.000     73.277    -0.5560    -0.5542     0.0018    -0.5582    -0.5564     0.0018   2.806353   2.806414   0.000078    34.2844    34.2835     7.6167    27.5553    27.5545    34.2849    27.5557    1446.81    1446.82    -0.5582  1027.9144    34.4507 0.0000e+00
       8770 313.259472  -62.14304  -58.44304      0.877    1446.35     75.000     74.267    -0.5533    -0.5535    -0.0002    -0.5556    -0.5558    -0.0002   2.806585   2.806524  -0.000064    34.2841    34.2835     7.6175    27.5549    27.5544    34.2844    27.5552    1446.84    1446.83    -0.5555  1027.9186    34.4502 0.0000e+00
       8797 313.259485  -62.14305  -58.44304      0.887    1446.35     76.000     75.257    -0.5538    -0.5530     0.0009    -0.5561    -0.5553     0.0009   2.806610   2.806604  -0.000001    34.2847    34.2837     7.6151    27.5555    27.5546    34.2848    27.5555    1446.85    1446.85    -0.5561  1027.9237    34.4506 0.0000e+00
       8825 313.259498  -62.14306  -58.44303      0.870    1446.35     77.000     76.247    -0.5839    -0.5791     0.0042    -0.5862    -0.5814     0.0042   2.804367   2.804444   0.000019    34.2909    34.2864     7.6263    27.5618    27.5579    34.2879    27.5594    1446.73    1446.75    -0.5862  1027.9325    34.4538 0.0000e+00
       8853 313.259512  -62.14306  -58.44302      0.853    1446.35     78.000     77.237    -0.5656    -0.5655     0.0000    -0.5679    -0.5679     0.0000   2.805646   2.805716   0.000049    34.2818    34.2824     7.6233    27.5536    27.5541    34.2838    27.5552    1446.83    1446.83    -0.5679  1027.9331    34.4496 0.0000e+00
       8881 313.259526  -62.14306  -58.44301      0.850    1446.35     79.000     78.227    -0.5570    -0.5561     0.0009    -0.5594    -0.5585     0.0009   2.806469   2.806469   0.000005    34.2843    34.2834     7.6222    27.5553    27.5545    34.2846    27.5555    1446.88    1446.89    -0.5593  1027.9381    34.4504 0.0000e+00
       8909 313.259539  -62.14306  -58.44300      0.854    1446.35     80.000     79.217    -0.5754    -0.5707     0.0048    -0.5778    -0.5731     0.0048   2.805267   2.805358   0.000079    34.2898    34.2855     7.6193    27.5606    27.5568    34.2886    27.5596    1446.82    1446.84    -0.5778  1027.9470    34.4545 0.0000e+00
       8938 313.259553  -62.14306  -58.44300      0.844    1446.35     81.000     80.207    -0.5790    -0.5801    -0.0012    -0.5814    -0.5826    -0.0012   2.805035   2.804548  -0.000401    34.2893    34.2853     7.6106    27.5603    27.5571    34.2889    27.5600    1446.82    1446.81    -0.5814  1027.9522    34.4548 0.0000e+00
       8968 313.259567  -62.14306  -58.44298      0.808    1446.35     82.000     81.197    -0.5948    -0.5989    -0.0041    -0.5973    -0.6014    -0.0041   2.803763   2.802993  -0.000794    34.2921    34.2861     7.6249    27.5633    27.5585    34.2891    27.5608    1446.76    1446.74    -0.5972  1027.9579    34.4550 0.0000e+00
       8997 313.259581  -62.14307  -58.44298      0.816    1446.35     83.000     82.187    -0.6095    -0.6089     0.0007    -0.6120    -0.6114     0.0007   2.802333   2.802229  -0.000127    34.2874    34.2850     7.6316    27.5601    27.5580    34.2858    27.5588    1446.70    1446.71    -0.6119  1027.9608    34.4518 0.0000e+00
       9024 313.259594  -62.14308  -58.44298      0.873    1446.35     84.000     83.177    -0.6088    -0.6096    -0.0009    -0.6113    -0.6122    -0.0009   2.802316   2.802202  -0.000110    34.2852    34.2847     7.6099    27.5583    27.5579    34.2841    27.5574    1446.72    1446.72    -0.6112  1027.9641    34.4501 0.0000e+00
       9049 313.259607  -62.14308  -58.44297      0.924    1446.35     85.000     84.167    -0.6100    -0.6103    -0.0003    -0.6126    -0.6129    -0.0003   2.802292   2.802189  -0.000097    34.2853    34.2844     7.6016    27.5585    27.5577    34.2846    27.5578    1446.73    1446.73    -0.6125  1027.9694    34.4506 0.0000e+00
       9077 313.259620  -62.14308  -58.44296      0.901    1446.35     86.000     85.157    -0.6125    -0.6115     0.0009    -0.6151    -0.6141     0.0009   2.802126   2.802130  -0.000001    34.2856    34.2845     7.5891    27.5588    27.5578    34.2845    27.5579    1446.74    1446.74    -0.6150  1027.9742    34.4505 0.0000e+00
       9109 313.259635  -62.14308  -58.44294      0.783    1446.35     87.000     86.147    -0.6153    -0.6137     0.0016    -0.6179    -0.6163     0.0016   2.801917   2.802006   0.000079    34.2854    34.2846     7.5816    27.5587    27.5580    34.2843    27.5578    1446.74    1446.75    -0.6178  1027.9790    34.4503 0.0000e+00
       9142 313.259651  -62.14308 -9.990e-29      0.718    1446.35     88.000     87.137    -0.6279    -0.6259     0.0021    -0.6306    -0.6285     0.0021   2.800952   2.800988   0.000049    34.2867    34.2851     7.5916    27.5603    27.5589    34.2850    27.5589    1446.70    1446.71    -0.6305  1027.9858    34.4521 0.0000e+00
       9170 313.259665  -62.14308 -9.990e-29      0.795    1446.35     89.000     88.127    -0.6294    -0.6294    -0.0000    -0.6321    -0.6321    -0.0000   2.800829   2.800749  -0.000082    34.2853    34.2842     7.5994    27.5593    27.5583    34.2844    27.5585    1446.71    1446.71    -0.6320  1027.9902    34.4515 0.0000e+00
       9196 313.259677  -62.14308 -9.990e-29      0.909    1446.35     90.000     89.117    -0.6381    -0.6372     0.0010    -0.6408    -0.6398     0.0010   2.800193   2.800125  -0.000053    34.2873    34.2854     7.5959    27.5612    27.5597    34.2850    27.5594    1446.69    1446.69    -0.6407  1027.9959    34.4522 0.0000e+00
       9221 313.259689  -62.14310  -58.44292      0.956    1446.35     91.000     90.107    -0.6461    -0.6470    -0.0008    -0.6488    -0.6497    -0.0008   2.799531   2.799424  -0.000138    34.2855    34.2846     7.5965    27.5602    27.5595    34.2845    27.5593    1446.66    1446.66    -0.6487  1028.0003    34.4513 0.0000e+00
       9250 313.259703  -62.14310  -58.44290      0.880    1446.35     92.000     91.097    -0.6454    -0.6433     0.0021    -0.6481    -0.6460     0.0021   2.799570   2.799677   0.000120    34.2856    34.2848     7.5783    27.5602    27.5595    34.2836    27.5585    1446.68    1446.69    -0.6481  1028.0038    34.4497 0.0000e+00
       9282 313.259719  -62.14310  -58.44289      0.768    1446.35     93.000     92.087    -0.6670    -0.6658     0.0012    -0.6698    -0.6686     0.0012   2.797986   2.797940  -0.000051    34.2881    34.2861     7.5779    27.5631    27.5614    34.2861    27.5615    1446.60    1446.60    -0.6697  1028.0116    34.4523 0.0000e+00
       9312 313.259733  -62.14310  -58.44288      0.775    1446.35     94.000     93.077    -0.6658    -0.6664    -0.0007    -0.6686    -0.6692    -0.0007   2.798008   2.797914  -0.000070    34.2851    34.2849     7.5653    27.5606    27.5605    34.2844    27.5601    1446.62    1446.62    -0.6685  1028.0149    34.4505 0.0000e+00
       9338 313.259746  -62.14310  -58.44288      0.862    1446.35     95.000     94.067    -0.6659    -0.6649     0.0010    -0.6687    -0.6677     0.0010   2.798045   2.798056  -0.000006    34.2859    34.2847     7.5694    27.5613    27.5603    34.2844    27.5601    1446.64    1446.64    -0.6686  1028.0198    34.4506 0.0000e+00
       9365 313.259759  -62.14310  -58.44288      0.915    1446.35     96.000     95.057    -0.6688    -0.6679     0.0009    -0.6716    -0.6707     0.0009   2.797866   2.797881   0.000012    34.2857    34.2849     7.5691    27.5613    27.5606    34.2846    27.5604    1446.64    1446.64    -0.6716  1028.0249    34.4508 0.0000e+00
       9393 313.259773  -62.14312  -58.44286      0.869    1446.35     97.000     96.047    -0.6711    -0.6701     0.0011    -0.6740    -0.6729     0.0011   2.797723   2.797753   0.000027    34.2858    34.2849     7.5572    27.5614    27.5607    34.2848    27.5606    1446.65    1446.65    -0.6739  1028.0299    34.4510 0.0000e+00
       9426 313.259788  -62.14312  -58.44285      0.761    1446.35     98.000     97.037    -0.6742    -0.6723     0.0018    -0.6771    -0.6752     0.0018   2.797542   2.797619   0.000080    34.2861    34.2851     7.5495    27.5618    27.5609    34.2851    27.5610    1446.65    1446.65    -0.6770  1028.0351    34.4513 0.0000e+00
       9456 313.259803  -62.14312  -58.44284      0.756    1446.35     99.000     98.027    -0.6739    -0.6724     0.0014    -0.6768    -0.6753     0.0014   2.797592   2.797650   0.000046    34.2855    34.2845     7.5514    27.5613    27.5604    34.2849    27.5608    1446.66    1446.67    -0.6768  1028.0397    34.4511 0.0000e+00
