Pos-Processados/process_op42/Processamento_split/down/doperantar42_005.cnv
* Sea-Bird SBE 9 Data File:
* FileName = C:\Users\Hidrografia\Desktop\OPXLII\Brutos\OP42005.hdr
* Software Version Seasave V 7.26.7.107
* Temperature SN = 6502
* Conductivity SN = 4998
* Number of Bytes Per Scan = 31
* Number of Voltage Words = 2
* Number of Scans Averaged by the Deck Unit = 1
* NMEA Latitude = 39 18.87 S
* NMEA Longitude = 053 09.31 W
* NMEA UTC (Time) = Oct 17 2023 00:39:31
* NMEA baud rate = 4800
** H41
** NPOALTEMAXIMIANO
** NUMERO DA ESTACAO (XXX) 005
** LAT (XX XX.XX S/N) 39 19.919 S
** LONG (XXX XX.XX W/E) 053 09.46 W
** DATAHORA (dd/mm/aaaa hh:mm Z) 17/10/2023 0025Z
** PROFUNDIDADE (m) 4727
** OPERADOR ZAMITH
# nquan = 30
# nvalues = 1003                        
# units = specified
# name 0 = scan: Scan Count
# name 1 = timeJ: Julian Days
# name 2 = latitude: Latitude [deg]
# name 3 = longitude: Longitude [deg]
# name 4 = dz/dtM: Descent Rate [m/s]
# name 5 = avgsvCM: Average Sound Velocity [Chen-Millero, m/s]
# name 6 = prDM: Pressure, Digiquartz [db]
# name 7 = depSM: Depth [salt water, m]
# name 8 = t090C: Temperature [ITS-90, deg C]
# name 9 = t190C: Temperature, 2 [ITS-90, deg C]
# name 10 = T2-T190C: Temperature Difference, 2 - 1 [ITS-90, deg C]
# name 11 = potemp090C: Potential Temperature [ITS-90, deg C]
# name 12 = potemp190C: Potential Temperature, 2 [ITS-90, deg C]
# name 13 = potemp90Cdiff: Potential Temperature, Diff, 2 - 1 [ITS-90, deg C]
# name 14 = c0S/m: Conductivity [S/m]
# name 15 = c1S/m: Conductivity, 2 [S/m]
# name 16 = C2-C1S/m: Conductivity Difference, 2 - 1 [S/m]
# name 17 = sal00: Salinity, Practical [PSU]
# name 18 = sal11: Salinity, Practical, 2 [PSU]
# name 19 = sbeox0ML/L: Oxygen, SBE 43 [ml/l]
# name 20 = sigma-é00: Density [sigma-theta, kg/m^3]
# name 21 = sigma-é11: Density, 2 [sigma-theta, kg/m^3]
# name 22 = sal00: Salinity, Practical [PSU]
# name 23 = sigma-é00: Density [sigma-theta, kg/m^3]
# name 24 = svCM: Sound Velocity [Chen-Millero, m/s]
# name 25 = svCM1: Sound Velocity, 2 [Chen-Millero, m/s]
# name 26 = gsw_ptA0: potential temperature [ITS-90, deg C]
# name 27 = gsw_densityA0: density, TEOS-10 [density, kg/m^3]
# name 28 = gsw_saA0: Absolute Salinity [g/kg]
# name 29 = flag:
# span 0 =       2807,      32186       
# span 1 = 290.028795, 290.042963       
# span 2 =  -39.31441,  -39.31288       
# span 3 =  -53.15490,  -53.15060       
# span 4 =     -0.039,      1.529       
# span 5 =       0.00,    1484.10       
# span 6 =      3.000,   1005.000       
# span 7 =      2.987,    994.947       
# span 8 =     2.6988,     9.5573       
# span 9 =     2.6997,     9.5594       
# span 10 =    -0.0566,     0.0188      
# span 11 =     2.6328,     9.5570      
# span 12 =     2.6337,     9.5591      
# span 13 =    -0.0566,     0.0188      
# span 14 =   3.094396,   3.665812      
# span 15 =   3.094464,   3.666033      
# span 16 =  -0.007395,   0.001864      
# span 17 =    33.9516,    34.5402      
# span 18 =    33.9517,    34.5398      
# span 19 =     3.9135,     6.7886      
# span 20 =    26.2072,    27.5508      
# span 21 =    26.2069,    27.5504      
# span 22 =    33.9519,    34.5402      
# span 23 =    26.2074,    27.5508      
# span 24 =    1465.89,    1487.06      
# span 25 =    1465.89,    1487.08      
# span 26 =     2.6327,     9.5570      
# span 27 =  1026.2246,  1032.2140      
# span 28 =    34.1133,    34.7060      
# span 29 = 0.0000e+00, 0.0000e+00      
# interval = decibars: 1                
# start_time = Oct 17 2023 00:39:31 [NMEA time, header]
# bad_flag = -9.990e-29
*END*
[from data line 871]
      27189 290.040554  -39.31312  -53.15148      1.203    1471.16    874.000    865.534     2.7757     2.7767     0.0009     2.7188     2.7197     0.0009   3.142830   3.142888   0.000060    34.4790    34.4788     4.0144    27.4944    27.4941    34.4788    27.4942    1475.12    1475.13     2.7187  1031.5538    34.6437 0.0000e+00
      27225 290.040571  -39.31313  -53.15148      0.786    1471.16    875.000    866.523     2.7759     2.7767     0.0009     2.7189     2.7198     0.0009   3.142874   3.142926   0.000051    34.4789    34.4786     4.0104    27.4943    27.4939    34.4787    27.4941    1475.14    1475.14     2.7188  1031.5583    34.6436 0.0000e+00
      27280 290.040597  -39.31312  -53.15146      0.391    1471.16    876.000    867.511     2.7739     2.7746     0.0007     2.7169     2.7176     0.0007   3.142817   3.142859   0.000043    34.4798    34.4796     4.0148    27.4952    27.4949    34.4796    27.4950    1475.15    1475.15     2.7168  1031.5638    34.6445 0.0000e+00
      27315 290.040615  -39.31312  -53.15146      0.623    1471.16    877.000    868.499     2.7735     2.7739     0.0005     2.7164     2.7168     0.0005   3.142835   3.142868   0.000034    34.4798    34.4798     4.0163    27.4952    27.4951    34.4797    27.4951    1475.17    1475.17     2.7163  1031.5686    34.6446 0.0000e+00
      27339 290.040626  -39.31312  -53.15146      0.874    1471.16    878.000    869.487     2.7727     2.7737     0.0010     2.7155     2.7165     0.0010   3.142857   3.142903   0.000043    34.4804    34.4799     4.0194    27.4958    27.4953    34.4803    27.4957    1475.18    1475.18     2.7155  1031.5737    34.6452 0.0000e+00
      27357 290.040635  -39.31312  -53.15145      1.113    1471.16    879.000    870.475     2.7727     2.7737     0.0009     2.7155     2.7164     0.0009   3.142907   3.142958   0.000053    34.4804    34.4800     4.0104    27.4958    27.4954    34.4803    27.4957    1475.19    1475.20     2.7154  1031.5784    34.6453 0.0000e+00
      27374 290.040643  -39.31312  -53.15144      1.315    1471.16    880.000    871.463     2.7729     2.7738     0.0010     2.7156     2.7165     0.0010   3.142961   3.143013   0.000048    34.4804    34.4799     4.0044    27.4958    27.4953    34.4803    27.4957    1475.21    1475.22     2.7155  1031.5829    34.6452 0.0000e+00
      27391 290.040651  -39.31312  -53.15144      1.428    1471.16    881.000    872.452     2.7730     2.7739     0.0009     2.7156     2.7165     0.0009   3.143029   3.143079   0.000045    34.4805    34.4801     4.0092    27.4958    27.4954    34.4805    27.4958    1475.23    1475.23     2.7155  1031.5877    34.6454 0.0000e+00
      27428 290.040669  -39.31310  -53.15144      0.831    1471.16    882.000    873.439     2.7737     2.7747     0.0010     2.7162     2.7172     0.0010   3.143115   3.143181   0.000068    34.4802    34.4800     4.0053    27.4956    27.4953    34.4802    27.4956    1475.25    1475.25     2.7162  1031.5920    34.6451 0.0000e+00
      27479 290.040694  -39.31310  -53.15144      0.386    1471.16    883.000    874.428     2.7751     2.7759     0.0008     2.7175     2.7183     0.0008   3.143348   3.143388   0.000036    34.4810    34.4806     4.0100    27.4961    27.4957    34.4811    27.4961    1475.27    1475.27     2.7175  1031.5971    34.6460 0.0000e+00
      27500 290.040704  -39.31310  -53.15143      0.858    1471.16    884.000    875.417     2.7753     2.7762     0.0009     2.7177     2.7186     0.0009   3.143408   3.143472   0.000062    34.4810    34.4808     4.0176    27.4961    27.4958    34.4810    27.4961    1475.29    1475.29     2.7176  1031.6017    34.6460 0.0000e+00
      27518 290.040712  -39.31310  -53.15142      1.167    1471.16    885.000    876.404     2.7757     2.7769     0.0011     2.7180     2.7192     0.0011   3.143557   3.143623   0.000070    34.4815    34.4812     4.0166    27.4964    27.4961    34.4819    27.4968    1475.31    1475.31     2.7179  1031.6069    34.6468 0.0000e+00
      27534 290.040720  -39.31310  -53.15142      1.363    1471.16    886.000    877.393     2.7768     2.7778     0.0010     2.7191     2.7201     0.0010   3.143804   3.143864   0.000059    34.4828    34.4824     4.0151    27.4974    27.4970    34.4832    27.4977    1475.33    1475.34     2.7190  1031.6124    34.6481 0.0000e+00
      27551 290.040728  -39.31310  -53.15142      1.440    1471.16    887.000    878.378     2.7774     2.7783     0.0009     2.7195     2.7205     0.0009   3.143988   3.144054   0.000058    34.4841    34.4838     4.0158    27.4984    27.4981    34.4843    27.4986    1475.35    1475.36     2.7194  1031.6179    34.6493 0.0000e+00
      27605 290.040754  -39.31310  -53.15140      0.493    1471.16    888.000    879.370     2.7789     2.7791     0.0002     2.7210     2.7212     0.0002   3.144172   3.144131  -0.000039    34.4842    34.4835     4.0086    27.4983    27.4977    34.4844    27.4985    1475.38    1475.37     2.7209  1031.6224    34.6494 0.0000e+00
      27650 290.040776  -39.31310  -53.15140      0.568    1471.16    889.000    880.357     2.7815     2.7822     0.0008     2.7234     2.7242     0.0008   3.144674   3.144746   0.000072    34.4870    34.4871     4.0016    27.5004    27.5003    34.4873    27.5006    1475.41    1475.41     2.7233  1031.6290    34.6523 0.0000e+00
      27671 290.040786  -39.31310  -53.15140      0.956    1471.16    890.000    881.346     2.7810     2.7818     0.0009     2.7229     2.7237     0.0008   3.144769   3.144822   0.000048    34.4883    34.4879     4.0122    27.5014    27.5011    34.4884    27.5015    1475.42    1475.43     2.7228  1031.6345    34.6534 0.0000e+00
      27691 290.040796  -39.31310  -53.15140      1.137    1471.16    891.000    882.334     2.7799     2.7807     0.0008     2.7217     2.7226     0.0008   3.144820   3.144880   0.000061    34.4895    34.4893     4.0084    27.5025    27.5023    34.4896    27.5026    1475.44    1475.44     2.7216  1031.6402    34.6546 0.0000e+00
      27716 290.040808  -39.31310 -9.990e-29      1.097    1471.16    892.000    883.322     2.7800     2.7808     0.0008     2.7218     2.7225     0.0008   3.144874   3.144928   0.000054    34.4896    34.4894     4.0071    27.5026    27.5024    34.4897    27.5026    1475.45    1475.46     2.7217  1031.6448    34.6546 0.0000e+00
      27754 290.040826  -39.31308 -9.990e-29      0.660    1471.16    893.000    884.310     2.7798     2.7806     0.0008     2.7215     2.7222     0.0008   3.144902   3.144946   0.000043    34.4897    34.4894     4.0029    27.5027    27.5024    34.4897    27.5027    1475.47    1475.47     2.7214  1031.6495    34.6547 0.0000e+00
      27786 290.040841  -39.31308  -53.15138      0.681    1471.16    894.000    885.298     2.7785     2.7794     0.0009     2.7201     2.7210     0.0009   3.144885   3.144935   0.000051    34.4903    34.4900     4.0060    27.5033    27.5030    34.4903    27.5033    1475.48    1475.48     2.7201  1031.6547    34.6553 0.0000e+00
      27808 290.040852  -39.31309  -53.15137      0.929    1471.16    895.000    886.286     2.7775     2.7785     0.0009     2.7191     2.7200     0.0009   3.144887   3.144966   0.000077    34.4909    34.4909     4.0049    27.5039    27.5038    34.4909    27.5038    1475.49    1475.50     2.7190  1031.6599    34.6559 0.0000e+00
      27828 290.040862  -39.31310  -53.15136      1.131    1471.16    896.000    887.274     2.7754     2.7763     0.0008     2.7169     2.7177     0.0008   3.144866   3.144907   0.000039    34.4925    34.4921     4.0074    27.5053    27.5049    34.4924    27.5052    1475.50    1475.51     2.7168  1031.6659    34.6574 0.0000e+00
      27847 290.040871  -39.31310  -53.15136      1.242    1471.16    897.000    888.262     2.7747     2.7756     0.0008     2.7162     2.7170     0.0008   3.144937   3.144997   0.000060    34.4935    34.4933     4.0091    27.5061    27.5060    34.4934    27.5061    1475.52    1475.52     2.7161  1031.6715    34.6585 0.0000e+00
      27872 290.040883  -39.31310  -53.15136      1.110    1471.34    898.000    889.251     2.7740     2.7749     0.0008     2.7154     2.7162     0.0008   3.144984   3.145032   0.000046    34.4943    34.4940     4.0038    27.5069    27.5066    34.4942    27.5068    1475.53    1475.54     2.7153  1031.6768    34.6593 0.0000e+00
      27915 290.040904  -39.31309  -53.15135      0.588    1471.38    899.000    890.239     2.7738     2.7746     0.0008     2.7151     2.7159     0.0008   3.145024   3.145077   0.000055    34.4945    34.4943     3.9933    27.5071    27.5069    34.4944    27.5070    1475.55    1475.55     2.7150  1031.6816    34.6595 0.0000e+00
      27957 290.040924  -39.31308  -53.15134      0.546    1471.38    900.000    891.227     2.7717     2.7725     0.0008     2.7130     2.7137     0.0008   3.144982   3.145021   0.000037    34.4957    34.4953     3.9939    27.5082    27.5078    34.4956    27.5081    1475.56    1475.56     2.7129  1031.6873    34.6607 0.0000e+00
      27988 290.040939  -39.31308  -53.15134      0.731    1471.38    901.000    892.215     2.7723     2.7732     0.0010     2.7134     2.7144     0.0010   3.145179   3.145256   0.000078    34.4969    34.4968     3.9964    27.5091    27.5090    34.4969    27.5091    1475.58    1475.58     2.7133  1031.6929    34.6620 0.0000e+00
      28013 290.040951  -39.31308  -53.15132      0.901    1471.38    902.000    893.203     2.7712     2.7721     0.0008     2.7123     2.7131     0.0008   3.145232   3.145285   0.000054    34.4981    34.4978     3.9880    27.5102    27.5099    34.4981    27.5102    1475.59    1475.60     2.7122  1031.6986    34.6632 0.0000e+00
      28035 290.040962  -39.31308  -53.15132      1.010    1471.38    903.000    894.191     2.7730     2.7746     0.0016     2.7140     2.7155     0.0016   3.145467   3.145622   0.000152    34.4984    34.4986     3.9863    27.5103    27.5103    34.4986    27.5104    1475.62    1475.62     2.7139  1031.7034    34.6637 0.0000e+00
      28057 290.040972  -39.31308  -53.15132      1.072    1471.38    904.000    895.179     2.7755     2.7754    -0.0001     2.7164     2.7163    -0.0001   3.145767   3.145754 -6.345e-07    34.4987    34.4987     3.9846    27.5103    27.5104    34.4990    27.5106    1475.64    1475.64     2.7163  1031.7081    34.6642 0.0000e+00
      28079 290.040983  -39.31308  -53.15132      1.110    1471.38    905.000    896.167     2.7767     2.7771     0.0003     2.7175     2.7179     0.0003   3.145953   3.145983   0.000023    34.4991    34.4990     3.9916    27.5106    27.5105    34.4994    27.5108    1475.67    1475.67     2.7175  1031.7128    34.6646 0.0000e+00
      28102 290.040994  -39.31307  -53.15132      1.079    1471.38    906.000    897.156     2.7801     2.7803     0.0002     2.7208     2.7210     0.0002   3.146322   3.146354   0.000029    34.4994    34.4996     3.9903    27.5105    27.5106    34.4998    27.5109    1475.70    1475.70     2.7207  1031.7174    34.6650 0.0000e+00
      28132 290.041008  -39.31306  -53.15130      0.885    1471.38    907.000    898.144     2.7809     2.7819     0.0010     2.7216     2.7225     0.0010   3.146490   3.146549   0.000066    34.5001    34.4999     3.9885    27.5110    27.5107    34.5004    27.5113    1475.72    1475.72     2.7215  1031.7224    34.6656 0.0000e+00
      28168 290.041026  -39.31306  -53.15130      0.682    1471.38    908.000    899.132     2.7840     2.7857     0.0017     2.7245     2.7263     0.0017   3.146873   3.147011   0.000135    34.5007    34.5005     3.9886    27.5113    27.5109    34.5014    27.5117    1475.75    1475.76     2.7244  1031.7274    34.6665 0.0000e+00
      28199 290.041041  -39.31306  -53.15130      0.717    1471.38    909.000    900.120     2.7894     2.7900     0.0007     2.7298     2.7305     0.0007   3.147459   3.147532   0.000073    34.5017    34.5019     3.9914    27.5116    27.5116    34.5022    27.5120    1475.79    1475.79     2.7297  1031.7321    34.6674 0.0000e+00
      28223 290.041052  -39.31306  -53.15129      0.903    1471.38    910.000    901.108     2.7887     2.7895     0.0008     2.7290     2.7299     0.0008   3.147502   3.147547   0.000042    34.5028    34.5023     3.9923    27.5125    27.5121    34.5030    27.5126    1475.80    1475.81     2.7289  1031.7373    34.6681 0.0000e+00
      28243 290.041062  -39.31306  -53.15128      1.069    1471.38    911.000    902.096     2.7870     2.7880     0.0011     2.7273     2.7283     0.0010   3.147406   3.147451   0.000053    34.5032    34.5027     3.9960    27.5129    27.5125    34.5031    27.5128    1475.82    1475.82     2.7272  1031.7422    34.6682 0.0000e+00
      28264 290.041072  -39.31306  -53.15128      1.159    1471.38    912.000    903.084     2.7823     2.7833     0.0009     2.7226     2.7235     0.0009   3.147127   3.147151   0.000015    34.5041    34.5033     3.9972    27.5141    27.5133    34.5041    27.5141    1475.81    1475.82     2.7225  1031.7481    34.6693 0.0000e+00
      28287 290.041083  -39.31306  -53.15128      1.114    1471.38    913.000    904.072     2.7817     2.7825     0.0009     2.7219     2.7227     0.0008   3.147090   3.147122   0.000040    34.5039    34.5035     3.9975    27.5140    27.5136    34.5038    27.5139    1475.83    1475.83     2.7218  1031.7526    34.6690 0.0000e+00
      28312 290.041095  -39.31306  -53.15127      1.003    1471.38    914.000    905.060     2.7799     2.7806     0.0007     2.7200     2.7207     0.0007   3.146990   3.147009   0.000016    34.5041    34.5035     4.0003    27.5143    27.5138    34.5040    27.5142    1475.84    1475.84     2.7199  1031.7575    34.6691 0.0000e+00
      28334 290.041106  -39.31306  -53.15126      1.007    1471.38    915.000    906.048     2.7785     2.7794     0.0009     2.7186     2.7195     0.0009   3.146920   3.146971   0.000047    34.5040    34.5037     3.9974    27.5144    27.5141    34.5040    27.5144    1475.85    1475.85     2.7185  1031.7623    34.6692 0.0000e+00
      28356 290.041116  -39.31306  -53.15126      1.091    1471.38    916.000    907.036     2.7796     2.7805     0.0010     2.7196     2.7205     0.0010   3.147027   3.147122   0.000093    34.5036    34.5037     3.9943    27.5140    27.5140    34.5037    27.5141    1475.87    1475.87     2.7195  1031.7666    34.6689 0.0000e+00
      28385 290.041130  -39.31306  -53.15126      0.949    1471.38    917.000    908.024     2.7817     2.7827     0.0010     2.7216     2.7226     0.0010   3.147261   3.147318   0.000059    34.5037    34.5033     3.9912    27.5138    27.5135    34.5038    27.5139    1475.89    1475.90     2.7215  1031.7710    34.6690 0.0000e+00
      28433 290.041153  -39.31304  -53.15124      0.421    1471.38    918.000    909.012     2.7820     2.7826     0.0006     2.7219     2.7224     0.0006   3.147328   3.147365   0.000038    34.5036    34.5035     3.9948    27.5138    27.5136    34.5037    27.5138    1475.91    1475.91     2.7218  1031.7755    34.6689 0.0000e+00
      28459 290.041166  -39.31305  -53.15124      0.721    1471.38    919.000    910.001     2.7812     2.7820     0.0007     2.7210     2.7217     0.0007   3.147334   3.147357   0.000024    34.5042    34.5037     3.9873    27.5143    27.5138    34.5041    27.5142    1475.92    1475.93     2.7209  1031.7805    34.6693 0.0000e+00
      28477 290.041175  -39.31306  -53.15124      1.059    1471.38    920.000    910.988     2.7801     2.7811     0.0011     2.7198     2.7209     0.0011   3.147241   3.147301   0.000060    34.5040    34.5036     3.9875    27.5142    27.5138    34.5037    27.5140    1475.94    1475.94     2.7197  1031.7849    34.6689 0.0000e+00
