Pos-Processados/process_op42/Processamento_split/down/doperantar42_026.cnv
* Sea-Bird SBE 9 Data File:
* FileName = C:\Users\Hidrografia\Desktop\OPXLII\Brutos\OP42026.hdr
* Software Version Seasave V 7.26.7.107
* Temperature SN = 6502
* Conductivity SN = 4998
* Number of Bytes Per Scan = 37
* Number of Voltage Words = 4
* Number of Scans Averaged by the Deck Unit = 1
* NMEA Latitude = 62 13.40 S
* NMEA Longitude = 058 12.50 W
* NMEA UTC (Time) = Nov 08 2023 16:16:15
* NMEA baud rate = 4800
** H41
** NPOALTEMAXIMIANO
** NUMERO DA ESTACAO (XXX) 026
** LAT (XX XX.XX S/N) 62  13.401 S
** LONG (XXX XX.XX W/E) 058  12.553 W
** DATAHORA (dd/mm/aaaa hh:mm Z) 08/11/2023 1615Z
** PROFUNDIDADE (m) 390
** OPERADOR 1T ZAMITH
# nquan = 30
# nvalues = 359                         
# units = specified
# name 0 = scan: Scan Count
# name 1 = timeJ: Julian Days
# name 2 = latitude: Latitude [deg]
# name 3 = longitude: Longitude [deg]
# name 4 = dz/dtM: Descent Rate [m/s]
# name 5 = avgsvCM: Average Sound Velocity [Chen-Millero, m/s]
# name 6 = prDM: Pressure, Digiquartz [db]
# name 7 = depSM: Depth [salt water, m]
# name 8 = t090C: Temperature [ITS-90, deg C]
# name 9 = t190C: Temperature, 2 [ITS-90, deg C]
# name 10 = T2-T190C: Temperature Difference, 2 - 1 [ITS-90, deg C]
# name 11 = potemp090C: Potential Temperature [ITS-90, deg C]
# name 12 = potemp190C: Potential Temperature, 2 [ITS-90, deg C]
# name 13 = potemp90Cdiff: Potential Temperature, Diff, 2 - 1 [ITS-90, deg C]
# name 14 = c0S/m: Conductivity [S/m]
# name 15 = c1S/m: Conductivity, 2 [S/m]
# name 16 = C2-C1S/m: Conductivity Difference, 2 - 1 [S/m]
# name 17 = sal00: Salinity, Practical [PSU]
# name 18 = sal11: Salinity, Practical, 2 [PSU]
# name 19 = sbeox0ML/L: Oxygen, SBE 43 [ml/l]
# name 20 = sigma-é00: Density [sigma-theta, kg/m^3]
# name 21 = sigma-é11: Density, 2 [sigma-theta, kg/m^3]
# name 22 = sal00: Salinity, Practical [PSU]
# name 23 = sigma-é00: Density [sigma-theta, kg/m^3]
# name 24 = svCM: Sound Velocity [Chen-Millero, m/s]
# name 25 = svCM1: Sound Velocity, 2 [Chen-Millero, m/s]
# name 26 = gsw_ptA0: potential temperature [ITS-90, deg C]
# name 27 = gsw_densityA0: density, TEOS-10 [density, kg/m^3]
# name 28 = gsw_saA0: Absolute Salinity [g/kg]
# name 29 = flag:
# span 0 =       2909,      14672       
# span 1 = 312.679354, 312.685026       
# span 2 =  -62.22436,  -62.22360       
# span 3 =  -58.20720,  -58.20135       
# span 4 =      0.040,      1.230       
# span 5 =      -0.04,    1448.69       
# span 6 =      8.000,    366.000       
# span 7 =      7.953,    362.156       
# span 8 =    -0.8284,    -0.4720       
# span 9 =    -0.8265,    -0.4700       
# span 10 =    -0.0081,     0.0073      
# span 11 =    -0.8292,    -0.4841      
# span 12 =    -0.8272,    -0.4822      
# span 13 =    -0.0081,     0.0073      
# span 14 =   2.780580,   2.833103      
# span 15 =   2.780649,   2.833182      
# span 16 =  -0.000595,   0.000601      
# span 17 =    34.2791,    34.3757      
# span 18 =    34.2798,    34.3744      
# span 19 =     6.8284,     7.7551      
# span 20 =    27.5604,    27.6258      
# span 21 =    27.5614,    27.6247      
# span 22 =    34.2804,    34.3758      
# span 23 =    27.5615,    27.6259      
# span 24 =    1444.48,    1451.97      
# span 25 =    1444.49,    1451.98      
# span 26 =    -0.8291,    -0.4839      
# span 27 =  1027.6070,  1029.3739      
# span 28 =    34.4459,    34.5439      
# span 29 = 0.0000e+00, 0.0000e+00      
# interval = decibars: 1                
# start_time = Nov 08 2023 16:16:15 [NMEA time, header]
# bad_flag = -9.990e-29
*END*
[from data line 242]
       9692 312.682625  -62.22406  -58.20395      0.916    1447.52    250.000    247.450    -0.5220    -0.5214     0.0006    -0.5301    -0.5295     0.0006   2.823130   2.823112  -0.000021    34.3642    34.3632     6.9656    27.6186    27.6178    34.3641    27.6186    1449.94    1449.94    -0.5300  1028.8172    34.5319 0.0000e+00
       9720 312.682638  -62.22407  -58.20394      0.899    1447.52    251.000    248.439    -0.5222    -0.5215     0.0007    -0.5304    -0.5297     0.0007   2.823151   2.823142  -0.000013    34.3640    34.3630     6.9693    27.6184    27.6176    34.3640    27.6185    1449.95    1449.95    -0.5302  1028.8219    34.5318 0.0000e+00
       9748 312.682652  -62.22408  -58.20394      0.854    1447.52    252.000    249.428    -0.5221    -0.5212     0.0010    -0.5303    -0.5294     0.0010   2.823197   2.823215   0.000020    34.3639    34.3631     6.9666    27.6184    27.6177    34.3640    27.6184    1449.97    1449.97    -0.5301  1028.8266    34.5317 0.0000e+00
       9777 312.682666  -62.22408  -58.20392      0.827    1447.52    253.000    250.418    -0.5228    -0.5220     0.0007    -0.5310    -0.5303     0.0007   2.823192   2.823180  -0.000011    34.3641    34.3631     6.9683    27.6186    27.6178    34.3640    27.6185    1449.98    1449.98    -0.5309  1028.8314    34.5318 0.0000e+00
       9805 312.682680  -62.22408  -58.20389      0.842    1447.52    254.000    251.407    -0.5233    -0.5226     0.0006    -0.5315    -0.5309     0.0006   2.823191   2.823168  -0.000023    34.3639    34.3629     6.9668    27.6184    27.6176    34.3639    27.6185    1450.00    1450.00    -0.5314  1028.8361    34.5317 0.0000e+00
       9833 312.682693  -62.22408  -58.20388      0.873    1447.52    255.000    252.396    -0.5230    -0.5225     0.0005    -0.5313    -0.5308     0.0005   2.823265   2.823229  -0.000036    34.3639    34.3629     6.9715    27.6185    27.6176    34.3640    27.6185    1450.01    1450.01    -0.5311  1028.8409    34.5318 0.0000e+00
       9862 312.682707  -62.22408  -58.20387      0.837    1447.52    256.000    253.385    -0.5230    -0.5222     0.0007    -0.5313    -0.5306     0.0007   2.823312   2.823292  -0.000021    34.3640    34.3628     6.9692    27.6185    27.6175    34.3640    27.6185    1450.03    1450.03    -0.5311  1028.8457    34.5318 0.0000e+00
       9899 312.682725  -62.22408  -58.20385      0.671    1447.52    257.000    254.374    -0.5219    -0.5212     0.0007    -0.5303    -0.5296     0.0007   2.823454   2.823441  -0.000012    34.3640    34.3630     6.9699    27.6184    27.6177    34.3641    27.6185    1450.05    1450.05    -0.5301  1028.8505    34.5319 0.0000e+00
       9933 312.682741  -62.22408  -58.20383      0.670    1447.52    258.000    255.364    -0.5212    -0.5205     0.0006    -0.5296    -0.5289     0.0006   2.823578   2.823547  -0.000031    34.3643    34.3631     6.9719    27.6186    27.6177    34.3643    27.6187    1450.07    1450.07    -0.5294  1028.8554    34.5321 0.0000e+00
       9959 312.682754  -62.22408  -58.20382      0.853    1447.52    259.000    256.353    -0.5196    -0.5196    -0.0000    -0.5280    -0.5280    -0.0000   2.823793   2.823715  -0.000078    34.3644    34.3634     6.9754    27.6187    27.6179    34.3648    27.6190    1450.10    1450.09    -0.5279  1028.8605    34.5326 0.0000e+00
       9981 312.682764  -62.22408  -58.20381      1.020    1447.52    260.000    257.342    -0.5193    -0.5186     0.0008    -0.5278    -0.5270     0.0008   2.823854   2.823829  -0.000017    34.3647    34.3636     6.9744    27.6189    27.6180    34.3647    27.6189    1450.11    1450.11    -0.5276  1028.8652    34.5325 0.0000e+00
      10002 312.682775  -62.22408  -58.20380      1.103    1447.52    261.000    258.331    -0.5191    -0.5183     0.0007    -0.5276    -0.5268     0.0007   2.823922   2.823924  -0.000002    34.3645    34.3636     6.9743    27.6187    27.6180    34.3647    27.6189    1450.13    1450.13    -0.5274  1028.8699    34.5325 0.0000e+00
      10027 312.682787  -62.22408  -58.20379      1.039    1447.52    262.000    259.320    -0.5172    -0.5166     0.0006    -0.5257    -0.5252     0.0006   2.824159   2.824154  -0.000010    34.3647    34.3639     6.9747    27.6188    27.6182    34.3652    27.6192    1450.15    1450.16    -0.5256  1028.8749    34.5330 0.0000e+00
      10060 312.682802  -62.22408  -58.20377      0.798    1447.52    263.000    260.309    -0.5159    -0.5149     0.0010    -0.5245    -0.5235     0.0010   2.824312   2.824342   0.000034    34.3650    34.3644     6.9671    27.6190    27.6185    34.3652    27.6191    1450.18    1450.18    -0.5243  1028.8796    34.5330 0.0000e+00
      10095 312.682819  -62.22409  -58.20375      0.679    1447.52    264.000    261.298    -0.5159    -0.5150     0.0008    -0.5245    -0.5236     0.0008   2.824375   2.824389   0.000013    34.3652    34.3644     6.9587    27.6191    27.6185    34.3653    27.6193    1450.19    1450.20    -0.5243  1028.8845    34.5332 0.0000e+00
      10129 312.682836  -62.22410  -58.20373      0.696    1447.52    265.000    262.288    -0.5141    -0.5131     0.0009    -0.5227    -0.5218     0.0009   2.824622   2.824638   0.000012    34.3657    34.3648     6.9517    27.6195    27.6188    34.3661    27.6198    1450.22    1450.23    -0.5226  1028.8898    34.5339 0.0000e+00
      10160 312.682850  -62.22410  -58.20372      0.760    1447.52    266.000    263.277    -0.5137    -0.5136     0.0001    -0.5224    -0.5223     0.0001   2.824729   2.824646  -0.000076    34.3662    34.3651     6.9495    27.6199    27.6190    34.3664    27.6200    1450.24    1450.24    -0.5222  1028.8948    34.5342 0.0000e+00
      10186 312.682863  -62.22410  -58.20370      0.867    1447.52    267.000    264.266    -0.5136    -0.5131     0.0006    -0.5224    -0.5218     0.0006   2.824810   2.824756  -0.000056    34.3666    34.3652     6.9537    27.6202    27.6190    34.3669    27.6204    1450.26    1450.26    -0.5222  1028.8999    34.5347 0.0000e+00
      10210 312.682875  -62.22410  -58.20370      0.971    1447.52    268.000    265.255    -0.5131    -0.5124     0.0007    -0.5219    -0.5212     0.0007   2.824883   2.824862  -0.000017    34.3664    34.3654     6.9466    27.6201    27.6192    34.3666    27.6202    1450.28    1450.28    -0.5217  1028.9044    34.5344 0.0000e+00
      10237 312.682888  -62.22410  -58.20368      0.932    1447.52    269.000    266.244    -0.5124    -0.5120     0.0004    -0.5212    -0.5208     0.0004   2.825009   2.824950  -0.000056    34.3666    34.3654     6.9433    27.6202    27.6191    34.3669    27.6204    1450.30    1450.29    -0.5210  1028.9094    34.5348 0.0000e+00
      10276 312.682907  -62.22410  -58.20366      0.639    1447.52    270.000    267.233    -0.5090    -0.5086     0.0004    -0.5179    -0.5174     0.0004   2.825352   2.825345  -0.000010    34.3667    34.3661     6.9390    27.6201    27.6196    34.3670    27.6204    1450.33    1450.33    -0.5177  1028.9141    34.5349 0.0000e+00
      10314 312.682925  -62.22410  -58.20364      0.611    1447.52    271.000    268.222    -0.5086    -0.5080     0.0007    -0.5175    -0.5168     0.0007   2.825483   2.825464  -0.000026    34.3676    34.3665     6.9418    27.6208    27.6199    34.3678    27.6209    1450.35    1450.35    -0.5173  1028.9194    34.5356 0.0000e+00
      10341 312.682938  -62.22410  -58.20363      0.802    1447.52    272.000    269.211    -0.5098    -0.5085     0.0013    -0.5187    -0.5174     0.0013   2.825432   2.825455   0.000030    34.3676    34.3665     6.9404    27.6208    27.6199    34.3678    27.6210    1450.36    1450.36    -0.5185  1028.9243    34.5357 0.0000e+00
      10365 312.682949  -62.22410  -58.20361      0.955    1447.52    273.000    270.201    -0.5085    -0.5074     0.0011    -0.5174    -0.5163     0.0011   2.825597   2.825618   0.000012    34.3677    34.3666     6.9375    27.6209    27.6199    34.3679    27.6210    1450.38    1450.38    -0.5173  1028.9290    34.5357 0.0000e+00
      10388 312.682961  -62.22410  -58.20360      1.034    1447.52    274.000    271.190    -0.5085    -0.5076     0.0009    -0.5175    -0.5166     0.0009   2.825632   2.825636   0.000012    34.3677    34.3669     6.9353    27.6209    27.6202    34.3679    27.6210    1450.40    1450.40    -0.5173  1028.9337    34.5357 0.0000e+00
      10418 312.682975  -62.22410  -58.20358      0.901    1447.52    275.000    272.177    -0.5105    -0.5100     0.0006    -0.5196    -0.5190     0.0006   2.825474   2.825426  -0.000051    34.3675    34.3662     6.9357    27.6208    27.6197    34.3674    27.6207    1450.40    1450.40    -0.5194  1028.9382    34.5352 0.0000e+00
      10465 312.682998  -62.22410  -58.20356      0.496    1447.52    276.000    273.169    -0.5133    -0.5118     0.0016    -0.5224    -0.5208     0.0016   2.825214   2.825264   0.000050    34.3666    34.3654     6.9320    27.6202    27.6192    34.3665    27.6201    1450.40    1450.41    -0.5222  1028.9424    34.5343 0.0000e+00
      10509 312.683019  -62.22412  -58.20354      0.542    1447.52    277.000    274.157    -0.5148    -0.5135     0.0013    -0.5238    -0.5226     0.0013   2.825086   2.825119   0.000029    34.3660    34.3650     6.9355    27.6198    27.6189    34.3657    27.6196    1450.41    1450.42    -0.5237  1028.9466    34.5336 0.0000e+00
      10538 312.683033  -62.22412  -58.20352      0.743    1447.52    278.000    275.146    -0.5150    -0.5141     0.0009    -0.5242    -0.5232     0.0009   2.825097   2.825115   0.000022    34.3654    34.3646     6.9354    27.6193    27.6187    34.3656    27.6195    1450.43    1450.43    -0.5239  1028.9513    34.5335 0.0000e+00
      10562 312.683045  -62.22412  -58.20352      0.920    1447.52    279.000    276.135    -0.5147    -0.5135     0.0013    -0.5239    -0.5226     0.0013   2.825181   2.825209   0.000031    34.3658    34.3649     6.9407    27.6197    27.6188    34.3657    27.6196    1450.45    1450.45    -0.5237  1028.9562    34.5336 0.0000e+00
      10584 312.683055  -62.22412  -58.20351      1.041    1447.58    280.000    277.124    -0.5158    -0.5149     0.0010    -0.5250    -0.5241     0.0010   2.825096   2.825116   0.000013    34.3656    34.3646     6.9528    27.6195    27.6187    34.3653    27.6192    1450.46    1450.46    -0.5248  1028.9606    34.5331 0.0000e+00
      10605 312.683065  -62.22412  -58.20350      1.112    1447.99    281.000    278.113    -0.5168    -0.5158     0.0010    -0.5260    -0.5250     0.0010   2.825082   2.825074  -0.000007    34.3655    34.3643     6.9548    27.6195    27.6184    34.3656    27.6195    1450.47    1450.47    -0.5258  1028.9656    34.5334 0.0000e+00
      10628 312.683076  -62.22412  -58.20349      1.106    1448.00    282.000    279.102    -0.5144    -0.5136     0.0008    -0.5236    -0.5229     0.0008   2.825344   2.825328  -0.000016    34.3655    34.3644     6.9534    27.6194    27.6185    34.3657    27.6195    1450.49    1450.50    -0.5235  1028.9704    34.5336 0.0000e+00
      10665 312.683094  -62.22412  -58.20346      0.758    1448.00    283.000    280.091    -0.5125    -0.5120     0.0005    -0.5218    -0.5213     0.0005   2.825543   2.825503  -0.000039    34.3656    34.3645     6.9581    27.6194    27.6185    34.3657    27.6195    1450.52    1450.52    -0.5216  1028.9751    34.5336 0.0000e+00
      10717 312.683119  -62.22412  -58.20342      0.412    1448.00    284.000    281.081    -0.5123    -0.5114     0.0009    -0.5216    -0.5208     0.0009   2.825610   2.825625   0.000015    34.3657    34.3649     6.9503    27.6194    27.6187    34.3657    27.6195    1450.54    1450.54    -0.5214  1028.9798    34.5336 0.0000e+00
      10750 312.683135  -62.22412  -58.20341      0.662    1448.00    285.000    282.069    -0.5122    -0.5115     0.0007    -0.5216    -0.5208     0.0007   2.825695   2.825669  -0.000029    34.3661    34.3649     6.9492    27.6198    27.6188    34.3662    27.6199    1450.56    1450.56    -0.5214  1028.9849    34.5341 0.0000e+00
      10774 312.683147  -62.22412  -58.20340      0.897    1448.00    286.000    283.058    -0.5134    -0.5126     0.0008    -0.5228    -0.5220     0.0008   2.825635   2.825602  -0.000031    34.3662    34.3649     6.9492    27.6199    27.6188    34.3661    27.6198    1450.57    1450.57    -0.5226  1028.9897    34.5340 0.0000e+00
      10798 312.683158  -62.22412  -58.20339      1.020    1448.00    287.000    284.047    -0.5139    -0.5129     0.0010    -0.5234    -0.5224     0.0010   2.825621   2.825638   0.000016    34.3658    34.3649     6.9433    27.6196    27.6188    34.3659    27.6197    1450.58    1450.58    -0.5232  1028.9943    34.5338 0.0000e+00
      10827 312.683172  -62.22412  -58.20338      0.915    1448.00    288.000    285.036    -0.5135    -0.5127     0.0008    -0.5230    -0.5221     0.0008   2.825703   2.825699  -0.000002    34.3659    34.3649     6.9414    27.6197    27.6188    34.3659    27.6197    1450.60    1450.60    -0.5228  1028.9991    34.5338 0.0000e+00
      10867 312.683191  -62.22413  -58.20336      0.604    1448.00    289.000    286.026    -0.5140    -0.5134     0.0007    -0.5235    -0.5229     0.0007   2.825697   2.825677  -0.000020    34.3658    34.3647     6.9478    27.6196    27.6187    34.3658    27.6196    1450.61    1450.61    -0.5233  1029.0037    34.5337 0.0000e+00
      10902 312.683208  -62.22414  -58.20334      0.650    1448.00    290.000    287.015    -0.5138    -0.5132     0.0007    -0.5234    -0.5227     0.0007   2.825753   2.825748  -0.000005    34.3657    34.3649     6.9495    27.6195    27.6188    34.3657    27.6195    1450.63    1450.63    -0.5232  1029.0085    34.5336 0.0000e+00
      10930 312.683222  -62.22414  -58.20332      0.807    1448.00    291.000    288.004    -0.5138    -0.5130     0.0009    -0.5234    -0.5226     0.0009   2.825814   2.825807  -0.000005    34.3659    34.3648     6.9524    27.6197    27.6188    34.3659    27.6197    1450.64    1450.65    -0.5232  1029.0133    34.5338 0.0000e+00
      10956 312.683234  -62.22414  -58.20332      0.913    1448.00    292.000    288.992    -0.5138    -0.5131     0.0008    -0.5234    -0.5227     0.0008   2.825845   2.825846  -0.000002    34.3657    34.3648     6.9507    27.6195    27.6188    34.3658    27.6196    1450.66    1450.66    -0.5232  1029.0180    34.5337 0.0000e+00
      10982 312.683247  -62.22414  -58.20329      0.936    1448.00    293.000    289.982    -0.5131    -0.5123     0.0008    -0.5228    -0.5220     0.0008   2.825962   2.825978   0.000017    34.3658    34.3651     6.9390    27.6196    27.6190    34.3659    27.6197    1450.68    1450.68    -0.5226  1029.0228    34.5338 0.0000e+00
      11010 312.683260  -62.22414  -58.20328      0.877    1448.00    294.000    290.970    -0.5133    -0.5126     0.0007    -0.5229    -0.5223     0.0007   2.826010   2.825990  -0.000021    34.3661    34.3651     6.9381    27.6198    27.6189    34.3661    27.6198    1450.70    1450.70    -0.5228  1029.0277    34.5340 0.0000e+00
      11041 312.683276  -62.22414  -58.20327      0.788    1448.00    295.000    291.960    -0.5136    -0.5128     0.0008    -0.5234    -0.5225     0.0008   2.826007   2.826001  -0.000005    34.3659    34.3649     6.9443    27.6197    27.6188    34.3659    27.6197    1450.71    1450.71    -0.5231  1029.0324    34.5338 0.0000e+00
      11079 312.683294  -62.22414  -58.20324      0.651    1448.00    296.000    292.949    -0.5134    -0.5127     0.0007    -0.5231    -0.5225     0.0007   2.826084   2.826065  -0.000016    34.3660    34.3650     6.9403    27.6197    27.6189    34.3660    27.6198    1450.73    1450.73    -0.5230  1029.0372    34.5340 0.0000e+00
      11116 312.683312  -62.22414  -58.20322      0.635    1448.00    297.000    293.937    -0.5129    -0.5122     0.0007    -0.5227    -0.5220     0.0007   2.826185   2.826159  -0.000028    34.3661    34.3649     6.9425    27.6198    27.6189    34.3662    27.6199    1450.75    1450.75    -0.5225  1029.0421    34.5342 0.0000e+00
