Pos-Processados/process_op42/Processamento_split/down/doperantar42_021.cnv
* Sea-Bird SBE 9 Data File:
* FileName = C:\Users\Hidrografia\Desktop\OPXLII\Brutos\OP42021.hdr
* Software Version Seasave V 7.26.7.107
* Temperature SN = 6502
* Conductivity SN = 4998
* Number of Bytes Per Scan = 37
* Number of Voltage Words = 4
* Number of Scans Averaged by the Deck Unit = 1
* NMEA Latitude = 62 16.32 S
* NMEA Longitude = 058 25.69 W
* NMEA UTC (Time) = Nov 07 2023 20:05:24
* NMEA baud rate = 4800
** H41
** NPOALTEMAXIMIANO
** NUMERO DA ESTACAO (XXX) 021
** LAT (XX XX.XX S/N) 62 16.30 S
** LONG (XXX XX.XX W/E) 058 25.70 W
** DATAHORA (dd/mm/aaaa hh:mm Z) 07/11/2023 2004Z
** PROFUNDIDADE (m) 145
** OPERADOR CT FABIREZA
# nquan = 30
# nvalues = 167                         
# units = specified
# name 0 = scan: Scan Count
# name 1 = timeJ: Julian Days
# name 2 = latitude: Latitude [deg]
# name 3 = longitude: Longitude [deg]
# name 4 = dz/dtM: Descent Rate [m/s]
# name 5 = avgsvCM: Average Sound Velocity [Chen-Millero, m/s]
# name 6 = prDM: Pressure, Digiquartz [db]
# name 7 = depSM: Depth [salt water, m]
# name 8 = t090C: Temperature [ITS-90, deg C]
# name 9 = t190C: Temperature, 2 [ITS-90, deg C]
# name 10 = T2-T190C: Temperature Difference, 2 - 1 [ITS-90, deg C]
# name 11 = potemp090C: Potential Temperature [ITS-90, deg C]
# name 12 = potemp190C: Potential Temperature, 2 [ITS-90, deg C]
# name 13 = potemp90Cdiff: Potential Temperature, Diff, 2 - 1 [ITS-90, deg C]
# name 14 = c0S/m: Conductivity [S/m]
# name 15 = c1S/m: Conductivity, 2 [S/m]
# name 16 = C2-C1S/m: Conductivity Difference, 2 - 1 [S/m]
# name 17 = sal00: Salinity, Practical [PSU]
# name 18 = sal11: Salinity, Practical, 2 [PSU]
# name 19 = sbeox0ML/L: Oxygen, SBE 43 [ml/l]
# name 20 = sigma-é00: Density [sigma-theta, kg/m^3]
# name 21 = sigma-é11: Density, 2 [sigma-theta, kg/m^3]
# name 22 = sal00: Salinity, Practical [PSU]
# name 23 = sigma-é00: Density [sigma-theta, kg/m^3]
# name 24 = svCM: Sound Velocity [Chen-Millero, m/s]
# name 25 = svCM1: Sound Velocity, 2 [Chen-Millero, m/s]
# name 26 = gsw_ptA0: potential temperature [ITS-90, deg C]
# name 27 = gsw_densityA0: density, TEOS-10 [density, kg/m^3]
# name 28 = gsw_saA0: Absolute Salinity [g/kg]
# name 29 = flag:
# span 0 =       2468,      10147       
# span 1 = 311.838273, 311.841976       
# span 2 =  -62.27289,  -62.27227       
# span 3 =  -58.42719,  -58.42326       
# span 4 =      0.019,      1.090       
# span 5 =       0.00,    1446.75       
# span 6 =      3.000,    169.000       
# span 7 =      2.976,    167.306       
# span 8 =    -0.6365,    -0.5148       
# span 9 =    -0.6356,    -0.5140       
# span 10 =    -0.0010,     0.0047      
# span 11 =    -0.6379,    -0.5151      
# span 12 =    -0.6368,    -0.5144      
# span 13 =    -0.0010,     0.0047      
# span 14 =   2.799035,   2.815683      
# span 15 =   2.799027,   2.815581      
# span 16 =  -0.000199,   0.000203      
# span 17 =    34.2824,    34.3645      
# span 18 =    34.2824,    34.3635      
# span 19 =     6.8893,     7.6424      
# span 20 =    27.5521,    27.6210      
# span 21 =    27.5521,    27.6201      
# span 22 =    34.2831,    34.3645      
# span 23 =    27.5527,    27.6209      
# span 24 =    1445.67,    1448.39      
# span 25 =    1445.67,    1448.40      
# span 26 =    -0.6378,    -0.5151      
# span 27 =  1027.5728,  1028.4348      
# span 28 =    34.4475,    34.5330      
# span 29 = 0.0000e+00, 0.0000e+00      
# interval = decibars: 1                
# start_time = Nov 07 2023 20:05:24 [NMEA time, header]
# bad_flag = -9.990e-29
*END*
       2468 311.838273  -62.27227  -58.42719      0.027       0.00      3.000      2.976    -0.5349    -0.5337     0.0012    -0.5350    -0.5338     0.0012   2.804783   2.804801   0.000019    34.2839    34.2828     7.5839    27.5539    27.5529    34.2840    27.5539    1445.75    1445.76    -0.5350  1027.5728    34.4494 0.0000e+00
       2635 311.838353  -62.27228  -58.42711      0.367       0.00      4.000      3.963    -0.5327    -0.5315     0.0012    -0.5328    -0.5316     0.0012   2.805036   2.805065   0.000025    34.2840    34.2830     7.5857    27.5538    27.5530    34.2842    27.5540    1445.78    1445.79    -0.5328  1027.5777    34.4496 0.0000e+00
       2701 311.838385  -62.27229  -58.42708      0.364       0.00      5.000      4.952    -0.5234    -0.5225     0.0009    -0.5236    -0.5227     0.0009   2.805775   2.805847   0.000072    34.2824    34.2824     7.5774    27.5521    27.5521    34.2831    27.5527    1445.84    1445.84    -0.5236  1027.5812    34.4485 0.0000e+00
       2751 311.838409  -62.27230  -58.42706      0.499       0.00      6.000      5.942    -0.5224    -0.5214     0.0010    -0.5226    -0.5216     0.0010   2.806037   2.805995  -0.000036    34.2846    34.2829     7.5893    27.5539    27.5525    34.2849    27.5541    1445.86    1445.86    -0.5226  1027.5873    34.4503 0.0000e+00
       2801 311.838434  -62.27230  -58.42704      0.476       0.00      7.000      6.933    -0.5294    -0.5258     0.0036    -0.5296    -0.5260     0.0036   2.805532   2.805678   0.000151    34.2858    34.2838     7.5958    27.5552    27.5533    34.2853    27.5548    1445.85    1445.86    -0.5296  1027.5928    34.4508 0.0000e+00
       2850 311.838457  -62.27230  -58.42702      0.492       0.00      8.000      7.923    -0.5212    -0.5223    -0.0010    -0.5215    -0.5225    -0.0010   2.806246   2.806049  -0.000199    34.2841    34.2826     7.5957    27.5535    27.5523    34.2851    27.5542    1445.90    1445.89    -0.5214  1027.5970    34.4505 0.0000e+00
       2904 311.838483  -62.27230  -58.42699      0.446       0.00      9.000      8.911    -0.5192    -0.5170     0.0022    -0.5195    -0.5173     0.0022   2.806409   2.806490   0.000084    34.2842    34.2828     7.6059    27.5534    27.5522    34.2844    27.5535    1445.93    1445.93    -0.5195  1027.6011    34.4498 0.0000e+00
       2958 311.838509  -62.27232  -58.42697      0.436       0.10     10.000      9.905    -0.5183    -0.5175     0.0008    -0.5186    -0.5178     0.0008   2.806465   2.806507   0.000008    34.2836    34.2827     7.6191    27.5529    27.5522    34.2835    27.5528    1445.94    1445.95    -0.5186  1027.6052    34.4489 0.0000e+00
       3001 311.838530  -62.27232  -58.42695      0.559      -0.00     11.000     10.895    -0.5162    -0.5145     0.0017    -0.5165    -0.5148     0.0017   2.806765   2.806812   0.000098    34.2839    34.2828     7.5675    27.5531    27.5521    34.2845    27.5535    1445.97    1445.98    -0.5165  1027.6107    34.4499 0.0000e+00
       3036 311.838547  -62.27232  -58.42693      0.666 2.1170e-38     12.000     11.884    -0.5148    -0.5140     0.0007    -0.5151    -0.5144     0.0007   2.806913   2.806894  -0.000017    34.2841    34.2830     7.6424    27.5531    27.5522    34.2842    27.5533    1445.99    1446.00    -0.5151  1027.6152    34.4497 0.0000e+00
       3081 311.838569  -62.27232  -58.42691      0.545       0.04     13.000     12.875    -0.5154    -0.5146     0.0007    -0.5158    -0.5150     0.0007   2.806895   2.806889  -0.000008    34.2839    34.2830     7.6216    27.5530    27.5522    34.2841    27.5531    1446.01    1446.01    -0.5158  1027.6198    34.4495 0.0000e+00
       3138 311.838596  -62.27232  -58.42689      0.412      -0.00     14.000     13.865    -0.5225    -0.5183     0.0042    -0.5229    -0.5188     0.0042   2.806360   2.806594   0.000203    34.2854    34.2834     7.6263    27.5545    27.5527    34.2843    27.5537    1445.99    1446.01    -0.5229  1027.6233    34.4475 0.0000e+00
       3183 311.838618 -9.990e-29  -58.42686      0.532 4.5327e-29     15.000     14.855    -0.5623    -0.5609     0.0014    -0.5628    -0.5613     0.0014   2.803282   2.803222  -0.000028    34.2898    34.2878     7.6340    27.5599    27.5582    34.2873    27.5579    1445.83    1445.83    -0.5627  1027.6312    34.4490 0.0000e+00
       3223 311.838637  -62.27234  -58.42684      0.596       0.16     16.000     15.846    -0.5750    -0.5725     0.0025    -0.5755    -0.5730     0.0025   2.802247   2.802376   0.000118    34.2895    34.2883     7.6270    27.5602    27.5591    34.2871    27.5582    1445.78    1445.79    -0.5755  1027.6372    34.4498 0.0000e+00
       3259 311.838655  -62.27234  -58.42683      0.644       0.00     17.000     16.836    -0.5999    -0.5952     0.0047    -0.6004    -0.5957     0.0047   2.800621   2.800763   0.000155    34.2953    34.2920     7.6136    27.5659    27.5631    34.2928    27.5639    1445.69    1445.71    -0.6004  1027.6498    34.4582 0.0000e+00
       3298 311.838673  -62.27234  -58.42680      0.643 4.6604e-42     18.000     17.826    -0.6054    -0.6020     0.0033    -0.6059    -0.6026     0.0033   2.800146   2.800345   0.000186    34.2939    34.2926     7.5812    27.5651    27.5639    34.2919    27.5635    1445.68    1445.69    -0.6059  1027.6541    34.4573 0.0000e+00
       3342 311.838695  -62.27234  -58.42678      0.528 9.5537e-11     19.000     18.815    -0.6085    -0.6072     0.0013    -0.6091    -0.6078     0.0013   2.799958   2.800029   0.000086    34.2938    34.2935     7.5503    27.5652    27.5648    34.2924    27.5640    1445.68    1445.69    -0.6091  1027.6594    34.4577 0.0000e+00
       3379 311.838712  -62.27236  -58.42677      0.633     756.84     20.000     19.812    -0.6104    -0.6092     0.0012    -0.6110    -0.6098     0.0012   2.799915   2.799930   0.000016    34.2946    34.2935     7.5425    27.5659    27.5649    34.2933    27.5648    1445.69    1445.69    -0.6110  1027.6650    34.4586 0.0000e+00
       3408 311.838727  -62.27236  -58.42676      0.776    1445.21     21.000     20.797    -0.6145    -0.6133     0.0012    -0.6151    -0.6139     0.0012   2.799731   2.799739   0.000013    34.2961    34.2949     7.5362    27.5672    27.5662    34.2948    27.5662    1445.69    1445.69    -0.6151  1027.6712    34.4602 0.0000e+00
       3442 311.838743  -62.27236  -58.42674      0.748    1445.69     22.000     21.788    -0.6176    -0.6163     0.0013    -0.6182    -0.6169     0.0013   2.799570   2.799597   0.000026    34.2968    34.2957     7.5452    27.5680    27.5670    34.2955    27.5669    1445.69    1445.70    -0.6182  1027.6767    34.4609 0.0000e+00
       3482 311.838762  -62.27236  -58.42673      0.605    1445.69     23.000     22.778    -0.6248    -0.6235     0.0014    -0.6255    -0.6242     0.0014   2.799222   2.799232   0.000014    34.2996    34.2983     7.5423    27.5706    27.5694    34.2985    27.5696    1445.68    1445.68    -0.6255  1027.6842    34.4638 0.0000e+00
       3518 311.838779  -62.27236  -58.42670      0.646    1445.69     24.000     23.768    -0.6304    -0.6296     0.0007    -0.6311    -0.6303     0.0007   2.799035   2.799027  -0.000007    34.3026    34.3017     7.5196    27.5732    27.5724    34.3016    27.5724    1445.67    1445.67    -0.6311  1027.6917    34.4670 0.0000e+00
       3551 311.838795  -62.27236  -58.42669      0.724    1445.69     25.000     24.758    -0.6299    -0.6295     0.0004    -0.6306    -0.6302     0.0004   2.799073   2.799078   0.000008    34.3017    34.3013     7.4988    27.5724    27.5721    34.3009    27.5718    1445.69    1445.69    -0.6306  1027.6960    34.4663 0.0000e+00
       3588 311.838813  -62.27237  -58.42667      0.662    1445.69     26.000     25.749    -0.6277    -0.6271     0.0006    -0.6285    -0.6279     0.0006   2.799197   2.799201   0.000007    34.3000    34.2994     7.4917    27.5710    27.5705    34.2995    27.5706    1445.72    1445.72    -0.6284  1027.6995    34.4649 0.0000e+00
       3628 311.838832  -62.27238  -58.42666      0.600    1445.69     27.000     26.739    -0.6281    -0.6268     0.0013    -0.6289    -0.6275     0.0013   2.799239   2.799263   0.000024    34.3004    34.2992     7.4913    27.5713    27.5703    34.2999    27.5709    1445.73    1445.74    -0.6289  1027.7046    34.4653 0.0000e+00
       3663 311.838849  -62.27238  -58.42664      0.671    1445.69     28.000     27.729    -0.6321    -0.6310     0.0011    -0.6329    -0.6318     0.0011   2.799146   2.799149   0.000005    34.3031    34.3019     7.4922    27.5737    27.5727    34.3025    27.5733    1445.73    1445.73    -0.6329  1027.7118    34.4680 0.0000e+00
       3695 311.838865  -62.27238  -58.42663      0.741    1445.69     29.000     28.720    -0.6327    -0.6319     0.0008    -0.6335    -0.6327     0.0008   2.799152   2.799147  -0.000007    34.3031    34.3021     7.4809    27.5737    27.5729    34.3026    27.5733    1445.74    1445.75    -0.6335  1027.7167    34.4681 0.0000e+00
       3730 311.838882  -62.27238  -58.42661      0.698    1445.69     30.000     29.710    -0.6308    -0.6303     0.0005    -0.6317    -0.6311     0.0005   2.799272   2.799261  -0.000007    34.3017    34.3010     7.5220    27.5725    27.5719    34.3015    27.5724    1445.77    1445.77    -0.6317  1027.7205    34.4670 0.0000e+00
       3767 311.838899  -62.27238  -58.42660      0.656    1445.69     31.000     30.700    -0.6318    -0.6304     0.0014    -0.6327    -0.6313     0.0014   2.799290   2.799299   0.000010    34.3026    34.3011     7.4955    27.5733    27.5720    34.3023    27.5731    1445.78    1445.78    -0.6327  1027.7260    34.4678 0.0000e+00
       3801 311.838916  -62.27238  -58.42658      0.686    1445.69     32.000     31.690    -0.6331    -0.6320     0.0011    -0.6341    -0.6330     0.0011   2.799284   2.799290   0.000008    34.3033    34.3021     7.4893    27.5739    27.5729    34.3031    27.5737    1445.79    1445.79    -0.6340  1027.7314    34.4686 0.0000e+00
       3834 311.838932  -62.27238  -58.42655      0.729    1445.69     33.000     32.681    -0.6330    -0.6321     0.0009    -0.6339    -0.6330     0.0009   2.799336   2.799343   0.000008    34.3031    34.3023     7.4958    27.5738    27.5730    34.3030    27.5736    1445.81    1445.81    -0.6339  1027.7361    34.4685 0.0000e+00
       3870 311.838949  -62.27240  -58.42654      0.677    1445.69     34.000     33.671    -0.6332    -0.6323     0.0009    -0.6342    -0.6333     0.0009   2.799364   2.799375   0.000010    34.3032    34.3023     7.4909    27.5738    27.5730    34.3030    27.5737    1445.82    1445.83    -0.6342  1027.7410    34.4685 0.0000e+00
       3906 311.838966  -62.27240  -58.42652      0.658    1445.69     35.000     34.661    -0.6331    -0.6323     0.0008    -0.6341    -0.6333     0.0008   2.799423   2.799418  -0.000003    34.3031    34.3022     7.4935    27.5738    27.5730    34.3031    27.5737    1445.84    1445.84    -0.6341  1027.7458    34.4686 0.0000e+00
       3937 311.838982  -62.27240  -58.42651      0.739    1445.69     36.000     35.651    -0.6332    -0.6323     0.0009    -0.6342    -0.6333     0.0009   2.799466   2.799467   0.000002    34.3032    34.3022     7.4942    27.5738    27.5730    34.3031    27.5737    1445.86    1445.86    -0.6342  1027.7506    34.4687 0.0000e+00
       3968 311.838996  -62.27240  -58.42650      0.788    1445.69     37.000     36.641    -0.6331    -0.6323     0.0008    -0.6342    -0.6334     0.0008   2.799518   2.799511  -0.000006    34.3032    34.3022     7.4945    27.5738    27.5730    34.3031    27.5738    1445.87    1445.88    -0.6342  1027.7554    34.4687 0.0000e+00
       3999 311.839012  -62.27240  -58.42648      0.770    1445.69     38.000     37.632    -0.6333    -0.6324     0.0008    -0.6344    -0.6336     0.0008   2.799555   2.799552  -0.000004    34.3033    34.3023     7.4926    27.5739    27.5730    34.3032    27.5738    1445.89    1445.89    -0.6344  1027.7603    34.4687 0.0000e+00
       4031 311.839027  -62.27240  -58.42647      0.753    1445.69     39.000     38.622    -0.6332    -0.6323     0.0009    -0.6343    -0.6334     0.0009   2.799604   2.799598  -0.000007    34.3032    34.3020     7.4893    27.5738    27.5728    34.3031    27.5738    1445.91    1445.91    -0.6343  1027.7650    34.4687 0.0000e+00
       4060 311.839041  -62.27240  -58.42646      0.804    1445.69     40.000     39.612    -0.6350    -0.6341     0.0009    -0.6362    -0.6353     0.0009   2.799658   2.799636  -0.000015    34.3053    34.3040     7.4946    27.5756    27.5745    34.3053    27.5756    1445.92    1445.92    -0.6361  1027.7717    34.4709 0.0000e+00
       4088 311.839054  -62.27242  -58.42644      0.852    1445.69     41.000     40.602    -0.6365    -0.6356     0.0009    -0.6377    -0.6368     0.0009   2.799700   2.799695  -0.000007    34.3071    34.3059     7.4921    27.5771    27.5761    34.3070    27.5770    1445.93    1445.93    -0.6377  1027.7779    34.4726 0.0000e+00
       4118 311.839069  -62.27242  -58.42642      0.824    1445.69     42.000     41.592    -0.6357    -0.6350     0.0006    -0.6369    -0.6363     0.0006   2.799869   2.799860  -0.000008    34.3077    34.3069     7.4828    27.5775    27.5769    34.3077    27.5776    1445.95    1445.95    -0.6369  1027.7832    34.4733 0.0000e+00
       4154 311.839086  -62.27242  -58.42641      0.699    1445.69     43.000     42.583    -0.6356    -0.6347     0.0008    -0.6369    -0.6360     0.0008   2.799914   2.799910  -0.000007    34.3076    34.3066     7.4771    27.5775    27.5767    34.3075    27.5774    1445.96    1445.97    -0.6368  1027.7879    34.4732 0.0000e+00
       4192 311.839105  -62.27242  -58.42638      0.614    1445.69     44.000     43.573    -0.6361    -0.6352     0.0008    -0.6374    -0.6365     0.0008   2.799883   2.799873  -0.000004    34.3070    34.3060     7.4618    27.5771    27.5762    34.3070    27.5771    1445.98    1445.98    -0.6374  1027.7923    34.4727 0.0000e+00
       4225 311.839121  -62.27242  -58.42637      0.693    1445.69     45.000     44.563    -0.6357    -0.6348     0.0009    -0.6370    -0.6362     0.0009   2.799987   2.799979  -0.000009    34.3074    34.3062     7.4618    27.5773    27.5764    34.3074    27.5774    1446.00    1446.00    -0.6370  1027.7974    34.4731 0.0000e+00
       4252 311.839133  -62.27242  -58.42636      0.843    1445.69     46.000     45.553    -0.6355    -0.6347     0.0008    -0.6369    -0.6360     0.0008   2.800056   2.800067   0.000012    34.3075    34.3067     7.4597    27.5774    27.5767    34.3075    27.5774    1446.01    1446.02    -0.6368  1027.8022    34.4732 0.0000e+00
       4276 311.839145  -62.27242  -58.42634      0.955    1445.69     47.000     46.543    -0.6355    -0.6346     0.0009    -0.6369    -0.6360     0.0009   2.800078   2.800077  -0.000007    34.3073    34.3062     7.4611    27.5773    27.5764    34.3072    27.5772    1446.03    1446.03    -0.6369  1027.8068    34.4729 0.0000e+00
       4300 311.839156  -62.27244  -58.42634      1.013    1445.69     48.000     47.534    -0.6355    -0.6346     0.0009    -0.6369    -0.6360     0.0009   2.800137   2.800131 -2.194e-07    34.3072    34.3062     7.4614    27.5772    27.5763    34.3073    27.5773    1446.05    1446.05    -0.6369  1027.8117    34.4731 0.0000e+00
       4324 311.839168  -62.27244  -58.42634      1.009    1445.69     49.000     48.524    -0.6354    -0.6346     0.0009    -0.6369    -0.6360     0.0009   2.800174   2.800166  -0.000006    34.3071    34.3061     7.4598    27.5771    27.5762    34.3071    27.5771    1446.06    1446.07    -0.6368  1027.8163    34.4729 0.0000e+00
       4352 311.839181  -62.27244  -58.42632      0.920    1445.69     50.000     49.514    -0.6354    -0.6345     0.0009    -0.6369    -0.6360     0.0009   2.800210   2.800215   0.000005    34.3070    34.3060     7.4666    27.5770    27.5762    34.3070    27.5770    1446.08    1446.08    -0.6368  1027.8210    34.4727 0.0000e+00
