Pos-Processados/process_op42/Processamento_split/down/doperantar42_010.cnv
* Sea-Bird SBE 9 Data File:
* FileName = C:\Users\Hidrografia\Desktop\OPXLII\Brutos\OP42010.hdr
* Software Version Seasave V 7.26.7.107
* Temperature SN = 6502
* Conductivity SN = 4998
* Number of Bytes Per Scan = 31
* Number of Voltage Words = 2
* Number of Scans Averaged by the Deck Unit = 1
* NMEA Latitude = 44 13.49 S
* NMEA Longitude = 056 00.10 W
* NMEA UTC (Time) = Oct 19 2023 00:22:47
* NMEA baud rate = 4800
** H41
** NPOALTEMAXIMIANO
** NUMERO DA ESTACAO (XXX) 010
** LAT (XX XX.XX S/N) 44 13.210 S
** LONG (XXX XX.XX W/E) 055 59.942 W
** DATAHORA (dd/mm/aaaa hh:mm Z) 18/10/2023 0022Z
** PROFUNDIDADE (m) 5179
** OPERADOR CT FABIREZA
# nquan = 30
# nvalues = 1013                        
# units = specified
# name 0 = scan: Scan Count
# name 1 = timeJ: Julian Days
# name 2 = latitude: Latitude [deg]
# name 3 = longitude: Longitude [deg]
# name 4 = dz/dtM: Descent Rate [m/s]
# name 5 = avgsvCM: Average Sound Velocity [Chen-Millero, m/s]
# name 6 = prDM: Pressure, Digiquartz [db]
# name 7 = depSM: Depth [salt water, m]
# name 8 = t090C: Temperature [ITS-90, deg C]
# name 9 = t190C: Temperature, 2 [ITS-90, deg C]
# name 10 = T2-T190C: Temperature Difference, 2 - 1 [ITS-90, deg C]
# name 11 = potemp090C: Potential Temperature [ITS-90, deg C]
# name 12 = potemp190C: Potential Temperature, 2 [ITS-90, deg C]
# name 13 = potemp90Cdiff: Potential Temperature, Diff, 2 - 1 [ITS-90, deg C]
# name 14 = c0S/m: Conductivity [S/m]
# name 15 = c1S/m: Conductivity, 2 [S/m]
# name 16 = C2-C1S/m: Conductivity Difference, 2 - 1 [S/m]
# name 17 = sal00: Salinity, Practical [PSU]
# name 18 = sal11: Salinity, Practical, 2 [PSU]
# name 19 = sbeox0ML/L: Oxygen, SBE 43 [ml/l]
# name 20 = sigma-é00: Density [sigma-theta, kg/m^3]
# name 21 = sigma-é11: Density, 2 [sigma-theta, kg/m^3]
# name 22 = sal00: Salinity, Practical [PSU]
# name 23 = sigma-é00: Density [sigma-theta, kg/m^3]
# name 24 = svCM: Sound Velocity [Chen-Millero, m/s]
# name 25 = svCM1: Sound Velocity, 2 [Chen-Millero, m/s]
# name 26 = gsw_ptA0: potential temperature [ITS-90, deg C]
# name 27 = gsw_densityA0: density, TEOS-10 [density, kg/m^3]
# name 28 = gsw_saA0: Absolute Salinity [g/kg]
# name 29 = flag:
# span 0 =       2814,      30655       
# span 1 = 292.017178, 292.030605       
# span 2 =  -44.23053,  -44.22546       
# span 3 =  -56.00561,  -56.00222       
# span 4 =     -0.131,      1.491       
# span 5 =       0.00,    1499.70       
# span 6 =      1.000,   1013.000       
# span 7 =      0.997,   1002.394       
# span 8 =     3.0521,    13.1216       
# span 9 =     3.0531,    13.1221       
# span 10 =    -0.0441,     0.0145      
# span 11 =     2.9845,    13.1204      
# span 12 =     2.9854,    13.1209      
# span 13 =    -0.0440,     0.0145      
# span 14 =   3.163075,   4.126437      
# span 15 =   3.163094,   4.126571      
# span 16 =  -0.011344,   0.003346      
# span 17 =    34.1219,    35.1906      
# span 18 =    34.1218,    35.1701      
# span 19 =     4.3479,     6.5547      
# span 20 =    26.4996,    27.3940      
# span 21 =    26.5002,    27.3937      
# span 22 =    34.1199,    35.1698      
# span 23 =    26.4998,    27.3939      
# span 24 =    1473.81,    1500.95      
# span 25 =    1473.81,    1500.96      
# span 26 =     2.9844,    13.1204      
# span 27 =  1026.5090,  1032.0855      
# span 28 =    34.2822,    35.3359      
# span 29 = 0.0000e+00, 0.0000e+00      
# interval = decibars: 1                
# start_time = Oct 19 2023 00:22:47 [NMEA time, header]
# bad_flag = -9.990e-29
*END*
[from data line 967]
      29329 292.029965  -44.23028  -56.00548      0.656    1479.58    968.000    957.977     3.0781     3.0789     0.0007     3.0123     3.0130     0.0007   3.163284   3.163250  -0.000036    34.3579    34.3567     4.4544    27.3714    27.3704    34.3573    27.3709    1477.82    1477.82     3.0122  1031.8570    34.5236 0.0000e+00
      29354 292.029977  -44.23028  -56.00550      0.854    1479.58    969.000    958.964     3.0752     3.0761     0.0009     3.0093     3.0102     0.0009   3.163075   3.163094   0.000017    34.3578    34.3571     4.4559    27.3716    27.3709    34.3574    27.3712    1477.82    1477.82     3.0092  1031.8620    34.5237 0.0000e+00
      29375 292.029987  -44.23028  -56.00550      1.027    1479.58    970.000    959.951     3.0750     3.0759     0.0008     3.0091     3.0099     0.0008   3.163110   3.163158   0.000046    34.3577    34.3574     4.4492    27.3715    27.3712    34.3574    27.3713    1477.84    1477.84     3.0089  1031.8666    34.5238 0.0000e+00
      29394 292.029997  -44.23029  -56.00550      1.176    1479.58    971.000    960.939     3.0749     3.0758     0.0009     3.0089     3.0098     0.0009   3.163161   3.163219   0.000058    34.3579    34.3577     4.4509    27.3718    27.3715    34.3577    27.3715    1477.85    1477.86     3.0088  1031.8714    34.5240 0.0000e+00
      29413 292.030006  -44.23030  -56.00550      1.265    1479.58    972.000    961.926     3.0748     3.0757     0.0009     3.0087     3.0096     0.0009   3.163320   3.163389   0.000068    34.3591    34.3590     4.4512    27.3727    27.3725    34.3592    27.3727    1477.87    1477.87     3.0085  1031.8772    34.5255 0.0000e+00
      29434 292.030016  -44.23030  -56.00550      1.225    1479.58    973.000    962.914     3.0781     3.0790     0.0008     3.0119     3.0127     0.0008   3.163787   3.163880   0.000094    34.3606    34.3609     4.4459    27.3736    27.3737    34.3608    27.3737    1477.90    1477.91     3.0118  1031.8827    34.5271 0.0000e+00
      29466 292.030031  -44.23030  -56.00550      0.892    1479.58    974.000    963.899     3.0780     3.0787     0.0008     3.0117     3.0125     0.0008   3.163869   3.163857   0.000008    34.3616    34.3608     4.4406    27.3744    27.3737    34.3614    27.3743    1477.92    1477.92     3.0116  1031.8855    34.5249 0.0000e+00
      29511 292.030053 -9.990e-29  -56.00550      0.487    1479.48    975.000    964.891     3.0762     3.0767     0.0004     3.0099     3.0103     0.0004   3.163813   3.163766  -0.000066    34.3622    34.3610     4.4401    27.3751    27.3740    34.3621    27.3749    1477.93    1477.93     3.0097  1031.8896    34.5240 0.0000e+00
      29541 292.030068 -9.990e-29  -56.00550      0.704    1479.47    976.000    965.876     3.0749     3.0758     0.0008     3.0085     3.0093     0.0008   3.163795   3.163819   0.000020    34.3629    34.3622     4.4368    27.3757    27.3751    34.3627    27.3755    1477.94    1477.94     3.0084  1031.8949    34.5247 0.0000e+00
      29563 292.030078 -9.990e-29  -56.00550      0.959    1479.47    977.000    966.863     3.0742     3.0752     0.0009     3.0077     3.0087     0.0009   3.163788   3.163825   0.000037    34.3630    34.3625     4.4333    27.3759    27.3754    34.3628    27.3757    1477.96    1477.96     3.0076  1031.8997    34.5249 0.0000e+00
      29581 292.030087 -9.990e-29  -56.00550      1.175    1479.47    978.000    967.851     3.0741     3.0750     0.0008     3.0076     3.0084     0.0008   3.163828   3.163863   0.000035    34.3630    34.3626     4.4253    27.3759    27.3755    34.3629    27.3758    1477.97    1477.97     3.0074  1031.9044    34.5250 0.0000e+00
      29597 292.030095 -9.990e-29  -56.00552      1.341    1479.47    979.000    968.838     3.0741     3.0750     0.0009     3.0075     3.0083     0.0009   3.163864   3.163913   0.000044    34.3629    34.3625     4.4232    27.3758    27.3754    34.3628    27.3757    1477.99    1477.99     3.0074  1031.9089    34.5248 0.0000e+00
      29615 292.030103 -9.990e-29  -56.00552      1.413    1479.47    980.000    969.825     3.0737     3.0746     0.0009     3.0070     3.0079     0.0009   3.163873   3.163914   0.000041    34.3631    34.3626     4.4165    27.3760    27.3756    34.3629    27.3758    1478.00    1478.01     3.0069  1031.9136    34.5249 0.0000e+00
      29636 292.030113 -9.990e-29  -56.00552      1.310    1479.47    981.000    970.812     3.0732     3.0741     0.0009     3.0064     3.0073     0.0009   3.163875   3.163922   0.000048    34.3630    34.3627     4.4181    27.3760    27.3756    34.3629    27.3759    1478.02    1478.02     3.0063  1031.9183    34.5250 0.0000e+00
      29671 292.030130  -44.23035  -56.00552      0.801    1479.47    982.000    971.800     3.0731     3.0743     0.0012     3.0063     3.0074     0.0012   3.163915   3.163977   0.000060    34.3630    34.3625     4.4174    27.3760    27.3755    34.3629    27.3759    1478.03    1478.04     3.0061  1031.9255    34.5283 0.0000e+00
      29712 292.030150  -44.23036  -56.00552      0.547    1479.47    983.000    972.787     3.0726     3.0735     0.0009     3.0057     3.0065     0.0009   3.163969   3.164003   0.000037    34.3638    34.3633     4.4261    27.3767    27.3762    34.3637    27.3766    1478.05    1478.05     3.0055  1031.9316    34.5301 0.0000e+00
      29738 292.030163  -44.23036  -56.00552      0.789    1479.47    984.000    973.774     3.0710     3.0717     0.0007     3.0040     3.0047     0.0007   3.163956   3.163983   0.000027    34.3648    34.3643     4.4257    27.3776    27.3772    34.3647    27.3775    1478.06    1478.06     3.0039  1031.9371    34.5311 0.0000e+00
      29760 292.030173  -44.23036  -56.00553      0.996    1479.47    985.000    974.761     3.0708     3.0717     0.0009     3.0037     3.0047     0.0009   3.164016   3.164064   0.000045    34.3651    34.3647     4.4204    27.3779    27.3775    34.3651    27.3779    1478.08    1478.08     3.0036  1031.9420    34.5315 0.0000e+00
      29780 292.030183  -44.23037  -56.00554      1.145    1479.47    986.000    975.749     3.0705     3.0710     0.0005     3.0034     3.0039     0.0005   3.164082   3.164098   0.000016    34.3657    34.3653     4.4186    27.3784    27.3781    34.3656    27.3784    1478.09    1478.09     3.0032  1031.9471    34.5321 0.0000e+00
      29801 292.030193  -44.23038  -56.00554      1.173    1479.47    987.000    976.736     3.0702     3.0711     0.0009     3.0030     3.0039     0.0009   3.164180   3.164248   0.000065    34.3666    34.3664     4.4167    27.3792    27.3789    34.3666    27.3792    1478.11    1478.11     3.0029  1031.9525    34.5331 0.0000e+00
      29825 292.030204  -44.23038  -56.00554      1.078    1479.47    988.000    977.723     3.0679     3.0688     0.0008     3.0006     3.0015     0.0008   3.164092   3.164108   0.000027    34.3679    34.3674     4.4072    27.3805    27.3799    34.3675    27.3801    1478.12    1478.12     3.0005  1031.9580    34.5339 0.0000e+00
      29852 292.030217  -44.23038  -56.00554      0.934    1479.47    989.000    978.711     3.0585     3.0594     0.0009     2.9912     2.9921     0.0009   3.163417   3.163359  -0.000059    34.3696    34.3680     4.4048    27.3827    27.3813    34.3687    27.3820    1478.10    1478.10     2.9911  1031.9646    34.5351 0.0000e+00
      29878 292.030230  -44.23039 -9.990e-29      0.892    1479.47    990.000    979.698     3.0559     3.0567     0.0008     2.9886     2.9894     0.0008   3.163273   3.163301   0.000021    34.3697    34.3691     4.4097    27.3829    27.3824    34.3692    27.3826    1478.10    1478.10     2.9884  1031.9695    34.5350 0.0000e+00
      29904 292.030242  -44.23040 -9.990e-29      0.934    1479.47    991.000    980.685     3.0551     3.0560     0.0009     2.9877     2.9886     0.0009   3.163280   3.163289   0.000010    34.3700    34.3692     4.4049    27.3833    27.3826    34.3696    27.3830    1478.11    1478.12     2.9876  1031.9745    34.5355 0.0000e+00
      29931 292.030255  -44.23040 -9.990e-29      0.912    1479.47    992.000    981.672     3.0544     3.0553     0.0009     2.9869     2.9878     0.0009   3.163259   3.163300   0.000038    34.3700    34.3695     4.4019    27.3834    27.3829    34.3696    27.3831    1478.13    1478.13     2.9868  1031.9792    34.5354 0.0000e+00
      29958 292.030269  -44.23040  -56.00556      0.870    1479.47    993.000    982.660     3.0526     3.0534     0.0008     2.9850     2.9858     0.0008   3.163217   3.163265   0.000048    34.3709    34.3706     4.3981    27.3842    27.3839    34.3705    27.3840    1478.14    1478.14     2.9849  1031.9850    34.5367 0.0000e+00
      29985 292.030282  -44.23040  -56.00556      0.873    1479.47    994.000    983.647     3.0521     3.0531     0.0009     2.9845     2.9854     0.0009   3.163339   3.163397   0.000057    34.3722    34.3719     4.3948    27.3853    27.3850    34.3720    27.3851    1478.15    1478.16     2.9844  1031.9910    34.5385 0.0000e+00
      30009 292.030293  -44.23040  -56.00556      0.946    1479.47    995.000    984.634     3.0546     3.0552     0.0006     2.9870     2.9875     0.0006   3.163772   3.163802   0.000030    34.3737    34.3735     4.3889    27.3863    27.3861    34.3740    27.3866    1478.18    1478.19     2.9868  1031.9969    34.5405 0.0000e+00
      30032 292.030304  -44.23042  -56.00556      1.031    1479.47    996.000    985.621     3.0560     3.0566     0.0007     2.9881     2.9888     0.0007   3.163955   3.164001   0.000046    34.3744    34.3742     4.3916    27.3867    27.3865    34.3743    27.3867    1478.21    1478.21     2.9880  1032.0016    34.5408 0.0000e+00
      30054 292.030315  -44.23042  -56.00556      1.086    1479.47    997.000    986.608     3.0565     3.0575     0.0010     2.9886     2.9896     0.0010   3.164065   3.164136   0.000071    34.3746    34.3744     4.3885    27.3869    27.3867    34.3746    27.3869    1478.23    1478.23     2.9884  1032.0063    34.5411 0.0000e+00
      30077 292.030326  -44.23042  -56.00556      1.068    1479.47    998.000    987.596     3.0564     3.0573     0.0009     2.9884     2.9894     0.0009   3.164130   3.164175   0.000042    34.3750    34.3745     4.3828    27.3872    27.3867    34.3749    27.3872    1478.24    1478.25     2.9883  1032.0112    34.5415 0.0000e+00
      30107 292.030341  -44.23044  -56.00556      0.873    1479.47    999.000    988.583     3.0568     3.0578     0.0010     2.9888     2.9897     0.0010   3.164220   3.164306   0.000088    34.3750    34.3750     4.3794    27.3872    27.3871    34.3751    27.3872    1478.26    1478.27     2.9886  1032.0158    34.5416 0.0000e+00
      30137 292.030355  -44.23044  -56.00556      0.776    1479.47   1000.000    989.570     3.0573     3.0582     0.0009     2.9892     2.9901     0.0009   3.164342   3.164397   0.000058    34.3755    34.3752     4.3797    27.3875    27.3872    34.3755    27.3875    1478.28    1478.28     2.9890  1032.0207    34.5420 0.0000e+00
      30164 292.030368  -44.23044  -56.00556      0.868    1479.47   1001.000    990.557     3.0577     3.0588     0.0010     2.9895     2.9905     0.0010   3.164440   3.164506   0.000063    34.3756    34.3752     4.3767    27.3876    27.3872    34.3757    27.3877    1478.30    1478.30     2.9894  1032.0254    34.5423 0.0000e+00
      30186 292.030379  -44.23044  -56.00556      0.977    1479.47   1002.000    991.544     3.0586     3.0594     0.0009     2.9903     2.9911     0.0008   3.164592   3.164644   0.000054    34.3760    34.3758     4.3772    27.3879    27.3876    34.3761    27.3879    1478.32    1478.32     2.9902  1032.0302    34.5427 0.0000e+00
      30209 292.030390  -44.23045  -56.00557      1.063    1479.47   1003.000    992.532     3.0586     3.0596     0.0009     2.9903     2.9912     0.0009   3.164666   3.164706   0.000039    34.3764    34.3759     4.3727    27.3881    27.3876    34.3764    27.3882    1478.34    1478.34     2.9902  1032.0351    34.5430 0.0000e+00
      30237 292.030403  -44.23046  -56.00558      0.950    1479.47   1004.000    993.519     3.0587     3.0596     0.0008     2.9903     2.9911     0.0008   3.164739   3.164787   0.000046    34.3766    34.3763     4.3781    27.3883    27.3880    34.3767    27.3884    1478.35    1478.36     2.9902  1032.0398    34.5433 0.0000e+00
      30268 292.030418  -44.23046  -56.00558      0.782    1479.47   1005.000    994.506     3.0592     3.0601     0.0009     2.9907     2.9916     0.0009   3.164914   3.164990   0.000075    34.3777    34.3776     4.3780    27.3892    27.3891    34.3778    27.3893    1478.37    1478.38     2.9905  1032.0453    34.5444 0.0000e+00
      30303 292.030435  -44.23047  -56.00558      0.692    1479.47   1006.000    995.493     3.0593     3.0601     0.0008     2.9908     2.9916     0.0008   3.165022   3.165070   0.000052    34.3783    34.3781     4.3714    27.3896    27.3894    34.3784    27.3897    1478.39    1478.40     2.9906  1032.0503    34.5450 0.0000e+00
      30331 292.030449  -44.23048  -56.00558      0.792    1479.47   1007.000    996.480     3.0591     3.0599     0.0008     2.9904     2.9913     0.0008   3.165147   3.165201   0.000056    34.3795    34.3793     4.3734    27.3906    27.3904    34.3797    27.3908    1478.41    1478.41     2.9903  1032.0559    34.5463 0.0000e+00
      30360 292.030462  -44.23048  -56.00558      0.858    1479.47   1008.000    997.468     3.0587     3.0595     0.0008     2.9899     2.9908     0.0008   3.165223   3.165264   0.000041    34.3805    34.3801     4.3686    27.3915    27.3911    34.3805    27.3915    1478.43    1478.43     2.9898  1032.0612    34.5471 0.0000e+00
      30393 292.030478  -44.23049  -56.00559      0.758    1479.47   1009.000    998.455     3.0588     3.0597     0.0008     2.9900     2.9908     0.0008   3.165277   3.165317   0.000039    34.3805    34.3801     4.3672    27.3915    27.3911    34.3805    27.3915    1478.44    1478.45     2.9899  1032.0658    34.5471 0.0000e+00
      30440 292.030501  -44.23050  -56.00560      0.520    1479.47   1010.000    999.442     3.0584     3.0589     0.0006     2.9894     2.9900     0.0006   3.165291   3.165328   0.000039    34.3807    34.3805     4.3564    27.3916    27.3915    34.3807    27.3916    1478.46    1478.46     2.9893  1032.0706    34.5473 0.0000e+00
      30492 292.030526  -44.23050  -56.00560      0.453    1479.47   1011.000   1000.429     3.0571     3.0579     0.0008     2.9881     2.9889     0.0008   3.165306   3.165341   0.000033    34.3818    34.3813     4.3575    27.3926    27.3922    34.3817    27.3926    1478.47    1478.47     2.9880  1032.0761    34.5483 0.0000e+00
      30526 292.030543  -44.23051  -56.00560      0.654    1479.47   1012.000   1001.416     3.0547     3.0555     0.0008     2.9857     2.9865     0.0008   3.165257   3.165296   0.000041    34.3832    34.3829     4.3568    27.3940    27.3937    34.3831    27.3939    1478.48    1478.48     2.9855  1032.0821    34.5497 0.0000e+00
      30655 292.030605  -44.23053  -56.00561     -0.131    1479.47   1013.000   1002.394     3.0549     3.0563     0.0014     2.9858     2.9872     0.0014   3.165289   3.165367   0.000074    34.3827    34.3822     4.3479    27.3936    27.3931    34.3827    27.3936    1478.50    1478.50     2.9857  1032.0855    34.5482 0.0000e+00
