Pos-Processados/process_op42/Processamento_split/down/doperantar42_001.cnv
* Sea-Bird SBE 9 Data File:
* FileName = C:\Users\Hidrografia\Desktop\OPXLII\Brutos\OP42001.hdr
* Software Version Seasave V 7.26.7.107
* Temperature SN = 6502
* Conductivity SN = 4998
* Number of Bytes Per Scan = 37
* Number of Voltage Words = 4
* Number of Scans Averaged by the Deck Unit = 1
* NMEA Latitude = 37 22.97 S
* NMEA Longitude = 051 25.37 W
* NMEA UTC (Time) = Oct 16 2023 02:33:28
* NMEA baud rate = 4800
** H41
** NPOALTEMAXIMIANO
** NUMERO DA ESTACAO (XXX) 001
** LAT (XX XX.XX S/N) 37 21.653 S
** LONG (XXX XX.XX W/E) 51 23.878 W
** DATAHORA (dd/mm/aaaa hh:mm Z) 16/10/2023 0155
** PROFUNDIDADE (m) 4344
** OPERADOR CT FILIPE LOPES
# nquan = 30
# nvalues = 1009                        
# units = specified
# name 0 = scan: Scan Count
# name 1 = timeJ: Julian Days
# name 2 = latitude: Latitude [deg]
# name 3 = longitude: Longitude [deg]
# name 4 = dz/dtM: Descent Rate [m/s]
# name 5 = avgsvCM: Average Sound Velocity [Chen-Millero, m/s]
# name 6 = prDM: Pressure, Digiquartz [db]
# name 7 = depSM: Depth [salt water, m]
# name 8 = t090C: Temperature [ITS-90, deg C]
# name 9 = t190C: Temperature, 2 [ITS-90, deg C]
# name 10 = T2-T190C: Temperature Difference, 2 - 1 [ITS-90, deg C]
# name 11 = potemp090C: Potential Temperature [ITS-90, deg C]
# name 12 = potemp190C: Potential Temperature, 2 [ITS-90, deg C]
# name 13 = potemp90Cdiff: Potential Temperature, Diff, 2 - 1 [ITS-90, deg C]
# name 14 = c0S/m: Conductivity [S/m]
# name 15 = c1S/m: Conductivity, 2 [S/m]
# name 16 = C2-C1S/m: Conductivity Difference, 2 - 1 [S/m]
# name 17 = sal00: Salinity, Practical [PSU]
# name 18 = sal11: Salinity, Practical, 2 [PSU]
# name 19 = sbeox0ML/L: Oxygen, SBE 43 [ml/l]
# name 20 = sigma-é00: Density [sigma-theta, kg/m^3]
# name 21 = sigma-é11: Density, 2 [sigma-theta, kg/m^3]
# name 22 = sal00: Salinity, Practical [PSU]
# name 23 = sigma-é00: Density [sigma-theta, kg/m^3]
# name 24 = svCM: Sound Velocity [Chen-Millero, m/s]
# name 25 = svCM1: Sound Velocity, 2 [Chen-Millero, m/s]
# name 26 = gsw_ptA0: potential temperature [ITS-90, deg C]
# name 27 = gsw_densityA0: density, TEOS-10 [density, kg/m^3]
# name 28 = gsw_saA0: Absolute Salinity [g/kg]
# name 29 = flag:
# span 0 =       6096,      39535       
# span 1 = 289.109514, 289.125639       
# span 2 =  -37.39418,  -37.38511       
# span 3 =  -51.43361,  -51.42393       
# span 4 =      0.048,      1.488       
# span 5 =       0.00,    1520.06       
# span 6 =      4.000,   1012.000       
# span 7 =      3.989,   1002.030       
# span 8 =     4.3462,    18.7327       
# span 9 =     4.3501,    18.7321       
# span 10 =    -0.0366,     0.0252      
# span 11 =     4.2674,    18.7261      
# span 12 =     4.2713,    18.7257      
# span 13 =    -0.0365,     0.0250      
# span 14 =   3.263527,   4.825247      
# span 15 =   3.263781,   4.825505      
# span 16 =  -0.003094,   0.003720      
# span 17 =    34.2023,    36.3480      
# span 18 =    34.2021,    36.3494      
# span 19 =     4.4729,     5.6362      
# span 20 =    26.0397,    27.1253      
# span 21 =    26.0404,    27.1245      
# span 22 =    34.2011,    36.3479      
# span 23 =    26.0401,    27.1250      
# span 24 =    1483.66,    1521.24      
# span 25 =    1483.66,    1521.24      
# span 26 =     4.2672,    18.7261      
# span 27 =  1026.0620,  1031.7787      
# span 28 =    34.3646,    36.5196      
# span 29 = 0.0000e+00, 0.0000e+00      
# interval = decibars: 1                
# start_time = Oct 16 2023 02:33:28 [NMEA time, header]
# bad_flag = -9.990e-29
*END*
[from data line 484]
      21662 289.117020  -37.39034  -51.42688      0.940    1516.15    488.000    483.804    12.4127    12.4091    -0.0036    12.3467    12.3432    -0.0035   4.076879   4.076578  -0.000289    35.1572    35.1578     4.5733    26.6442    26.6453    35.1502    26.6388    1506.47    1506.46    12.3467  1028.8050    35.3166 0.0000e+00
      21701 289.117039  -37.39034  -51.42688      0.579    1516.15    489.000    484.794    12.3777    12.3737    -0.0040    12.3118    12.3078    -0.0039   4.072504   4.072155  -0.000391    35.1472    35.1472     4.5550    26.6433    26.6440    35.1402    26.6378    1506.36    1506.34    12.3117  1028.8088    35.3066 0.0000e+00
      21727 289.117051  -37.39036  -51.42690      0.789    1516.02    490.000    485.785    12.3615    12.3620     0.0005    12.2955    12.2960     0.0005   4.070728   4.070838   0.000111    35.1428    35.1434     4.5488    26.6430    26.6434    35.1378    26.6391    1506.32    1506.32    12.2955  1028.8146    35.3041 0.0000e+00
      21746 289.117061  -37.39036  -51.42692      1.066    1515.21    491.000    486.775    12.3556    12.3556    -0.0000    12.2895    12.2894    -0.0000   4.070102   4.070160   0.000041    35.1416    35.1420     4.5485    26.6432    26.6436    35.1368    26.6395    1506.31    1506.31    12.2895  1028.8195    35.3032 0.0000e+00
      21765 289.117070  -37.39037  -51.42692      1.247    1515.22    492.000    487.765    12.3517    12.3524     0.0006    12.2855    12.2861     0.0006   4.069692   4.069830   0.000130    35.1403    35.1410     4.5469    26.6431    26.6435    35.1361    26.6397    1506.31    1506.32    12.2855  1028.8242    35.3024 0.0000e+00
      21812 289.117092  -37.39039  -51.42693      0.583    1515.22    493.000    488.758    12.3545    12.3550     0.0005    12.2881    12.2886     0.0005   4.069877   4.070203   0.000294    35.1378    35.1402     4.5406    26.6406    26.6423    35.1348    26.6383    1506.34    1506.34    12.2881  1028.8271    35.3012 0.0000e+00
      21856 289.117114  -37.39040  -51.42694      0.526    1515.22    494.000    489.745    12.3417    12.3434     0.0018    12.2752    12.2769     0.0018   4.068668   4.068862   0.000230    35.1376    35.1382     4.5517    26.6429    26.6430    35.1347    26.6407    1506.31    1506.32    12.2751  1028.8341    35.3010 0.0000e+00
      21878 289.117124  -37.39040  -51.42694      0.924    1515.22    495.000    490.736    12.3370    12.3375     0.0005    12.2704    12.2709     0.0005   4.068165   4.068286   0.000103    35.1365    35.1370     4.5519    26.6430    26.6433    35.1338    26.6409    1506.31    1506.31    12.2704  1028.8387    35.3001 0.0000e+00
      21899 289.117134  -37.39042  -51.42694      1.118    1515.22    496.000    491.726    12.3324    12.3338     0.0014    12.2657    12.2670     0.0013   4.067680   4.067889   0.000216    35.1354    35.1362     4.5500    26.6431    26.6434    35.1330    26.6412    1506.31    1506.32    12.2657  1028.8435    35.2993 0.0000e+00
      21934 289.117152  -37.39042  -51.42695      0.781    1515.22    497.000    492.716    12.3309    12.3270    -0.0039    12.2640    12.2601    -0.0039   4.067399   4.067204  -0.000188    35.1335    35.1353     4.5447    26.6419    26.6441    35.1312    26.6402    1506.32    1506.31    12.2640  1028.8469    35.2976 0.0000e+00
      21973 289.117170  -37.39042  -51.42697      0.579    1515.22    498.000    493.706    12.3136    12.3125    -0.0011    12.2466    12.2455    -0.0011   4.065640   4.065460  -0.000141    35.1331    35.1327     4.5424    26.6449    26.6449    35.1300    26.6426    1506.28    1506.27    12.2466  1028.8538    35.2963 0.0000e+00
      21998 289.117182  -37.39043  -51.42698      0.843    1515.22    499.000    494.696    12.2656    12.2634    -0.0021    12.1986    12.1965    -0.0021   4.060216   4.059427  -0.000753    35.1314    35.1261     4.5467    26.6530    26.6493    35.1220    26.6457    1506.12    1506.11    12.1986  1028.8619    35.2883 0.0000e+00
      22020 289.117193  -37.39044  -51.42698      1.018    1515.22    500.000    495.686    12.2026    12.2016    -0.0009    12.1357    12.1348    -0.0009   4.053344   4.052868  -0.000510    35.1213    35.1172     4.5527    26.6573    26.6543    35.1140    26.6516    1505.91    1505.90    12.1357  1028.8728    35.2802 0.0000e+00
      22055 289.117210  -37.39045  -51.42700      0.805    1515.22    501.000    496.676    12.1883    12.1517    -0.0366    12.1213    12.0849    -0.0365   4.050820   4.047602  -0.003094    35.1081    35.1123     4.5405    26.6498    26.6601    35.1025    26.6454    1505.87    1505.75    12.1213  1028.8713    35.2687 0.0000e+00
      22114 289.117238  -37.39048  -51.42700      0.337    1515.22    502.000    497.668    12.1142    12.1134    -0.0008    12.0474    12.0467    -0.0007   4.043227   4.043097  -0.000190    35.1030    35.1019     4.5393    26.6601    26.6593    35.0977    26.6560    1505.62    1505.62    12.0474  1028.8869    35.2639 0.0000e+00
      22148 289.117255  -37.39048  -51.42702      0.621    1515.22    503.000    498.657    12.0920    12.0909    -0.0012    12.0252    12.0240    -0.0012   4.040579   4.040465  -0.000131    35.0983    35.0981     4.5246    26.6606    26.6607    35.0923    26.6560    1505.56    1505.56    12.0252  1028.8917    35.2585 0.0000e+00
      22170 289.117265  -37.39048  -51.42702      0.914    1515.22    504.000    499.648    12.0681    12.0682     0.0001    12.0012    12.0013     0.0001   4.038051   4.037903  -0.000175    35.0962    35.0945     4.5240    26.6637    26.6623    35.0897    26.6586    1505.49    1505.49    12.0012  1028.8989    35.2559 0.0000e+00
      22189 289.117274  -37.39048  -51.42702      1.139    1515.22    505.000    500.638    12.0507    12.0514     0.0007    11.9838    11.9845     0.0007   4.036038   4.036138   0.000048    35.0918    35.0917     4.5345    26.6636    26.6633    35.0860    26.6591    1505.45    1505.45    11.9838  1028.9040    35.2522 0.0000e+00
      22213 289.117286  -37.39050  -51.42704      1.160    1515.22    506.000    501.628    12.0374    12.0368    -0.0006    11.9703    11.9698    -0.0005   4.034694   4.034568  -0.000122    35.0897    35.0890     4.5387    26.6645    26.6641    35.0851    26.6609    1505.42    1505.41    11.9703  1028.9103    35.2512 0.0000e+00
      22249 289.117303  -37.39050  -51.42704      0.712    1515.22    507.000    502.618    12.0313    12.0306    -0.0007    11.9642    11.9635    -0.0007   4.034028   4.034019  -0.000032    35.0876    35.0879     4.5244    26.6640    26.6644    35.0838    26.6611    1505.41    1505.41    11.9642  1028.9150    35.2499 0.0000e+00
      22282 289.117319  -37.39052  -51.42706      0.682    1515.22    508.000    503.608    12.0208    12.0205    -0.0002    11.9535    11.9533    -0.0002   4.032840   4.032756  -0.000084    35.0857    35.0851     4.5207    26.6646    26.6642    35.0817    26.6615    1505.39    1505.39    11.9535  1028.9200    35.2478 0.0000e+00
      22311 289.117333  -37.39052  -51.42707      0.829    1515.22    509.000    504.598    12.0084    12.0076    -0.0007    11.9410    11.9403    -0.0007   4.031521   4.031457  -0.000034    35.0834    35.0837     4.5143    26.6652    26.6656    35.0801    26.6627    1505.36    1505.36    11.9410  1028.9257    35.2462 0.0000e+00
      22355 289.117354  -37.39054  -51.42708      0.553    1515.22    510.000    505.588    11.9810    11.9739    -0.0072    11.9137    11.9065    -0.0071   4.028167   4.027632  -0.000553    35.0778    35.0792     4.5181    26.6661    26.6685    35.0727    26.6621    1505.27    1505.25    11.9136  1028.9298    35.2388 0.0000e+00
      22390 289.117371  -37.39055  -51.42709      0.618    1515.22    511.000    506.578    11.9331    11.9327    -0.0004    11.8657    11.8654    -0.0004   4.023091   4.022862  -0.000261    35.0742    35.0720     4.5388    26.6724    26.6708    35.0678    26.6674    1505.12    1505.12    11.8657  1028.9400    35.2338 0.0000e+00
      22412 289.117382  -37.39056  -51.42710      0.913    1515.22    512.000    507.568    11.9052    11.9050    -0.0002    11.8378    11.8376    -0.0002   4.019885   4.019762  -0.000103    35.0688    35.0679     4.5314    26.6735    26.6729    35.0623    26.6684    1505.03    1505.03    11.8378  1028.9458    35.2283 0.0000e+00
      22430 289.117391  -37.39056  -51.42710      1.148    1515.22    513.000    508.559    11.8784    11.8784    -0.0001    11.8110    11.8110    -0.0000   4.017044   4.016908  -0.000161    35.0654    35.0639     4.5294    26.6760    26.6748    35.0592    26.6711    1504.96    1504.95    11.8110  1028.9532    35.2252 0.0000e+00
      22450 289.117400  -37.39056  -51.42710      1.268    1515.22    514.000    509.549    11.8536    11.8522    -0.0014    11.7861    11.7847    -0.0014   4.014282   4.013943  -0.000330    35.0622    35.0603     4.5318    26.6782    26.6770    35.0552    26.6727    1504.88    1504.87    11.7861  1028.9594    35.2212 0.0000e+00
      22486 289.117417  -37.39058  -51.42711      0.812    1515.22    515.000    510.539    11.8510    11.8213    -0.0298    11.7834    11.7538    -0.0297   4.013445   4.010890  -0.002431    35.0536    35.0578     4.5181    26.6720    26.6809    35.0489    26.6684    1504.88    1504.78    11.7834  1028.9596    35.2149 0.0000e+00
      22529 289.117438  -37.39058  -51.42712      0.503    1515.22    516.000    511.532    11.7651    11.7654     0.0003    11.6977    11.6980     0.0003   4.004284   4.004120  -0.000149    35.0480    35.0462     4.5266    26.6838    26.6824    35.0397    26.6774    1504.59    1504.59    11.6977  1028.9739    35.2056 0.0000e+00
      22556 289.117451  -37.39059  -51.42713      0.803    1515.22    517.000    512.519    11.7087    11.7072    -0.0015    11.6414    11.6399    -0.0015   3.998213   3.997635  -0.000625    35.0424    35.0377     4.5238    26.6901    26.6867    35.0328    26.6827    1504.41    1504.40    11.6414  1028.9842    35.1987 0.0000e+00
      22582 289.117464  -37.39060  -51.42714      0.927    1515.22    518.000    513.509    11.6709    11.6704    -0.0005    11.6036    11.6031    -0.0005   3.993953   3.993790  -0.000211    35.0341    35.0326     4.5274    26.6908    26.6896    35.0262    26.6846    1504.28    1504.28    11.6036  1028.9909    35.1921 0.0000e+00
      22614 289.117479  -37.39062  -51.42716      0.795    1515.22    519.000    514.499    11.6452    11.6450    -0.0003    11.5779    11.5777    -0.0002   3.991058   3.990977  -0.000093    35.0283    35.0276     4.5275    26.6910    26.6906    35.0215    26.6858    1504.21    1504.21    11.5779  1028.9969    35.1874 0.0000e+00
      22643 289.117493  -37.39062  -51.42716      0.760    1515.22    520.000    515.489    11.6315    11.6314    -0.0001    11.5642    11.5640    -0.0001   3.989467   3.989498   0.000018    35.0240    35.0242     4.5189    26.6902    26.6905    35.0184    26.6859    1504.17    1504.17    11.5641  1029.0033    35.1865 0.0000e+00
      22664 289.117504 -9.990e-29  -51.42716      0.960    1515.22    521.000    516.479    11.6236    11.6236    -0.0000    11.5561    11.5561    -0.0001   3.988668   3.988697   0.000002    35.0229    35.0230     4.5165    26.6909    26.6910    35.0176    26.6868    1504.16    1504.16    11.5561  1029.0091    35.1862 0.0000e+00
      22684 289.117513 -9.990e-29  -51.42718      1.156    1515.22    522.000    517.470    11.6160    11.6156    -0.0003    11.5483    11.5480    -0.0003   3.987774   3.987792   0.000024    35.0209    35.0215     4.5225    26.6908    26.6913    35.0156    26.6867    1504.15    1504.15    11.5483  1029.0135    35.1842 0.0000e+00
      22713 289.117527  -37.39064  -51.42718      0.992    1515.22    523.000    518.458    11.6153    11.6061    -0.0092    11.5476    11.5384    -0.0092   3.987792   3.986836  -0.000880    35.0193    35.0193     4.5197    26.6897    26.6914    35.0159    26.6871    1504.16    1504.13    11.5476  1029.0181    35.1843 0.0000e+00
      22763 289.117551  -37.39066 -9.990e-29      0.379    1515.22    524.000    519.451    11.5999    11.5974    -0.0025    11.5321    11.5296    -0.0025   3.985959   3.985953  -0.000109    35.0164    35.0177     4.5200    26.6903    26.6918    35.0120    26.6869    1504.12    1504.11    11.5321  1029.0206    35.1777 0.0000e+00
      22792 289.117565  -37.39066 -9.990e-29      0.712    1515.22    525.000    520.440    11.5930    11.5935     0.0005    11.5251    11.5256     0.0005   3.985417   3.985544   0.000115    35.0157    35.0164     4.5165    26.6911    26.6916    35.0128    26.6888    1504.12    1504.12    11.5250  1029.0271    35.1787 0.0000e+00
      22813 289.117575  -37.39066 -9.990e-29      0.976    1515.22    526.000    521.430    11.5901    11.5907     0.0006    11.5221    11.5227     0.0006   3.985140   3.985282   0.000135    35.0151    35.0159     4.5136    26.6912    26.6917    35.0123    26.6890    1504.12    1504.12    11.5221  1029.0318    35.1783 0.0000e+00
      22834 289.117585  -37.39068  -51.42722      1.128    1515.22    527.000    522.420    11.5801    11.5796    -0.0005    11.5120    11.5115    -0.0005   3.984129   3.983965  -0.000139    35.0153    35.0144     4.5142    26.6932    26.6926    35.0114    26.6902    1504.10    1504.10    11.5120  1029.0374    35.1772 0.0000e+00
      22856 289.117596  -37.39068  -51.42722      1.121    1515.22    528.000    523.410    11.5628    11.5615    -0.0013    11.4946    11.4933    -0.0013   3.982286   3.982040  -0.000268    35.0131    35.0117     4.5237    26.6948    26.6939    35.0091    26.6917    1504.06    1504.05    11.4946  1029.0435    35.1750 0.0000e+00
      22882 289.117609  -37.39068  -51.42722      0.986    1515.22    529.000    524.400    11.5394    11.5397     0.0003    11.4712    11.4715     0.0003   3.979792   3.979572  -0.000225    35.0106    35.0081     4.5208    26.6972    26.6952    35.0062    26.6938    1503.99    1503.99    11.4711  1029.0502    35.1720 0.0000e+00
      22910 289.117622  -37.39070  -51.42724      0.890    1515.22    530.000    525.390    11.5225    11.5242     0.0017    11.4542    11.4559     0.0017   3.977767   3.977847   0.000081    35.0063    35.0055     4.5139    26.6970    26.6960    35.0018    26.6935    1503.94    1503.95    11.4542  1029.0546    35.1676 0.0000e+00
      22936 289.117635  -37.39071  -51.42725      0.890    1515.22    531.000    526.380    11.4427    11.4395    -0.0032    11.3746    11.3714    -0.0032   3.969384   3.967925  -0.001413    35.0061    34.9952     4.5198    26.7117    26.7038    34.9941    26.7023    1503.67    1503.65    11.3745  1029.0686    35.1598 0.0000e+00
      22964 289.117648  -37.39072  -51.42726      0.896    1515.22    532.000    527.370    11.3740    11.3714    -0.0026    11.3060    11.3034    -0.0026   3.961766   3.961082  -0.000658    34.9915    34.9875     4.5248    26.7130    26.7103    34.9833    26.7066    1503.44    1503.42    11.3060  1029.0782    35.1490 0.0000e+00
      23003 289.117667  -37.39073  -51.42727      0.656    1515.22    533.000    528.360    11.3517    11.3270    -0.0247    11.2837    11.2591    -0.0246   3.958645   3.956487  -0.002169    34.9804    34.9823     4.5193    26.7084    26.7144    34.9731    26.7027    1503.36    1503.28    11.2837  1029.0790    35.1388 0.0000e+00
      23045 289.117687  -37.39074  -51.42728      0.527    1515.22    534.000    529.350    11.2707    11.2656    -0.0051    11.2029    11.1978    -0.0050   3.949821   3.949200  -0.000621    34.9729    34.9716     4.5222    26.7175    26.7174    34.9620    26.7089    1503.09    1503.07    11.2028  1029.0905    35.1276 0.0000e+00
