Pos-Processados/process_op42/Processamento_split/down/doperantar42_044.cnv
* Sea-Bird SBE 9 Data File:
* FileName = C:\Users\Hidrografia\Desktop\OPXLII\Brutos\OP42044.hdr
* Software Version Seasave V 7.26.7.107
* Temperature SN = 6502
* Conductivity SN = 4998
* Number of Bytes Per Scan = 37
* Number of Voltage Words = 4
* Number of Scans Averaged by the Deck Unit = 1
* NMEA Latitude = 62 08.87 S
* NMEA Longitude = 058 26.12 W
* NMEA UTC (Time) = Nov 09 2023 19:07:43
* NMEA baud rate = 4800
** H41
** NPOALTEMAXIMIANO
** NUMERO DA ESTACAO (XXX) 044
** LAT (XX XX.XX S/N) 62 08.851 S
** LONG (XXX XX.XX W/E) 058 26.159 W
** DATAHORA (dd/mm/aaaa hh:mm Z) 09/11/2023 1907Z
** PROFUNDIDADE (m) 375
** OPERADOR CT FABIREZA
# nquan = 30
# nvalues = 366                         
# units = specified
# name 0 = scan: Scan Count
# name 1 = timeJ: Julian Days
# name 2 = latitude: Latitude [deg]
# name 3 = longitude: Longitude [deg]
# name 4 = dz/dtM: Descent Rate [m/s]
# name 5 = avgsvCM: Average Sound Velocity [Chen-Millero, m/s]
# name 6 = prDM: Pressure, Digiquartz [db]
# name 7 = depSM: Depth [salt water, m]
# name 8 = t090C: Temperature [ITS-90, deg C]
# name 9 = t190C: Temperature, 2 [ITS-90, deg C]
# name 10 = T2-T190C: Temperature Difference, 2 - 1 [ITS-90, deg C]
# name 11 = potemp090C: Potential Temperature [ITS-90, deg C]
# name 12 = potemp190C: Potential Temperature, 2 [ITS-90, deg C]
# name 13 = potemp90Cdiff: Potential Temperature, Diff, 2 - 1 [ITS-90, deg C]
# name 14 = c0S/m: Conductivity [S/m]
# name 15 = c1S/m: Conductivity, 2 [S/m]
# name 16 = C2-C1S/m: Conductivity Difference, 2 - 1 [S/m]
# name 17 = sal00: Salinity, Practical [PSU]
# name 18 = sal11: Salinity, Practical, 2 [PSU]
# name 19 = sbeox0ML/L: Oxygen, SBE 43 [ml/l]
# name 20 = sigma-é00: Density [sigma-theta, kg/m^3]
# name 21 = sigma-é11: Density, 2 [sigma-theta, kg/m^3]
# name 22 = sal00: Salinity, Practical [PSU]
# name 23 = sigma-é00: Density [sigma-theta, kg/m^3]
# name 24 = svCM: Sound Velocity [Chen-Millero, m/s]
# name 25 = svCM1: Sound Velocity, 2 [Chen-Millero, m/s]
# name 26 = gsw_ptA0: potential temperature [ITS-90, deg C]
# name 27 = gsw_densityA0: density, TEOS-10 [density, kg/m^3]
# name 28 = gsw_saA0: Absolute Salinity [g/kg]
# name 29 = flag:
# span 0 =       1927,      13647       
# span 1 = 313.797955, 313.803606       
# span 2 =  -62.15166,  -62.14847       
# span 3 =  -58.43472,  -58.43110       
# span 4 =      0.022,      1.021       
# span 5 =       0.00,    1448.19       
# span 6 =      3.000,    368.000       
# span 7 =      2.977,    364.128       
# span 8 =    -0.7877,    -0.5306       
# span 9 =    -0.7869,    -0.5289       
# span 10 =    -0.0079,     0.0074      
# span 11 =    -0.7949,    -0.5308      
# span 12 =    -0.7942,    -0.5290      
# span 13 =    -0.0079,     0.0074      
# span 14 =   2.796121,   2.818413      
# span 15 =   2.796110,   2.818273      
# span 16 =  -0.000542,   0.000408      
# span 17 =    34.2781,    34.3574      
# span 18 =    34.2789,    34.3558      
# span 19 =     7.0579,     7.6348      
# span 20 =    27.5506,    27.6183      
# span 21 =    27.5495,    27.6170      
# span 22 =    34.2784,    34.3575      
# span 23 =    27.5507,    27.6183      
# span 24 =    1445.76,    1451.32      
# span 25 =    1445.77,    1451.32      
# span 26 =    -0.7948,    -0.5308      
# span 27 =  1027.5696,  1029.3792      
# span 28 =    34.4414,    34.5255      
# span 29 = 0.0000e+00, 0.0000e+00      
# interval = decibars: 1                
# start_time = Nov 09 2023 19:07:43 [NMEA time, header]
# bad_flag = -9.990e-29
*END*
[from data line 339]
      12098 313.802860  -62.15124  -58.43152      0.777    1447.88    342.000    338.439    -0.6826    -0.6821     0.0005    -0.6936    -0.6930     0.0005   2.812544   2.812514  -0.000032    34.3471    34.3461     7.1593    27.6119    27.6110    34.3474    27.6122    1450.66    1450.66    -0.6933  1029.2501    34.5153 0.0000e+00
      12128 313.802874  -62.15124  -58.43152      0.812    1447.88    343.000    339.427    -0.6804    -0.6799     0.0005    -0.6914    -0.6909     0.0005   2.812830   2.812804  -0.000025    34.3474    34.3466     7.1549    27.6121    27.6114    34.3482    27.6127    1450.69    1450.69    -0.6911  1029.2553    34.5160 0.0000e+00
      12155 313.802887  -62.15126  -58.43150      0.860    1447.88    344.000    340.416    -0.6734    -0.6730     0.0003    -0.6844    -0.6840     0.0003   2.813560   2.813561   0.000006    34.3484    34.3481     7.1403    27.6125    27.6123    34.3494    27.6134    1450.74    1450.74    -0.6842  1029.2607    34.5173 0.0000e+00
      12182 313.802900  -62.15126  -58.43150      0.890    1447.88    345.000    341.405    -0.6709    -0.6706     0.0003    -0.6819    -0.6816     0.0003   2.813880   2.813847  -0.000040    34.3498    34.3488     7.1401    27.6136    27.6128    34.3503    27.6140    1450.77    1450.77    -0.6817  1029.2660    34.5182 0.0000e+00
      12214 313.802915  -62.15126  -58.43149      0.800    1447.88    346.000    342.393    -0.6714    -0.6706     0.0008    -0.6825    -0.6817     0.0008   2.813907   2.813893  -0.000013    34.3501    34.3491     7.1324    27.6139    27.6130    34.3506    27.6143    1450.79    1450.79    -0.6822  1029.2710    34.5185 0.0000e+00
      12261 313.802938  -62.15128  -58.43148      0.522    1447.88    347.000    343.380    -0.6719    -0.6711     0.0008    -0.6830    -0.6822     0.0008   2.813886   2.813875  -0.000012    34.3501    34.3490     7.1298    27.6139    27.6129    34.3503    27.6141    1450.80    1450.80    -0.6828  1029.2756    34.5182 0.0000e+00
      12314 313.802964  -62.15130  -58.43146      0.440    1447.88    348.000    344.373    -0.6717    -0.6713     0.0004    -0.6828    -0.6824     0.0004   2.813955   2.813912  -0.000040    34.3500    34.3490     7.1211    27.6138    27.6130    34.3504    27.6141    1450.82    1450.82    -0.6826  1029.2804    34.5183 0.0000e+00
      12360 313.802985  -62.15131  -58.43145      0.526    1447.88    349.000    345.360    -0.6710    -0.6701     0.0008    -0.6822    -0.6813     0.0008   2.814093   2.814079  -0.000013    34.3505    34.3494     7.1306    27.6142    27.6132    34.3508    27.6145    1450.84    1450.84    -0.6819  1029.2854    34.5187 0.0000e+00
      12403 313.803006  -62.15132  -58.43144      0.560    1447.88    350.000    346.342    -0.6664    -0.6659     0.0005    -0.6777    -0.6771     0.0005   2.814582   2.814553  -0.000030    34.3512    34.3502     7.1262    27.6145    27.6137    34.3517    27.6149    1450.88    1450.88    -0.6774  1029.2906    34.5196 0.0000e+00
      12456 313.803032  -62.15134  -58.43142      0.452    1447.88    351.000    347.340    -0.6654    -0.6647     0.0007    -0.6767    -0.6760     0.0007   2.814734   2.814720  -0.000014    34.3516    34.3506     7.1265    27.6148    27.6140    34.3519    27.6151    1450.90    1450.90    -0.6764  1029.2955    34.5198 0.0000e+00
      12509 313.803057  -62.15135  -58.43141      0.454    1447.88    352.000    348.328    -0.6645    -0.6638     0.0007    -0.6758    -0.6752     0.0007   2.814857   2.814841  -0.000014    34.3517    34.3508     7.1217    27.6149    27.6141    34.3520    27.6151    1450.92    1450.92    -0.6756  1029.3003    34.5199 0.0000e+00
      12559 313.803082  -62.15137  -58.43139      0.476    1447.88    353.000    349.314    -0.6645    -0.6638     0.0007    -0.6759    -0.6751     0.0007   2.814913   2.814898  -0.000013    34.3519    34.3509     7.1183    27.6151    27.6142    34.3521    27.6152    1450.94    1450.94    -0.6756  1029.3051    34.5200 0.0000e+00
      12620 313.803111  -62.15138  -58.43138      0.385    1447.88    354.000    350.304    -0.6643    -0.6637     0.0006    -0.6757    -0.6750     0.0006   2.814995   2.814960  -0.000034    34.3522    34.3510     7.1109    27.6153    27.6143    34.3524    27.6154    1450.95    1450.95    -0.6755  1029.3101    34.5203 0.0000e+00
      12685 313.803143  -62.15140  -58.43136      0.370    1447.88    355.000    351.293    -0.6609    -0.6604     0.0005    -0.6723    -0.6719     0.0005   2.815388   2.815336  -0.000052    34.3528    34.3516     7.1128    27.6156    27.6146    34.3532    27.6159    1450.99    1450.99    -0.6721  1029.3153    34.5211 0.0000e+00
      12753 313.803175  -62.15142  -58.43134      0.335    1447.88    356.000    352.279    -0.6580    -0.6578     0.0003    -0.6695    -0.6692     0.0003   2.815696   2.815611  -0.000085    34.3533    34.3519     7.1047    27.6159    27.6147    34.3535    27.6161    1451.02    1451.02    -0.6693  1029.3202    34.5214 0.0000e+00
      12828 313.803211  -62.15144  -58.43132      0.336    1447.88    357.000    353.270    -0.6582    -0.6575     0.0007    -0.6697    -0.6690     0.0007   2.815726   2.815700  -0.000026    34.3533    34.3522     7.1051    27.6159    27.6150    34.3535    27.6160    1451.03    1451.03    -0.6695  1029.3249    34.5214 0.0000e+00
      12896 313.803244  -62.15146  -58.43130      0.355 -9.990e-29    358.000    354.258    -0.6574    -0.6566     0.0008    -0.6690    -0.6682     0.0008   2.815843   2.815826  -0.000019    34.3535    34.3523     7.1079    27.6160    27.6150    34.3536    27.6161    1451.05    1451.05    -0.6687  1029.3297    34.5215 0.0000e+00
      12951 313.803271  -62.15148  -58.43128      0.433    1448.19    359.000    355.245    -0.6566    -0.6561     0.0005    -0.6682    -0.6677     0.0005   2.815978   2.815939  -0.000037    34.3537    34.3526     7.1059    27.6161    27.6152    34.3539    27.6163    1451.07    1451.07    -0.6680  1029.3347    34.5218 0.0000e+00
      13022 313.803305  -62.15149  -58.43127      0.329    1448.19    360.000    356.236    -0.6538    -0.6538    -0.0001    -0.6654    -0.6655    -0.0001   2.816281   2.816186  -0.000093    34.3539    34.3527     7.1013    27.6162    27.6153    34.3542    27.6164    1451.10    1451.10    -0.6652  1029.3395    34.5221 0.0000e+00
      13096 313.803341  -62.15151  -58.43124      0.326    1448.19    361.000    357.224    -0.6505    -0.6506    -0.0002    -0.6622    -0.6623    -0.0002   2.816652   2.816527  -0.000124    34.3546    34.3531     7.0984    27.6166    27.6154    34.3548    27.6168    1451.13    1451.13    -0.6619  1029.3446    34.5228 0.0000e+00
      13171 313.803377  -62.15153  -58.43122      0.311    1448.19    362.000    358.210    -0.6497    -0.6494     0.0003    -0.6614    -0.6612     0.0003   2.816770   2.816704  -0.000068    34.3547    34.3535     7.0909    27.6167    27.6157    34.3549    27.6168    1451.16    1451.15    -0.6612  1029.3494    34.5228 0.0000e+00
      13244 313.803412  -62.15156  -58.43120      0.343    1448.19    363.000    359.201    -0.6471    -0.6474    -0.0003    -0.6588    -0.6591    -0.0003   2.817055   2.816938  -0.000117    34.3549    34.3537     7.0907    27.6167    27.6157    34.3552    27.6170    1451.18    1451.18    -0.6586  1029.3542    34.5231 0.0000e+00
      13323 313.803450  -62.15158  -58.43118      0.284    1448.19    364.000    360.192    -0.6465    -0.6466    -0.0000    -0.6583    -0.6584    -0.0000   2.817154   2.817057  -0.000097    34.3551    34.3539     7.0869    27.6169    27.6159    34.3553    27.6170    1451.20    1451.20    -0.6581  1029.3590    34.5232 0.0000e+00
      13400 313.803487  -62.15160  -58.43116      0.329    1448.19    365.000    361.177    -0.6461    -0.6456     0.0005    -0.6580    -0.6575     0.0005   2.817250   2.817202  -0.000049    34.3554    34.3542     7.0876    27.6171    27.6161    34.3555    27.6172    1451.22    1451.22    -0.6577  1029.3639    34.5235 0.0000e+00
      13474 313.803523  -62.15161  -58.43114      0.325    1448.19    366.000    362.168    -0.6392    -0.6410    -0.0018    -0.6511    -0.6529    -0.0018   2.817945   2.817676  -0.000266    34.3560    34.3544     7.0862    27.6173    27.6160    34.3564    27.6176    1451.27    1451.26    -0.6509  1029.3690    34.5244 0.0000e+00
      13547 313.803558  -62.15163  -58.43112      0.329    1448.19    367.000    363.157    -0.6373    -0.6374    -0.0001    -0.6492    -0.6493    -0.0001   2.818195   2.818078  -0.000117    34.3568    34.3553     7.0776    27.6178    27.6167    34.3570    27.6180    1451.30    1451.30    -0.6490  1029.3742    34.5250 0.0000e+00
      13647 313.803606  -62.15166  -58.43110      0.163    1448.19    368.000    364.128    -0.6356    -0.6362    -0.0005    -0.6476    -0.6482    -0.0005   2.818413   2.818273  -0.000164    34.3574    34.3558     7.0579    27.6183    27.6170    34.3575    27.6183    1451.32    1451.32    -0.6473  1029.3792    34.5255 0.0000e+00
