Pos-Processados/process_op42/Processamento_split/down/doperantar42_046.cnv
* Sea-Bird SBE 9 Data File:
* FileName = C:\Users\Hidrografia\Desktop\OPXLII\Brutos\OP42046.hdr
* Software Version Seasave V 7.26.7.107
* Temperature SN = 6502
* Conductivity SN = 4998
* Number of Bytes Per Scan = 37
* Number of Voltage Words = 4
* Number of Scans Averaged by the Deck Unit = 1
* NMEA Latitude = 62 08.52 S
* NMEA Longitude = 058 26.59 W
* NMEA UTC (Time) = Nov 09 2023 21:09:08
* NMEA baud rate = 4800
** H41
** NPOALTEMAXIMIANO
** NUMERO DA ESTACAO (XXX) 046
** LAT (XX XX.XX S/N) 62 08. S
** LONG (XXX XX.XX W/E) 058 26. W
** DATAHORA (dd/mm/aaaa hh:mm Z) 09/11/2023 2105Z
** PROFUNDIDADE (m)
** OPERADOR 1T ZAMITH
# nquan = 30
# nvalues = 358                         
# units = specified
# name 0 = scan: Scan Count
# name 1 = timeJ: Julian Days
# name 2 = latitude: Latitude [deg]
# name 3 = longitude: Longitude [deg]
# name 4 = dz/dtM: Descent Rate [m/s]
# name 5 = avgsvCM: Average Sound Velocity [Chen-Millero, m/s]
# name 6 = prDM: Pressure, Digiquartz [db]
# name 7 = depSM: Depth [salt water, m]
# name 8 = t090C: Temperature [ITS-90, deg C]
# name 9 = t190C: Temperature, 2 [ITS-90, deg C]
# name 10 = T2-T190C: Temperature Difference, 2 - 1 [ITS-90, deg C]
# name 11 = potemp090C: Potential Temperature [ITS-90, deg C]
# name 12 = potemp190C: Potential Temperature, 2 [ITS-90, deg C]
# name 13 = potemp90Cdiff: Potential Temperature, Diff, 2 - 1 [ITS-90, deg C]
# name 14 = c0S/m: Conductivity [S/m]
# name 15 = c1S/m: Conductivity, 2 [S/m]
# name 16 = C2-C1S/m: Conductivity Difference, 2 - 1 [S/m]
# name 17 = sal00: Salinity, Practical [PSU]
# name 18 = sal11: Salinity, Practical, 2 [PSU]
# name 19 = sbeox0ML/L: Oxygen, SBE 43 [ml/l]
# name 20 = sigma-é00: Density [sigma-theta, kg/m^3]
# name 21 = sigma-é11: Density, 2 [sigma-theta, kg/m^3]
# name 22 = sal00: Salinity, Practical [PSU]
# name 23 = sigma-é00: Density [sigma-theta, kg/m^3]
# name 24 = svCM: Sound Velocity [Chen-Millero, m/s]
# name 25 = svCM1: Sound Velocity, 2 [Chen-Millero, m/s]
# name 26 = gsw_ptA0: potential temperature [ITS-90, deg C]
# name 27 = gsw_densityA0: density, TEOS-10 [density, kg/m^3]
# name 28 = gsw_saA0: Absolute Salinity [g/kg]
# name 29 = flag:
# span 0 =       2310,      13699       
# span 1 = 313.882456, 313.887948       
# span 2 =  -62.14466,  -62.14246       
# span 3 =  -58.44468,  -58.44356       
# span 4 =     -0.175,      1.135       
# span 5 =       0.00,    1448.02       
# span 6 =      5.000,    362.000       
# span 7 =      4.963,    358.186       
# span 8 =    -0.7940,    -0.4771       
# span 9 =    -0.7947,    -0.4924       
# span 10 =    -0.0153,     0.0036      
# span 11 =    -0.8013,    -0.4894      
# span 12 =    -0.8020,    -0.5046      
# span 13 =    -0.0152,     0.0036      
# span 14 =   2.792599,   2.834178      
# span 15 =   2.792603,   2.832699      
# span 16 =  -0.001454,   0.000156      
# span 17 =    34.2793,    34.3931      
# span 18 =    34.2790,    34.3908      
# span 19 =     6.7293,     7.6139      
# span 20 =    27.5511,    27.6402      
# span 21 =    27.5507,    27.6390      
# span 22 =    34.2766,    34.3936      
# span 23 =    27.5509,    27.6406      
# span 24 =    1445.68,    1452.01      
# span 25 =    1445.70,    1451.94      
# span 26 =    -0.8010,    -0.4892      
# span 27 =  1027.5793,  1029.3739      
# span 28 =    34.4429,    34.5655      
# span 29 = 0.0000e+00, 0.0000e+00      
# interval = decibars: 1                
# start_time = Nov 09 2023 21:09:08 [NMEA time, header]
# bad_flag = -9.990e-29
*END*
[from data line 49]
       3898 313.883222 -9.990e-29  -58.44376      0.799    1445.93     54.000     53.475    -0.5733    -0.5734    -0.0001    -0.5749    -0.5750    -0.0001   2.803828   2.803702  -0.000111    34.2831    34.2817     7.5835    27.5549    27.5538    34.2829    27.5548    1446.40    1446.40    -0.5749  1027.8147    34.4446 0.0000e+00
       3926 313.883235 -9.990e-29  -58.44376      0.872    1445.93     55.000     54.465    -0.5717    -0.5709     0.0008    -0.5733    -0.5725     0.0008   2.803993   2.803952  -0.000044    34.2826    34.2811     7.5841    27.5545    27.5533    34.2827    27.5546    1446.42    1446.43    -0.5733  1027.8192    34.4444 0.0000e+00
       3953 313.883249  -62.14279  -58.44377      0.871    1445.93     56.000     55.455    -0.5721    -0.5709     0.0012    -0.5738    -0.5726     0.0012   2.803971   2.803978   0.000004    34.2825    34.2812     7.5914    27.5544    27.5533    34.2822    27.5542    1446.44    1446.44    -0.5737  1027.8255    34.4463 0.0000e+00
       3980 313.883261  -62.14280  -58.44378      0.886    1445.93     57.000     56.445    -0.5744    -0.5735     0.0009    -0.5761    -0.5752     0.0009   2.803873   2.803846  -0.000023    34.2830    34.2817     7.5939    27.5549    27.5539    34.2829    27.5549    1446.44    1446.45    -0.5761  1027.8322    34.4486 0.0000e+00
       4006 313.883274  -62.14280  -58.44378      0.918    1445.93     58.000     57.436    -0.5747    -0.5739     0.0008    -0.5765    -0.5757     0.0008   2.803922   2.803861  -0.000059    34.2834    34.2816     7.5930    27.5552    27.5538    34.2833    27.5552    1446.46    1446.46    -0.5764  1027.8374    34.4490 0.0000e+00
       4032 313.883286  -62.14280  -58.44378      0.924    1445.93     59.000     58.425    -0.5726    -0.5724     0.0003    -0.5744    -0.5742     0.0003   2.804089   2.804011  -0.000074    34.2825    34.2813     7.5952    27.5545    27.5534    34.2826    27.5545    1446.48    1446.48    -0.5743  1027.8415    34.4482 0.0000e+00
       4057 313.883299  -62.14281  -58.44379      0.933    1445.93     60.000     59.416    -0.5735    -0.5726     0.0009    -0.5753    -0.5744     0.0009   2.804046   2.804054 1.8821e-07    34.2825    34.2814     7.5917    27.5545    27.5536    34.2824    27.5544    1446.49    1446.50    -0.5753  1027.8462    34.4481 0.0000e+00
       4083 313.883311  -62.14282  -58.44380      0.943    1445.93     61.000     60.406    -0.5739    -0.5731     0.0008    -0.5757    -0.5749     0.0008   2.804046   2.804062   0.000013    34.2823    34.2816     7.5901    27.5544    27.5538    34.2822    27.5543    1446.51    1446.51    -0.5757  1027.8508    34.4479 0.0000e+00
       4109 313.883324  -62.14282  -58.44380      0.932    1445.93     62.000     61.396    -0.5754    -0.5746     0.0008    -0.5772    -0.5765     0.0008   2.803995   2.803991  -0.000004    34.2826    34.2817     7.5944    27.5547    27.5539    34.2826    27.5546    1446.52    1446.52    -0.5772  1027.8559    34.4482 0.0000e+00
       4135 313.883336  -62.14282  -58.44380      0.916    1445.93     63.000     62.386    -0.5750    -0.5742     0.0008    -0.5769    -0.5761     0.0008   2.804057   2.804070   0.000014    34.2824    34.2816     7.5862    27.5545    27.5539    34.2824    27.5545    1446.54    1446.54    -0.5769  1027.8606    34.4481 0.0000e+00
       4161 313.883348  -62.14282  -58.44380      0.932    1445.93     64.000     63.376    -0.5730    -0.5726     0.0004    -0.5749    -0.5745     0.0004   2.804253   2.804236  -0.000009    34.2818    34.2813     7.5866    27.5540    27.5535    34.2821    27.5542    1446.56    1446.56    -0.5749  1027.8621    34.4441 0.0000e+00
       4186 313.883361 -9.990e-29  -58.44380      0.941    1445.93     65.000     64.366    -0.5706    -0.5702     0.0004    -0.5725    -0.5721     0.0004   2.804502   2.804478  -0.000031    34.2819    34.2810     7.5903    27.5539    27.5532    34.2821    27.5541    1446.59    1446.59    -0.5725  1027.8665    34.4438 0.0000e+00
       4213 313.883374 -9.990e-29  -58.44381      0.911    1445.93     66.000     65.356    -0.5726    -0.5714     0.0012    -0.5746    -0.5734     0.0012   2.804395   2.804413   0.000022    34.2825    34.2815     7.6015    27.5545    27.5536    34.2823    27.5543    1446.60    1446.60    -0.5745  1027.8715    34.4440 0.0000e+00
       4241 313.883387  -62.14284  -58.44382      0.875    1445.93     67.000     66.346    -0.5756    -0.5747     0.0009    -0.5776    -0.5767     0.0009   2.804214   2.804214  -0.000008    34.2829    34.2817     7.6016    27.5549    27.5540    34.2826    27.5547    1446.60    1446.60    -0.5776  1027.8772    34.4449 0.0000e+00
       4269 313.883401  -62.14285  -58.44382      0.859    1445.93     68.000     67.337    -0.5775    -0.5766     0.0010    -0.5796    -0.5786     0.0010   2.804112   2.804116   0.000005    34.2831    34.2820     7.5929    27.5552    27.5543    34.2829    27.5550    1446.61    1446.61    -0.5795  1027.8851    34.4487 0.0000e+00
       4296 313.883414  -62.14286  -58.44382      0.863    1445.93     69.000     68.327    -0.5758    -0.5753     0.0005    -0.5779    -0.5774     0.0005   2.804309   2.804261  -0.000040    34.2828    34.2816     7.5808    27.5548    27.5539    34.2830    27.5550    1446.63    1446.63    -0.5778  1027.8898    34.4487 0.0000e+00
       4323 313.883427  -62.14286  -58.44382      0.887    1445.93     70.000     69.317    -0.5741    -0.5736     0.0005    -0.5762    -0.5757     0.0005   2.804444   2.804436  -0.000013    34.2822    34.2815     7.5797    27.5543    27.5537    34.2822    27.5543    1446.66    1446.66    -0.5762  1027.8939    34.4480 0.0000e+00
       4349 313.883440  -62.14286  -58.44382      0.913    1445.93     71.000     70.307    -0.5753    -0.5746     0.0006    -0.5774    -0.5768     0.0006   2.804424   2.804407  -0.000014    34.2826    34.2817     7.5865    27.5547    27.5539    34.2826    27.5547    1446.67    1446.67    -0.5774  1027.8976    34.4465 0.0000e+00
       4376 313.883453 -9.990e-29  -58.44384      0.899    1446.00     72.000     71.297    -0.5748    -0.5740     0.0007    -0.5769    -0.5762     0.0007   2.804532   2.804489  -0.000043    34.2829    34.2815     7.5951    27.5549    27.5537    34.2829    27.5549    1446.69    1446.69    -0.5769  1027.9008    34.4446 0.0000e+00
       4405 313.883466 -9.990e-29  -58.44384      0.854    1446.31     73.000     72.287    -0.5741    -0.5734     0.0008    -0.5763    -0.5756     0.0008   2.804590   2.804598   0.000008    34.2822    34.2815     7.6093    27.5543    27.5537    34.2824    27.5545    1446.70    1446.71    -0.5763  1027.9051    34.4440 0.0000e+00
       4431 313.883479 -9.990e-29  -58.44384      0.875    1446.31     74.000     73.277    -0.5740    -0.5726     0.0014    -0.5762    -0.5748     0.0014   2.804671   2.804693   0.000016    34.2828    34.2814     7.6126    27.5548    27.5536    34.2827    27.5547    1446.72    1446.73    -0.5762  1027.9101    34.4444 0.0000e+00
       4458 313.883492  -62.14288  -58.44384      0.904    1446.31     75.000     74.267    -0.5740    -0.5731     0.0009    -0.5762    -0.5753     0.0009   2.804703   2.804711   0.000013    34.2823    34.2814     7.6071    27.5543    27.5536    34.2825    27.5545    1446.74    1446.74    -0.5762  1027.9173    34.4474 0.0000e+00
       4485 313.883505  -62.14289  -58.44385      0.891    1446.31     76.000     75.255    -0.5741    -0.5729     0.0012    -0.5764    -0.5752     0.0012   2.804748   2.804765   0.000018    34.2827    34.2815     7.5998    27.5547    27.5537    34.2826    27.5547    1446.75    1446.76    -0.5763  1027.9229    34.4484 0.0000e+00
       4516 313.883520  -62.14290  -58.44386      0.811    1446.31     77.000     76.250    -0.5748    -0.5741     0.0006    -0.5771    -0.5764     0.0006   2.804758   2.804719  -0.000038    34.2829    34.2816     7.6030    27.5549    27.5539    34.2829    27.5549    1446.77    1446.77    -0.5771  1027.9280    34.4487 0.0000e+00
       4546 313.883534  -62.14290  -58.44386      0.796    1446.31     78.000     77.237    -0.5754    -0.5746     0.0009    -0.5778    -0.5769     0.0009   2.804714   2.804732   0.000009    34.2825    34.2816     7.5874    27.5546    27.5539    34.2824    27.5545    1446.78    1446.78    -0.5777  1027.9324    34.4482 0.0000e+00
       4573 313.883548  -62.14291  -58.44386      0.847    1446.31     79.000     78.227    -0.5761    -0.5741     0.0021    -0.5785    -0.5765     0.0021   2.804718   2.804803   0.000087    34.2828    34.2816     7.5808    27.5549    27.5539    34.2827    27.5548    1446.79    1446.80    -0.5784  1027.9375    34.4485 0.0000e+00
       4599 313.883560  -62.14292  -58.44387      0.905    1446.31     80.000     79.217    -0.5762    -0.5771    -0.0009    -0.5786    -0.5795    -0.0009   2.804771   2.804636  -0.000120    34.2822    34.2817     7.5810    27.5545    27.5540    34.2828    27.5549    1446.81    1446.80    -0.5785  1027.9423    34.4486 0.0000e+00
       4624 313.883572  -62.14292  -58.44388      0.956    1446.31     81.000     80.207    -0.5700    -0.5698     0.0003    -0.5725    -0.5722     0.0003   2.805205   2.805231   0.000014    34.2810    34.2809     7.5829    27.5532    27.5530    34.2811    27.5532    1446.85    1446.85    -0.5724  1027.9455    34.4470 0.0000e+00
       4650 313.883584  -62.14292  -58.44388      0.945    1446.31     82.000     81.197    -0.5727    -0.5719     0.0008    -0.5752    -0.5743     0.0008   2.805146   2.805122  -0.000010    34.2825    34.2815     7.5880    27.5545    27.5537    34.2827    27.5546    1446.86    1446.86    -0.5751  1027.9517    34.4486 0.0000e+00
       4676 313.883597  -62.14293  -58.44388      0.908    1446.31     83.000     82.187    -0.5713    -0.5714    -0.0001    -0.5739    -0.5739    -0.0001   2.805278   2.805234  -0.000063    34.2824    34.2816     7.5926    27.5543    27.5537    34.2823    27.5543    1446.88    1446.88    -0.5738  1027.9561    34.4482 0.0000e+00
       4702 313.883610  -62.14294  -58.44388      0.921    1446.31     84.000     83.177    -0.5785    -0.5768     0.0017    -0.5810    -0.5794     0.0017   2.804805   2.804805   0.000004    34.2839    34.2821     7.5961    27.5559    27.5543    34.2834    27.5555    1446.86    1446.87    -0.5810  1027.9622    34.4494 0.0000e+00
       4727 313.883622  -62.14294  -58.44388      0.954    1446.31     85.000     84.167    -0.5785    -0.5779     0.0007    -0.5811    -0.5805     0.0007   2.804779   2.804787  -0.000025    34.2829    34.2818     7.5959    27.5551    27.5542    34.2825    27.5548    1446.88    1446.88    -0.5810  1027.9662    34.4485 0.0000e+00
       4751 313.883633  -62.14294  -58.44388      0.979    1446.31     86.000     85.157    -0.6170    -0.6134     0.0036    -0.6195    -0.6160     0.0036   2.801646   2.801721   0.000110    34.2882    34.2857     7.6003    27.5611    27.5588    34.2831    27.5569    1446.72    1446.73    -0.6195  1027.9738    34.4497 0.0000e+00
       4774 313.883644  -62.14294 -9.990e-29      1.016    1446.31     87.000     86.147    -0.6290    -0.6295    -0.0005    -0.6316    -0.6320    -0.0005   2.800724   2.800536  -0.000078    34.2840    34.2834     7.5961    27.5581    27.5577    34.2837    27.5579    1446.68    1446.67    -0.6315  1027.9800    34.4508 0.0000e+00
       4796 313.883655  -62.14295 -9.990e-29      1.051    1446.31     88.000     87.137    -0.6252    -0.6330    -0.0077    -0.6279    -0.6356    -0.0077   2.800557   2.800200  -0.000455    34.2804    34.2830     7.5921    27.5551    27.5575    34.2766    27.5520    1446.70    1446.67    -0.6278  1027.9789    34.4437 0.0000e+00
       4819 313.883666  -62.14296 -9.990e-29      1.066    1446.31     89.000     88.127    -0.6418    -0.6415     0.0004    -0.6445    -0.6441     0.0004   2.799622   2.799602  -0.000019    34.2839    34.2832     7.5933    27.5586    27.5581    34.2822    27.5572    1446.65    1446.65    -0.6444  1027.9890    34.4493 0.0000e+00
       4842 313.883677  -62.14296  -58.44390      1.056    1446.31     90.000     89.117    -0.6420    -0.6410     0.0009    -0.6447    -0.6437     0.0009   2.799667   2.799674   0.000007    34.2837    34.2827     7.5815    27.5585    27.5577    34.2823    27.5574    1446.66    1446.67    -0.6446  1027.9938    34.4493 0.0000e+00
       4866 313.883689  -62.14296  -58.44390      1.032    1446.31     91.000     90.107    -0.6457    -0.6437     0.0020    -0.6484    -0.6464     0.0020   2.799434   2.799521   0.000082    34.2845    34.2833     7.5809    27.5592    27.5583    34.2827    27.5579    1446.66    1446.67    -0.6483  1027.9983    34.4488 0.0000e+00
       4890 313.883700  -62.14297  -58.44391      1.004    1446.31     92.000     91.097    -0.6475    -0.6465     0.0010    -0.6502    -0.6493     0.0010   2.799341   2.799355   0.000013    34.2841    34.2833     7.5842    27.5591    27.5583    34.2829    27.5581    1446.67    1446.68    -0.6502  1028.0033    34.4490 0.0000e+00
       4914 313.883712  -62.14298  -58.44392      0.987    1446.31     93.000     92.087    -0.6482    -0.6475     0.0007    -0.6509    -0.6503     0.0007   2.799324   2.799307  -0.000016    34.2840    34.2830     7.5800    27.5590    27.5582    34.2828    27.5580    1446.68    1446.68    -0.6509  1028.0081    34.4489 0.0000e+00
       4939 313.883724  -62.14298  -58.44392      0.977    1446.31     94.000     93.077    -0.6494    -0.6482     0.0012    -0.6522    -0.6510     0.0012   2.799272   2.799301   0.000028    34.2840    34.2829     7.5869    27.5590    27.5582    34.2829    27.5582    1446.69    1446.70    -0.6521  1028.0130    34.4491 0.0000e+00
       4963 313.883736  -62.14298  -58.44392      0.981    1446.31     95.000     94.067    -0.6506    -0.6499     0.0007    -0.6534    -0.6527     0.0007   2.799238   2.799222  -0.000010    34.2841    34.2832     7.5910    27.5592    27.5584    34.2832    27.5584    1446.71    1446.71    -0.6534  1028.0181    34.4493 0.0000e+00
       4987 313.883747  -62.14299  -58.44392      0.992    1446.31     96.000     95.057    -0.6510    -0.6499     0.0011    -0.6539    -0.6528     0.0011   2.799243   2.799269   0.000014    34.2840    34.2829     7.5964    27.5591    27.5582    34.2831    27.5584    1446.72    1446.72    -0.6538  1028.0228    34.4493 0.0000e+00
       5011 313.883759  -62.14300  -58.44392      1.001    1446.31     97.000     96.047    -0.6564    -0.6558     0.0006    -0.6593    -0.6587     0.0006   2.798888   2.798844  -0.000036    34.2851    34.2839     7.5935    27.5602    27.5593    34.2838    27.5592    1446.71    1446.71    -0.6592  1028.0284    34.4500 0.0000e+00
       5035 313.883770  -62.14300  -58.44392      1.003    1446.31     98.000     97.037    -0.6637    -0.6624     0.0013    -0.6666    -0.6653     0.0013   2.798310   2.798328   0.000008    34.2857    34.2844     7.5902    27.5611    27.5599    34.2836    27.5593    1446.69    1446.70    -0.6665  1028.0334    34.4498 0.0000e+00
       5059 313.883782  -62.14300  -58.44392      1.003    1446.31     99.000     98.027    -0.6815    -0.6782     0.0033    -0.6844    -0.6812     0.0033   2.796902   2.797043   0.000135    34.2877    34.2858     7.5812    27.5634    27.5617    34.2842    27.5606    1446.63    1446.64    -0.6843  1028.0402    34.4513 0.0000e+00
       5083 313.883794  -62.14301 -9.990e-29      0.989    1446.31    100.000     99.017    -0.7006    -0.7001     0.0005    -0.7035    -0.7030     0.0005   2.795440   2.795404  -0.000034    34.2875    34.2864     7.5842    27.5640    27.5631    34.2854    27.5624    1446.56    1446.56    -0.7035  1028.0470    34.4528 0.0000e+00
