Pos-Processados/process_op42/Processamento_split/down/doperantar42_035.cnv
* Sea-Bird SBE 9 Data File:
* FileName = C:\Users\Hidrografia\Desktop\OPXLII\Brutos\OP42035.hdr
* Software Version Seasave V 7.26.7.107
* Temperature SN = 6502
* Conductivity SN = 4998
* Number of Bytes Per Scan = 37
* Number of Voltage Words = 4
* Number of Scans Averaged by the Deck Unit = 1
* NMEA Latitude = 62 08.15 S
* NMEA Longitude = 058 26.56 W
* NMEA UTC (Time) = Nov 09 2023 10:06:19
* NMEA baud rate = 4800
** H41
** NPOALTEMAXIMIANO
** NUMERO DA ESTACAO (XXX) 035
** LAT (XX XX.XX S/N) 62 08.14 S
** LONG (XXX XX.XX W/E) 058 26.57 W
** DATAHORA (dd/mm/aaaa hh:mm Z) 09/11/2023 1005Z
** PROFUNDIDADE (m) 424
** OPERADOR CT FABIREZA
# nquan = 30
# nvalues = 397                         
# units = specified
# name 0 = scan: Scan Count
# name 1 = timeJ: Julian Days
# name 2 = latitude: Latitude [deg]
# name 3 = longitude: Longitude [deg]
# name 4 = dz/dtM: Descent Rate [m/s]
# name 5 = avgsvCM: Average Sound Velocity [Chen-Millero, m/s]
# name 6 = prDM: Pressure, Digiquartz [db]
# name 7 = depSM: Depth [salt water, m]
# name 8 = t090C: Temperature [ITS-90, deg C]
# name 9 = t190C: Temperature, 2 [ITS-90, deg C]
# name 10 = T2-T190C: Temperature Difference, 2 - 1 [ITS-90, deg C]
# name 11 = potemp090C: Potential Temperature [ITS-90, deg C]
# name 12 = potemp190C: Potential Temperature, 2 [ITS-90, deg C]
# name 13 = potemp90Cdiff: Potential Temperature, Diff, 2 - 1 [ITS-90, deg C]
# name 14 = c0S/m: Conductivity [S/m]
# name 15 = c1S/m: Conductivity, 2 [S/m]
# name 16 = C2-C1S/m: Conductivity Difference, 2 - 1 [S/m]
# name 17 = sal00: Salinity, Practical [PSU]
# name 18 = sal11: Salinity, Practical, 2 [PSU]
# name 19 = sbeox0ML/L: Oxygen, SBE 43 [ml/l]
# name 20 = sigma-é00: Density [sigma-theta, kg/m^3]
# name 21 = sigma-é11: Density, 2 [sigma-theta, kg/m^3]
# name 22 = sal00: Salinity, Practical [PSU]
# name 23 = sigma-é00: Density [sigma-theta, kg/m^3]
# name 24 = svCM: Sound Velocity [Chen-Millero, m/s]
# name 25 = svCM1: Sound Velocity, 2 [Chen-Millero, m/s]
# name 26 = gsw_ptA0: potential temperature [ITS-90, deg C]
# name 27 = gsw_densityA0: density, TEOS-10 [density, kg/m^3]
# name 28 = gsw_saA0: Absolute Salinity [g/kg]
# name 29 = flag:
# span 0 =       1917,      14179       
# span 1 = 313.421977, 313.427890       
# span 2 =  -62.13820,  -62.13608       
# span 3 =  -58.44282,  -58.44214       
# span 4 =      0.117,      1.172       
# span 5 =       0.00,    1455.47       
# span 6 =      2.000,    398.000       
# span 7 =      1.984,    393.798       
# span 8 =    -0.8118,    -0.5603       
# span 9 =    -0.8120,    -0.5592       
# span 10 =    -0.0018,     0.0062      
# span 11 =    -0.8189,    -0.5607      
# span 12 =    -0.8189,    -0.5596      
# span 13 =    -0.0018,     0.0062      
# span 14 =   2.794139,   2.823585      
# span 15 =   2.793956,   2.823522      
# span 16 =  -0.000178,   0.000439      
# span 17 =    34.2780,    34.3927      
# span 18 =    34.2781,    34.3917      
# span 19 =     6.7977,     7.6635      
# span 20 =    27.5521,    27.6463      
# span 21 =    27.5519,    27.6455      
# span 22 =    34.2786,    34.3928      
# span 23 =    27.5526,    27.6464      
# span 24 =    1445.60,    1451.93      
# span 25 =    1445.60,    1451.93      
# span 26 =    -0.8187,    -0.5607      
# span 27 =  1027.5651,  1029.5484      
# span 28 =    34.4418,    34.5629      
# span 29 = 0.0000e+00, 0.0000e+00      
# interval = decibars: 1                
# start_time = Nov 09 2023 10:06:19 [NMEA time, header]
# bad_flag = -9.990e-29
*END*
[from data line 387]
      13380 313.427505  -62.13808  -58.44224      0.376    1448.29    389.000    384.908    -0.6321    -0.6314     0.0007    -0.6449    -0.6442     0.0007   2.821973   2.821963  -0.000011    34.3887    34.3878     6.8294    27.6435    27.6427    34.3887    27.6435    1451.72    1451.73    -0.6446  1029.5036    34.5565 0.0000e+00
      13430 313.427530  -62.13808  -58.44224      0.479    1448.29    390.000    385.893    -0.6320    -0.6312     0.0008    -0.6448    -0.6440     0.0008   2.822037   2.822041   0.000004    34.3888    34.3879     6.8293    27.6436    27.6428    34.3888    27.6436    1451.74    1451.75    -0.6446  1029.5069    34.5547 0.0000e+00
      13485 313.427556  -62.13810  -58.44224      0.437    1448.29    391.000    386.884    -0.6322    -0.6314     0.0008    -0.6451    -0.6442     0.0008   2.822078   2.822078 -8.534e-07    34.3890    34.3880     6.8293    27.6437    27.6429    34.3890    27.6437    1451.76    1451.76    -0.6448  1029.5136    34.5571 0.0000e+00
      13543 313.427584  -62.13811  -58.44223      0.408    1448.29    392.000    387.871    -0.6287    -0.6282     0.0005    -0.6416    -0.6411     0.0005   2.822459   2.822438  -0.000020    34.3892    34.3884     6.8181    27.6438    27.6431    34.3895    27.6440    1451.79    1451.79    -0.6413  1029.5186    34.5577 0.0000e+00
      13594 313.427608  -62.13812  -58.44222      0.479    1448.29    393.000    388.860    -0.6280    -0.6273     0.0007    -0.6409    -0.6402     0.0007   2.822589   2.822583  -0.000006    34.3897    34.3889     6.8233    27.6442    27.6434    34.3899    27.6443    1451.81    1451.81    -0.6407  1029.5236    34.5581 0.0000e+00
      13646 313.427634  -62.13813  -58.44222      0.457    1448.29    394.000    389.846    -0.6286    -0.6279     0.0006    -0.6416    -0.6409     0.0006   2.822585   2.822570  -0.000013    34.3898    34.3889     6.8249    27.6443    27.6435    34.3899    27.6443    1451.82    1451.83    -0.6413  1029.5284    34.5581 0.0000e+00
      13709 313.427664  -62.13814  -58.44221      0.373    1448.29    395.000    390.839    -0.6290    -0.6283     0.0006    -0.6420    -0.6413     0.0006   2.822621   2.822613  -0.000014    34.3901    34.3892     6.8204    27.6445    27.6438    34.3902    27.6446    1451.84    1451.84    -0.6417  1029.5334    34.5584 0.0000e+00
      13762 313.427689  -62.13814  -58.44220      0.465    1448.29    396.000    391.824    -0.6266    -0.6260     0.0006    -0.6396    -0.6391     0.0006   2.822965   2.822960 -7.115e-07    34.3913    34.3906     6.8234    27.6454    27.6448    34.3915    27.6455    1451.87    1451.87    -0.6394  1029.5404    34.5613 0.0000e+00
      13819 313.427717  -62.13816 -9.990e-29      0.409    1448.29    397.000    392.815    -0.6249    -0.6244     0.0005    -0.6380    -0.6375     0.0005   2.823195   2.823165  -0.000032    34.3919    34.3909     6.8086    27.6458    27.6450    34.3921    27.6459    1451.89    1451.89    -0.6377  1029.5463    34.5629 0.0000e+00
      14179 313.427890  -62.13820  -58.44214      0.117    1448.29    398.000    393.798    -0.6214    -0.6213     0.0002    -0.6346    -0.6344     0.0002   2.823585   2.823522  -0.000063    34.3927    34.3917     6.7977    27.6463    27.6455    34.3928    27.6464    1451.93    1451.93    -0.6343  1029.5484    34.5598 0.0000e+00
