Pos-Processados/process_op42/Processamento_split/down/doperantar42_036.cnv
* Sea-Bird SBE 9 Data File:
* FileName = C:\Users\Hidrografia\Desktop\OPXLII\Brutos\OP42036.hdr
* Software Version Seasave V 7.26.7.107
* Temperature SN = 6502
* Conductivity SN = 4998
* Number of Bytes Per Scan = 37
* Number of Voltage Words = 4
* Number of Scans Averaged by the Deck Unit = 1
* NMEA Latitude = 62 08.52 S
* NMEA Longitude = 058 26.36 W
* NMEA UTC (Time) = Nov 09 2023 11:10:29
* NMEA baud rate = 4800
** H41
** NPOALTEMAXIMIANO
** NUMERO DA ESTACAO (XXX) 036
** LAT (XX XX.XX S/N) 62 08.14 S
** LONG (XXX XX.XX W/E) 058 26.57 W
** DATAHORA (dd/mm/aaaa hh:mm Z) 09/11/2023 1105Z
** PROFUNDIDADE (m) 416
** OPERADOR 1T ZAMITH
# nquan = 30
# nvalues = 348                         
# units = specified
# name 0 = scan: Scan Count
# name 1 = timeJ: Julian Days
# name 2 = latitude: Latitude [deg]
# name 3 = longitude: Longitude [deg]
# name 4 = dz/dtM: Descent Rate [m/s]
# name 5 = avgsvCM: Average Sound Velocity [Chen-Millero, m/s]
# name 6 = prDM: Pressure, Digiquartz [db]
# name 7 = depSM: Depth [salt water, m]
# name 8 = t090C: Temperature [ITS-90, deg C]
# name 9 = t190C: Temperature, 2 [ITS-90, deg C]
# name 10 = T2-T190C: Temperature Difference, 2 - 1 [ITS-90, deg C]
# name 11 = potemp090C: Potential Temperature [ITS-90, deg C]
# name 12 = potemp190C: Potential Temperature, 2 [ITS-90, deg C]
# name 13 = potemp90Cdiff: Potential Temperature, Diff, 2 - 1 [ITS-90, deg C]
# name 14 = c0S/m: Conductivity [S/m]
# name 15 = c1S/m: Conductivity, 2 [S/m]
# name 16 = C2-C1S/m: Conductivity Difference, 2 - 1 [S/m]
# name 17 = sal00: Salinity, Practical [PSU]
# name 18 = sal11: Salinity, Practical, 2 [PSU]
# name 19 = sbeox0ML/L: Oxygen, SBE 43 [ml/l]
# name 20 = sigma-é00: Density [sigma-theta, kg/m^3]
# name 21 = sigma-é11: Density, 2 [sigma-theta, kg/m^3]
# name 22 = sal00: Salinity, Practical [PSU]
# name 23 = sigma-é00: Density [sigma-theta, kg/m^3]
# name 24 = svCM: Sound Velocity [Chen-Millero, m/s]
# name 25 = svCM1: Sound Velocity, 2 [Chen-Millero, m/s]
# name 26 = gsw_ptA0: potential temperature [ITS-90, deg C]
# name 27 = gsw_densityA0: density, TEOS-10 [density, kg/m^3]
# name 28 = gsw_saA0: Absolute Salinity [g/kg]
# name 29 = flag:
# span 0 =       3210,      13517       
# span 1 = 313.467161, 313.472131       
# span 2 =  -62.14470,  -62.14268       
# span 3 =  -58.43898,  -58.43712       
# span 4 =     -0.182,      1.157       
# span 5 = -2.109e-32,    1449.04       
# span 6 =      7.000,    354.000       
# span 7 =      6.933,    350.276       
# span 8 =    -0.8234,    -0.4891       
# span 9 =    -0.8227,    -0.4795       
# span 10 =    -0.0208,     0.0096      
# span 11 =    -0.8289,    -0.5011      
# span 12 =    -0.8281,    -0.4915      
# span 13 =    -0.0207,     0.0095      
# span 14 =   2.790587,   2.834198      
# span 15 =   2.790594,   2.834721      
# span 16 =  -0.001178,   0.000614      
# span 17 =    30.1799,    34.4126      
# span 18 =    34.2805,    34.4100      
# span 19 =     6.6245,     7.7550      
# span 20 =    24.2565,    27.6565      
# span 21 =    27.5533,    27.6539      
# span 22 =    34.2810,    34.4123      
# span 23 =    27.5539,    27.6562      
# span 24 =    1445.70,    1451.85      
# span 25 =    1445.72,    1451.89      
# span 26 =    -0.8287,    -0.5009      
# span 27 =  1027.5938,  1029.3496      
# span 28 =    34.4448,    34.5816      
# span 29 = 0.0000e+00, 0.0000e+00      
# interval = decibars: 1                
# start_time = Nov 09 2023 11:10:29 [NMEA time, header]
# bad_flag = -9.990e-29
*END*
[from data line 291]
      10823 313.470833  -62.14418  -58.43750      0.897    1447.50    298.000    294.928    -0.6386    -0.6375     0.0011    -0.6481    -0.6470     0.0011   2.816395   2.816407   0.000015    34.3766    34.3756     6.9261    27.6339    27.6330    34.3763    27.6336    1450.19    1450.20    -0.6479  1029.0617    34.5442 0.0000e+00
      10854 313.470847  -62.14418  -58.43750      0.783    1447.50    299.000    295.917    -0.6371    -0.6370     0.0001    -0.6467    -0.6466     0.0001   2.816526   2.816478  -0.000043    34.3760    34.3753     6.9153    27.6333    27.6328    34.3757    27.6330    1450.21    1450.21    -0.6465  1029.0659    34.5437 0.0000e+00
      10882 313.470861  -62.14420  -58.43750      0.816    1447.50    300.000    296.906    -0.6386    -0.6379     0.0007    -0.6482    -0.6475     0.0007   2.816479   2.816480  -0.000006    34.3766    34.3757     6.9236    27.6338    27.6331    34.3762    27.6335    1450.22    1450.23    -0.6480  1029.0711    34.5442 0.0000e+00
      10908 313.470873  -62.14420  -58.43748      0.906    1447.50    301.000    297.895    -0.6387    -0.6380     0.0007    -0.6483    -0.6476     0.0007   2.816542   2.816521  -0.000017    34.3767    34.3757     6.9309    27.6340    27.6331    34.3765    27.6338    1450.24    1450.24    -0.6481  1029.0762    34.5445 0.0000e+00
      10935 313.470887  -62.14421  -58.43748      0.913    1447.50    302.000    298.884    -0.6394    -0.6383     0.0011    -0.6491    -0.6480     0.0011   2.816529   2.816544   0.000009    34.3769    34.3757     6.9233    27.6341    27.6331    34.3766    27.6338    1450.25    1450.26    -0.6489  1029.0810    34.5445 0.0000e+00
      10966 313.470902  -62.14422  -58.43748      0.802    1447.50    303.000    299.873    -0.6403    -0.6390     0.0013    -0.6500    -0.6487     0.0013   2.816518   2.816524   0.000010    34.3770    34.3757     6.9248    27.6343    27.6331    34.3768    27.6340    1450.27    1450.27    -0.6498  1029.0859    34.5447 0.0000e+00
      10998 313.470917  -62.14422  -58.43748      0.745    1447.50    304.000    300.862    -0.6407    -0.6396     0.0011    -0.6505    -0.6494     0.0011   2.816537   2.816522  -0.000018    34.3771    34.3757     6.9190    27.6344    27.6332    34.3769    27.6342    1450.28    1450.28    -0.6502  1029.0909    34.5449 0.0000e+00
      11026 313.470930  -62.14422  -58.43746      0.815    1447.50    305.000    301.851    -0.6409    -0.6399     0.0010    -0.6506    -0.6497     0.0010   2.816567   2.816559  -0.000005    34.3770    34.3758     6.9294    27.6342    27.6332    34.3769    27.6342    1450.30    1450.30    -0.6504  1029.0956    34.5448 0.0000e+00
      11051 313.470942  -62.14424  -58.43746      0.925    1447.50    306.000    302.839    -0.6400    -0.6386     0.0014    -0.6498    -0.6484     0.0014   2.816665   2.816711   0.000037    34.3768    34.3757     6.9221    27.6341    27.6331    34.3766    27.6339    1450.32    1450.32    -0.6496  1029.1001    34.5446 0.0000e+00
      11076 313.470955  -62.14424  -58.43746      0.965    1447.50    307.000    303.829    -0.6424    -0.6419     0.0005    -0.6522    -0.6517     0.0005   2.816628   2.816598  -0.000022    34.3783    34.3774     6.9188    27.6354    27.6347    34.3782    27.6353    1450.32    1450.32    -0.6520  1029.1063    34.5462 0.0000e+00
      11106 313.470969  -62.14424  -58.43746      0.869    1447.50    308.000    304.818    -0.6432    -0.6425     0.0007    -0.6531    -0.6523     0.0007   2.816630   2.816624  -0.000006    34.3788    34.3778     6.9186    27.6358    27.6350    34.3785    27.6356    1450.34    1450.34    -0.6528  1029.1113    34.5465 0.0000e+00
      11139 313.470985  -62.14424  -58.43746      0.729    1447.50    309.000    305.807    -0.6435    -0.6427     0.0008    -0.6534    -0.6526     0.0008   2.816685   2.816677  -0.000006    34.3791    34.3781     6.9193    27.6361    27.6353    34.3790    27.6361    1450.35    1450.35    -0.6532  1029.1165    34.5470 0.0000e+00
      11171 313.471000  -62.14426  -58.43744      0.735    1447.50    310.000    306.795    -0.6464    -0.6453     0.0010    -0.6563    -0.6552     0.0010   2.816608   2.816608  -0.000006    34.3810    34.3797     6.9111    27.6377    27.6367    34.3806    27.6374    1450.36    1450.36    -0.6561  1029.1227    34.5486 0.0000e+00
      11198 313.471013  -62.14426  -58.43744      0.835    1447.50    311.000    307.785    -0.6502    -0.6491     0.0011    -0.6602    -0.6591     0.0011   2.816478   2.816464  -0.000013    34.3829    34.3815     6.9056    27.6395    27.6383    34.3826    27.6392    1450.36    1450.36    -0.6599  1029.1293    34.5506 0.0000e+00
      11224 313.471026  -62.14426  -58.43744      0.912    1447.50    312.000    308.773    -0.6499    -0.6492     0.0008    -0.6599    -0.6591     0.0008   2.816573   2.816562  -0.000014    34.3832    34.3821     6.8945    27.6396    27.6387    34.3830    27.6395    1450.38    1450.38    -0.6597  1029.1343    34.5510 0.0000e+00
      11251 313.471039  -62.14427  -58.43744      0.909    1447.50    313.000    309.762    -0.6505    -0.6496     0.0009    -0.6606    -0.6596     0.0009   2.816611   2.816602  -0.000008    34.3838    34.3826     6.8976    27.6402    27.6392    34.3836    27.6400    1450.39    1450.39    -0.6603  1029.1395    34.5516 0.0000e+00
      11281 313.471053  -62.14428  -58.43744      0.836    1447.50    314.000    310.751    -0.6518    -0.6507     0.0011    -0.6618    -0.6608     0.0011   2.816591   2.816594   0.000004    34.3843    34.3831     6.8968    27.6407    27.6397    34.3841    27.6405    1450.40    1450.40    -0.6616  1029.1448    34.5521 0.0000e+00
      11312 313.471068  -62.14428  -58.43742      0.768    1447.50    315.000    311.740    -0.6502    -0.6498     0.0005    -0.6603    -0.6598     0.0005   2.816761   2.816745  -0.000016    34.3841    34.3834     6.8889    27.6404    27.6398    34.3840    27.6404    1450.43    1450.42    -0.6601  1029.1505    34.5533 0.0000e+00
      11343 313.471083  -62.14429  -58.43742      0.776    1447.50    316.000    312.729    -0.6512    -0.6500     0.0011    -0.6613    -0.6601     0.0011   2.816754   2.816769   0.000014    34.3845    34.3834     6.8833    27.6408    27.6399    34.3843    27.6407    1450.44    1450.44    -0.6611  1029.1545    34.5524 0.0000e+00
      11371 313.471097  -62.14430  -58.43742      0.827    1447.50    317.000    313.718    -0.6516    -0.6509     0.0007    -0.6617    -0.6610     0.0007   2.816764   2.816749  -0.000012    34.3844    34.3834     6.8784    27.6407    27.6399    34.3844    27.6407    1450.45    1450.45    -0.6615  1029.1593    34.5524 0.0000e+00
      11399 313.471110  -62.14430  -58.43742      0.861    1447.50    318.000    314.707    -0.6511    -0.6502     0.0009    -0.6613    -0.6604     0.0009   2.816876   2.816888   0.000009    34.3847    34.3839     6.8773    27.6410    27.6403    34.3847    27.6410    1450.47    1450.47    -0.6611  1029.1643    34.5527 0.0000e+00
      11427 313.471124  -62.14430  -58.43742      0.860    1447.50    319.000    315.696    -0.6506    -0.6496     0.0010    -0.6609    -0.6599     0.0010   2.816979   2.816985   0.000006    34.3849    34.3838     6.8758    27.6411    27.6402    34.3850    27.6412    1450.49    1450.49    -0.6606  1029.1692    34.5530 0.0000e+00
      11456 313.471138  -62.14432  -58.43740      0.842    1447.50    320.000    316.685    -0.6499    -0.6492     0.0008    -0.6602    -0.6594     0.0008   2.817101   2.817092  -0.000009    34.3852    34.3842     6.8772    27.6413    27.6405    34.3852    27.6413    1450.51    1450.51    -0.6600  1029.1741    34.5532 0.0000e+00
      11486 313.471152  -62.14432  -58.43740      0.814    1447.50    321.000    317.673    -0.6488    -0.6483     0.0005    -0.6591    -0.6586     0.0005   2.817219   2.817197  -0.000022    34.3848    34.3839     6.8746    27.6410    27.6402    34.3849    27.6410    1450.53    1450.53    -0.6589  1029.1786    34.5529 0.0000e+00
      11516 313.471166  -62.14432  -58.43740      0.798    1447.50    322.000    318.662    -0.6490    -0.6483     0.0007    -0.6594    -0.6587     0.0007   2.817264   2.817242  -0.000023    34.3851    34.3840     6.8782    27.6412    27.6403    34.3851    27.6412    1450.55    1450.55    -0.6591  1029.1835    34.5532 0.0000e+00
      11547 313.471181  -62.14432  -58.43740      0.778    1447.50    323.000    319.651    -0.6481    -0.6474     0.0007    -0.6585    -0.6578     0.0007   2.817393   2.817383  -0.000010    34.3852    34.3843     6.8735    27.6412    27.6405    34.3852    27.6413    1450.57    1450.57    -0.6583  1029.1883    34.5533 0.0000e+00
      11578 313.471196  -62.14434  -58.43738      0.779    1447.50    324.000    320.640    -0.6478    -0.6472     0.0006    -0.6582    -0.6576     0.0006   2.817484   2.817460  -0.000025    34.3854    34.3843     6.8625    27.6414    27.6405    34.3855    27.6415    1450.59    1450.59    -0.6580  1029.1933    34.5535 0.0000e+00
      11609 313.471211  -62.14434  -58.43738      0.767    1447.50    325.000    321.629    -0.6474    -0.6462     0.0012    -0.6579    -0.6566     0.0012   2.817580   2.817619   0.000041    34.3857    34.3849     6.8679    27.6416    27.6409    34.3857    27.6416    1450.60    1450.61    -0.6576  1029.1982    34.5538 0.0000e+00
      11643 313.471228  -62.14435  -58.43738      0.723    1447.50    326.000    322.618    -0.6468    -0.6459     0.0009    -0.6573    -0.6564     0.0008   2.817671   2.817681   0.000004    34.3856    34.3846     6.8603    27.6415    27.6407    34.3856    27.6415    1450.62    1450.63    -0.6570  1029.2028    34.5537 0.0000e+00
      11687 313.471249  -62.14436  -58.43738      0.549    1447.50    327.000    323.607    -0.6467    -0.6460     0.0007    -0.6572    -0.6565     0.0007   2.817724   2.817716  -0.000002    34.3855    34.3847     6.8573    27.6415    27.6408    34.3856    27.6415    1450.64    1450.64    -0.6570  1029.2076    34.5537 0.0000e+00
      11731 313.471270  -62.14436  -58.43738      0.552    1447.50    328.000    324.595    -0.6460    -0.6452     0.0008    -0.6565    -0.6557     0.0008   2.817845   2.817843 2.9562e-07    34.3858    34.3849     6.8560    27.6416    27.6409    34.3858    27.6417    1450.66    1450.66    -0.6563  1029.2125    34.5539 0.0000e+00
      11774 313.471291  -62.14438  -58.43736      0.564    1447.50    329.000    325.584    -0.6466    -0.6459     0.0008    -0.6572    -0.6564     0.0008   2.817849   2.817849 -3.752e-07    34.3860    34.3851     6.8601    27.6418    27.6411    34.3860    27.6419    1450.67    1450.68    -0.6570  1029.2174    34.5541 0.0000e+00
      11829 313.471318  -62.14438  -58.43736      0.413    1447.50    330.000    326.573    -0.6447    -0.6445     0.0002    -0.6554    -0.6552     0.0002   2.818126   2.818056  -0.000072    34.3867    34.3856     6.8631    27.6424    27.6414    34.3870    27.6426    1450.70    1450.70    -0.6551  1029.2195    34.5508 0.0000e+00
      11878 313.471341 -9.990e-29  -58.43734      0.503    1447.50    331.000    327.562    -0.6429    -0.6422     0.0006    -0.6535    -0.6529     0.0006   2.818390   2.818381  -0.000009    34.3877    34.3869     6.8607    27.6431    27.6424    34.3879    27.6432    1450.73    1450.73    -0.6533  1029.2235    34.5500 0.0000e+00
      11922 313.471363  -62.14440  -58.43734      0.541    1447.50    332.000    328.550    -0.6427    -0.6420     0.0007    -0.6534    -0.6527     0.0007   2.818473   2.818452  -0.000020    34.3880    34.3870     6.8534    27.6433    27.6424    34.3882    27.6434    1450.74    1450.75    -0.6532  1029.2314    34.5540 0.0000e+00
      11974 313.471387  -62.14442  -58.43734      0.454    1447.50    333.000    329.542    -0.6419    -0.6411     0.0008    -0.6526    -0.6518     0.0008   2.818577   2.818577  -0.000001    34.3879    34.3870     6.8519    27.6432    27.6424    34.3880    27.6433    1450.76    1450.77    -0.6524  1029.2378    34.5561 0.0000e+00
      12015 313.471407  -62.14442  -58.43734      0.579    1447.50    334.000    330.528    -0.6421    -0.6414     0.0007    -0.6529    -0.6522     0.0007   2.818617   2.818600  -0.000015    34.3881    34.3871     6.8480    27.6433    27.6425    34.3882    27.6434    1450.78    1450.78    -0.6526  1029.2427    34.5563 0.0000e+00
      12052 313.471425  -62.14443  -58.43733      0.648    1447.50    335.000    331.515    -0.6415    -0.6409     0.0006    -0.6523    -0.6517     0.0006   2.818724   2.818709  -0.000016    34.3883    34.3873     6.8453    27.6435    27.6427    34.3884    27.6436    1450.80    1450.80    -0.6521  1029.2476    34.5565 0.0000e+00
      12110 313.471453  -62.14444  -58.43732      0.391    1447.50    336.000    332.507    -0.6408    -0.6395     0.0012    -0.6516    -0.6504     0.0012   2.818850   2.818861   0.000007    34.3885    34.3872     6.8433    27.6436    27.6425    34.3886    27.6437    1450.82    1450.82    -0.6514  1029.2505    34.5543 0.0000e+00
      12165 313.471479 -9.990e-29  -58.43730      0.455    1447.50    337.000    333.494    -0.6405    -0.6399     0.0006    -0.6514    -0.6508     0.0006   2.818913   2.818888  -0.000024    34.3883    34.3873     6.8377    27.6435    27.6426    34.3886    27.6437    1450.84    1450.84    -0.6512  1029.2524    34.5506 0.0000e+00
      12204 313.471499  -62.14446  -58.43730      0.602    1447.64    338.000    334.484    -0.6375    -0.6369     0.0005    -0.6484    -0.6479     0.0005   2.819252   2.819230  -0.000019    34.3888    34.3880     6.8406    27.6438    27.6430    34.3891    27.6439    1450.87    1450.87    -0.6482  1029.2584    34.5524 0.0000e+00
      12251 313.471521  -62.14448  -58.43730      0.517    1447.90    339.000    335.472    -0.6358    -0.6351     0.0007    -0.6468    -0.6461     0.0007   2.819455   2.819444  -0.000009    34.3891    34.3881     6.8433    27.6439    27.6431    34.3893    27.6441    1450.89    1450.89    -0.6466  1029.2670    34.5574 0.0000e+00
      12301 313.471545  -62.14448  -58.43730      0.474    1447.90    340.000    336.461    -0.6333    -0.6330     0.0003    -0.6443    -0.6440     0.0003   2.819733   2.819720  -0.000021    34.3890    34.3884     6.8325    27.6437    27.6432    34.3896    27.6442    1450.92    1450.92    -0.6441  1029.2722    34.5581 0.0000e+00
      12347 313.471567  -62.14449 -9.990e-29      0.533    1447.90    341.000    337.450    -0.6283    -0.6280     0.0003    -0.6394    -0.6391     0.0003   2.820312   2.820274  -0.000031    34.3907    34.3900     6.8260    27.6449    27.6443    34.3911    27.6452    1450.96    1450.96    -0.6391  1029.2796    34.5617 0.0000e+00
      12391 313.471588  -62.14450 -9.990e-29      0.543    1447.90    342.000    338.438    -0.6280    -0.6273     0.0006    -0.6391    -0.6384     0.0006   2.820404   2.820381  -0.000024    34.3911    34.3901     6.8242    27.6452    27.6443    34.3914    27.6454    1450.98    1450.98    -0.6389  1029.2846    34.5620 0.0000e+00
      12436 313.471610  -62.14450  -58.43727      0.531    1447.90    343.000    339.426    -0.6278    -0.6273     0.0006    -0.6390    -0.6384     0.0006   2.820468   2.820444  -0.000023    34.3913    34.3903     6.8144    27.6453    27.6445    34.3915    27.6455    1451.00    1451.00    -0.6387  1029.2876    34.5599 0.0000e+00
      12559 313.471669  -62.14453  -58.43726      0.238    1447.90    344.000    340.412    -0.6279    -0.6272     0.0006    -0.6390    -0.6384     0.0006   2.820531   2.820505  -0.000025    34.3916    34.3906     6.8136    27.6456    27.6447    34.3918    27.6457    1451.01    1451.02    -0.6388  1029.2923    34.5598 0.0000e+00
