Pos-Processados/process_op42/Processamento_split/down/doperantar42_026.cnv
* Sea-Bird SBE 9 Data File:
* FileName = C:\Users\Hidrografia\Desktop\OPXLII\Brutos\OP42026.hdr
* Software Version Seasave V 7.26.7.107
* Temperature SN = 6502
* Conductivity SN = 4998
* Number of Bytes Per Scan = 37
* Number of Voltage Words = 4
* Number of Scans Averaged by the Deck Unit = 1
* NMEA Latitude = 62 13.40 S
* NMEA Longitude = 058 12.50 W
* NMEA UTC (Time) = Nov 08 2023 16:16:15
* NMEA baud rate = 4800
** H41
** NPOALTEMAXIMIANO
** NUMERO DA ESTACAO (XXX) 026
** LAT (XX XX.XX S/N) 62  13.401 S
** LONG (XXX XX.XX W/E) 058  12.553 W
** DATAHORA (dd/mm/aaaa hh:mm Z) 08/11/2023 1615Z
** PROFUNDIDADE (m) 390
** OPERADOR 1T ZAMITH
# nquan = 30
# nvalues = 359                         
# units = specified
# name 0 = scan: Scan Count
# name 1 = timeJ: Julian Days
# name 2 = latitude: Latitude [deg]
# name 3 = longitude: Longitude [deg]
# name 4 = dz/dtM: Descent Rate [m/s]
# name 5 = avgsvCM: Average Sound Velocity [Chen-Millero, m/s]
# name 6 = prDM: Pressure, Digiquartz [db]
# name 7 = depSM: Depth [salt water, m]
# name 8 = t090C: Temperature [ITS-90, deg C]
# name 9 = t190C: Temperature, 2 [ITS-90, deg C]
# name 10 = T2-T190C: Temperature Difference, 2 - 1 [ITS-90, deg C]
# name 11 = potemp090C: Potential Temperature [ITS-90, deg C]
# name 12 = potemp190C: Potential Temperature, 2 [ITS-90, deg C]
# name 13 = potemp90Cdiff: Potential Temperature, Diff, 2 - 1 [ITS-90, deg C]
# name 14 = c0S/m: Conductivity [S/m]
# name 15 = c1S/m: Conductivity, 2 [S/m]
# name 16 = C2-C1S/m: Conductivity Difference, 2 - 1 [S/m]
# name 17 = sal00: Salinity, Practical [PSU]
# name 18 = sal11: Salinity, Practical, 2 [PSU]
# name 19 = sbeox0ML/L: Oxygen, SBE 43 [ml/l]
# name 20 = sigma-é00: Density [sigma-theta, kg/m^3]
# name 21 = sigma-é11: Density, 2 [sigma-theta, kg/m^3]
# name 22 = sal00: Salinity, Practical [PSU]
# name 23 = sigma-é00: Density [sigma-theta, kg/m^3]
# name 24 = svCM: Sound Velocity [Chen-Millero, m/s]
# name 25 = svCM1: Sound Velocity, 2 [Chen-Millero, m/s]
# name 26 = gsw_ptA0: potential temperature [ITS-90, deg C]
# name 27 = gsw_densityA0: density, TEOS-10 [density, kg/m^3]
# name 28 = gsw_saA0: Absolute Salinity [g/kg]
# name 29 = flag:
# span 0 =       2909,      14672       
# span 1 = 312.679354, 312.685026       
# span 2 =  -62.22436,  -62.22360       
# span 3 =  -58.20720,  -58.20135       
# span 4 =      0.040,      1.230       
# span 5 =      -0.04,    1448.69       
# span 6 =      8.000,    366.000       
# span 7 =      7.953,    362.156       
# span 8 =    -0.8284,    -0.4720       
# span 9 =    -0.8265,    -0.4700       
# span 10 =    -0.0081,     0.0073      
# span 11 =    -0.8292,    -0.4841      
# span 12 =    -0.8272,    -0.4822      
# span 13 =    -0.0081,     0.0073      
# span 14 =   2.780580,   2.833103      
# span 15 =   2.780649,   2.833182      
# span 16 =  -0.000595,   0.000601      
# span 17 =    34.2791,    34.3757      
# span 18 =    34.2798,    34.3744      
# span 19 =     6.8284,     7.7551      
# span 20 =    27.5604,    27.6258      
# span 21 =    27.5614,    27.6247      
# span 22 =    34.2804,    34.3758      
# span 23 =    27.5615,    27.6259      
# span 24 =    1444.48,    1451.97      
# span 25 =    1444.49,    1451.98      
# span 26 =    -0.8291,    -0.4839      
# span 27 =  1027.6070,  1029.3739      
# span 28 =    34.4459,    34.5439      
# span 29 = 0.0000e+00, 0.0000e+00      
# interval = decibars: 1                
# start_time = Nov 08 2023 16:16:15 [NMEA time, header]
# bad_flag = -9.990e-29
*END*
[from data line 146]
       6944 312.681300  -62.22390  -58.20528      0.651    1446.41    154.000    152.465    -0.5050    -0.5036     0.0014    -0.5098    -0.5085     0.0014   2.818639   2.818644  -0.000012    34.3433    34.3416     6.9319    27.6008    27.5993    34.3433    27.6008    1448.42    1448.43    -0.5098  1028.3418    34.5105 0.0000e+00
       6976 312.681315  -62.22390  -58.20526      0.726    1446.41    155.000    153.454    -0.5107    -0.5075     0.0032    -0.5156    -0.5124     0.0032   2.818323   2.818385   0.000075    34.3443    34.3417     6.9216    27.6019    27.5996    34.3448    27.6023    1448.42    1448.43    -0.5155  1028.3481    34.5120 0.0000e+00
       7003 312.681328  -62.22390  -58.20525      0.851    1446.41    156.000    154.444    -0.4985    -0.4975     0.0010    -0.5035    -0.5025     0.0010   2.819346   2.819297  -0.000048    34.3431    34.3413     6.9198    27.6004    27.5989    34.3442    27.6013    1448.49    1448.49    -0.5034  1028.3518    34.5114 0.0000e+00
       7027 312.681340  -62.22390  -58.20524      0.942    1446.41    157.000    155.434    -0.4936    -0.4932     0.0004    -0.4986    -0.4982     0.0004   2.819770   2.819714  -0.000061    34.3432    34.3420     6.9265    27.6002    27.5992    34.3438    27.6007    1448.53    1448.53    -0.4985  1028.3560    34.5110 0.0000e+00
       7052 312.681352  -62.22391  -58.20523      0.983    1446.41    158.000    156.423    -0.4995    -0.4982     0.0014    -0.5046    -0.5032     0.0014   2.819426   2.819396  -0.000023    34.3451    34.3433     6.9283    27.6021    27.6005    34.3452    27.6021    1448.52    1448.52    -0.5044  1028.3622    34.5124 0.0000e+00
       7081 312.681366  -62.22392  -58.20522      0.884    1446.41    159.000    157.413    -0.4995    -0.4996    -0.0001    -0.5046    -0.5047    -0.0001   2.819421   2.819309  -0.000113    34.3443    34.3430     6.9205    27.6014    27.6003    34.3445    27.6015    1448.53    1448.53    -0.5044  1028.3664    34.5117 0.0000e+00
       7119 312.681384  -62.22392  -58.20519      0.645    1446.41    160.000    158.402    -0.5011    -0.5001     0.0010    -0.5062    -0.5052     0.0010   2.819329   2.819316  -0.000013    34.3443    34.3431     6.9079    27.6015    27.6004    34.3445    27.6016    1448.54    1448.54    -0.5061  1028.3712    34.5117 0.0000e+00
       7154 312.681401  -62.22392  -58.20518      0.656    1446.41    161.000    159.392    -0.5019    -0.5009     0.0010    -0.5070    -0.5061     0.0010   2.819307   2.819292  -0.000019    34.3444    34.3431     6.9118    27.6016    27.6004    34.3445    27.6016    1448.55    1448.56    -0.5069  1028.3760    34.5117 0.0000e+00
       7182 312.681414  -62.22392  -58.20516      0.809    1446.41    162.000    160.382    -0.5036    -0.5020     0.0016    -0.5088    -0.5071     0.0016   2.819224   2.819247   0.000017    34.3448    34.3432     6.9104    27.6019    27.6006    34.3447    27.6018    1448.56    1448.57    -0.5086  1028.3810    34.5119 0.0000e+00
       7207 312.681427  -62.22392  -58.20516      0.929    1446.41    163.000    161.372    -0.5083    -0.5062     0.0021    -0.5135    -0.5114     0.0021   2.818920   2.818955   0.000027    34.3458    34.3438     6.9053    27.6030    27.6013    34.3453    27.6026    1448.56    1448.57    -0.5134  1028.3866    34.5126 0.0000e+00
       7238 312.681441  -62.22392  -58.20514      0.849    1446.41    164.000    162.361    -0.5103    -0.5087     0.0015    -0.5155    -0.5139     0.0015   2.818783   2.818823   0.000042    34.3452    34.3440     6.9090    27.6026    27.6015    34.3450    27.6025    1448.56    1448.57    -0.5154  1028.3912    34.5123 0.0000e+00
       7273 312.681458  -62.22392  -58.20513      0.672    1446.41    165.000    163.351    -0.5094    -0.5084     0.0010    -0.5146    -0.5137     0.0010   2.818887   2.818886   0.000006    34.3448    34.3438     6.9111    27.6023    27.6014    34.3449    27.6023    1448.59    1448.59    -0.5145  1028.3958    34.5121 0.0000e+00
       7302 312.681473  -62.22392  -58.20512      0.766    1446.41    166.000    164.340    -0.5098    -0.5088     0.0010    -0.5151    -0.5140     0.0010   2.818931   2.818910  -0.000020    34.3455    34.3440     6.9127    27.6028    27.6016    34.3453    27.6026    1448.60    1448.60    -0.5150  1028.4009    34.5125 0.0000e+00
       7328 312.681485  -62.22392  -58.20510      0.897    1446.41    167.000    165.330    -0.5129    -0.5117     0.0013    -0.5182    -0.5170     0.0013   2.818701   2.818716   0.000012    34.3456    34.3443     6.9172    27.6030    27.6019    34.3451    27.6026    1448.60    1448.61    -0.5181  1028.4057    34.5124 0.0000e+00
       7355 312.681498  -62.22392  -58.20508      0.913    1446.41    168.000    166.320    -0.5208    -0.5191     0.0017    -0.5261    -0.5244     0.0017   2.818148   2.818159   0.000007    34.3471    34.3453     6.9173    27.6046    27.6030    34.3460    27.6037    1448.58    1448.59    -0.5260  1028.4116    34.5133 0.0000e+00
       7387 312.681513  -62.22393  -58.20507      0.805    1446.41    169.000    167.309    -0.5267    -0.5260     0.0007    -0.5320    -0.5313     0.0007   2.817782   2.817716  -0.000064    34.3474    34.3458     6.9096    27.6051    27.6038    34.3471    27.6049    1448.57    1448.57    -0.5319  1028.4176    34.5144 0.0000e+00
       7422 312.681530  -62.22394  -58.20504      0.683    1446.41    170.000    168.299    -0.5240    -0.5236     0.0004    -0.5294    -0.5290     0.0004   2.818024   2.817995  -0.000030    34.3470    34.3461     6.9081    27.6047    27.6039    34.3467    27.6045    1448.60    1448.60    -0.5293  1028.4219    34.5140 0.0000e+00
       7454 312.681545  -62.22394  -58.20503      0.728    1446.41    171.000    169.288    -0.5245    -0.5235     0.0011    -0.5299    -0.5289     0.0011   2.818104   2.818098  -0.000004    34.3480    34.3467     6.9203    27.6055    27.6044    34.3477    27.6053    1448.62    1448.62    -0.5298  1028.4275    34.5150 0.0000e+00
       7481 312.681559  -62.22394  -58.20502      0.841    1446.41    172.000    170.278    -0.5236    -0.5236    -0.0000    -0.5290    -0.5290    -0.0000   2.818260   2.818146  -0.000090    34.3481    34.3469     6.9083    27.6055    27.6045    34.3482    27.6056    1448.64    1448.64    -0.5289  1028.4326    34.5155 0.0000e+00
       7509 312.681572  -62.22394  -58.20501      0.871    1446.41    173.000    171.267    -0.5203    -0.5203     0.0000    -0.5258    -0.5258     0.0000   2.818630   2.818590  -0.000058    34.3488    34.3480     6.9024    27.6060    27.6053    34.3488    27.6060    1448.67    1448.67    -0.5257  1028.4377    34.5161 0.0000e+00
       7544 312.681589  -62.22394  -58.20500      0.728    1446.41    174.000    172.257    -0.5207    -0.5197     0.0010    -0.5262    -0.5253     0.0010   2.818724   2.818717  -0.000008    34.3499    34.3487     6.8968    27.6069    27.6059    34.3499    27.6069    1448.69    1448.69    -0.5261  1028.4434    34.5173 0.0000e+00
       7577 312.681605  -62.22394  -58.20498      0.695    1446.41    175.000    173.247    -0.5211    -0.5200     0.0011    -0.5267    -0.5256     0.0011   2.818754   2.818754   0.000007    34.3503    34.3491     6.8966    27.6072    27.6062    34.3502    27.6071    1448.70    1448.70    -0.5265  1028.4484    34.5175 0.0000e+00
       7604 312.681618  -62.22394  -58.20497      0.832    1446.41    176.000    174.236    -0.5215    -0.5208     0.0006    -0.5271    -0.5264     0.0006   2.818805   2.818774  -0.000036    34.3507    34.3495     6.8870    27.6075    27.6065    34.3507    27.6075    1448.71    1448.72    -0.5270  1028.4536    34.5180 0.0000e+00
       7629 312.681630  -62.22394  -58.20496      0.942    1446.45    177.000    175.226    -0.5223    -0.5217     0.0006    -0.5279    -0.5273     0.0006   2.818819   2.818790  -0.000028    34.3512    34.3501     6.8813    27.6080    27.6071    34.3512    27.6080    1448.73    1448.73    -0.5278  1028.4588    34.5185 0.0000e+00
       7657 312.681644  -62.22394  -58.20495      0.894 -9.990e-29    178.000    176.215    -0.5227    -0.5218     0.0009    -0.5284    -0.5275     0.0009   2.818819   2.818812  -0.000006    34.3512    34.3501     6.8886    27.6080    27.6071    34.3511    27.6079    1448.74    1448.74    -0.5282  1028.4635    34.5184 0.0000e+00
       7690 312.681660  -62.22396  -58.20494      0.755 -9.990e-29    179.000    177.204    -0.5247    -0.5229     0.0018    -0.5304    -0.5286     0.0018   2.818714   2.818776   0.000061    34.3514    34.3502     6.8867    27.6083    27.6073    34.3512    27.6081    1448.75    1448.76    -0.5303  1028.4685    34.5186 0.0000e+00
       7723 312.681675  -62.22396  -58.20491      0.705    1446.97    180.000    178.194    -0.5283    -0.5277     0.0006    -0.5340    -0.5334     0.0006   2.818457   2.818414  -0.000039    34.3518    34.3505     6.8954    27.6088    27.6077    34.3512    27.6083    1448.75    1448.75    -0.5339  1028.4735    34.5186 0.0000e+00
       7750 312.681688  -62.22396  -58.20489      0.837    1446.98    181.000    179.184    -0.5281    -0.5278     0.0003    -0.5339    -0.5336     0.0003   2.818562   2.818478  -0.000075    34.3517    34.3505     6.9015    27.6087    27.6077    34.3518    27.6088    1448.77    1448.77    -0.5337  1028.4787    34.5192 0.0000e+00
       7774 312.681700  -62.22396  -58.20488      0.955    1446.98    182.000    180.173    -0.5268    -0.5275    -0.0007    -0.5326    -0.5332    -0.0007   2.818727   2.818596  -0.000122    34.3518    34.3509     6.9082    27.6087    27.6080    34.3519    27.6088    1448.79    1448.79    -0.5325  1028.4835    34.5193 0.0000e+00
       7800 312.681712  -62.22396  -58.20487      0.969    1446.98    183.000    181.163    -0.5249    -0.5251    -0.0002    -0.5307    -0.5309    -0.0002   2.818994   2.818876  -0.000129    34.3526    34.3511     6.9207    27.6093    27.6080    34.3528    27.6094    1448.82    1448.81    -0.5306  1028.4889    34.5202 0.0000e+00
       7831 312.681727  -62.22396  -58.20486      0.825    1446.98    184.000    182.152    -0.5222    -0.5216     0.0006    -0.5280    -0.5275     0.0006   2.819310   2.819298  -0.000007    34.3531    34.3524     6.9202    27.6096    27.6089    34.3533    27.6097    1448.85    1448.85    -0.5279  1028.4940    34.5207 0.0000e+00
       7865 312.681744  -62.22396  -58.20484      0.690    1446.98    185.000    183.142    -0.5216    -0.5210     0.0006    -0.5275    -0.5269     0.0006   2.819464   2.819423  -0.000054    34.3540    34.3526     6.9242    27.6102    27.6091    34.3541    27.6103    1448.87    1448.87    -0.5274  1028.4993    34.5215 0.0000e+00
       7894 312.681758  -62.22396  -58.20483      0.788    1446.98    186.000    184.131    -0.5212    -0.5206     0.0006    -0.5271    -0.5265     0.0006   2.819581   2.819558  -0.000016    34.3545    34.3536     6.9158    27.6107    27.6099    34.3547    27.6108    1448.88    1448.89    -0.5270  1028.5045    34.5221 0.0000e+00
       7918 312.681769  -62.22396  -58.20482      0.927    1446.98    187.000    185.121    -0.5227    -0.5218     0.0009    -0.5287    -0.5278     0.0009   2.819552   2.819530  -0.000026    34.3555    34.3542     6.9104    27.6115    27.6104    34.3554    27.6114    1448.89    1448.90    -0.5285  1028.5083    34.5208 0.0000e+00
       7942 312.681781 -9.990e-29  -58.20481      0.993    1446.98    188.000    186.110    -0.5247    -0.5236     0.0011    -0.5307    -0.5296     0.0011   2.819475   2.819490   0.000013    34.3560    34.3549     6.9140    27.6120    27.6111    34.3560    27.6120    1448.90    1448.91    -0.5306  1028.5110    34.5181 0.0000e+00
       7969 312.681794 -9.990e-29  -58.20479      0.946    1446.98    189.000    187.100    -0.5242    -0.5235     0.0006    -0.5302    -0.5295     0.0006   2.819568   2.819549  -0.000019    34.3559    34.3550     6.9155    27.6119    27.6111    34.3560    27.6120    1448.92    1448.92    -0.5301  1028.5157    34.5180 0.0000e+00
       8000 312.681809 -9.990e-29  -58.20478      0.814    1446.98    190.000    188.089    -0.5233    -0.5221     0.0012    -0.5293    -0.5281     0.0012   2.819643   2.819669   0.000011    34.3557    34.3545     6.9228    27.6117    27.6107    34.3554    27.6114    1448.94    1448.95    -0.5292  1028.5199    34.5174 0.0000e+00
       8031 312.681824  -62.22398  -58.20476      0.761    1446.98    191.000    189.079    -0.5397    -0.5384     0.0013    -0.5458    -0.5444     0.0013   2.818424   2.818352  -0.000052    34.3584    34.3562     6.9360    27.6146    27.6128    34.3570    27.6135    1448.88    1448.89    -0.5456  1028.5303    34.5234 0.0000e+00
       8063 312.681839  -62.22398  -58.20475      0.760    1446.98    192.000    190.068    -0.5481    -0.5470     0.0011    -0.5541    -0.5530     0.0011   2.817708   2.817711  -0.000006    34.3572    34.3559     6.9365    27.6140    27.6129    34.3562    27.6132    1448.86    1448.86    -0.5540  1028.5357    34.5236 0.0000e+00
       8096 312.681855  -62.22398  -58.20472      0.720    1446.98    193.000    191.058    -0.5526    -0.5513     0.0013    -0.5587    -0.5574     0.0013   2.817392   2.817405   0.000012    34.3574    34.3561     6.9514    27.6144    27.6133    34.3565    27.6137    1448.85    1448.86    -0.5586  1028.5409    34.5239 0.0000e+00
       8125 312.681869  -62.22398  -58.20471      0.785    1446.98    194.000    192.047    -0.5539    -0.5527     0.0011    -0.5600    -0.5589     0.0011   2.817308   2.817323   0.000015    34.3568    34.3557     7.0078    27.6140    27.6130    34.3562    27.6134    1448.87    1448.87    -0.5599  1028.5455    34.5236 0.0000e+00
       8150 312.681881  -62.22398  -58.20470      0.901    1446.98    195.000    193.037    -0.5545    -0.5537     0.0008    -0.5607    -0.5599     0.0008   2.817287   2.817291   0.000007    34.3566    34.3558     7.0470    27.6138    27.6131    34.3560    27.6134    1448.88    1448.88    -0.5605  1028.5502    34.5234 0.0000e+00
       8175 312.681893  -62.22398  -58.20469      0.969    1446.98    196.000    194.026    -0.5545    -0.5538     0.0007    -0.5607    -0.5600     0.0007   2.817341   2.817342 8.7732e-08    34.3566    34.3558     7.0739    27.6138    27.6131    34.3561    27.6134    1448.89    1448.90    -0.5606  1028.5550    34.5235 0.0000e+00
       8204 312.681907  -62.22398  -58.20468      0.892    1446.98    197.000    195.016    -0.5539    -0.5532     0.0007    -0.5602    -0.5595     0.0007   2.817441   2.817424  -0.000015    34.3565    34.3555     7.0809    27.6138    27.6129    34.3562    27.6135    1448.91    1448.92    -0.5600  1028.5599    34.5237 0.0000e+00
       8241 312.681925  -62.22398  -58.20466      0.678    1446.98    198.000    196.005    -0.5464    -0.5468    -0.0004    -0.5527    -0.5531    -0.0004   2.817989   2.817943  -0.000042    34.3541    34.3540     7.0766    27.6114    27.6114    34.3545    27.6117    1448.96    1448.96    -0.5526  1028.5628    34.5219 0.0000e+00
       8275 312.681942  -62.22398  -58.20465      0.662    1446.98    199.000    196.994    -0.5452    -0.5449     0.0003    -0.5515    -0.5512     0.0003   2.818185   2.818127  -0.000059    34.3549    34.3538     7.0888    27.6120    27.6111    34.3550    27.6122    1448.99    1448.99    -0.5514  1028.5680    34.5225 0.0000e+00
       8302 312.681955  -62.22398  -58.20463      0.824    1446.98    200.000    197.984    -0.5404    -0.5395     0.0009    -0.5467    -0.5459     0.0009   2.818599   2.818581  -0.000017    34.3543    34.3531     7.0693    27.6114    27.6103    34.3546    27.6116    1449.02    1449.03    -0.5466  1028.5722    34.5220 0.0000e+00
