Pos-Processados/process_op42/Processamento_split/down/doperantar42_047.cnv
* Sea-Bird SBE 9 Data File:
* FileName = C:\Users\Hidrografia\Desktop\OPXLII\Brutos\OP42047.hdr
* Software Version Seasave V 7.26.7.107
* Temperature SN = 6502
* Conductivity SN = 4998
* Number of Bytes Per Scan = 37
* Number of Voltage Words = 4
* Number of Scans Averaged by the Deck Unit = 1
* NMEA Latitude = 62 08.18 S
* NMEA Longitude = 058 26.60 W
* NMEA UTC (Time) = Nov 09 2023 22:04:48
* NMEA baud rate = 4800
** H41
** NPOALTEMAXIMIANO
** NUMERO DA ESTACAO (XXX) 047
** LAT (XX XX.XX S/N) 62 08. S
** LONG (XXX XX.XX W/E) 058 26. W
** DATAHORA (dd/mm/aaaa hh:mm Z) 09/11/2023 2205Z
** PROFUNDIDADE (m) 424
** OPERADOR 1T ZAMITH
# nquan = 30
# nvalues = 379                         
# units = specified
# name 0 = scan: Scan Count
# name 1 = timeJ: Julian Days
# name 2 = latitude: Latitude [deg]
# name 3 = longitude: Longitude [deg]
# name 4 = dz/dtM: Descent Rate [m/s]
# name 5 = avgsvCM: Average Sound Velocity [Chen-Millero, m/s]
# name 6 = prDM: Pressure, Digiquartz [db]
# name 7 = depSM: Depth [salt water, m]
# name 8 = t090C: Temperature [ITS-90, deg C]
# name 9 = t190C: Temperature, 2 [ITS-90, deg C]
# name 10 = T2-T190C: Temperature Difference, 2 - 1 [ITS-90, deg C]
# name 11 = potemp090C: Potential Temperature [ITS-90, deg C]
# name 12 = potemp190C: Potential Temperature, 2 [ITS-90, deg C]
# name 13 = potemp90Cdiff: Potential Temperature, Diff, 2 - 1 [ITS-90, deg C]
# name 14 = c0S/m: Conductivity [S/m]
# name 15 = c1S/m: Conductivity, 2 [S/m]
# name 16 = C2-C1S/m: Conductivity Difference, 2 - 1 [S/m]
# name 17 = sal00: Salinity, Practical [PSU]
# name 18 = sal11: Salinity, Practical, 2 [PSU]
# name 19 = sbeox0ML/L: Oxygen, SBE 43 [ml/l]
# name 20 = sigma-é00: Density [sigma-theta, kg/m^3]
# name 21 = sigma-é11: Density, 2 [sigma-theta, kg/m^3]
# name 22 = sal00: Salinity, Practical [PSU]
# name 23 = sigma-é00: Density [sigma-theta, kg/m^3]
# name 24 = svCM: Sound Velocity [Chen-Millero, m/s]
# name 25 = svCM1: Sound Velocity, 2 [Chen-Millero, m/s]
# name 26 = gsw_ptA0: potential temperature [ITS-90, deg C]
# name 27 = gsw_densityA0: density, TEOS-10 [density, kg/m^3]
# name 28 = gsw_saA0: Absolute Salinity [g/kg]
# name 29 = flag:
# span 0 =       3680,      14163       
# span 1 = 313.921774, 313.926830       
# span 2 =  -62.13872,  -62.13700       
# span 3 =  -58.44264,  -58.43989       
# span 4 =     -0.349,      1.101       
# span 5 =      -0.00,    1448.34       
# span 6 =      4.000,    382.000       
# span 7 =      3.988,    377.967       
# span 8 =    -0.7990,    -0.4888       
# span 9 =    -0.7986,    -0.4882       
# span 10 =    -0.0133,     0.0040      
# span 11 =    -0.8055,    -0.5018      
# span 12 =    -0.8051,    -0.5012      
# span 13 =    -0.0132,     0.0040      
# span 14 =   2.794599,   2.834954      
# span 15 =   2.794591,   2.834921      
# span 16 =  -0.000924,   0.000209      
# span 17 =    34.2747,    34.4052      
# span 18 =    34.2741,    34.4041      
# span 19 =     6.6502,     7.8420      
# span 20 =    27.5464,    27.6505      
# span 21 =    27.5459,    27.6496      
# span 22 =    34.2749,    34.4052      
# span 23 =    27.5466,    27.6505      
# span 24 =    1445.75,    1452.30      
# span 25 =    1445.75,    1452.30      
# span 26 =    -0.8053,    -0.5016      
# span 27 =  1027.5703,  1029.4716      
# span 28 =    34.4368,    34.5740      
# span 29 = 0.0000e+00, 0.0000e+00      
# interval = decibars: 1                
# start_time = Nov 09 2023 22:04:48 [NMEA time, header]
# bad_flag = -9.990e-29
*END*
[from data line 146]
       7432 313.923584  -62.13764  -58.44169      0.987    1446.78    150.000    148.507    -0.7320    -0.7297     0.0023    -0.7364    -0.7341     0.0023   2.795213   2.795264   0.000101    34.2891    34.2879     7.5676    27.5667    27.5656    34.2870    27.5651    1447.22    1447.23    -0.7363  1028.2845    34.4491 0.0000e+00
       7456 313.923595  -62.13764  -58.44168      1.006    1446.78    151.000    149.497    -0.7256    -0.7263    -0.0007    -0.7301    -0.7308    -0.0007   2.795902   2.795839  -0.000070    34.2888    34.2887     7.5583    27.5663    27.5662    34.2885    27.5660    1447.27    1447.27    -0.7300  1028.2939    34.4553 0.0000e+00
       7480 313.923607  -62.13764  -58.44168      1.007    1446.78    152.000    150.486    -0.7209    -0.7202     0.0006    -0.7254    -0.7247     0.0006   2.796449   2.796485   0.000032    34.2905    34.2902     7.5596    27.5674    27.5671    34.2899    27.5669    1447.31    1447.32    -0.7253  1028.2996    34.4568 0.0000e+00
       7505 313.923619  -62.13764  -58.44167      0.990    1446.78    153.000    151.476    -0.7151    -0.7167    -0.0016    -0.7197    -0.7213    -0.0016   2.797092   2.796876  -0.000207    34.2917    34.2907     7.5558    27.5681    27.5674    34.2915    27.5680    1447.36    1447.35    -0.7196  1028.3054    34.4583 0.0000e+00
       7529 313.923630  -62.13764  -58.44166      0.977    1446.78    154.000    152.466    -0.7100    -0.7072     0.0028    -0.7146    -0.7118     0.0028   2.797731   2.797842   0.000119    34.2931    34.2915     7.5457    27.5691    27.5677    34.2938    27.5696    1447.40    1447.41    -0.7146  1028.3118    34.4606 0.0000e+00
       7554 313.923642  -62.13764  -58.44166      0.973    1446.78    155.000    153.455    -0.7045    -0.7034     0.0011    -0.7091    -0.7080     0.0011   2.798278   2.798285   0.000004    34.2944    34.2932     7.5340    27.5699    27.5689    34.2942    27.5697    1447.44    1447.45    -0.7090  1028.3166    34.4611 0.0000e+00
       7581 313.923655  -62.13765  -58.44166      0.927    1446.78    156.000    154.445    -0.7068    -0.7060     0.0008    -0.7114    -0.7107     0.0008   2.798190   2.798153  -0.000035    34.2953    34.2939     7.5355    27.5707    27.5696    34.2950    27.5705    1447.45    1447.45    -0.7113  1028.3222    34.4619 0.0000e+00
       7610 313.923670  -62.13766  -58.44165      0.831    1446.78    157.000    155.435    -0.7080    -0.7078     0.0002    -0.7127    -0.7125     0.0002   2.798137   2.798084  -0.000052    34.2953    34.2944     7.5342    27.5708    27.5701    34.2951    27.5706    1447.46    1447.46    -0.7126  1028.3271    34.4620 0.0000e+00
       7640 313.923684  -62.13766  -58.44164      0.812    1446.78    158.000    156.424    -0.7087    -0.7077     0.0010    -0.7135    -0.7124     0.0010   2.798122   2.798135   0.000012    34.2954    34.2944     7.5123    27.5709    27.5700    34.2951    27.5706    1447.47    1447.48    -0.7133  1028.3319    34.4620 0.0000e+00
       7665 313.923696  -62.13766  -58.44164      0.882    1446.78    159.000    157.414    -0.7102    -0.7097     0.0005    -0.7149    -0.7144     0.0005   2.798085   2.798053  -0.000030    34.2957    34.2947     7.5038    27.5712    27.5704    34.2956    27.5711    1447.48    1447.48    -0.7148  1028.3372    34.4625 0.0000e+00
       7690 313.923708  -62.13766  -58.44164      0.966    1446.78    160.000    158.403    -0.7074    -0.7065     0.0009    -0.7122    -0.7113     0.0009   2.798308   2.798317   0.000005    34.2948    34.2939     7.5096    27.5703    27.5695    34.2949    27.5704    1447.51    1447.51    -0.7121  1028.3412    34.4618 0.0000e+00
       7714 313.923720  -62.13768  -58.44162      0.986    1446.78    161.000    159.393    -0.7080    -0.7067     0.0012    -0.7128    -0.7116     0.0012   2.798353   2.798362   0.000007    34.2956    34.2943     7.5085    27.5710    27.5699    34.2955    27.5709    1447.53    1447.53    -0.7127  1028.3465    34.4624 0.0000e+00
       7740 313.923732  -62.13768  -58.44162      0.949    1446.78    162.000    160.383    -0.7118    -0.7109     0.0009    -0.7166    -0.7157     0.0009   2.798106   2.798080  -0.000018    34.2962    34.2950     7.5080    27.5717    27.5706    34.2958    27.5714    1447.52    1447.53    -0.7165  1028.3518    34.4628 0.0000e+00
       7768 313.923746  -62.13768  -58.44161      0.881    1446.78    163.000    161.373    -0.7122    -0.7114     0.0008    -0.7170    -0.7163     0.0008   2.798093   2.798085   0.000002    34.2956    34.2948     7.5165    27.5712    27.5705    34.2955    27.5711    1447.54    1447.54    -0.7169  1028.3563    34.4624 0.0000e+00
       7798 313.923760  -62.13769  -58.44160      0.821    1446.78    164.000    162.362    -0.7127    -0.7135    -0.0008    -0.7176    -0.7184    -0.0008   2.798077   2.797971  -0.000113    34.2955    34.2950     7.5097    27.5712    27.5707    34.2952    27.5709    1447.55    1447.55    -0.7175  1028.3609    34.4622 0.0000e+00
       7826 313.923774  -62.13770  -58.44160      0.827    1446.78    165.000    163.352    -0.7204    -0.7192     0.0011    -0.7253    -0.7241     0.0011   2.797563   2.797557  -0.000010    34.2973    34.2959     7.5123    27.5729    27.5717    34.2964    27.5722    1447.54    1447.54    -0.7252  1028.3670    34.4633 0.0000e+00
       7852 313.923786  -62.13770  -58.44158      0.887    1446.78    166.000    164.341    -0.7230    -0.7219     0.0010    -0.7279    -0.7269     0.0010   2.797384   2.797393   0.000011    34.2969    34.2959     7.5068    27.5727    27.5718    34.2963    27.5722    1447.54    1447.54    -0.7278  1028.3718    34.4632 0.0000e+00
       7877 313.923798  -62.13770  -58.44158      0.953    1446.78    167.000    165.331    -0.7273    -0.7272     0.0002    -0.7323    -0.7321     0.0002   2.797071   2.797036  -0.000034    34.2972    34.2965     7.5124    27.5731    27.5725    34.2964    27.5725    1447.53    1447.54    -0.7322  1028.3769    34.4634 0.0000e+00
       7902 313.923810  -62.13770  -58.44158      0.978    1446.78    168.000    166.320    -0.7293    -0.7284     0.0008    -0.7343    -0.7334     0.0008   2.796991   2.796978  -0.000009    34.2974    34.2963     7.5136    27.5734    27.5725    34.2969    27.5730    1447.54    1447.55    -0.7342  1028.3821    34.4639 0.0000e+00
       7928 313.923823  -62.13772  -58.44158      0.943    1446.78    169.000    167.310    -0.7313    -0.7305     0.0007    -0.7363    -0.7355     0.0007   2.796860   2.796852   0.000002    34.2975    34.2967     7.5094    27.5736    27.5729    34.2968    27.5729    1447.55    1447.55    -0.7362  1028.3869    34.4638 0.0000e+00
       7955 313.923836  -62.13772  -58.44156      0.896    1446.78    170.000    168.300    -0.7366    -0.7352     0.0014    -0.7417    -0.7403     0.0014   2.796486   2.796499   0.000009    34.2980    34.2965     7.5091    27.5742    27.5729    34.2972    27.5735    1447.54    1447.55    -0.7415  1028.3923    34.4642 0.0000e+00
       7982 313.923849  -62.13772  -58.44156      0.884    1446.78    171.000    169.289    -0.7372    -0.7367     0.0005    -0.7423    -0.7418     0.0005   2.796484   2.796417  -0.000072    34.2979    34.2963     7.5043    27.5741    27.5728    34.2972    27.5736    1447.55    1447.55    -0.7422  1028.3971    34.4642 0.0000e+00
       8008 313.923861  -62.13772  -58.44155      0.905    1446.78    172.000    170.279    -0.7403    -0.7392     0.0010    -0.7454    -0.7444     0.0010   2.796223   2.796250   0.000001    34.2975    34.2963     7.4974    27.5739    27.5729    34.2965    27.5731    1447.55    1447.56    -0.7453  1028.4015    34.4635 0.0000e+00
       8034 313.923874  -62.13772  -58.44154      0.936    1446.78    173.000    171.268    -0.7457    -0.7447     0.0010    -0.7508    -0.7498     0.0010   2.795835   2.795830   0.000013    34.2976    34.2967     7.4974    27.5742    27.5734    34.2968    27.5736    1447.55    1447.55    -0.7507  1028.4061    34.4630 0.0000e+00
       8060 313.923886 -9.990e-29  -58.44154      0.925    1446.78    174.000    172.258    -0.7453    -0.7451     0.0002    -0.7505    -0.7503     0.0002   2.795885   2.795846  -0.000031    34.2968    34.2962     7.4959    27.5736    27.5731    34.2965    27.5733    1447.56    1447.56    -0.7503  1028.4070    34.4582 0.0000e+00
       8087 313.923900 -9.990e-29  -58.44153      0.890    1446.78    175.000    173.248    -0.7439    -0.7437     0.0002    -0.7491    -0.7489     0.0002   2.796013   2.796002  -0.000012    34.2963    34.2959     7.4978    27.5731    27.5727    34.2960    27.5728    1447.59    1447.59    -0.7490  1028.4113    34.4577 0.0000e+00
       8114 313.923912 -9.990e-29  -58.44152      0.891    1446.78    176.000    174.237    -0.7485    -0.7508    -0.0023    -0.7537    -0.7560    -0.0023   2.795769   2.795520  -0.000236    34.2983    34.2978     7.5034    27.5749    27.5746    34.2972    27.5740    1447.58    1447.57    -0.7536  1028.4173    34.4589 0.0000e+00
       8141 313.923925  -62.13774  -58.44152      0.896    1446.78    177.000    175.227    -0.7557    -0.7548     0.0010    -0.7610    -0.7600     0.0010   2.795253   2.795231  -0.000027    34.2987    34.2972     7.5006    27.5755    27.5743    34.2979    27.5749    1447.57    1447.57    -0.7608  1028.4248    34.4619 0.0000e+00
       8167 313.923938  -62.13774  -58.44152      0.901    1446.78    178.000    176.216    -0.7561    -0.7556     0.0005    -0.7614    -0.7609     0.0005   2.795220   2.795203  -0.000019    34.2978    34.2970     7.5076    27.5748    27.5741    34.2972    27.5743    1447.58    1447.58    -0.7612  1028.4314    34.4642 0.0000e+00
       8193 313.923951  -62.13776  -58.44150      0.910    1446.78    179.000    177.206    -0.7568    -0.7559     0.0009    -0.7621    -0.7612     0.0009   2.795210   2.795212 6.8350e-07    34.2978    34.2968     7.5096    27.5748    27.5740    34.2972    27.5744    1447.59    1447.59    -0.7620  1028.4363    34.4643 0.0000e+00
       8219 313.923963  -62.13776  -58.44150      0.931    1446.78    180.000    178.196    -0.7573    -0.7562     0.0010    -0.7626    -0.7616     0.0010   2.795215   2.795237   0.000021    34.2977    34.2968     7.5052    27.5748    27.5740    34.2972    27.5744    1447.61    1447.61    -0.7625  1028.4411    34.4643 0.0000e+00
       8243 313.923975  -62.13776  -58.44150      0.961    1446.78    181.000    179.185    -0.7574    -0.7564     0.0009    -0.7627    -0.7618     0.0009   2.795256   2.795269   0.000013    34.2976    34.2968     7.5054    27.5747    27.5740    34.2973    27.5744    1447.62    1447.63    -0.7626  1028.4459    34.4643 0.0000e+00
       8268 313.923987  -62.13776  -58.44150      0.981    1446.78    182.000    180.174    -0.7580    -0.7574     0.0006    -0.7634    -0.7628     0.0006   2.795258   2.795251  -0.000008    34.2978    34.2970     7.5069    27.5749    27.5742    34.2975    27.5746    1447.64    1447.64    -0.7633  1028.4509    34.4645 0.0000e+00
       8293 313.923999  -62.13777  -58.44148      0.978    1446.78    183.000    181.164    -0.7589    -0.7579     0.0010    -0.7643    -0.7633     0.0010   2.795238   2.795247   0.000011    34.2979    34.2969     7.5023    27.5750    27.5742    34.2975    27.5747    1447.65    1447.65    -0.7642  1028.4557    34.4646 0.0000e+00
       8319 313.924011  -62.13778  -58.44148      0.938    1446.78    184.000    182.154    -0.7592    -0.7583     0.0009    -0.7647    -0.7638     0.0009   2.795261   2.795266   0.000003    34.2980    34.2970     7.5015    27.5751    27.5742    34.2976    27.5748    1447.66    1447.67    -0.7645  1028.4606    34.4647 0.0000e+00
       8347 313.924025  -62.13778  -58.44147      0.873    1446.78    185.000    183.143    -0.7602    -0.7594     0.0008    -0.7657    -0.7649     0.0008   2.795236   2.795231  -0.000006    34.2981    34.2971     7.4967    27.5752    27.5744    34.2978    27.5750    1447.68    1447.68    -0.7656  1028.4656    34.4649 0.0000e+00
       8375 313.924038  -62.13778  -58.44146      0.854    1446.78    186.000    184.133    -0.7618    -0.7602     0.0016    -0.7673    -0.7657     0.0016   2.795162   2.795205   0.000041    34.2985    34.2973     7.5039    27.5756    27.5746    34.2980    27.5752    1447.69    1447.69    -0.7672  1028.4706    34.4651 0.0000e+00
       8402 313.924052  -62.13780  -58.44146      0.867    1446.78    187.000    185.122    -0.7665    -0.7655     0.0010    -0.7720    -0.7710     0.0010   2.794909   2.794886  -0.000024    34.2997    34.2983     7.5105    27.5768    27.5756    34.2992    27.5764    1447.68    1447.68    -0.7719  1028.4765    34.4663 0.0000e+00
       8429 313.924064  -62.13780  -58.44144      0.901    1446.78    188.000    186.112    -0.7673    -0.7665     0.0008    -0.7729    -0.7721     0.0008   2.794874   2.794863  -0.000010    34.2995    34.2984     7.5003    27.5767    27.5758    34.2991    27.5764    1447.69    1447.69    -0.7727  1028.4813    34.4662 0.0000e+00
       8454 313.924077  -62.13780  -58.44144      0.925    1446.78    189.000    187.101    -0.7682    -0.7674     0.0008    -0.7738    -0.7730     0.0008   2.794861   2.794862   0.000001    34.2997    34.2988     7.4991    27.5769    27.5761    34.2993    27.5766    1447.71    1447.71    -0.7737  1028.4863    34.4664 0.0000e+00
       8480 313.924089  -62.13780  -58.44144      0.933    1446.78    190.000    188.091    -0.7692    -0.7683     0.0009    -0.7748    -0.7739     0.0009   2.794875   2.794871  -0.000005    34.3003    34.2993     7.4997    27.5774    27.5765    34.3000    27.5772    1447.72    1447.72    -0.7747  1028.4917    34.4671 0.0000e+00
       8505 313.924101  -62.13780  -58.44144      0.954    1446.78    191.000    189.080    -0.7704    -0.7696     0.0008    -0.7761    -0.7753     0.0008   2.794868   2.794859  -0.000009    34.3010    34.3000     7.4886    27.5780    27.5772    34.3007    27.5778    1447.73    1447.73    -0.7759  1028.4970    34.4678 0.0000e+00
       8529 313.924112  -62.13780  -58.44142      0.991    1446.78    192.000    190.069    -0.7704    -0.7697     0.0006    -0.7760    -0.7754     0.0006   2.794942   2.794944   0.000004    34.3012    34.3005     7.4857    27.5782    27.5776    34.3010    27.5780    1447.75    1447.75    -0.7759  1028.5021    34.4681 0.0000e+00
       8553 313.924124  -62.13780  -58.44142      0.993    1446.78    193.000    191.059    -0.7705    -0.7697     0.0008    -0.7763    -0.7755     0.0008   2.794999   2.794984  -0.000013    34.3016    34.3005     7.4932    27.5785    27.5776    34.3013    27.5783    1447.76    1447.76    -0.7761  1028.5071    34.4685 0.0000e+00
       8579 313.924137  -62.13782  -58.44142      0.945    1446.78    194.000    192.048    -0.7707    -0.7699     0.0007    -0.7764    -0.7757     0.0007   2.795053   2.795030  -0.000026    34.3018    34.3006     7.4914    27.5787    27.5777    34.3016    27.5785    1447.78    1447.78    -0.7763  1028.5121    34.4687 0.0000e+00
       8607 313.924150  -62.13782  -58.44141      0.888    1446.97    195.000    193.038    -0.7702    -0.7694     0.0007    -0.7760    -0.7752     0.0007   2.795146   2.795129  -0.000017    34.3018    34.3007     7.4903    27.5786    27.5778    34.3017    27.5786    1447.80    1447.80    -0.7758  1028.5169    34.4688 0.0000e+00
       8636 313.924164  -62.13782  -58.44140      0.829    1447.05    196.000    194.027    -0.7693    -0.7687     0.0006    -0.7752    -0.7745     0.0006   2.795294   2.795274  -0.000018    34.3021    34.3012     7.4879    27.5789    27.5781    34.3021    27.5789    1447.82    1447.82    -0.7750  1028.5220    34.4693 0.0000e+00
