Pos-Processados/process_op42/Processamento_split/down/doperantar42_007.cnv
* Sea-Bird SBE 9 Data File:
* FileName = C:\Users\Hidrografia\Desktop\OPXLII\Brutos\OP42006.hdr
* Software Version Seasave V 7.26.7.107
* Temperature SN = 6502
* Conductivity SN = 4998
* Number of Bytes Per Scan = 31
* Number of Voltage Words = 2
* Number of Scans Averaged by the Deck Unit = 1
* NMEA Latitude = 41 49.29 S
* NMEA Longitude = 054 31.41 W
* NMEA UTC (Time) = Oct 18 2023 00:54:10
* NMEA baud rate = 4800
** H41
** NPOALTEMAXIMIANO
** NUMERO DA ESTACAO (XXX) 006
** LAT (XX XX.XX S/N) 41 49.31 S
** LONG (XXX XX.XX W/E) 054 31.42 W
** DATAHORA (dd/mm/aaaa hh:mm Z) 17/10/2023 0025Z
** PROFUNDIDADE (m) 5071
** OPERADOR CT FILIPE LOPES
# nquan = 30
# nvalues = 1015                        
# units = specified
# name 0 = scan: Scan Count
# name 1 = timeJ: Julian Days
# name 2 = latitude: Latitude [deg]
# name 3 = longitude: Longitude [deg]
# name 4 = dz/dtM: Descent Rate [m/s]
# name 5 = avgsvCM: Average Sound Velocity [Chen-Millero, m/s]
# name 6 = prDM: Pressure, Digiquartz [db]
# name 7 = depSM: Depth [salt water, m]
# name 8 = t090C: Temperature [ITS-90, deg C]
# name 9 = t190C: Temperature, 2 [ITS-90, deg C]
# name 10 = T2-T190C: Temperature Difference, 2 - 1 [ITS-90, deg C]
# name 11 = potemp090C: Potential Temperature [ITS-90, deg C]
# name 12 = potemp190C: Potential Temperature, 2 [ITS-90, deg C]
# name 13 = potemp90Cdiff: Potential Temperature, Diff, 2 - 1 [ITS-90, deg C]
# name 14 = c0S/m: Conductivity [S/m]
# name 15 = c1S/m: Conductivity, 2 [S/m]
# name 16 = C2-C1S/m: Conductivity Difference, 2 - 1 [S/m]
# name 17 = sal00: Salinity, Practical [PSU]
# name 18 = sal11: Salinity, Practical, 2 [PSU]
# name 19 = sbeox0ML/L: Oxygen, SBE 43 [ml/l]
# name 20 = sigma-é00: Density [sigma-theta, kg/m^3]
# name 21 = sigma-é11: Density, 2 [sigma-theta, kg/m^3]
# name 22 = sal00: Salinity, Practical [PSU]
# name 23 = sigma-é00: Density [sigma-theta, kg/m^3]
# name 24 = svCM: Sound Velocity [Chen-Millero, m/s]
# name 25 = svCM1: Sound Velocity, 2 [Chen-Millero, m/s]
# name 26 = gsw_ptA0: potential temperature [ITS-90, deg C]
# name 27 = gsw_densityA0: density, TEOS-10 [density, kg/m^3]
# name 28 = gsw_saA0: Absolute Salinity [g/kg]
# name 29 = flag:
# span 0 =       5829,      33500       
# span 1 = 291.040426, 291.053771       
# span 2 =  -41.82056,  -41.81616       
# span 3 =  -54.52299,  -54.52039       
# span 4 =     -0.093,      1.484       
# span 5 =       0.00,    1502.65       
# span 6 =      2.000,   1016.000       
# span 7 =      2.019,   1005.581       
# span 8 =     3.0698,    13.5553       
# span 9 =     3.0706,    13.5547       
# span 10 =    -0.0222,     0.1456      
# span 11 =     3.0038,    13.5491      
# span 12 =     3.0046,    13.5482      
# span 13 =    -0.0221,     0.1454      
# span 14 =   3.155142,   4.186066      
# span 15 =   3.155159,   4.186218      
# span 16 =  -0.002992,   0.009261      
# span 17 =    34.1191,    35.3186      
# span 18 =    34.1214,    35.3190      
# span 19 =     4.6816,     6.4864      
# span 20 =    26.5266,    27.3265      
# span 21 =    26.5277,    27.3263      
# span 22 =    34.1140,    35.3189      
# span 23 =    26.5247,    27.3264      
# span 24 =    1475.77,    1503.20      
# span 25 =    1475.77,    1503.20      
# span 26 =     3.0037,    13.5491      
# span 27 =  1026.5452,  1032.0304      
# span 28 =    34.2756,    35.4858      
# span 29 = 0.0000e+00, 0.0000e+00      
# interval = decibars: 1                
# start_time = Oct 18 2023 00:54:10 [NMEA time, header]
# bad_flag = -9.990e-29
*END*
[from data line 387]
      16524 291.045584  -41.81898  -54.52198      0.820    1492.45    389.000    385.593     5.3196     5.3214     0.0018     5.2882     5.2900     0.0017   3.320596   3.320780   0.000179    34.1807    34.1809     6.0745    26.9921    26.9921    34.1794    26.9911    1477.36    1477.37     5.2881  1028.7830    34.3415 0.0000e+00
      16553 291.045598  -41.81896  -54.52198      0.795    1492.45    390.000    386.583     5.3226     5.3233     0.0008     5.2910     5.2918     0.0008   3.321071   3.321237   0.000155    34.1819    34.1829     6.0783    26.9928    26.9934    34.1813    26.9923    1477.39    1477.40     5.2909  1028.7888    34.3436 0.0000e+00
      16574 291.045608  -41.81896  -54.52198      0.949    1492.45    391.000    387.573     5.3281     5.3285     0.0004     5.2965     5.2969     0.0004   3.321707   3.321784   0.000096    34.1835    34.1843     6.0864    26.9934    26.9939    34.1824    26.9926    1477.43    1477.43     5.2964  1028.7936    34.3447 0.0000e+00
      16592 291.045617  -41.81896  -54.52198      1.169    1492.45    392.000    388.564     5.3179     5.3179    -0.0001     5.2862     5.2862    -0.0000   3.320802   3.320778  -0.000031    34.1839    34.1836     6.0885    26.9949    26.9947    34.1819    26.9934    1477.41    1477.41     5.2861  1028.7991    34.3443 0.0000e+00
      16610 291.045626  -41.81896  -54.52198      1.316    1492.45    393.000    389.554     5.3091     5.3099     0.0008     5.2773     5.2781     0.0008   3.319951   3.320027   0.000068    34.1828    34.1828     6.0755    26.9951    26.9949    34.1807    26.9935    1477.39    1477.39     5.2773  1028.8039    34.3430 0.0000e+00
      16629 291.045635  -41.81896  -54.52198      1.321    1492.45    394.000    390.544     5.2952     5.2961     0.0009     5.2635     5.2643     0.0009   3.318574   3.318607   0.000041    34.1818    34.1814     6.0560    26.9960    26.9956    34.1785    26.9933    1477.34    1477.35     5.2634  1028.8084    34.3407 0.0000e+00
      16654 291.045647  -41.81896 -9.990e-29      1.103    1492.45    395.000    391.535     5.2787     5.2792     0.0005     5.2468     5.2474     0.0005   3.317161   3.317145  -0.000021    34.1807    34.1800     6.0489    26.9971    26.9964    34.1787    26.9955    1477.29    1477.29     5.2468  1028.8150    34.3407 0.0000e+00
      16685 291.045662  -41.81894 -9.990e-29      0.824    1492.45    396.000    392.525     5.2734     5.2745     0.0011     5.2415     5.2426     0.0011   3.316702   3.316758   0.000057    34.1801    34.1796     6.0672    26.9972    26.9967    34.1784    26.9958    1477.29    1477.29     5.2414  1028.8200    34.3403 0.0000e+00
      16713 291.045675  -41.81894 -9.990e-29      0.809    1492.45    397.000    393.515     5.2738     5.2741     0.0003     5.2419     5.2422     0.0003   3.316815   3.316846   0.000045    34.1805    34.1807     6.0842    26.9974    26.9976    34.1787    26.9960    1477.31    1477.31     5.2418  1028.8248    34.3406 0.0000e+00
      16739 291.045688  -41.81894  -54.52196      0.901    1492.45    398.000    394.505     5.2612     5.2592    -0.0021     5.2293     5.2272    -0.0021   3.315689   3.315455  -0.000236    34.1804    34.1799     6.0974    26.9989    26.9987    34.1781    26.9970    1477.27    1477.26     5.2291  1028.8307    34.3403 0.0000e+00
      16765 291.045700  -41.81894  -54.52196      0.942    1492.45    399.000    395.495     5.2571     5.2577     0.0006     5.2250     5.2257     0.0006   3.315383   3.315463   0.000075    34.1796    34.1798     6.0940    26.9987    26.9988    34.1783    26.9977    1477.27    1477.27     5.2249  1028.8361    34.3406 0.0000e+00
      16794 291.045714  -41.81894  -54.52196      0.867    1492.45    400.000    396.486     5.2570     5.2578     0.0008     5.2248     5.2256     0.0008   3.315417   3.315514   0.000095    34.1795    34.1797     6.0827    26.9986    26.9988    34.1783    26.9977    1477.29    1477.29     5.2248  1028.8407    34.3406 0.0000e+00
      16830 291.045731  -41.81894  -54.52196      0.696    1492.45    401.000    397.476     5.2567     5.2573     0.0005     5.2244     5.2250     0.0005   3.315485   3.315518   0.000040    34.1798    34.1797     6.0925    26.9990    26.9988    34.1788    26.9982    1477.30    1477.31     5.2244  1028.8456    34.3409 0.0000e+00
      16860 291.045746 -9.990e-29  -54.52196      0.726    1492.45    402.000    398.466     5.2520     5.2530     0.0010     5.2197     5.2207     0.0010   3.315087   3.315139   0.000050    34.1801    34.1796     6.0807    26.9997    26.9993    34.1786    26.9985    1477.30    1477.30     5.2196  1028.8501    34.3401 0.0000e+00
      16885 291.045758 -9.990e-29  -54.52196      0.900    1492.45    403.000    399.457     5.2469     5.2472     0.0003     5.2145     5.2148     0.0003   3.314682   3.314713   0.000022    34.1796    34.1796     6.0693    26.9999    26.9999    34.1786    26.9992    1477.30    1477.30     5.2144  1028.8554    34.3401 0.0000e+00
      16910 291.045770 -9.990e-29  -54.52196      0.975    1492.45    404.000    400.447     5.2450     5.2454     0.0004     5.2125     5.2129     0.0004   3.314504   3.314553   0.000047    34.1794    34.1795     6.0685    27.0001    27.0001    34.1780    26.9990    1477.30    1477.31     5.2124  1028.8598    34.3395 0.0000e+00
      16935 291.045782  -41.81892  -54.52196      0.971    1492.45    405.000    401.437     5.2382     5.2368    -0.0014     5.2057     5.2043    -0.0014   3.313916   3.313747  -0.000158    34.1790    34.1787     6.0697    27.0005    27.0004    34.1777    26.9995    1477.29    1477.29     5.2056  1028.8653    34.3396 0.0000e+00
      16965 291.045797  -41.81892  -54.52195      0.845    1492.45    406.000    402.427     5.2246     5.2222    -0.0023     5.1920     5.1897    -0.0023   3.312686   3.312269  -0.000388    34.1793    34.1773     6.0784    27.0024    27.0010    34.1770    27.0005    1477.25    1477.24     5.1919  1028.8714    34.3393 0.0000e+00
      16999 291.045813  -41.81890  -54.52194      0.707    1492.45    407.000    403.417     5.2028     5.2019    -0.0009     5.1703     5.1694    -0.0009   3.310643   3.310255  -0.000403    34.1782    34.1745     6.0974    27.0040    27.0012    34.1752    27.0016    1477.18    1477.17     5.1702  1028.8773    34.3375 0.0000e+00
      17030 291.045828  -41.81890  -54.52194      0.757    1492.45    408.000    404.407     5.1912     5.1913     0.0001     5.1586     5.1587     0.0001   3.309445   3.309406  -0.000072    34.1746    34.1737     6.1179    27.0025    27.0018    34.1728    27.0011    1477.15    1477.14     5.1585  1028.8813    34.3349 0.0000e+00
      17057 291.045841 -9.990e-29  -54.52194      0.850    1492.45    409.000    405.398     5.1552     5.1553     0.0000     5.1226     5.1227     0.0000   3.305649   3.305330  -0.000293    34.1740    34.1706     6.1354    27.0062    27.0035    34.1654    26.9994    1477.01    1477.00     5.1226  1028.8841    34.3269 0.0000e+00
      17081 291.045853 -9.990e-29  -54.52194      0.943    1492.45    410.000    406.388     5.0851     5.0885     0.0034     5.0527     5.0561     0.0034   3.299064   3.298981  -0.000099    34.1673    34.1627     6.1555    27.0090    27.0050    34.1608    27.0038    1476.73    1476.74     5.0526  1028.8938    34.3222 0.0000e+00
      17104 291.045864 -9.990e-29  -54.52194      1.014    1491.57    411.000    407.378     5.0835     5.0838     0.0003     5.0510     5.0513     0.0003   3.298695   3.298773   0.000063    34.1609    34.1613     6.1472    27.0041    27.0044    34.1577    27.0016    1476.74    1476.74     5.0509  1028.8962    34.3191 0.0000e+00
      17127 291.045875  -41.81888  -54.52194      1.058    1490.28    412.000    408.368     5.0986     5.0996     0.0011     5.0659     5.0670     0.0011   3.300198   3.300422   0.000245    34.1612    34.1629     6.1610    27.0026    27.0039    34.1591    27.0010    1476.82    1476.82     5.0658  1028.9001    34.3206 0.0000e+00
      17151 291.045886  -41.81888  -54.52194      1.035    1490.27    413.000    409.359     5.0737     5.0759     0.0022     5.0410     5.0432     0.0022   3.297865   3.297921   0.000042    34.1630    34.1612     6.2182    27.0069    27.0052    34.1571    27.0023    1476.73    1476.74     5.0410  1028.9068    34.3194 0.0000e+00
      17179 291.045900  -41.81888  -54.52194      0.910    1490.27    414.000    410.349     5.0496     5.0473    -0.0023     5.0170     5.0146    -0.0023   3.295589   3.295165  -0.000352    34.1593    34.1577     6.2523    27.0068    27.0057    34.1550    27.0034    1476.64    1476.63     5.0169  1028.9128    34.3173 0.0000e+00
      17213 291.045916  -41.81886  -54.52192      0.748    1490.27    415.000    411.339     5.0331     5.0303    -0.0028     5.0004     4.9976    -0.0028   3.294032   3.293577  -0.000489    34.1578    34.1551     6.2462    27.0075    27.0056    34.1534    27.0040    1476.59    1476.58     5.0003  1028.9182    34.3157 0.0000e+00
      17246 291.045932  -41.81886  -54.52192      0.692    1490.27    416.000    412.329     5.0176     5.0174    -0.0002     4.9849     4.9847    -0.0002   3.292465   3.292248  -0.000191    34.1545    34.1525     6.2492    27.0066    27.0051    34.1507    27.0037    1476.54    1476.54     4.9848  1028.9226    34.3130 0.0000e+00
      17274 291.045946  -41.81886  -54.52192      0.810    1490.27    417.000    413.319     4.9943     4.9934    -0.0010     4.9616     4.9607    -0.0010   3.289927   3.289657  -0.000269    34.1520    34.1499     6.2748    27.0073    27.0057    34.1447    27.0015    1476.46    1476.45     4.9615  1028.9253    34.3069 0.0000e+00
      17296 291.045956  -41.81886  -54.52192      0.973    1490.27    418.000    414.310     4.9256     4.9297     0.0041     4.8930     4.8971     0.0041   3.283301   3.283343  -0.000016    34.1482    34.1439     6.2957    27.0121    27.0082    34.1380    27.0040    1476.18    1476.20     4.8930  1028.9331    34.3002 0.0000e+00
      17315 291.045965  -41.81886  -54.52192      1.142    1490.27    419.000    415.300     4.9046     4.9054     0.0008     4.8721     4.8728     0.0008   3.281284   3.281353   0.000056    34.1413    34.1411     6.2930    27.0090    27.0088    34.1356    27.0045    1476.11    1476.12     4.8720  1028.9384    34.2978 0.0000e+00
      17333 291.045974  -41.81886  -54.52192      1.276    1490.27    420.000    416.290     4.9077     4.9084     0.0007     4.8750     4.8757     0.0007   3.281653   3.281809   0.000147    34.1403    34.1412     6.2953    27.0078    27.0085    34.1363    27.0047    1476.14    1476.15     4.8749  1028.9432    34.2985 0.0000e+00
      17351 291.045983  -41.81886  -54.52192      1.333    1490.27    421.000    417.280     4.9143     4.9153     0.0011     4.8815     4.8825     0.0011   3.282473   3.282660   0.000178    34.1410    34.1419     6.3204    27.0077    27.0083    34.1385    27.0057    1476.19    1476.19     4.8814  1028.9487    34.3007 0.0000e+00
      17376 291.045995  -41.81885  -54.52192      1.144    1490.27    422.000    418.262     4.9248     4.9274     0.0026     4.8919     4.8945     0.0026   3.283589   3.283937   0.000311    34.1427    34.1436     6.3724    27.0079    27.0083    34.1401    27.0058    1476.25    1476.26     4.8918  1028.9533    34.3023 0.0000e+00
      17420 291.046016  -41.81884  -54.52192      0.536    1490.27    423.000    419.266     4.9272     4.9290     0.0018     4.8942     4.8960     0.0018   3.283888   3.284047   0.000198    34.1429    34.1433     6.3868    27.0078    27.0079    34.1406    27.0060    1476.28    1476.28     4.8941  1028.9580    34.3028 0.0000e+00
      17457 291.046034  -41.81884 -9.990e-29      0.618    1490.27    424.000    420.251     4.9320     4.9349     0.0029     4.8990     4.9019     0.0029   3.284858   3.285277   0.000345    34.1443    34.1453     6.3464    27.0084    27.0088    34.1463    27.0100    1476.32    1476.33     4.8989  1028.9662    34.3082 0.0000e+00
      17481 291.046046  -41.81884 -9.990e-29      0.859    1490.27    425.000    421.241     5.0141     5.0174     0.0033     4.9807     4.9839     0.0033   3.293142   3.294177   0.001094    34.1504    34.1597     6.3250    27.0039    27.0108    34.1575    27.0095    1476.69    1476.71     4.9806  1028.9694    34.3194 0.0000e+00
      17502 291.046056  -41.81884 -9.990e-29      1.051    1490.27    426.000    422.231     5.0387     5.0413     0.0026     5.0051     5.0077     0.0026   3.296122   3.296493   0.000356    34.1635    34.1650     6.3354    27.0115    27.0123    34.1662    27.0136    1476.81    1476.82     5.0050  1028.9778    34.3281 0.0000e+00
      17522 291.046065  -41.81882 -9.990e-29      1.177    1490.27    427.000    423.221     5.0462     5.0462     0.0000     5.0125     5.0126     0.0000   3.296909   3.296981   0.000115    34.1651    34.1664     6.3355    27.0119    27.0129    34.1670    27.0134    1476.86    1476.86     5.0124  1028.9822    34.3290 0.0000e+00
      17542 291.046075  -41.81882  -54.52190      1.211    1490.27    428.000    424.211     5.0467     5.0474     0.0007     5.0129     5.0136     0.0007   3.297159   3.297222   0.000059    34.1671    34.1670     6.2957    27.0134    27.0133    34.1689    27.0148    1476.88    1476.89     5.0129  1028.9884    34.3312 0.0000e+00
      17565 291.046086  -41.81882  -54.52190      1.120    1490.27    429.000    425.201     5.0507     5.0534     0.0027     5.0169     5.0195     0.0027   3.297578   3.297936   0.000315    34.1673    34.1683     6.2304    27.0132    27.0136    34.1691    27.0146    1476.92    1476.93     5.0168  1028.9928    34.3315 0.0000e+00
      17591 291.046099  -41.81882  -54.52190      0.961    1490.27    430.000    426.191     5.0549     5.0588     0.0039     5.0209     5.0248     0.0039   3.298047   3.298447   0.000444    34.1681    34.1692     6.1872    27.0133    27.0137    34.1698    27.0146    1476.95    1476.96     5.0208  1028.9974    34.3322 0.0000e+00
      17616 291.046111  -41.81882  -54.52190      0.947    1490.27    431.000    427.181     5.0704     5.0733     0.0030     5.0363     5.0392     0.0029   3.299901   3.300306   0.000372    34.1699    34.1712     6.1759    27.0130    27.0137    34.1748    27.0168    1477.04    1477.05     5.0362  1029.0039    34.3372 0.0000e+00
      17645 291.046125  -41.81880  -54.52190      0.891    1490.27    432.000    428.172     5.1014     5.1028     0.0014     5.0671     5.0685     0.0014   3.302903   3.303117   0.000222    34.1745    34.1756     6.1796    27.0131    27.0138    34.1771    27.0151    1477.18    1477.19     5.0670  1029.0065    34.3396 0.0000e+00
      17676 291.046139  -41.81880  -54.52190      0.760    1490.27    433.000    429.162     5.1052     5.1060     0.0008     5.0708     5.0716     0.0008   3.303452   3.303496   0.000071    34.1766    34.1766     6.1793    27.0143    27.0142    34.1791    27.0162    1477.22    1477.22     5.0707  1029.0121    34.3415 0.0000e+00
      17698 291.046150  -41.81880  -54.52190      0.918    1490.27    434.000    430.152     5.1013     5.1032     0.0019     5.0668     5.0687     0.0019   3.302873   3.302940   0.000114    34.1776    34.1770     6.1545    27.0156    27.0149    34.1759    27.0142    1477.21    1477.22     5.0667  1029.0147    34.3383 0.0000e+00
      17716 291.046159  -41.81880  -54.52190      1.144    1490.27    435.000    431.142     5.0248     5.0266     0.0018     4.9905     4.9923     0.0018   3.295401   3.295237  -0.000193    34.1770    34.1730     6.1441    27.0239    27.0204    34.1675    27.0163    1476.90    1476.91     4.9904  1029.0223    34.3299 0.0000e+00
      17733 291.046167  -41.81880  -54.52190      1.320    1490.27    436.000    432.132     4.9695     4.9640    -0.0054     4.9353     4.9299    -0.0054   3.289704   3.288991  -0.000611    34.1687    34.1672     6.1389    27.0236    27.0230    34.1579    27.0150    1476.68    1476.66     4.9352  1029.0262    34.3202 0.0000e+00
