Pos-Processados/process_op42/Processamento_split/down/doperantar42_021.cnv
* Sea-Bird SBE 9 Data File:
* FileName = C:\Users\Hidrografia\Desktop\OPXLII\Brutos\OP42021.hdr
* Software Version Seasave V 7.26.7.107
* Temperature SN = 6502
* Conductivity SN = 4998
* Number of Bytes Per Scan = 37
* Number of Voltage Words = 4
* Number of Scans Averaged by the Deck Unit = 1
* NMEA Latitude = 62 16.32 S
* NMEA Longitude = 058 25.69 W
* NMEA UTC (Time) = Nov 07 2023 20:05:24
* NMEA baud rate = 4800
** H41
** NPOALTEMAXIMIANO
** NUMERO DA ESTACAO (XXX) 021
** LAT (XX XX.XX S/N) 62 16.30 S
** LONG (XXX XX.XX W/E) 058 25.70 W
** DATAHORA (dd/mm/aaaa hh:mm Z) 07/11/2023 2004Z
** PROFUNDIDADE (m) 145
** OPERADOR CT FABIREZA
# nquan = 30
# nvalues = 167                         
# units = specified
# name 0 = scan: Scan Count
# name 1 = timeJ: Julian Days
# name 2 = latitude: Latitude [deg]
# name 3 = longitude: Longitude [deg]
# name 4 = dz/dtM: Descent Rate [m/s]
# name 5 = avgsvCM: Average Sound Velocity [Chen-Millero, m/s]
# name 6 = prDM: Pressure, Digiquartz [db]
# name 7 = depSM: Depth [salt water, m]
# name 8 = t090C: Temperature [ITS-90, deg C]
# name 9 = t190C: Temperature, 2 [ITS-90, deg C]
# name 10 = T2-T190C: Temperature Difference, 2 - 1 [ITS-90, deg C]
# name 11 = potemp090C: Potential Temperature [ITS-90, deg C]
# name 12 = potemp190C: Potential Temperature, 2 [ITS-90, deg C]
# name 13 = potemp90Cdiff: Potential Temperature, Diff, 2 - 1 [ITS-90, deg C]
# name 14 = c0S/m: Conductivity [S/m]
# name 15 = c1S/m: Conductivity, 2 [S/m]
# name 16 = C2-C1S/m: Conductivity Difference, 2 - 1 [S/m]
# name 17 = sal00: Salinity, Practical [PSU]
# name 18 = sal11: Salinity, Practical, 2 [PSU]
# name 19 = sbeox0ML/L: Oxygen, SBE 43 [ml/l]
# name 20 = sigma-é00: Density [sigma-theta, kg/m^3]
# name 21 = sigma-é11: Density, 2 [sigma-theta, kg/m^3]
# name 22 = sal00: Salinity, Practical [PSU]
# name 23 = sigma-é00: Density [sigma-theta, kg/m^3]
# name 24 = svCM: Sound Velocity [Chen-Millero, m/s]
# name 25 = svCM1: Sound Velocity, 2 [Chen-Millero, m/s]
# name 26 = gsw_ptA0: potential temperature [ITS-90, deg C]
# name 27 = gsw_densityA0: density, TEOS-10 [density, kg/m^3]
# name 28 = gsw_saA0: Absolute Salinity [g/kg]
# name 29 = flag:
# span 0 =       2468,      10147       
# span 1 = 311.838273, 311.841976       
# span 2 =  -62.27289,  -62.27227       
# span 3 =  -58.42719,  -58.42326       
# span 4 =      0.019,      1.090       
# span 5 =       0.00,    1446.75       
# span 6 =      3.000,    169.000       
# span 7 =      2.976,    167.306       
# span 8 =    -0.6365,    -0.5148       
# span 9 =    -0.6356,    -0.5140       
# span 10 =    -0.0010,     0.0047      
# span 11 =    -0.6379,    -0.5151      
# span 12 =    -0.6368,    -0.5144      
# span 13 =    -0.0010,     0.0047      
# span 14 =   2.799035,   2.815683      
# span 15 =   2.799027,   2.815581      
# span 16 =  -0.000199,   0.000203      
# span 17 =    34.2824,    34.3645      
# span 18 =    34.2824,    34.3635      
# span 19 =     6.8893,     7.6424      
# span 20 =    27.5521,    27.6210      
# span 21 =    27.5521,    27.6201      
# span 22 =    34.2831,    34.3645      
# span 23 =    27.5527,    27.6209      
# span 24 =    1445.67,    1448.39      
# span 25 =    1445.67,    1448.40      
# span 26 =    -0.6378,    -0.5151      
# span 27 =  1027.5728,  1028.4348      
# span 28 =    34.4475,    34.5330      
# span 29 = 0.0000e+00, 0.0000e+00      
# interval = decibars: 1                
# start_time = Nov 07 2023 20:05:24 [NMEA time, header]
# bad_flag = -9.990e-29
*END*
[from data line 146]
       7681 311.840787 -9.990e-29  -58.42462      0.532    1446.44    149.000    147.516    -0.5834    -0.5829     0.0006    -0.5880    -0.5875     0.0006   2.812564   2.812507  -0.000057    34.3532    34.3518     6.9862    27.6123    27.6111    34.3535    27.6125    1447.99    1447.99    -0.5879  1028.3258    34.5154 0.0000e+00
       7719 311.840805  -62.27272  -58.42461      0.615    1446.75    150.000    148.505    -0.5792    -0.5786     0.0007    -0.5839    -0.5832     0.0007   2.813115   2.813107  -0.000010    34.3548    34.3539     6.9680    27.6134    27.6126    34.3555    27.6140    1448.03    1448.03    -0.5838  1028.3327    34.5182 0.0000e+00
       7758 311.840824  -62.27272  -58.42458      0.620    1446.75    151.000    149.495    -0.5797    -0.5794     0.0004    -0.5844    -0.5840     0.0004   2.813092   2.813034  -0.000058    34.3549    34.3537     6.9742    27.6135    27.6125    34.3551    27.6137    1448.04    1448.04    -0.5843  1028.3407    34.5223 0.0000e+00
       7807 311.840848  -62.27272  -58.42455      0.491    1446.75    152.000    150.485    -0.5782    -0.5775     0.0007    -0.5830    -0.5822     0.0007   2.813380   2.813370  -0.000008    34.3562    34.3553     6.9649    27.6145    27.6137    34.3567    27.6149    1448.07    1448.07    -0.5828  1028.3467    34.5239 0.0000e+00
       7857 311.840872  -62.27272  -58.42452      0.481    1446.75    153.000    151.473    -0.5763    -0.5755     0.0008    -0.5810    -0.5802     0.0008   2.813857   2.813835  -0.000021    34.3600    34.3588     6.9631    27.6175    27.6165    34.3603    27.6177    1448.10    1448.10    -0.5810  1028.3543    34.5276 0.0000e+00
       7908 311.840897  -62.27273  -58.42449      0.462    1446.75    154.000    152.465    -0.5746    -0.5742     0.0004    -0.5794    -0.5789     0.0004   2.814123   2.814055  -0.000072    34.3610    34.3595     6.9517    27.6182    27.6170    34.3614    27.6185    1448.12    1448.13    -0.5793  1028.3599    34.5286 0.0000e+00
       7950 311.840917  -62.27272  -58.42446      0.562    1446.75    155.000    153.454    -0.5741    -0.5733     0.0008    -0.5789    -0.5781     0.0008   2.814302   2.814270  -0.000031    34.3622    34.3608     6.9281    27.6191    27.6180    34.3626    27.6195    1448.15    1448.15    -0.5788  1028.3656    34.5298 0.0000e+00
       7981 311.840932  -62.27274  -58.42446      0.731    1446.75    156.000    154.443    -0.5742    -0.5730     0.0012    -0.5790    -0.5778     0.0012   2.814397   2.814420   0.000023    34.3633    34.3622     6.9221    27.6201    27.6191    34.3633    27.6201    1448.16    1448.17    -0.5789  1028.3710    34.5306 0.0000e+00
       8011 311.840946  -62.27274  -58.42445      0.809    1446.75    157.000    155.433    -0.5753    -0.5745     0.0008    -0.5802    -0.5794     0.0008   2.814297   2.814290  -0.000008    34.3626    34.3616     6.9163    27.6195    27.6187    34.3627    27.6196    1448.17    1448.17    -0.5801  1028.3753    34.5300 0.0000e+00
       8091 311.840985  -62.27274  -58.42440      0.387    1446.75    158.000    156.422    -0.5746    -0.5739     0.0008    -0.5795    -0.5788     0.0008   2.814408   2.814390  -0.000018    34.3627    34.3615     6.9124    27.6196    27.6186    34.3628    27.6196    1448.19    1448.19    -0.5794  1028.3801    34.5300 0.0000e+00
       8226 311.841050  -62.27276  -58.42431      0.267    1446.75    159.000    157.413    -0.5725    -0.5720     0.0005    -0.5775    -0.5770     0.0005   2.814755   2.814706  -0.000050    34.3642    34.3630     6.9217    27.6208    27.6197    34.3645    27.6209    1448.22    1448.22    -0.5774  1028.3861    34.5318 0.0000e+00
       8284 311.841078  -62.27276  -58.42429      0.403    1446.75    160.000    158.400    -0.5769    -0.5750     0.0019    -0.5819    -0.5800     0.0019   2.813860   2.813999   0.000133    34.3575    34.3571     6.9053    27.6155    27.6151    34.3567    27.6149    1448.20    1448.21    -0.5818  1028.3849    34.5240 0.0000e+00
       8358 311.841114  -62.27276  -58.42425      0.303    1446.75    161.000    159.393    -0.5765    -0.5763     0.0003    -0.5815    -0.5813     0.0003   2.813786   2.813764  -0.000021    34.3545    34.3539     6.9325    27.6130    27.6126    34.3547    27.6132    1448.22    1448.22    -0.5814  1028.3880    34.5220 0.0000e+00
       8893 311.841371  -62.27281  -58.42395      0.185    1446.75    162.000    160.384    -0.5713    -0.5710     0.0003    -0.5763    -0.5761     0.0003   2.814774   2.814691  -0.000081    34.3614    34.3600     6.9281    27.6184    27.6173    34.3615    27.6185    1448.27    1448.27    -0.5762  1028.3980    34.5288 0.0000e+00
       9334 311.841584  -62.27284  -58.42371      0.297    1446.75    163.000    161.368    -0.5723    -0.5713     0.0010    -0.5774    -0.5764     0.0010   2.814957   2.814966   0.000011    34.3645    34.3635     6.8957    27.6210    27.6201    34.3645    27.6209    1448.29    1448.29    -0.5773  1028.4052    34.5318 0.0000e+00
       9467 311.841648  -62.27285  -58.42363      0.187    1446.75    164.000    162.364    -0.5742    -0.5725     0.0018    -0.5793    -0.5776     0.0017   2.814818   2.814906   0.000090    34.3642    34.3635     6.8900    27.6208    27.6201    34.3641    27.6208    1448.29    1448.30    -0.5792  1028.4098    34.5315 0.0000e+00
       9541 311.841684  -62.27286  -58.42359      0.370    1446.75    165.000    163.350    -0.5742    -0.5735     0.0007    -0.5793    -0.5787     0.0007   2.814880   2.814854  -0.000024    34.3643    34.3632     6.8899    27.6209    27.6200    34.3643    27.6209    1448.31    1448.31    -0.5792  1028.4147    34.5316 0.0000e+00
       9612 311.841718  -62.27286  -58.42355      0.320    1446.75    166.000    164.339    -0.5737    -0.5729     0.0007    -0.5789    -0.5781     0.0007   2.814970   2.814948  -0.000019    34.3644    34.3633     6.8958    27.6209    27.6200    34.3644    27.6209    1448.33    1448.33    -0.5788  1028.4195    34.5317 0.0000e+00
       9689 311.841755  -62.27286  -58.42351      0.324    1446.75    167.000    165.325    -0.5697    -0.5696     0.0001    -0.5749    -0.5749     0.0001   2.815360   2.815260  -0.000089    34.3641    34.3629     6.8979    27.6206    27.6195    34.3645    27.6208    1448.36    1448.36    -0.5748  1028.4241    34.5317 0.0000e+00
       9846 311.841831  -62.27288  -58.42342      0.125    1446.75    168.000    166.318    -0.5664    -0.5667    -0.0003    -0.5717    -0.5719    -0.0003   2.815683   2.815581  -0.000104    34.3644    34.3633     6.8893    27.6206    27.6197    34.3645    27.6207    1448.39    1448.39    -0.5716  1028.4264    34.5288 0.0000e+00
      10147 311.841976  -62.27289  -58.42326      0.019    1446.75    169.000    167.306    -0.5706    -0.5680     0.0026    -0.5759    -0.5733     0.0026   2.815345   2.815488   0.000144    34.3642    34.3632     6.8953    27.6206    27.6197    34.3640    27.6205    1448.39    1448.40    -0.5758  1028.4348    34.5330 0.0000e+00
