Pos-Processados/process_op42/Processamento_split/down/doperantar42_052.cnv
* Sea-Bird SBE 9 Data File:
* FileName = C:\Users\Hidrografia\Desktop\OPXLII\Brutos\OP42052.hdr
* Software Version Seasave V 7.26.7.107
* Temperature SN = 6502
* Conductivity SN = 4998
* Number of Bytes Per Scan = 37
* Number of Voltage Words = 4
* Number of Scans Averaged by the Deck Unit = 1
* NMEA Latitude = 62 08.45 S
* NMEA Longitude = 058 26.37 W
* NMEA UTC (Time) = Nov 10 2023 03:08:21
* NMEA baud rate = 4800
** H41
** NPOALTEMAXIMIANO
** NUMERO DA ESTACAO (XXX) 052
** LAT (XX XX.XX S/N) 62 08.443 S
** LONG (XXX XX.XX W/E) 058 26.408 W
** DATAHORA (dd/mm/aaaa hh:mm Z) 10/11/2023 0307Z
** PROFUNDIDADE (m) 424
** OPERADOR CT FABIREZA
# nquan = 30
# nvalues = 387                         
# units = specified
# name 0 = scan: Scan Count
# name 1 = timeJ: Julian Days
# name 2 = latitude: Latitude [deg]
# name 3 = longitude: Longitude [deg]
# name 4 = dz/dtM: Descent Rate [m/s]
# name 5 = avgsvCM: Average Sound Velocity [Chen-Millero, m/s]
# name 6 = prDM: Pressure, Digiquartz [db]
# name 7 = depSM: Depth [salt water, m]
# name 8 = t090C: Temperature [ITS-90, deg C]
# name 9 = t190C: Temperature, 2 [ITS-90, deg C]
# name 10 = T2-T190C: Temperature Difference, 2 - 1 [ITS-90, deg C]
# name 11 = potemp090C: Potential Temperature [ITS-90, deg C]
# name 12 = potemp190C: Potential Temperature, 2 [ITS-90, deg C]
# name 13 = potemp90Cdiff: Potential Temperature, Diff, 2 - 1 [ITS-90, deg C]
# name 14 = c0S/m: Conductivity [S/m]
# name 15 = c1S/m: Conductivity, 2 [S/m]
# name 16 = C2-C1S/m: Conductivity Difference, 2 - 1 [S/m]
# name 17 = sal00: Salinity, Practical [PSU]
# name 18 = sal11: Salinity, Practical, 2 [PSU]
# name 19 = sbeox0ML/L: Oxygen, SBE 43 [ml/l]
# name 20 = sigma-é00: Density [sigma-theta, kg/m^3]
# name 21 = sigma-é11: Density, 2 [sigma-theta, kg/m^3]
# name 22 = sal00: Salinity, Practical [PSU]
# name 23 = sigma-é00: Density [sigma-theta, kg/m^3]
# name 24 = svCM: Sound Velocity [Chen-Millero, m/s]
# name 25 = svCM1: Sound Velocity, 2 [Chen-Millero, m/s]
# name 26 = gsw_ptA0: potential temperature [ITS-90, deg C]
# name 27 = gsw_densityA0: density, TEOS-10 [density, kg/m^3]
# name 28 = gsw_saA0: Absolute Salinity [g/kg]
# name 29 = flag:
# span 0 =       4508,      16271       
# span 1 = 314.132972, 314.138645       
# span 2 =  -62.14389,  -62.14179       
# span 3 =  -58.43788,  -58.43307       
# span 4 =     -0.007,      1.014       
# span 5 =       0.00,    1448.28       
# span 6 =      2.000,    388.000       
# span 7 =      1.987,    383.914       
# span 8 =    -0.8046,    -0.5034       
# span 9 =    -0.8038,    -0.5027       
# span 10 =    -0.0037,     0.0045      
# span 11 =    -0.8117,    -0.5166      
# span 12 =    -0.8109,    -0.5159      
# span 13 =    -0.0036,     0.0045      
# span 14 =   2.792896,   2.835155      
# span 15 =   2.792886,   2.835168      
# span 16 =  -0.000589,   0.000245      
# span 17 =    34.2727,    34.4206      
# span 18 =    34.2724,    34.4200      
# span 19 =     6.5830,     7.6589      
# span 20 =    27.5463,    27.6636      
# span 21 =    27.5460,    27.6632      
# span 22 =    34.2729,    34.4207      
# span 23 =    27.5465,    27.6637      
# span 24 =    1445.57,    1452.35      
# span 25 =    1445.57,    1452.35      
# span 26 =    -0.8115,    -0.5163      
# span 27 =  1027.5599,  1029.5170      
# span 28 =    34.4345,    34.5882      
# span 29 = 0.0000e+00, 0.0000e+00      
# interval = decibars: 1                
# start_time = Nov 10 2023 03:08:21 [NMEA time, header]
# bad_flag = -9.990e-29
*END*
       4508 314.132972  -62.14179  -58.43788     -0.007       0.00      2.000      1.987    -0.5681    -0.5673     0.0007    -0.5681    -0.5674     0.0007   2.801171   2.801165  -0.000012    34.2735    34.2725     7.6149    27.5470    27.5461    34.2735    27.5469    1445.57    1445.57    -0.5682  1027.5599    34.4374 0.0000e+00
       4722 314.133075 -9.990e-29  -58.43780      0.422       0.00      3.000      2.974    -0.5691    -0.5682     0.0009    -0.5692    -0.5683     0.0009   2.801149   2.801159   0.000014    34.2737    34.2729     7.6260    27.5471    27.5464    34.2737    27.5472    1445.58    1445.58    -0.5692  1027.5631    34.4354 0.0000e+00
       4763 314.133095  -62.14186  -58.43779      0.608       0.00      4.000      3.962    -0.5693    -0.5684     0.0009    -0.5694    -0.5685     0.0009   2.801188   2.801196   0.000006    34.2738    34.2729     7.6359    27.5472    27.5464    34.2738    27.5472    1445.60    1445.60    -0.5694  1027.5690    34.4368 0.0000e+00
       4798 314.133112  -62.14186  -58.43778      0.655 1.1805e-18      5.000      4.952    -0.5693    -0.5683     0.0009    -0.5694    -0.5685     0.0009   2.801256   2.801251  -0.000003    34.2740    34.2730     7.6317    27.5474    27.5465    34.2741    27.5474    1445.61    1445.62    -0.5694  1027.5759    34.4395 0.0000e+00
       4828 314.133127  -62.14186  -58.43776      0.772       0.16      6.000      5.942    -0.5695    -0.5686     0.0008    -0.5696    -0.5688     0.0008   2.801290   2.801282  -0.000011    34.2742    34.2731     7.6589    27.5475    27.5466    34.2742    27.5475    1445.63    1445.63    -0.5697  1027.5808    34.4395 0.0000e+00
       4861 314.133142  -62.14186  -58.43775      0.769      -0.00      7.000      6.933    -0.5694    -0.5687     0.0008    -0.5696    -0.5689     0.0008   2.801328   2.801323   0.000003    34.2739    34.2731     7.6447    27.5473    27.5466    34.2740    27.5474    1445.64    1445.65    -0.5696  1027.5845    34.4383 0.0000e+00
       4895 314.133159 -9.990e-29  -58.43774      0.698 8.8456e-46      8.000      7.923    -0.5694    -0.5686     0.0008    -0.5696    -0.5688     0.0008   2.801390   2.801384  -0.000012    34.2742    34.2731     7.6310    27.5475    27.5466    34.2742    27.5475    1445.66    1445.66    -0.5696  1027.5873    34.4358 0.0000e+00
       4925 314.133173 -9.990e-29  -58.43774      0.759 1.3458e-25      9.000      8.913    -0.5694    -0.5687     0.0008    -0.5697    -0.5689     0.0008   2.801336   2.801410   0.000088    34.2727    34.2730     7.6330    27.5463    27.5465    34.2729    27.5465    1445.67    1445.68    -0.5697  1027.5911    34.4345 0.0000e+00
       4952 314.133186 -9.990e-29  -58.43772      0.869 1.8071e-08     10.000      9.904    -0.5690    -0.5682     0.0007    -0.5693    -0.5685     0.0007   2.801524   2.801496  -0.000022    34.2741    34.2730     7.6321    27.5475    27.5465    34.2743    27.5476    1445.69    1445.70    -0.5693  1027.5970    34.4359 0.0000e+00
       4978 314.133199  -62.14190  -58.43772      0.909       0.08     11.000     10.894    -0.5689    -0.5679     0.0009    -0.5692    -0.5683     0.0009   2.801559   2.801557  -0.000003    34.2739    34.2729     7.6428    27.5473    27.5464    34.2740    27.5474    1445.71    1445.72    -0.5692  1027.6042    34.4389 0.0000e+00
       5009 314.133214  -62.14190  -58.43770      0.829       0.00     12.000     11.884    -0.5690    -0.5682     0.0008    -0.5694    -0.5686     0.0008   2.801593   2.801585  -0.000010    34.2740    34.2729     7.6285    27.5474    27.5465    34.2740    27.5474    1445.73    1445.73    -0.5694  1027.6093    34.4393 0.0000e+00
       5043 314.133230  -62.14190  -58.43769      0.714 1.1158e-35     13.000     12.875    -0.5692    -0.5682     0.0010    -0.5696    -0.5686     0.0010   2.801631   2.801636   0.000004    34.2741    34.2731     7.6302    27.5475    27.5466    34.2741    27.5475    1445.74    1445.75    -0.5696  1027.6142    34.4394 0.0000e+00
       5075 314.133246  -62.14192  -58.43768      0.728 1.4005e-12     14.000     13.865    -0.5693    -0.5683     0.0010    -0.5697    -0.5687     0.0010   2.801657   2.801635  -0.000013    34.2739    34.2726     7.6381    27.5473    27.5462    34.2740    27.5474    1445.76    1445.76    -0.5697  1027.6188    34.4392 0.0000e+00
       5104 314.133260  -62.14192  -58.43767      0.801       0.23     15.000     14.856    -0.5685    -0.5692    -0.0007    -0.5689    -0.5696    -0.0007   2.801775   2.801647  -0.000127    34.2738    34.2728     7.6357    27.5472    27.5464    34.2740    27.5473    1445.78    1445.77    -0.5689  1027.6236    34.4392 0.0000e+00
       5131 314.133273  -62.14192  -58.43766      0.864       0.00     16.000     15.846    -0.5686    -0.5671     0.0015    -0.5691    -0.5676     0.0015   2.801795   2.801819   0.000021    34.2738    34.2724     7.6346    27.5472    27.5460    34.2737    27.5472    1445.79    1445.80    -0.5691  1027.6282    34.4390 0.0000e+00
       5159 314.133286  -62.14192  -58.43765      0.872 8.5648e-51     17.000     16.836    -0.5707    -0.5704     0.0002    -0.5712    -0.5709     0.0002   2.801670   2.801613  -0.000047    34.2741    34.2732     7.6356    27.5475    27.5468    34.2738    27.5473    1445.80    1445.80    -0.5712  1027.6325    34.4382 0.0000e+00
       5188 314.133300 -9.990e-29  -58.43764      0.841 3.1397e-29     18.000     17.827    -0.5750    -0.5747     0.0003    -0.5755    -0.5752     0.0003   2.801389   2.801345  -0.000045    34.2746    34.2736     7.6296    27.5481    27.5473    34.2743    27.5478    1445.80    1445.80    -0.5755  1027.6355    34.4359 0.0000e+00
       5217 314.133314 -9.990e-29  -58.43762      0.830 2.2148e-08     19.000     18.817    -0.5746    -0.5738     0.0008    -0.5752    -0.5744     0.0008   2.801479   2.801470  -0.000015    34.2745    34.2733     7.6221    27.5480    27.5470    34.2745    27.5480    1445.82    1445.82    -0.5752  1027.6405    34.4361 0.0000e+00
       5243 314.133327 -9.990e-29  -58.43762      0.873     775.73     20.000     19.807    -0.5781    -0.5771     0.0009    -0.5787    -0.5777     0.0009   2.801267   2.801265  -0.000007    34.2756    34.2744     7.6254    27.5490    27.5481    34.2749    27.5485    1445.81    1445.82    -0.5787  1027.6458    34.4365 0.0000e+00
       5269 314.133339  -62.14195  -58.43761      0.926    1443.91     21.000     20.797    -0.5775    -0.5767     0.0008    -0.5782    -0.5773     0.0008   2.801380   2.801372  -0.000013    34.2751    34.2740     7.6280    27.5486    27.5477    34.2752    27.5487    1445.84    1445.84    -0.5781  1027.6523    34.4388 0.0000e+00
       5295 314.133352  -62.14196  -58.43760      0.939    1445.81     22.000     21.788    -0.5801    -0.5790     0.0011    -0.5807    -0.5797     0.0011   2.801251   2.801237  -0.000009    34.2762    34.2749     7.6351    27.5496    27.5485    34.2757    27.5493    1445.84    1445.84    -0.5807  1027.6589    34.4409 0.0000e+00
       5322 314.133365  -62.14196  -58.43759      0.892    1445.81     23.000     22.778    -0.5793    -0.5787     0.0006    -0.5800    -0.5794     0.0006   2.801355   2.801330  -0.000021    34.2756    34.2746     7.6164    27.5491    27.5483    34.2756    27.5491    1445.86    1445.86    -0.5800  1027.6636    34.4408 0.0000e+00
       5352 314.133379  -62.14196  -58.43758      0.826    1445.81     24.000     23.768    -0.5775    -0.5769     0.0006    -0.5782    -0.5776     0.0006   2.801536   2.801514  -0.000029    34.2755    34.2744     7.6195    27.5489    27.5481    34.2753    27.5489    1445.88    1445.89    -0.5782  1027.6681    34.4406 0.0000e+00
       5380 314.133393  -62.14197  -58.43758      0.829    1445.81     25.000     24.759    -0.5794    -0.5785     0.0009    -0.5801    -0.5792     0.0009   2.801422   2.801401  -0.000018    34.2756    34.2743     7.6287    27.5491    27.5481    34.2753    27.5489    1445.89    1445.89    -0.5801  1027.6702    34.4371 0.0000e+00
       5406 314.133405 -9.990e-29  -58.43756      0.896    1445.81     26.000     25.749    -0.5794    -0.5785     0.0009    -0.5802    -0.5793     0.0009   2.801469   2.801447  -0.000022    34.2756    34.2742     7.6260    27.5491    27.5480    34.2754    27.5490    1445.91    1445.91    -0.5802  1027.6750    34.4371 0.0000e+00
       5431 314.133417 -9.990e-29  -58.43756      0.951    1445.81     27.000     26.739    -0.5797    -0.5787     0.0010    -0.5805    -0.5795     0.0010   2.801494   2.801482  -0.000014    34.2755    34.2742     7.6254    27.5491    27.5480    34.2754    27.5490    1445.92    1445.93    -0.5805  1027.6798    34.4371 0.0000e+00
       5456 314.133429  -62.14198  -58.43754      0.961    1445.81     28.000     27.730    -0.5805    -0.5794     0.0011    -0.5813    -0.5802     0.0011   2.801476   2.801474   0.000006    34.2754    34.2743     7.6253    27.5490    27.5481    34.2754    27.5491    1445.94    1445.94    -0.5813  1027.6848    34.4373 0.0000e+00
       5486 314.133444  -62.14199  -58.43753      0.854    1445.81     29.000     28.720    -0.5795    -0.5788     0.0007    -0.5804    -0.5797     0.0007   2.801588   2.801555  -0.000036    34.2753    34.2740     7.6208    27.5489    27.5479    34.2753    27.5489    1445.96    1445.96    -0.5803  1027.6921    34.4406 0.0000e+00
       5518 314.133459  -62.14200  -58.43752      0.747    1445.81     30.000     29.710    -0.5794    -0.5785     0.0009    -0.5803    -0.5794     0.0009   2.801636   2.801622  -0.000014    34.2752    34.2740     7.6223    27.5488    27.5478    34.2751    27.5488    1445.97    1445.97    -0.5803  1027.6968    34.4404 0.0000e+00
       5546 314.133473  -62.14200  -58.43752      0.819    1445.81     31.000     30.700    -0.5794    -0.5787     0.0007    -0.5803    -0.5796     0.0007   2.801713   2.801684  -0.000023    34.2755    34.2744     7.6142    27.5490    27.5481    34.2756    27.5491    1445.99    1445.99    -0.5803  1027.7019    34.4409 0.0000e+00
       5572 314.133485  -62.14200  -58.43750      0.899    1445.81     32.000     31.691    -0.5799    -0.5792     0.0007    -0.5809    -0.5801     0.0007   2.801716   2.801702  -0.000022    34.2758    34.2747     7.6180    27.5494    27.5484    34.2756    27.5492    1446.00    1446.01    -0.5808  1027.7068    34.4409 0.0000e+00
       5598 314.133498  -62.14200  -58.43750      0.933    1445.81     33.000     32.681    -0.5814    -0.5805     0.0009    -0.5824    -0.5815     0.0009   2.801671   2.801631  -0.000034    34.2760    34.2745     7.6246    27.5496    27.5484    34.2760    27.5496    1446.01    1446.01    -0.5824  1027.7120    34.4413 0.0000e+00
       5625 314.133511  -62.14202  -58.43748      0.906    1445.81     34.000     33.671    -0.5813    -0.5808     0.0005    -0.5823    -0.5818     0.0005   2.801693   2.801651  -0.000040    34.2756    34.2745     7.6247    27.5493    27.5483    34.2756    27.5492    1446.03    1446.03    -0.5823  1027.7164    34.4409 0.0000e+00
       5653 314.133524  -62.14202  -58.43747      0.863    1445.81     35.000     34.661    -0.5819    -0.5811     0.0008    -0.5830    -0.5822     0.0008   2.801699   2.801678  -0.000022    34.2759    34.2747     7.6156    27.5495    27.5485    34.2758    27.5494    1446.04    1446.05    -0.5829  1027.7214    34.4411 0.0000e+00
       5681 314.133538  -62.14202  -58.43746      0.856    1445.81     36.000     35.652    -0.5841    -0.5830     0.0011    -0.5851    -0.5841     0.0011   2.801627   2.801604  -0.000028    34.2768    34.2753     7.6122    27.5504    27.5490    34.2766    27.5502    1446.05    1446.05    -0.5851  1027.7269    34.4419 0.0000e+00
       5707 314.133550  -62.14203  -58.43746      0.891    1445.81     37.000     36.642    -0.5829    -0.5822     0.0008    -0.5840    -0.5833     0.0008   2.801746   2.801713  -0.000029    34.2762    34.2750     7.6112    27.5498    27.5487    34.2763    27.5499    1446.07    1446.07    -0.5840  1027.7314    34.4417 0.0000e+00
       5730 314.133562  -62.14204  -58.43745      0.985    1445.81     38.000     37.632    -0.5842    -0.5829     0.0013    -0.5853    -0.5840     0.0013   2.801708   2.801704  -0.000007    34.2769    34.2753     7.6164    27.5504    27.5491    34.2766    27.5502    1446.08    1446.09    -0.5853  1027.7365    34.4420 0.0000e+00
       5756 314.133574  -62.14204  -58.43744      0.982    1445.81     39.000     38.622    -0.5847    -0.5837     0.0010    -0.5859    -0.5848     0.0010   2.801706   2.801700  -0.000009    34.2766    34.2754     7.6226    27.5502    27.5491    34.2766    27.5502    1446.10    1446.10    -0.5858  1027.7413    34.4420 0.0000e+00
       5787 314.133589  -62.14204  -58.43742      0.800    1445.81     40.000     39.612    -0.5852    -0.5843     0.0009    -0.5864    -0.5855     0.0009   2.801703   2.801695  -0.000009    34.2766    34.2754     7.6280    27.5502    27.5492    34.2765    27.5501    1446.11    1446.11    -0.5864  1027.7461    34.4419 0.0000e+00
       5820 314.133605  -62.14205  -58.43742      0.733    1445.81     41.000     40.603    -0.5842    -0.5835     0.0007    -0.5855    -0.5847     0.0007   2.801815   2.801799  -0.000017    34.2762    34.2752     7.6221    27.5499    27.5490    34.2762    27.5499    1446.13    1446.13    -0.5854  1027.7506    34.4417 0.0000e+00
       5850 314.133619  -62.14206  -58.43741      0.769    1445.81     42.000     41.593    -0.5848    -0.5841     0.0007    -0.5860    -0.5854     0.0007   2.801851   2.801832  -0.000015    34.2767    34.2757     7.6326    27.5502    27.5494    34.2767    27.5503    1446.14    1446.15    -0.5860  1027.7558    34.4421 0.0000e+00
       5877 314.133632  -62.14206  -58.43740      0.877    1445.81     43.000     42.583    -0.5835    -0.5828     0.0007    -0.5847    -0.5841     0.0007   2.801972   2.801954  -0.000017    34.2761    34.2751     7.6351    27.5498    27.5489    34.2762    27.5498    1446.17    1446.17    -0.5847  1027.7602    34.4417 0.0000e+00
       5902 314.133645  -62.14206  -58.43739      0.925    1445.81     44.000     43.573    -0.5856    -0.5844     0.0012    -0.5869    -0.5857     0.0012   2.801905   2.801887  -0.000018    34.2774    34.2758     7.6243    27.5509    27.5495    34.2771    27.5506    1446.17    1446.17    -0.5869  1027.7658    34.4426 0.0000e+00
       5931 314.133658  -62.14208  -58.43738      0.881    1445.81     45.000     44.563    -0.5885    -0.5879     0.0005    -0.5898    -0.5893     0.0005   2.801736   2.801691  -0.000042    34.2777    34.2765     7.6255    27.5513    27.5503    34.2775    27.5511    1446.18    1446.18    -0.5898  1027.7710    34.4430 0.0000e+00
       5961 314.133673  -62.14208  -58.43736      0.804    1445.81     46.000     45.554    -0.5918    -0.5910     0.0008    -0.5931    -0.5924     0.0008   2.801534   2.801491  -0.000042    34.2782    34.2768     7.6196    27.5518    27.5506    34.2779    27.5516    1446.18    1446.18    -0.5931  1027.7763    34.4434 0.0000e+00
       5990 314.133687  -62.14208  -58.43735      0.816    1445.81     47.000     46.544    -0.5897    -0.5882     0.0014    -0.5911    -0.5896     0.0014   2.801738   2.801746   0.000008    34.2776    34.2761     7.6136    27.5513    27.5500    34.2776    27.5512    1446.20    1446.21    -0.5911  1027.7807    34.4431 0.0000e+00
       6017 314.133700  -62.14208  -58.43734      0.872    1445.81     48.000     47.534    -0.5920    -0.5914     0.0006    -0.5934    -0.5929     0.0006   2.801615   2.801564  -0.000051    34.2783    34.2769     7.6256    27.5519    27.5508    34.2780    27.5517    1446.21    1446.21    -0.5934  1027.7860    34.4435 0.0000e+00
       6043 314.133712  -62.14209  -58.43734      0.903    1445.81     49.000     48.524    -0.5914    -0.5907     0.0008    -0.5929    -0.5921     0.0008   2.801693   2.801657  -0.000037    34.2779    34.2765     7.6275    27.5515    27.5504    34.2778    27.5514    1446.23    1446.23    -0.5928  1027.7905    34.4433 0.0000e+00
