Pos-Processados/process_op42/Processamento_split/down/doperantar42_007.cnv
* Sea-Bird SBE 9 Data File:
* FileName = C:\Users\Hidrografia\Desktop\OPXLII\Brutos\OP42006.hdr
* Software Version Seasave V 7.26.7.107
* Temperature SN = 6502
* Conductivity SN = 4998
* Number of Bytes Per Scan = 31
* Number of Voltage Words = 2
* Number of Scans Averaged by the Deck Unit = 1
* NMEA Latitude = 41 49.29 S
* NMEA Longitude = 054 31.41 W
* NMEA UTC (Time) = Oct 18 2023 00:54:10
* NMEA baud rate = 4800
** H41
** NPOALTEMAXIMIANO
** NUMERO DA ESTACAO (XXX) 006
** LAT (XX XX.XX S/N) 41 49.31 S
** LONG (XXX XX.XX W/E) 054 31.42 W
** DATAHORA (dd/mm/aaaa hh:mm Z) 17/10/2023 0025Z
** PROFUNDIDADE (m) 5071
** OPERADOR CT FILIPE LOPES
# nquan = 30
# nvalues = 1015                        
# units = specified
# name 0 = scan: Scan Count
# name 1 = timeJ: Julian Days
# name 2 = latitude: Latitude [deg]
# name 3 = longitude: Longitude [deg]
# name 4 = dz/dtM: Descent Rate [m/s]
# name 5 = avgsvCM: Average Sound Velocity [Chen-Millero, m/s]
# name 6 = prDM: Pressure, Digiquartz [db]
# name 7 = depSM: Depth [salt water, m]
# name 8 = t090C: Temperature [ITS-90, deg C]
# name 9 = t190C: Temperature, 2 [ITS-90, deg C]
# name 10 = T2-T190C: Temperature Difference, 2 - 1 [ITS-90, deg C]
# name 11 = potemp090C: Potential Temperature [ITS-90, deg C]
# name 12 = potemp190C: Potential Temperature, 2 [ITS-90, deg C]
# name 13 = potemp90Cdiff: Potential Temperature, Diff, 2 - 1 [ITS-90, deg C]
# name 14 = c0S/m: Conductivity [S/m]
# name 15 = c1S/m: Conductivity, 2 [S/m]
# name 16 = C2-C1S/m: Conductivity Difference, 2 - 1 [S/m]
# name 17 = sal00: Salinity, Practical [PSU]
# name 18 = sal11: Salinity, Practical, 2 [PSU]
# name 19 = sbeox0ML/L: Oxygen, SBE 43 [ml/l]
# name 20 = sigma-é00: Density [sigma-theta, kg/m^3]
# name 21 = sigma-é11: Density, 2 [sigma-theta, kg/m^3]
# name 22 = sal00: Salinity, Practical [PSU]
# name 23 = sigma-é00: Density [sigma-theta, kg/m^3]
# name 24 = svCM: Sound Velocity [Chen-Millero, m/s]
# name 25 = svCM1: Sound Velocity, 2 [Chen-Millero, m/s]
# name 26 = gsw_ptA0: potential temperature [ITS-90, deg C]
# name 27 = gsw_densityA0: density, TEOS-10 [density, kg/m^3]
# name 28 = gsw_saA0: Absolute Salinity [g/kg]
# name 29 = flag:
# span 0 =       5829,      33500       
# span 1 = 291.040426, 291.053771       
# span 2 =  -41.82056,  -41.81616       
# span 3 =  -54.52299,  -54.52039       
# span 4 =     -0.093,      1.484       
# span 5 =       0.00,    1502.65       
# span 6 =      2.000,   1016.000       
# span 7 =      2.019,   1005.581       
# span 8 =     3.0698,    13.5553       
# span 9 =     3.0706,    13.5547       
# span 10 =    -0.0222,     0.1456      
# span 11 =     3.0038,    13.5491      
# span 12 =     3.0046,    13.5482      
# span 13 =    -0.0221,     0.1454      
# span 14 =   3.155142,   4.186066      
# span 15 =   3.155159,   4.186218      
# span 16 =  -0.002992,   0.009261      
# span 17 =    34.1191,    35.3186      
# span 18 =    34.1214,    35.3190      
# span 19 =     4.6816,     6.4864      
# span 20 =    26.5266,    27.3265      
# span 21 =    26.5277,    27.3263      
# span 22 =    34.1140,    35.3189      
# span 23 =    26.5247,    27.3264      
# span 24 =    1475.77,    1503.20      
# span 25 =    1475.77,    1503.20      
# span 26 =     3.0037,    13.5491      
# span 27 =  1026.5452,  1032.0304      
# span 28 =    34.2756,    35.4858      
# span 29 = 0.0000e+00, 0.0000e+00      
# interval = decibars: 1                
# start_time = Oct 18 2023 00:54:10 [NMEA time, header]
# bad_flag = -9.990e-29
*END*
       5829 291.040426 -9.990e-29  -54.52299     -0.093       0.00      2.000      2.019    13.5242    13.5251     0.0008    13.5239    13.5247     0.0008   4.180867   4.180911   0.000003    35.3150    35.3142     5.7770    26.5300    26.5293    35.3154    26.5303    1502.33    1502.34    13.5240  1026.5452    35.4848 0.0000e+00
       6342 291.040674  -41.82056  -54.52293      0.110       0.00      3.000      2.976    13.5231    13.5243     0.0013    13.5226    13.5239     0.0013   4.180565   4.180841   0.000230    35.3136    35.3146     5.7791    26.5292    26.5298    35.3131    26.5289    1502.34    1502.34    13.5226  1026.5471    35.4810 0.0000e+00
       6463 291.040732  -41.82052  -54.52292      0.435       0.00      4.000      3.972    13.5232    13.5243     0.0011    13.5227    13.5237     0.0011   4.180756   4.180938   0.000188    35.3144    35.3152     5.7690    26.5299    26.5303    35.3143    26.5298    1502.36    1502.36    13.5227  1026.5515    35.4811 0.0000e+00
       6485 291.040743  -41.82052  -54.52292      0.786       0.00      5.000      4.961    13.5228    13.5238     0.0010    13.5221    13.5231     0.0010   4.180713   4.180910   0.000195    35.3139    35.3148     5.7624    26.5296    26.5301    35.3139    26.5296    1502.37    1502.38    13.5221  1026.5557    35.4807 0.0000e+00
       6514 291.040757  -41.82052  -54.52292      0.854       0.00      6.000      5.953    13.5230    13.5237     0.0007    13.5221    13.5228     0.0007   4.180777   4.180928   0.000157    35.3138    35.3147     5.7631    26.5296    26.5301    35.3139    26.5296    1502.39    1502.39    13.5221  1026.5602    35.4807 0.0000e+00
       6547 291.040773  -41.82051  -54.52291      0.766       0.00      7.000      6.944    13.5230    13.5239     0.0009    13.5221    13.5229     0.0009   4.180811   4.180995   0.000181    35.3138    35.3147     5.7553    26.5295    26.5300    35.3138    26.5295    1502.41    1502.41    13.5221  1026.5645    35.4805 0.0000e+00
       6592 291.040794  -41.82050  -54.52290      0.520 2.5721e-08      8.000      7.939    13.5235    13.5243     0.0008    13.5224    13.5232     0.0008   4.180908   4.181083   0.000178    35.3137    35.3147     5.7640    26.5294    26.5300    35.3138    26.5295    1502.42    1502.43    13.5224  1026.5689    35.4806 0.0000e+00
       6629 291.040812  -41.82050  -54.52290      0.630       0.15      9.000      8.929    13.5235    13.5245     0.0011    13.5222    13.5233     0.0011   4.180951   4.181142   0.000195    35.3138    35.3147     5.7602    26.5295    26.5299    35.3138    26.5295    1502.44    1502.45    13.5222  1026.5734    35.4806 0.0000e+00
       6663 291.040829  -41.82050 -9.990e-29      0.707       0.01     10.000      9.922    13.5244    13.5253     0.0009    13.5230    13.5238     0.0009   4.181082   4.181277   0.000189    35.3137    35.3146     5.7498    26.5293    26.5298    35.3138    26.5294    1502.46    1502.46    13.5230  1026.5776    35.4805 0.0000e+00
       6705 291.040849  -41.82048 -9.990e-29      0.570 1.5643e-23     11.000     10.914    13.5284    13.5303     0.0019    13.5268    13.5287     0.0019   4.181563   4.181858   0.000279    35.3140    35.3148     5.7553    26.5287    26.5289    35.3142    26.5289    1502.49    1502.50    13.5268  1026.5816    35.4809 0.0000e+00
       6741 291.040866  -41.82048  -54.52288      0.628       0.08     12.000     11.906    13.5284    13.5331     0.0047    13.5267    13.5314     0.0047   4.181604   4.182197   0.000583    35.3141    35.3152     5.7404    26.5288    26.5287    35.3142    26.5289    1502.51    1502.53    13.5267  1026.5860    35.4809 0.0000e+00
       6767 291.040879  -41.82048  -54.52288      0.842       0.00     13.000     12.898    13.5287    13.5303     0.0016    13.5269    13.5285     0.0016   4.181687   4.181959   0.000294    35.3141    35.3154     5.7516    26.5287    26.5294    35.3142    26.5288    1502.52    1502.53    13.5269  1026.5904    35.4809 0.0000e+00
       6798 291.040893  -41.82048  -54.52288      0.857 1.2830e-53     14.000     13.890    13.5285    13.5292     0.0007    13.5265    13.5273     0.0007   4.181699   4.181870   0.000180    35.3140    35.3151     5.7636    26.5288    26.5294    35.3141    26.5288    1502.54    1502.54    13.5266  1026.5949    35.4808 0.0000e+00
       6849 291.040918  -41.82046  -54.52288      0.434 1.5950e-13     15.000     14.882    13.5285    13.5290     0.0005    13.5264    13.5269     0.0005   4.181714   4.181857   0.000146    35.3137    35.3146     5.7744    26.5286    26.5292    35.3138    26.5286    1502.56    1502.56    13.5264  1026.5991    35.4805 0.0000e+00
       6890 291.040938  -41.82046  -54.52287      0.555       0.24     16.000     15.874    13.5279    13.5296     0.0017    13.5256    13.5274     0.0017   4.181685   4.181898   0.000212    35.3135    35.3139     5.7623    26.5285    26.5285    35.3137    26.5287    1502.57    1502.58    13.5256  1026.6036    35.4804 0.0000e+00
       6916 291.040951  -41.82046  -54.52286      0.840      -0.00     17.000     16.866    13.5325    13.5337     0.0012    13.5301    13.5313     0.0012   4.182230   4.182461   0.000226    35.3139    35.3149     5.7599    26.5280    26.5285    35.3142    26.5282    1502.60    1502.61    13.5301  1026.6075    35.4809 0.0000e+00
       6944 291.040964  -41.82046  -54.52286      0.889 3.7010e-47     18.000     17.858    13.5287    13.5295     0.0008    13.5262    13.5269     0.0008   4.181839   4.181986   0.000165    35.3137    35.3145     5.7798    26.5286    26.5291    35.3136    26.5285    1502.61    1502.61    13.5262  1026.6122    35.4803 0.0000e+00
       6987 291.040985  -41.82044  -54.52286      0.569 2.6708e-12     19.000     18.850    13.5296    13.5306     0.0010    13.5269    13.5279     0.0010   4.182063   4.182288   0.000216    35.3142    35.3152     5.7900    26.5288    26.5294    35.3144    26.5290    1502.63    1502.63    13.5269  1026.6172    35.4812 0.0000e+00
       7026 291.041004  -41.82044  -54.52286      0.589     351.02     20.000     19.842    13.5325    13.5335     0.0010    13.5297    13.5307     0.0010   4.182503   4.182711   0.000248    35.3149    35.3163     5.7769    26.5288    26.5297    35.3155    26.5293    1502.65    1502.66    13.5296  1026.6219    35.4823 0.0000e+00
       7052 291.041016 -9.990e-29  -54.52286      0.811    1502.60     21.000     20.834    13.5460    13.5435    -0.0025    13.5430    13.5406    -0.0025   4.184203   4.183993  -0.000225    35.3173    35.3175     5.7669    26.5279    26.5285    35.3186    26.5289    1502.72    1502.71    13.5430  1026.6261    35.4856 0.0000e+00
       7076 291.041028 -9.990e-29  -54.52285      0.973    1502.65     22.000     21.827    13.5484    13.5476    -0.0008    13.5453    13.5445    -0.0008   4.184506   4.184493  -0.000032    35.3186    35.3190     5.7545    26.5284    26.5289    35.3188    26.5286    1502.74    1502.74    13.5453  1026.6302    35.4858 0.0000e+00
       7104 291.041041 -9.990e-29  -54.52284      0.926    1502.65     23.000     22.819    13.5457    13.5460     0.0003    13.5425    13.5427     0.0003   4.184272   4.184341   0.000069    35.3185    35.3189     5.7618    26.5289    26.5292    35.3186    26.5291    1502.75    1502.75    13.5425  1026.6351    35.4856 0.0000e+00
       7139 291.041058  -41.82042  -54.52284      0.719    1502.65     24.000     23.811    13.5449    13.5466     0.0017    13.5415    13.5432     0.0017   4.184206   4.184439   0.000249    35.3180    35.3188     5.7684    26.5287    26.5290    35.3183    26.5290    1502.76    1502.77    13.5416  1026.6393    35.4851 0.0000e+00
       7172 291.041074  -41.82042  -54.52284      0.688    1502.65     25.000     24.803    13.5470    13.5476     0.0007    13.5435    13.5441     0.0007   4.184450   4.184597   0.000141    35.3180    35.3187     5.7662    26.5284    26.5288    35.3183    26.5286    1502.79    1502.79    13.5435  1026.6433    35.4850 0.0000e+00
       7199 291.041087  -41.82041  -54.52284      0.835    1502.65     26.000     25.795    13.5483    13.5468    -0.0015    13.5447    13.5431    -0.0015   4.184689   4.184616  -0.000148    35.3185    35.3185     5.7773    26.5285    26.5288    35.3189    26.5288    1502.81    1502.81    13.5446  1026.6479    35.4856 0.0000e+00
       7225 291.041099  -41.82040  -54.52284      0.938    1502.65     27.000     26.787    13.5395    13.5424     0.0029    13.5357    13.5386     0.0029   4.183653   4.183976   0.000352    35.3175    35.3181     5.7676    26.5296    26.5295    35.3168    26.5290    1502.79    1502.81    13.5357  1026.6526    35.4835 0.0000e+00
       7254 291.041113  -41.82040 -9.990e-29      0.869    1502.65     28.000     27.779    13.5373    13.5387     0.0014    13.5333    13.5347     0.0014   4.183463   4.183688   0.000221    35.3165    35.3173     5.7628    26.5292    26.5296    35.3167    26.5294    1502.80    1502.81    13.5333  1026.6574    35.4834 0.0000e+00
       7286 291.041129  -41.82040 -9.990e-29      0.747    1502.65     29.000     28.771    13.5481    13.5490     0.0008    13.5440    13.5449     0.0008   4.184564   4.184809   0.000254    35.3159    35.3176     5.7671    26.5266    26.5277    35.3166    26.5272    1502.86    1502.86    13.5440  1026.6595    35.4833 0.0000e+00
       7315 291.041143  -41.82040 -9.990e-29      0.793    1502.65     30.000     29.763    13.5464    13.5472     0.0008    13.5422    13.5429     0.0008   4.184458   4.184610   0.000162    35.3170    35.3178     5.7720    26.5278    26.5283    35.3168    26.5277    1502.87    1502.87    13.5422  1026.6645    35.4835 0.0000e+00
       7341 291.041156  -41.82040  -54.52282      0.896    1502.65     31.000     30.755    13.5468    13.5465    -0.0003    13.5424    13.5421    -0.0003   4.184526   4.184620   0.000087    35.3163    35.3174     5.7674    26.5272    26.5282    35.3166    26.5275    1502.88    1502.89    13.5424  1026.6688    35.4834 0.0000e+00
       7369 291.041169 -9.990e-29  -54.52282      0.895    1502.65     32.000     31.747    13.5464    13.5475     0.0011    13.5419    13.5430     0.0011   4.184568   4.184748   0.000181    35.3169    35.3176     5.7561    26.5278    26.5281    35.3169    26.5278    1502.90    1502.91    13.5419  1026.6736    35.4838 0.0000e+00
       7404 291.041186 -9.990e-29  -54.52282      0.710    1502.65     33.000     32.739    13.5434    13.5445     0.0012    13.5387    13.5398     0.0012   4.184274   4.184454   0.000177    35.3167    35.3173     5.7581    26.5283    26.5285    35.3166    26.5282    1502.91    1502.91    13.5387  1026.6785    35.4835 0.0000e+00
       7436 291.041201  -41.82038  -54.52282      0.694    1502.65     34.000     33.731    13.5436    13.5450     0.0014    13.5388    13.5402     0.0014   4.184311   4.184550   0.000239    35.3162    35.3172     5.7642    26.5280    26.5284    35.3162    26.5279    1502.92    1502.93    13.5388  1026.6826    35.4831 0.0000e+00
       7460 291.041213  -41.82037  -54.52282      0.901    1502.65     35.000     34.723    13.5433    13.5442     0.0010    13.5383    13.5393     0.0010   4.184346   4.184515   0.000171    35.3165    35.3171     5.7670    26.5282    26.5286    35.3165    26.5283    1502.94    1502.94    13.5383  1026.6873    35.4833 0.0000e+00
       7481 291.041223  -41.82036  -54.52282      1.067    1502.65     36.000     35.715    13.5421    13.5435     0.0015    13.5370    13.5385     0.0015   4.184177   4.184433   0.000246    35.3161    35.3171     5.7684    26.5282    26.5286    35.3156    26.5278    1502.95    1502.95    13.5370  1026.6912    35.4823 0.0000e+00
       7502 291.041233  -41.82036  -54.52282      1.156    1502.65     37.000     36.707    13.5375    13.5387     0.0012    13.5323    13.5335     0.0012   4.183733   4.183939   0.000217    35.3154    35.3163     5.7700    26.5286    26.5291    35.3152    26.5285    1502.95    1502.96    13.5323  1026.6964    35.4820 0.0000e+00
       7524 291.041244  -41.82036  -54.52282      1.124    1502.65     38.000     37.699    13.5413    13.5430     0.0017    13.5360    13.5376     0.0017   4.184219   4.184522   0.000297    35.3153    35.3166     5.7597    26.5278    26.5285    35.3158    26.5282    1502.98    1502.99    13.5360  1026.7005    35.4826 0.0000e+00
       7550 291.041256  -41.82036  -54.52282      0.996    1502.65     39.000     38.691    13.5480    13.5485     0.0004    13.5425    13.5429     0.0004   4.185069   4.185209   0.000145    35.3164    35.3174     5.7544    26.5274    26.5280    35.3172    26.5279    1503.02    1503.02    13.5425  1026.7047    35.4840 0.0000e+00
       7583 291.041272  -41.82035  -54.52281      0.771    1502.65     40.000     39.683    13.5522    13.5527     0.0005    13.5466    13.5471     0.0005   4.185565   4.185716   0.000145    35.3173    35.3182     5.7640    26.5272    26.5278    35.3176    26.5274    1503.05    1503.06    13.5465  1026.7086    35.4844 0.0000e+00
       7618 291.041289  -41.82034  -54.52280      0.667    1502.65     41.000     40.675    13.5533    13.5527    -0.0006    13.5475    13.5469    -0.0006   4.185758   4.185753   0.000013    35.3178    35.3185     5.7622    26.5273    26.5280    35.3180    26.5275    1503.07    1503.07    13.5476  1026.7130    35.4847 0.0000e+00
       7646 291.041302  -41.82034  -54.52280      0.804    1502.65     42.000     41.667    13.5534    13.5541     0.0007    13.5475    13.5482     0.0007   4.185742   4.185981   0.000249    35.3170    35.3187     5.7543    26.5268    26.5279    35.3173    26.5270    1503.09    1503.09    13.5475  1026.7170    35.4842 0.0000e+00
       7669 291.041314 -9.990e-29  -54.52280      0.970    1502.65     43.000     42.659    13.5530    13.5536     0.0006    13.5469    13.5476     0.0006   4.185779   4.185977   0.000180    35.3171    35.3182     5.7559    26.5269    26.5277    35.3176    26.5273    1503.10    1503.11    13.5470  1026.7218    35.4845 0.0000e+00
       7693 291.041325 -9.990e-29  -54.52280      1.014    1502.65     44.000     43.651    13.5553    13.5542    -0.0011    13.5491    13.5480    -0.0011   4.186066   4.186051  -0.000029    35.3177    35.3185     5.7554    26.5270    26.5277    35.3177    26.5270    1503.13    1503.13    13.5491  1026.7259    35.4846 0.0000e+00
       7722 291.041339 -9.990e-29  -54.52280      0.888    1502.65     45.000     44.643    13.5464    13.5513     0.0049    13.5401    13.5450     0.0049   4.185109   4.185632   0.000543    35.3173    35.3178     5.7470    26.5285    26.5279    35.3165    26.5279    1503.11    1503.13    13.5401  1026.7312    35.4834 0.0000e+00
       7749 291.041352  -41.82032  -54.52280      0.849    1502.65     46.000     45.635    13.5475    13.5498     0.0023    13.5410    13.5434     0.0023   4.185320   4.185679   0.000325    35.3164    35.3173     5.7370    26.5276    26.5278    35.3170    26.5281    1503.14    1503.14    13.5411  1026.7358    35.4838 0.0000e+00
       7773 291.041364  -41.82032  -54.52280      0.952    1502.65     47.000     46.627    13.5529    13.5547     0.0018    13.5463    13.5481     0.0018   4.185965   4.186218   0.000269    35.3174    35.3183     5.7536    26.5273    26.5277    35.3177    26.5276    1503.17    1503.18    13.5463  1026.7397    35.4846 0.0000e+00
       7796 291.041375  -41.82032  -54.52280      1.031    1502.65     48.000     47.619    13.5518    13.5529     0.0010    13.5451    13.5461     0.0010   4.185892   4.186082   0.000192    35.3176    35.3184     5.7541    26.5277    26.5281    35.3176    26.5277    1503.18    1503.19    13.5451  1026.7443    35.4844 0.0000e+00
       7819 291.041386  -41.82032  -54.52280      1.037    1502.65     49.000     48.611    13.5507    13.5523     0.0015    13.5438    13.5454     0.0015   4.185755   4.186011   0.000230    35.3175    35.3182     5.7440    26.5279    26.5282    35.3169    26.5274    1503.20    1503.20    13.5438  1026.7484    35.4837 0.0000e+00
