Pos-Processados/process_op42/Processamento_split/down/doperantar42_012.cnv
* Sea-Bird SBE 9 Data File:
* FileName = C:\Users\Hidrografia\Desktop\OPXLII\Brutos\OP42012.hdr
* Software Version Seasave V 7.26.7.107
* Temperature SN = 6502
* Conductivity SN = 4998
* Number of Bytes Per Scan = 31
* Number of Voltage Words = 2
* Number of Scans Averaged by the Deck Unit = 1
* NMEA Latitude = 45 45.00 S
* NMEA Longitude = 055 01.26 W
* NMEA UTC (Time) = Oct 19 2023 15:31:14
* NMEA baud rate = 4800
** H41
** NPOALTEMAXIMIANO
** NUMERO DA ESTACAO (XXX) 012
** LAT (XX XX.XX S/N) 45 44.898 S
** LONG (XXX XX.XX W/E) 055 00.940 W
** DATAHORA (dd/mm/aaaa hh:mm Z) 19/10/2023 15:24 Z
** PROFUNDIDADE (m) 5690
** OPERADOR 1T ZAMITH
# nquan = 30
# nvalues = 1007                        
# units = specified
# name 0 = scan: Scan Count
# name 1 = timeJ: Julian Days
# name 2 = latitude: Latitude [deg]
# name 3 = longitude: Longitude [deg]
# name 4 = dz/dtM: Descent Rate [m/s]
# name 5 = avgsvCM: Average Sound Velocity [Chen-Millero, m/s]
# name 6 = prDM: Pressure, Digiquartz [db]
# name 7 = depSM: Depth [salt water, m]
# name 8 = t090C: Temperature [ITS-90, deg C]
# name 9 = t190C: Temperature, 2 [ITS-90, deg C]
# name 10 = T2-T190C: Temperature Difference, 2 - 1 [ITS-90, deg C]
# name 11 = potemp090C: Potential Temperature [ITS-90, deg C]
# name 12 = potemp190C: Potential Temperature, 2 [ITS-90, deg C]
# name 13 = potemp90Cdiff: Potential Temperature, Diff, 2 - 1 [ITS-90, deg C]
# name 14 = c0S/m: Conductivity [S/m]
# name 15 = c1S/m: Conductivity, 2 [S/m]
# name 16 = C2-C1S/m: Conductivity Difference, 2 - 1 [S/m]
# name 17 = sal00: Salinity, Practical [PSU]
# name 18 = sal11: Salinity, Practical, 2 [PSU]
# name 19 = sbeox0ML/L: Oxygen, SBE 43 [ml/l]
# name 20 = sigma-é00: Density [sigma-theta, kg/m^3]
# name 21 = sigma-é11: Density, 2 [sigma-theta, kg/m^3]
# name 22 = sal00: Salinity, Practical [PSU]
# name 23 = sigma-é00: Density [sigma-theta, kg/m^3]
# name 24 = svCM: Sound Velocity [Chen-Millero, m/s]
# name 25 = svCM1: Sound Velocity, 2 [Chen-Millero, m/s]
# name 26 = gsw_ptA0: potential temperature [ITS-90, deg C]
# name 27 = gsw_densityA0: density, TEOS-10 [density, kg/m^3]
# name 28 = gsw_saA0: Absolute Salinity [g/kg]
# name 29 = flag:
# span 0 =       2103,      29076       
# span 1 = 292.647703, 292.660711       
# span 2 =  -45.75582,  -45.75052       
# span 3 =  -55.02097,  -55.02060       
# span 4 =      0.177,      1.279       
# span 5 =       0.00,    1481.43       
# span 6 =      6.000,   1012.000       
# span 7 =      5.986,   1001.251       
# span 8 =     2.6433,     8.2930       
# span 9 =     2.6443,     8.2944       
# span 10 =    -0.0067,     0.0092      
# span 11 =     2.5794,     8.2924      
# span 12 =     2.5803,     8.2938      
# span 13 =    -0.0066,     0.0092      
# span 14 =   3.132303,   3.565361      
# span 15 =   3.132274,   3.565706      
# span 16 =  -0.002425,   0.001255      
# span 17 =    34.0634,    34.5093      
# span 18 =    34.0665,    34.5087      
# span 19 =     3.8942,     7.0944      
# span 20 =    26.5319,    27.5298      
# span 21 =    26.5319,    27.5293      
# span 22 =    34.0582,    34.5092      
# span 23 =    26.5318,    27.5298      
# span 24 =    1469.30,    1482.66      
# span 25 =    1469.30,    1482.69      
# span 26 =     2.5793,     8.2924      
# span 27 =  1026.5617,  1032.2269      
# span 28 =    34.2192,    34.6764      
# span 29 = 0.0000e+00, 0.0000e+00      
# interval = decibars: 1                
# start_time = Oct 19 2023 15:31:14 [NMEA time, header]
# bad_flag = -9.990e-29
*END*
[from data line 629]
      18424 292.655574  -45.75374  -55.02060      0.788    1470.80    635.000    628.838     3.1269     3.1278     0.0008     3.0852     3.0861     0.0008   3.147886   3.147913   0.000029    34.2942    34.2937     4.7931    27.3139    27.3134    34.2942    27.3139    1472.44    1472.45     3.0852  1030.2667    34.4584 0.0000e+00
      18450 292.655587  -45.75374  -55.02060      0.889    1470.87    636.000    629.826     3.1268     3.1276     0.0009     3.0850     3.0858     0.0009   3.147930   3.147955   0.000022    34.2945    34.2938     4.7875    27.3141    27.3135    34.2944    27.3140    1472.46    1472.46     3.0849  1030.2715    34.4586 0.0000e+00
      18475 292.655599  -45.75374  -55.02060      0.950    1470.91    637.000    630.815     3.1263     3.1272     0.0008     3.0845     3.0853     0.0008   3.147948   3.147974   0.000027    34.2946    34.2940     4.7878    27.3142    27.3137    34.2945    27.3142    1472.47    1472.48     3.0844  1030.2751    34.4573 0.0000e+00
      18507 292.655615 -9.990e-29  -55.02060      0.803    1470.91    638.000    631.804     3.1245     3.1254     0.0008     3.0826     3.0834     0.0008   3.147919   3.147919 3.0666e-07    34.2957    34.2949     4.7923    27.3153    27.3145    34.2956    27.3152    1472.48    1472.49     3.0825  1030.2802    34.4576 0.0000e+00
      18541 292.655631 -9.990e-29  -55.02060      0.677    1470.91    639.000    632.793     3.1226     3.1234     0.0008     3.0807     3.0814     0.0008   3.147845   3.147842  -0.000004    34.2964    34.2955     4.7865    27.3160    27.3152    34.2962    27.3159    1472.49    1472.49     3.0806  1030.2855    34.4582 0.0000e+00
      18567 292.655643  -45.75378  -55.02060      0.837    1470.91    640.000    633.781     3.1210     3.1220     0.0010     3.0790     3.0800     0.0010   3.147735   3.147754   0.000018    34.2963    34.2955     4.7817    27.3161    27.3154    34.2960    27.3159    1472.50    1472.50     3.0789  1030.2906    34.4587 0.0000e+00
      18589 292.655654  -45.75378  -55.02060      1.011    1470.91    641.000    634.770     3.1173     3.1181     0.0009     3.0752     3.0761     0.0009   3.147472   3.147475 9.6685e-07    34.2968    34.2958     4.7882    27.3169    27.3160    34.2962    27.3164    1472.50    1472.50     3.0751  1030.2971    34.4605 0.0000e+00
      18612 292.655665  -45.75378  -55.02060      1.073    1470.91    642.000    635.759     3.1099     3.1108     0.0009     3.0678     3.0686     0.0009   3.146925   3.146888  -0.000033    34.2979    34.2966     4.7841    27.3185    27.3173    34.2969    27.3176    1472.49    1472.49     3.0677  1030.3030    34.4611 0.0000e+00
      18639 292.655678  -45.75378  -55.02060      0.969    1470.91    643.000    636.747     3.1047     3.1055     0.0008     3.0626     3.0634     0.0008   3.146568   3.146574   0.000003    34.2981    34.2972     4.7729    27.3191    27.3183    34.2975    27.3186    1472.48    1472.49     3.0625  1030.3087    34.4617 0.0000e+00
      18665 292.655690  -45.75379  -55.02060      0.906    1470.91    644.000    637.737     3.1048     3.1057     0.0009     3.0626     3.0635     0.0009   3.146626   3.146663   0.000035    34.2978    34.2973     4.7741    27.3189    27.3184    34.2975    27.3186    1472.50    1472.50     3.0625  1030.3131    34.4615 0.0000e+00
      18688 292.655702  -45.75380  -55.02060      0.978    1470.91    645.000    638.725     3.1050     3.1059     0.0009     3.0627     3.0636     0.0009   3.146752   3.146789   0.000042    34.2989    34.2984     4.7735    27.3197    27.3192    34.2984    27.3193    1472.52    1472.52     3.0626  1030.3186    34.4627 0.0000e+00
      18711 292.655713  -45.75380  -55.02060      1.034    1470.91    646.000    639.714     3.0996     3.1006     0.0010     3.0573     3.0582     0.0010   3.146451   3.146457   0.000003    34.3006    34.2996     4.7627    27.3215    27.3206    34.2999    27.3210    1472.51    1472.52     3.0572  1030.3250    34.4642 0.0000e+00
      18741 292.655727  -45.75381  -55.02060      0.884    1470.91    647.000    640.702     3.0981     3.0989     0.0008     3.0557     3.0565     0.0008   3.146399   3.146413   0.000018    34.3007    34.3001     4.7602    27.3218    27.3212    34.3003    27.3215    1472.52    1472.53     3.0556  1030.3301    34.4646 0.0000e+00
      18779 292.655746  -45.75382  -55.02060      0.625    1470.91    648.000    641.692     3.0979     3.0984     0.0005     3.0554     3.0560     0.0005   3.146436   3.146435  -0.000004    34.3009    34.3003     4.7490    27.3219    27.3214    34.3004    27.3216    1472.54    1472.54     3.0553  1030.3349    34.4647 0.0000e+00
      18808 292.655759  -45.75382  -55.02060      0.755    1470.91    649.000    642.680     3.0952     3.0962     0.0009     3.0527     3.0536     0.0009   3.146322   3.146329   0.000007    34.3019    34.3010     4.7422    27.3230    27.3222    34.3013    27.3226    1472.55    1472.55     3.0526  1030.3405    34.4656 0.0000e+00
      18831 292.655771  -45.75382  -55.02060      0.953    1470.91    650.000    643.669     3.0923     3.0932     0.0009     3.0497     3.0506     0.0008   3.146189   3.146197   0.000005    34.3028    34.3020     4.7480    27.3240    27.3233    34.3023    27.3236    1472.55    1472.55     3.0496  1030.3462    34.4666 0.0000e+00
      18853 292.655781  -45.75382  -55.02060      1.070    1470.91    651.000    644.657     3.0910     3.0919     0.0010     3.0483     3.0493     0.0010   3.146126   3.146161   0.000035    34.3028    34.3022     4.7461    27.3242    27.3236    34.3024    27.3238    1472.56    1472.57     3.0482  1030.3511    34.4667 0.0000e+00
      18876 292.655792  -45.75382  -55.02060      1.075    1470.91    652.000    645.646     3.0904     3.0912     0.0009     3.0477     3.0485     0.0009   3.146139   3.146157   0.000019    34.3031    34.3024     4.7367    27.3244    27.3238    34.3027    27.3241    1472.58    1472.58     3.0476  1030.3560    34.4670 0.0000e+00
      18901 292.655804  -45.75384  -55.02060      0.991    1470.91    653.000    646.635     3.0890     3.0900     0.0010     3.0463     3.0472     0.0010   3.146089   3.146116   0.000027    34.3033    34.3026     4.7356    27.3247    27.3241    34.3029    27.3244    1472.59    1472.59     3.0462  1030.3610    34.4673 0.0000e+00
      18927 292.655817  -45.75384  -55.02060      0.939    1470.91    654.000    647.624     3.0886     3.0894     0.0009     3.0457     3.0466     0.0009   3.146118   3.146136   0.000018    34.3036    34.3030     4.7355    27.3250    27.3244    34.3033    27.3247    1472.60    1472.61     3.0456  1030.3659    34.4676 0.0000e+00
      18952 292.655829  -45.75384  -55.02060      0.935    1470.91    655.000    648.613     3.0856     3.0866     0.0010     3.0427     3.0437     0.0010   3.145996   3.146010   0.000015    34.3049    34.3041     4.7339    27.3263    27.3256    34.3044    27.3259    1472.61    1472.61     3.0426  1030.3717    34.4687 0.0000e+00
      18978 292.655842  -45.75385  -55.02060      0.935    1470.91    656.000    649.601     3.0782     3.0794     0.0012     3.0353     3.0365     0.0012   3.145518   3.145482  -0.000034    34.3069    34.3052     4.7333    27.3286    27.3271    34.3058    27.3277    1472.60    1472.60     3.0352  1030.3783    34.4702 0.0000e+00
      19006 292.655855  -45.75386  -55.02060      0.900    1470.91    657.000    650.590     3.0721     3.0733     0.0012     3.0291     3.0304     0.0012   3.145104   3.145096  -0.000010    34.3076    34.3062     4.7327    27.3297    27.3285    34.3068    27.3291    1472.59    1472.59     3.0291  1030.3843    34.4712 0.0000e+00
      19036 292.655870  -45.75386  -55.02060      0.808    1470.91    658.000    651.578     3.0666     3.0677     0.0010     3.0236     3.0246     0.0010   3.144764   3.144715  -0.000047    34.3088    34.3072     4.7180    27.3312    27.3298    34.3079    27.3305    1472.58    1472.58     3.0235  1030.3905    34.4723 0.0000e+00
      19065 292.655884  -45.75386  -55.02060      0.792    1470.91    659.000    652.567     3.0650     3.0660     0.0010     3.0220     3.0229     0.0010   3.144699   3.144709   0.000003    34.3089    34.3079     4.7187    27.3314    27.3305    34.3083    27.3309    1472.59    1472.60     3.0219  1030.3956    34.4727 0.0000e+00
      19091 292.655896  -45.75386  -55.02060      0.897    1470.91    660.000    653.556     3.0665     3.0671     0.0006     3.0234     3.0240     0.0006   3.144915   3.144955   0.000040    34.3090    34.3089     4.7172    27.3314    27.3312    34.3088    27.3312    1472.62    1472.62     3.0233  1030.4004    34.4732 0.0000e+00
      19114 292.655907  -45.75388  -55.02060      0.988    1470.91    661.000    654.544     3.0705     3.0713     0.0008     3.0272     3.0280     0.0008   3.145394   3.145490   0.000093    34.3098    34.3100     4.7081    27.3316    27.3317    34.3099    27.3317    1472.65    1472.65     3.0271  1030.4055    34.4743 0.0000e+00
      19140 292.655920  -45.75388  -55.02060      0.982    1470.91    662.000    655.533     3.0722     3.0731     0.0009     3.0289     3.0298     0.0009   3.145802   3.145862   0.000065    34.3124    34.3123     4.7034    27.3336    27.3334    34.3125    27.3336    1472.68    1472.68     3.0288  1030.4120    34.4769 0.0000e+00
      19170 292.655934  -45.75388  -55.02060      0.845    1470.91    663.000    656.522     3.0737     3.0747     0.0010     3.0302     3.0312     0.0010   3.146079   3.146159   0.000080    34.3138    34.3137     4.6997    27.3345    27.3344    34.3138    27.3345    1472.70    1472.70     3.0302  1030.4175    34.4782 0.0000e+00
      19198 292.655948  -45.75389  -55.02060      0.799    1470.91    664.000    657.510     3.0745     3.0753     0.0008     3.0310     3.0318     0.0008   3.146261   3.146301   0.000043    34.3145    34.3142     4.6922    27.3351    27.3347    34.3146    27.3351    1472.72    1472.73     3.0309  1030.4226    34.4790 0.0000e+00
      19221 292.655959  -45.75390  -55.02060      0.941    1470.91    665.000    658.499     3.0742     3.0750     0.0008     3.0306     3.0314     0.0008   3.146328   3.146363   0.000033    34.3154    34.3149     4.6784    27.3358    27.3353    34.3152    27.3356    1472.74    1472.74     3.0305  1030.4278    34.4797 0.0000e+00
      19241 292.655968  -45.75390  -55.02060      1.112    1470.91    666.000    659.488     3.0719     3.0727     0.0009     3.0283     3.0291     0.0009   3.146208   3.146240   0.000031    34.3158    34.3153     4.6680    27.3364    27.3359    34.3156    27.3362    1472.75    1472.75     3.0282  1030.4330    34.4801 0.0000e+00
      19260 292.655978  -45.75390  -55.02060      1.218    1470.91    667.000    660.476     3.0710     3.0718     0.0009     3.0273     3.0281     0.0009   3.146176   3.146194   0.000022    34.3159    34.3152     4.6630    27.3365    27.3359    34.3157    27.3363    1472.76    1472.76     3.0272  1030.4378    34.4802 0.0000e+00
      19283 292.655989 -9.990e-29  -55.02060      1.160    1470.91    668.000    661.465     3.0689     3.0697     0.0009     3.0251     3.0260     0.0009   3.146068   3.146061  -0.000007    34.3164    34.3154     4.6558    27.3371    27.3362    34.3161    27.3368    1472.77    1472.77     3.0250  1030.4411    34.4783 0.0000e+00
      19316 292.656005 -9.990e-29  -55.02060      0.806    1470.91    669.000    662.454     3.0665     3.0673     0.0008     3.0227     3.0235     0.0008   3.145959   3.145922  -0.000039    34.3170    34.3157     4.6632    27.3378    27.3366    34.3167    27.3376    1472.77    1472.78     3.0226  1030.4465    34.4789 0.0000e+00
      19351 292.656022 -9.990e-29  -55.02060      0.670    1470.91    670.000    663.442     3.0662     3.0671     0.0009     3.0223     3.0232     0.0009   3.145930   3.145959   0.000030    34.3163    34.3157     4.6647    27.3372    27.3367    34.3161    27.3371    1472.79    1472.79     3.0223  1030.4507    34.4783 0.0000e+00
      19381 292.656036 -9.990e-29  -55.02060      0.774    1470.91    671.000    664.431     3.0657     3.0666     0.0009     3.0218     3.0226     0.0009   3.145935   3.145957   0.000021    34.3164    34.3158     4.6618    27.3374    27.3368    34.3162    27.3373    1472.80    1472.80     3.0217  1030.4554    34.4784 0.0000e+00
      19408 292.656049 -9.990e-29  -55.02060      0.864    1470.91    672.000    665.419     3.0641     3.0650     0.0009     3.0201     3.0210     0.0009   3.145861   3.145859  -0.000003    34.3168    34.3158     4.6608    27.3378    27.3370    34.3165    27.3376    1472.81    1472.82     3.0200  1030.4604    34.4786 0.0000e+00
      19434 292.656061 -9.990e-29  -55.02060      0.916    1470.91    673.000    666.408     3.0622     3.0631     0.0009     3.0181     3.0190     0.0009   3.145751   3.145780   0.000031    34.3169    34.3163     4.6635    27.3381    27.3376    34.3167    27.3379    1472.82    1472.82     3.0180  1030.4654    34.4788 0.0000e+00
      19458 292.656073 -9.990e-29  -55.02060      0.972    1470.91    674.000    667.397     3.0617     3.0626     0.0009     3.0175     3.0184     0.0009   3.145800   3.145821   0.000016    34.3175    34.3167     4.6585    27.3386    27.3379    34.3173    27.3385    1472.84    1472.84     3.0175  1030.4705    34.4794 0.0000e+00
      19479 292.656083  -45.75394  -55.02060      1.058    1470.91    675.000    668.385     3.0617     3.0626     0.0009     3.0175     3.0184     0.0009   3.145853   3.145875   0.000022    34.3174    34.3167     4.6566    27.3386    27.3379    34.3173    27.3385    1472.85    1472.86     3.0174  1030.4768    34.4816 0.0000e+00
      19499 292.656093  -45.75394  -55.02060      1.142    1470.91    676.000    669.374     3.0617     3.0626     0.0009     3.0175     3.0183     0.0009   3.145902   3.145926   0.000026    34.3175    34.3168     4.6522    27.3386    27.3380    34.3174    27.3385    1472.87    1472.87     3.0174  1030.4817    34.4819 0.0000e+00
      19521 292.656103  -45.75394  -55.02060      1.149    1470.91    677.000    670.362     3.0613     3.0623     0.0009     3.0170     3.0179     0.0009   3.145912   3.145937   0.000026    34.3175    34.3169     4.6543    27.3387    27.3382    34.3174    27.3386    1472.88    1472.89     3.0169  1030.4864    34.4819 0.0000e+00
      19547 292.656116  -45.75396  -55.02060      1.010    1470.91    678.000    671.351     3.0606     3.0616     0.0009     3.0162     3.0172     0.0009   3.145934   3.145968   0.000032    34.3179    34.3173     4.6566    27.3391    27.3386    34.3179    27.3391    1472.90    1472.90     3.0161  1030.4914    34.4824 0.0000e+00
      19578 292.656131  -45.75396  -55.02060      0.812    1470.91    679.000    672.340     3.0619     3.0628     0.0008     3.0174     3.0183     0.0008   3.146153   3.146206   0.000056    34.3185    34.3183     4.6470    27.3395    27.3393    34.3186    27.3395    1472.92    1472.92     3.0173  1030.4965    34.4831 0.0000e+00
      19608 292.656145  -45.75396  -55.02060      0.773    1470.91    680.000    673.328     3.0609     3.0618     0.0009     3.0164     3.0172     0.0008   3.146195   3.146204   0.000010    34.3197    34.3190     4.6507    27.3406    27.3399    34.3196    27.3405    1472.93    1472.94     3.0163  1030.5021    34.4842 0.0000e+00
      19635 292.656159  -45.75398  -55.02060      0.857    1470.91    681.000    674.317     3.0590     3.0599     0.0009     3.0144     3.0153     0.0009   3.146088   3.146086   0.000001    34.3203    34.3193     4.6492    27.3411    27.3403    34.3199    27.3408    1472.94    1472.95     3.0143  1030.5071    34.4844 0.0000e+00
