Pos-Processados/process_op42/Processamento_split/down/doperantar42_012.cnv
* Sea-Bird SBE 9 Data File:
* FileName = C:\Users\Hidrografia\Desktop\OPXLII\Brutos\OP42012.hdr
* Software Version Seasave V 7.26.7.107
* Temperature SN = 6502
* Conductivity SN = 4998
* Number of Bytes Per Scan = 31
* Number of Voltage Words = 2
* Number of Scans Averaged by the Deck Unit = 1
* NMEA Latitude = 45 45.00 S
* NMEA Longitude = 055 01.26 W
* NMEA UTC (Time) = Oct 19 2023 15:31:14
* NMEA baud rate = 4800
** H41
** NPOALTEMAXIMIANO
** NUMERO DA ESTACAO (XXX) 012
** LAT (XX XX.XX S/N) 45 44.898 S
** LONG (XXX XX.XX W/E) 055 00.940 W
** DATAHORA (dd/mm/aaaa hh:mm Z) 19/10/2023 15:24 Z
** PROFUNDIDADE (m) 5690
** OPERADOR 1T ZAMITH
# nquan = 30
# nvalues = 1007                        
# units = specified
# name 0 = scan: Scan Count
# name 1 = timeJ: Julian Days
# name 2 = latitude: Latitude [deg]
# name 3 = longitude: Longitude [deg]
# name 4 = dz/dtM: Descent Rate [m/s]
# name 5 = avgsvCM: Average Sound Velocity [Chen-Millero, m/s]
# name 6 = prDM: Pressure, Digiquartz [db]
# name 7 = depSM: Depth [salt water, m]
# name 8 = t090C: Temperature [ITS-90, deg C]
# name 9 = t190C: Temperature, 2 [ITS-90, deg C]
# name 10 = T2-T190C: Temperature Difference, 2 - 1 [ITS-90, deg C]
# name 11 = potemp090C: Potential Temperature [ITS-90, deg C]
# name 12 = potemp190C: Potential Temperature, 2 [ITS-90, deg C]
# name 13 = potemp90Cdiff: Potential Temperature, Diff, 2 - 1 [ITS-90, deg C]
# name 14 = c0S/m: Conductivity [S/m]
# name 15 = c1S/m: Conductivity, 2 [S/m]
# name 16 = C2-C1S/m: Conductivity Difference, 2 - 1 [S/m]
# name 17 = sal00: Salinity, Practical [PSU]
# name 18 = sal11: Salinity, Practical, 2 [PSU]
# name 19 = sbeox0ML/L: Oxygen, SBE 43 [ml/l]
# name 20 = sigma-é00: Density [sigma-theta, kg/m^3]
# name 21 = sigma-é11: Density, 2 [sigma-theta, kg/m^3]
# name 22 = sal00: Salinity, Practical [PSU]
# name 23 = sigma-é00: Density [sigma-theta, kg/m^3]
# name 24 = svCM: Sound Velocity [Chen-Millero, m/s]
# name 25 = svCM1: Sound Velocity, 2 [Chen-Millero, m/s]
# name 26 = gsw_ptA0: potential temperature [ITS-90, deg C]
# name 27 = gsw_densityA0: density, TEOS-10 [density, kg/m^3]
# name 28 = gsw_saA0: Absolute Salinity [g/kg]
# name 29 = flag:
# span 0 =       2103,      29076       
# span 1 = 292.647703, 292.660711       
# span 2 =  -45.75582,  -45.75052       
# span 3 =  -55.02097,  -55.02060       
# span 4 =      0.177,      1.279       
# span 5 =       0.00,    1481.43       
# span 6 =      6.000,   1012.000       
# span 7 =      5.986,   1001.251       
# span 8 =     2.6433,     8.2930       
# span 9 =     2.6443,     8.2944       
# span 10 =    -0.0067,     0.0092      
# span 11 =     2.5794,     8.2924      
# span 12 =     2.5803,     8.2938      
# span 13 =    -0.0066,     0.0092      
# span 14 =   3.132303,   3.565361      
# span 15 =   3.132274,   3.565706      
# span 16 =  -0.002425,   0.001255      
# span 17 =    34.0634,    34.5093      
# span 18 =    34.0665,    34.5087      
# span 19 =     3.8942,     7.0944      
# span 20 =    26.5319,    27.5298      
# span 21 =    26.5319,    27.5293      
# span 22 =    34.0582,    34.5092      
# span 23 =    26.5318,    27.5298      
# span 24 =    1469.30,    1482.66      
# span 25 =    1469.30,    1482.69      
# span 26 =     2.5793,     8.2924      
# span 27 =  1026.5617,  1032.2269      
# span 28 =    34.2192,    34.6764      
# span 29 = 0.0000e+00, 0.0000e+00      
# interval = decibars: 1                
# start_time = Oct 19 2023 15:31:14 [NMEA time, header]
# bad_flag = -9.990e-29
*END*
[from data line 97]
       4726 292.648968 -9.990e-29  -55.02084      0.904    1476.50    103.000    102.131     4.9957     4.9968     0.0011     4.9879     4.9890     0.0011   3.270462   3.270604   0.000151    34.0832    34.0838     6.7095    26.9498    26.9502    34.0802    26.9474    1471.23    1471.23     4.9878  1027.4249    34.2412 0.0000e+00
       4759 292.648984  -45.75103  -55.02084      0.747    1476.50    104.000    103.123     4.9843     4.9836    -0.0007     4.9764     4.9757    -0.0007   3.269525   3.269371  -0.000146    34.0845    34.0835     6.7129    26.9521    26.9514    34.0805    26.9490    1471.20    1471.19     4.9764  1027.4311    34.2416 0.0000e+00
       4790 292.648999  -45.75104  -55.02084      0.751    1476.50    105.000    104.114     4.9625     4.9636     0.0011     4.9545     4.9556     0.0011   3.267820   3.267779  -0.000028    34.0870    34.0856     6.6694    26.9566    26.9553    34.0826    26.9531    1471.13    1471.13     4.9545  1027.4400    34.2438 0.0000e+00
       4817 292.649012  -45.75104  -55.02084      0.839    1476.50    106.000    105.105     4.9157     4.9166     0.0009     4.9077     4.9086     0.0009   3.263526   3.263137  -0.000375    34.0870    34.0817     6.6666    26.9619    26.9576    34.0803    26.9566    1470.95    1470.95     4.9077  1027.4483    34.2415 0.0000e+00
       4842 292.649025  -45.75104  -55.02084      0.917    1476.50    107.000    106.097     4.8703     4.8704     0.0001     4.8623     4.8623     0.0001   3.259121   3.258485  -0.000634    34.0840    34.0766     6.6822    26.9647    26.9588    34.0752    26.9577    1470.78    1470.77     4.8623  1027.4541    34.2364 0.0000e+00
       4866 292.649036  -45.75104  -55.02084      0.984    1476.50    108.000    107.088     4.8312     4.8320     0.0008     4.8232     4.8239     0.0008   3.255289   3.255000  -0.000334    34.0773    34.0726     6.6790    26.9637    26.9599    34.0703    26.9582    1470.62    1470.62     4.8231  1027.4593    34.2315 0.0000e+00
       4888 292.649047  -45.75105  -55.02084      1.043    1476.50    109.000    108.079     4.8065     4.8074     0.0009     4.7984     4.7993     0.0009   3.252687   3.252310  -0.000313    34.0747    34.0702     6.7010    26.9645    26.9608    34.0649    26.9567    1470.53    1470.53     4.7984  1027.4626    34.2261 0.0000e+00
       4913 292.649059  -45.75106  -55.02084      1.032    1476.50    110.000    109.070     4.7503     4.7512     0.0009     4.7421     4.7430     0.0009   3.248032   3.247390  -0.000678    34.0761    34.0672     6.7535    26.9718    26.9647    34.0680    26.9654    1470.32    1470.32     4.7421  1027.4761    34.2292 0.0000e+00
       4943 292.649073  -45.75106  -55.02084      0.867    1476.50    111.000    110.062     4.7381     4.7385     0.0003     4.7299     4.7303     0.0003   3.246555   3.246395  -0.000172    34.0692    34.0669     6.8109    26.9678    26.9659    34.0628    26.9627    1470.28    1470.28     4.7299  1027.4779    34.2239 0.0000e+00
       4973 292.649088  -45.75108  -55.02084      0.772    1476.50    112.000    111.053     4.7563     4.7628     0.0052     4.7480     4.7546     0.0052   3.248147   3.249450   0.001255    34.0634    34.0712     6.8581    26.9611    26.9666    34.0622    26.9602    1470.37    1470.41     4.7479  1027.4800    34.2233 0.0000e+00
       5000 292.649101  -45.75108  -55.02084      0.844    1476.50    113.000    112.044     4.7825     4.7854     0.0029     4.7741     4.7770     0.0029   3.251002   3.251665   0.000729    34.0680    34.0735     6.8672    26.9619    26.9659    34.0679    26.9618    1470.51    1470.52     4.7741  1027.4862    34.2291 0.0000e+00
       5027 292.649113  -45.75108  -55.02082      0.914    1476.50    114.000    113.035     4.8186     4.8166    -0.0019     4.8101     4.8081    -0.0019   3.254333   3.254916   0.000557    34.0680    34.0765     6.8546    26.9579    26.9648    34.0691    26.9587    1470.67    1470.67     4.8100  1027.4876    34.2303 0.0000e+00
       5057 292.649128  -45.75108  -55.02082      0.839    1476.50    115.000    114.027     4.8416     4.8385    -0.0031     4.8330     4.8299    -0.0031   3.257125   3.257112   0.000047    34.0763    34.0801     6.8070    26.9619    26.9652    34.0773    26.9627    1470.79    1470.78     4.8330  1027.4961    34.2385 0.0000e+00
       5088 292.649143  -45.75110  -55.02082      0.758    1476.50    116.000    115.018     4.8844     4.8833    -0.0011     4.8757     4.8746    -0.0011   3.261416   3.262205   0.000711    34.0783    34.0876     6.7458    26.9586    26.9661    34.0827    26.9621    1470.99    1471.00     4.8757  1027.5001    34.2439 0.0000e+00
       5112 292.649155  -45.75110  -55.02082      0.880    1476.50    117.000    116.009     4.9167     4.9179     0.0011     4.9079     4.9090     0.0011   3.265093   3.265363   0.000349    34.0888    34.0917     6.7000    26.9634    26.9655    34.0917    26.9656    1471.15    1471.16     4.9079  1027.5081    34.2530 0.0000e+00
       5132 292.649164  -45.75110  -55.02082      1.076    1476.50    118.000    117.001     4.8746     4.8762     0.0016     4.8657     4.8673     0.0016   3.261543   3.261150  -0.000419    34.0980    34.0915     6.6834    26.9754    26.9700    34.0932    26.9716    1471.00    1470.99     4.8657  1027.5188    34.2545 0.0000e+00
       5152 292.649174  -45.75110  -55.02082      1.207    1476.50    119.000    117.992     4.8705     4.8705    -0.0000     4.8615     4.8615    -0.0000   3.261278   3.261610   0.000240    34.0903    34.0931     6.6433    26.9697    26.9719    34.0938    26.9725    1471.00    1471.00     4.8615  1027.5244    34.2551 0.0000e+00
       5178 292.649187  -45.75111  -55.02082      1.042    1476.50    120.000    118.983     4.9121     4.9132     0.0011     4.9030     4.9042     0.0011   3.264841   3.266011   0.001168    34.0885    34.1009     6.5867    26.9636    26.9733    34.0919    26.9663    1471.18    1471.20     4.9030  1027.5227    34.2532 0.0000e+00
       5213 292.649203  -45.75112  -55.02082      0.695    1476.50    121.000    119.974     4.9421     4.9437     0.0016     4.9329     4.9346     0.0016   3.268757   3.269328   0.000607    34.1022    34.1075     6.5814    26.9711    26.9751    34.1060    26.9741    1471.34    1471.35     4.9329  1027.5350    34.2674 0.0000e+00
       5242 292.649217  -45.75112  -55.02082      0.767    1476.50    122.000    120.965     4.9503     4.9509     0.0006     4.9411     4.9416     0.0006   3.269895   3.269957   0.000087    34.1086    34.1090     6.5602    26.9752    26.9755    34.1102    26.9765    1471.39    1471.40     4.9410  1027.5420    34.2717 0.0000e+00
       5268 292.649230  -45.75114  -55.02082      0.911    1476.50    123.000    121.957     4.9250     4.9271     0.0021     4.9157     4.9178     0.0021   3.267797   3.267639  -0.000181    34.1126    34.1083     6.5138    26.9813    26.9777    34.1114    26.9803    1471.31    1471.31     4.9157  1027.5505    34.2728 0.0000e+00
       5299 292.649245  -45.75114  -55.02082      0.826    1476.50    124.000    122.948     4.8925     4.8858    -0.0067     4.8831     4.8765    -0.0066   3.264632   3.263682  -0.000914    34.1104    34.1066     6.4715    26.9832    26.9810    34.1075    26.9809    1471.19    1471.15     4.8831  1027.5559    34.2689 0.0000e+00
       5333 292.649261  -45.75114  -55.02082      0.679    1476.50    125.000    123.939     4.8360     4.8324    -0.0036     4.8266     4.8230    -0.0036   3.259009   3.258011  -0.000909    34.1061    34.0992     6.4689    26.9862    26.9811    34.0997    26.9812    1470.96    1470.94     4.8266  1027.5609    34.2611 0.0000e+00
       5358 292.649273  -45.75114  -55.02082      0.839    1476.50    126.000    124.931     4.7640     4.7627    -0.0013     4.7546     4.7533    -0.0013   3.252316   3.251497  -0.000926    34.1037    34.0943     6.4904    26.9923    26.9851    34.0954    26.9858    1470.68    1470.66     4.7546  1027.5703    34.2567 0.0000e+00
       5377 292.649283  -45.75116  -55.02082      1.078    1476.50    127.000    125.922     4.7283     4.7289     0.0007     4.7188     4.7195     0.0007   3.248629   3.248412  -0.000249    34.0959    34.0923     6.5102    26.9901    26.9873    34.0887    26.9845    1470.54    1470.54     4.7188  1027.5738    34.2500 0.0000e+00
       5398 292.649292  -45.75116  -55.02082      1.210    1476.50    128.000    126.913     4.7029     4.7033     0.0004     4.6935     4.6939     0.0004   3.246156   3.245875  -0.000221    34.0930    34.0901     6.5407    26.9907    26.9883    34.0854    26.9846    1470.45    1470.44     4.6934  1027.5787    34.2467 0.0000e+00
       5423 292.649305  -45.75116  -55.02082      1.059    1476.50    129.000    127.904     4.6303     4.6273    -0.0030     4.6209     4.6179    -0.0030   3.239951   3.238532  -0.001427    34.0979    34.0844     6.6080    27.0026    26.9921    34.0873    26.9941    1470.17    1470.14     4.6208  1027.5930    34.2486 0.0000e+00
       5455 292.649320  -45.75116  -55.02082      0.777    1476.49    130.000    128.895     4.6052     4.6064     0.0012     4.5957     4.5969     0.0012   3.236991   3.236956  -0.000090    34.0843    34.0820     6.6634    26.9945    26.9926    34.0780    26.9896    1470.07    1470.07     4.5957  1027.5932    34.2393 0.0000e+00
       5483 292.649334  -45.75118  -55.02082      0.809    1475.69    131.000    129.887     4.6220     4.6234     0.0014     4.6124     4.6138     0.0014   3.238506   3.238923   0.000416    34.0805    34.0839     6.7041    26.9897    26.9923    34.0779    26.9876    1470.15    1470.16     4.6124  1027.5958    34.2392 0.0000e+00
       5508 292.649346  -45.75118  -55.02082      0.926 -9.990e-29    132.000    130.877     4.6178     4.6186     0.0008     4.6081     4.6089     0.0008   3.238409   3.238356  -0.000041    34.0854    34.0840     6.7534    26.9940    26.9929    34.0806    26.9902    1470.16    1470.16     4.6081  1027.6031    34.2419 0.0000e+00
       5533 292.649358  -45.75119  -55.02081      0.966 -9.990e-29    133.000    131.869     4.6298     4.6272    -0.0026     4.6201     4.6174    -0.0026   3.239491   3.239541   0.000046    34.0820    34.0853     6.7659    26.9901    26.9929    34.0803    26.9887    1470.22    1470.22     4.6201  1027.6061    34.2416 0.0000e+00
       5562 292.649371  -45.75120  -55.02080      0.888    1473.94    134.000    132.860     4.6332     4.6335     0.0004     4.6233     4.6237     0.0004   3.240042   3.240141   0.000092    34.0850    34.0857     6.7358    26.9921    26.9926    34.0827    26.9903    1470.25    1470.26     4.6233  1027.6123    34.2440 0.0000e+00
       5596 292.649388 -9.990e-29  -55.02080      0.732    1473.82    135.000    133.851     4.6452     4.6488     0.0037     4.6353     4.6389     0.0037   3.241262   3.241772   0.000487    34.0848    34.0867     6.7045    26.9906    26.9917    34.0841    26.9900    1470.32    1470.34     4.6352  1027.6164    34.2452 0.0000e+00
       5629 292.649404 -9.990e-29  -55.02080      0.700    1473.82    136.000    134.842     4.6658     4.6663     0.0004     4.6558     4.6563     0.0004   3.243448   3.243685   0.000257    34.0872    34.0898     6.6945    26.9903    26.9922    34.0878    26.9907    1470.43    1470.43     4.6558  1027.6217    34.2489 0.0000e+00
       5655 292.649417 -9.990e-29  -55.02080      0.826    1473.82    137.000    135.834     4.6712     4.6716     0.0004     4.6610     4.6615     0.0004   3.244206   3.244282   0.000094    34.0918    34.0925     6.6881    26.9934    26.9939    34.0906    26.9924    1470.47    1470.47     4.6610  1027.6280    34.2517 0.0000e+00
       5676 292.649427  -45.75122  -55.02080      1.007    1473.82    138.000    136.825     4.6046     4.6055     0.0009     4.5945     4.5953     0.0009   3.238302   3.237587  -0.000661    34.0999    34.0913     6.6867    27.0071    27.0002    34.0897    26.9990    1470.21    1470.20     4.5945  1027.6396    34.2511 0.0000e+00
       5696 292.649436  -45.75122  -55.02080      1.163    1473.82    139.000    137.816     4.5604     4.5612     0.0007     4.5503     4.5510     0.0007   3.234183   3.234109  -0.000170    34.0904    34.0877     6.6668    27.0044    27.0021    34.0866    27.0013    1470.04    1470.04     4.5503  1027.6468    34.2480 0.0000e+00
       5718 292.649447  -45.75122  -55.02080      1.175    1473.82    140.000    138.807     4.6152     4.6159     0.0007     4.6049     4.6056     0.0007   3.239291   3.240255   0.000919    34.0851    34.0951     6.6270    26.9942    27.0021    34.0893    26.9975    1470.29    1470.30     4.6049  1027.6474    34.2507 0.0000e+00
       5745 292.649460  -45.75122  -55.02080      0.981    1473.82    141.000    139.798     4.6228     4.6236     0.0008     4.6125     4.6132     0.0008   3.240400   3.240408   0.000074    34.0968    34.0969     6.6453    27.0026    27.0026    34.0939    27.0003    1470.34    1470.34     4.6124  1027.6548    34.2553 0.0000e+00
       5774 292.649474  -45.75123  -55.02080      0.835    1473.82    142.000    140.789     4.6009     4.6020     0.0011     4.5905     4.5916     0.0011   3.238785   3.238790  -0.000029    34.0985    34.0971     6.6822    27.0064    27.0051    34.0971    27.0053    1470.27    1470.27     4.5905  1027.6645    34.2586 0.0000e+00
       5800 292.649486  -45.75124  -55.02080      0.883    1473.82    143.000    141.780     4.6014     4.6029     0.0015     4.5909     4.5924     0.0015   3.238748   3.238810   0.000074    34.0980    34.0973     6.6400    27.0059    27.0052    34.0957    27.0041    1470.29    1470.29     4.5909  1027.6679    34.2571 0.0000e+00
       5825 292.649499  -45.75125  -55.02080      0.936    1473.82    144.000    142.772     4.5724     4.5761     0.0036     4.5619     4.5656     0.0036   3.236355   3.236185  -0.000159    34.1011    34.0955     6.6180    27.0116    27.0067    34.0970    27.0083    1470.19    1470.20     4.5619  1027.6768    34.2584 0.0000e+00
       5851 292.649511  -45.75126  -55.02080      0.930    1473.82    145.000    143.762     4.5552     4.5565     0.0013     4.5446     4.5459     0.0013   3.234622   3.234572  -0.000070    34.0971    34.0949     6.6172    27.0102    27.0084    34.0940    27.0078    1470.13    1470.13     4.5446  1027.6811    34.2554 0.0000e+00
       5877 292.649523  -45.75126  -55.02080      0.924    1473.82    146.000    144.753     4.5482     4.5491     0.0009     4.5376     4.5385     0.0009   3.234006   3.234042   0.000027    34.0954    34.0948     6.6127    27.0098    27.0092    34.0935    27.0082    1470.12    1470.12     4.5375  1027.6861    34.2549 0.0000e+00
       5901 292.649535  -45.75126  -55.02080      0.964    1473.82    147.000    145.745     4.5526     4.5528     0.0001     4.5419     4.5421     0.0001   3.234431   3.234510   0.000071    34.0943    34.0950     6.6324    27.0084    27.0089    34.0934    27.0076    1470.15    1470.15     4.5419  1027.6901    34.2548 0.0000e+00
       5925 292.649547  -45.75127  -55.02080      0.999    1473.82    148.000    146.736     4.6108     4.6120     0.0012     4.6000     4.6012     0.0012   3.240303   3.241404   0.001026    34.0932    34.1039     6.6317    27.0011    27.0095    34.1015    27.0077    1470.42    1470.43     4.5999  1027.6946    34.2629 0.0000e+00
       5950 292.649559  -45.75128  -55.02080      0.990    1473.82    149.000    147.727     4.6652     4.6654     0.0002     4.6542     4.6544     0.0002   3.245981   3.246374   0.000473    34.1080    34.1133     6.6296    27.0069    27.0111    34.1112    27.0095    1470.67    1470.67     4.6542  1027.7008    34.2727 0.0000e+00
       5976 292.649571  -45.75128  -55.02080      0.944    1473.82    150.000    148.718     4.6650     4.6657     0.0007     4.6540     4.6546     0.0007   3.246393   3.246465   0.000083    34.1138    34.1141     6.6288    27.0115    27.0117    34.1156    27.0130    1470.69    1470.69     4.6539  1027.7089    34.2772 0.0000e+00
