Pos-Processados/process_op42/Processamento_split/down/doperantar42_050.cnv
* Sea-Bird SBE 9 Data File:
* FileName = C:\Users\Hidrografia\Desktop\OPXLII\Brutos\OP42050.hdr
* Software Version Seasave V 7.26.7.107
* Temperature SN = 6502
* Conductivity SN = 4998
* Number of Bytes Per Scan = 37
* Number of Voltage Words = 4
* Number of Scans Averaged by the Deck Unit = 1
* NMEA Latitude = 62 08.29 S
* NMEA Longitude = 058 26.27 W
* NMEA UTC (Time) = Nov 10 2023 01:03:24
* NMEA baud rate = 4800
** H41
** NPOALTEMAXIMIANO
** NUMERO DA ESTACAO (XXX) 50
** LAT (XX XX.XX S/N) 62 08. S
** LONG (XXX XX.XX W/E) 058 26. W
** DATAHORA (dd/mm/aaaa hh:mm Z) 10/11/2023 0105Z
** PROFUNDIDADE (m) 424
** OPERADOR CT FILIPE LOPES
# nquan = 30
# nvalues = 354                         
# units = specified
# name 0 = scan: Scan Count
# name 1 = timeJ: Julian Days
# name 2 = latitude: Latitude [deg]
# name 3 = longitude: Longitude [deg]
# name 4 = dz/dtM: Descent Rate [m/s]
# name 5 = avgsvCM: Average Sound Velocity [Chen-Millero, m/s]
# name 6 = prDM: Pressure, Digiquartz [db]
# name 7 = depSM: Depth [salt water, m]
# name 8 = t090C: Temperature [ITS-90, deg C]
# name 9 = t190C: Temperature, 2 [ITS-90, deg C]
# name 10 = T2-T190C: Temperature Difference, 2 - 1 [ITS-90, deg C]
# name 11 = potemp090C: Potential Temperature [ITS-90, deg C]
# name 12 = potemp190C: Potential Temperature, 2 [ITS-90, deg C]
# name 13 = potemp90Cdiff: Potential Temperature, Diff, 2 - 1 [ITS-90, deg C]
# name 14 = c0S/m: Conductivity [S/m]
# name 15 = c1S/m: Conductivity, 2 [S/m]
# name 16 = C2-C1S/m: Conductivity Difference, 2 - 1 [S/m]
# name 17 = sal00: Salinity, Practical [PSU]
# name 18 = sal11: Salinity, Practical, 2 [PSU]
# name 19 = sbeox0ML/L: Oxygen, SBE 43 [ml/l]
# name 20 = sigma-é00: Density [sigma-theta, kg/m^3]
# name 21 = sigma-é11: Density, 2 [sigma-theta, kg/m^3]
# name 22 = sal00: Salinity, Practical [PSU]
# name 23 = sigma-é00: Density [sigma-theta, kg/m^3]
# name 24 = svCM: Sound Velocity [Chen-Millero, m/s]
# name 25 = svCM1: Sound Velocity, 2 [Chen-Millero, m/s]
# name 26 = gsw_ptA0: potential temperature [ITS-90, deg C]
# name 27 = gsw_densityA0: density, TEOS-10 [density, kg/m^3]
# name 28 = gsw_saA0: Absolute Salinity [g/kg]
# name 29 = flag:
# span 0 =       4216,      17360       
# span 1 = 314.046061, 314.052399       
# span 2 =  -62.14055,  -62.13909       
# span 3 =  -58.43575,  -58.42874       
# span 4 =      0.034,      0.953       
# span 5 =      -0.01,    1448.13       
# span 6 =     13.000,    366.000       
# span 7 =     12.880,    362.165       
# span 8 =    -0.8059,    -0.5135       
# span 9 =    -0.8049,    -0.5140       
# span 10 =    -0.0058,     0.0050      
# span 11 =    -0.8122,    -0.5258      
# span 12 =    -0.8113,    -0.5264      
# span 13 =    -0.0058,     0.0050      
# span 14 =   2.793456,   2.833027      
# span 15 =   2.793462,   2.832854      
# span 16 =  -0.000498,   0.000261      
# span 17 =    34.2706,    34.4165      
# span 18 =    34.2695,    34.4149      
# span 19 =     6.6308,     7.7449      
# span 20 =    27.5445,    27.6608      
# span 21 =    27.5436,    27.6595      
# span 22 =    34.2706,    34.4168      
# span 23 =    27.5445,    27.6610      
# span 24 =    1445.75,    1451.94      
# span 25 =    1445.76,    1451.94      
# span 26 =    -0.8121,    -0.5256      
# span 27 =  1027.6116,  1029.4107      
# span 28 =    34.4358,    34.5851      
# span 29 = 0.0000e+00, 0.0000e+00      
# interval = decibars: 1                
# start_time = Nov 10 2023 01:03:24 [NMEA time, header]
# bad_flag = -9.990e-29
*END*
[from data line 49]
       6082 314.046960  -62.13934  -58.43482      0.627    1445.86     62.000     61.396    -0.5849    -0.5841     0.0008    -0.5867    -0.5860     0.0008   2.802835   2.802809  -0.000025    34.2775    34.2763     7.6515    27.5510    27.5500    34.2777    27.5511    1446.47    1446.47    -0.5867  1027.8524    34.4433 0.0000e+00
       6122 314.046980  -62.13935  -58.43480      0.598    1446.13     63.000     62.386    -0.5803    -0.5799     0.0004    -0.5822    -0.5818     0.0004   2.803282   2.803215  -0.000073    34.2777    34.2763     7.6416    27.5509    27.5498    34.2779    27.5511    1446.51    1446.51    -0.5822  1027.8572    34.4436 0.0000e+00
       6164 314.047000  -62.13936  -58.43478      0.577    1446.18     64.000     63.376    -0.5788    -0.5781     0.0007    -0.5807    -0.5800     0.0007   2.803412   2.803410   0.000007    34.2771    34.2765     7.6379    27.5504    27.5498    34.2773    27.5506    1446.53    1446.53    -0.5807  1027.8614    34.4430 0.0000e+00
       6204 314.047019  -62.13936  -58.43475      0.591    1446.18     65.000     64.366    -0.5781    -0.5771     0.0010    -0.5800    -0.5791     0.0010   2.803616   2.803551  -0.000069    34.2784    34.2764     7.6303    27.5514    27.5498    34.2786    27.5516    1446.55    1446.55    -0.5800  1027.8673    34.4443 0.0000e+00
       6239 314.047036  -62.13936  -58.43474      0.670    1446.18     66.000     65.356    -0.5775    -0.5769     0.0006    -0.5795    -0.5789     0.0006   2.803601   2.803621   0.000014    34.2771    34.2766     7.6344    27.5504    27.5499    34.2772    27.5504    1446.57    1446.57    -0.5794  1027.8708    34.4429 0.0000e+00
       6272 314.047052  -62.13938  -58.43472      0.726    1446.18     67.000     66.346    -0.5768    -0.5766     0.0003    -0.5788    -0.5786     0.0003   2.803703   2.803676  -0.000009    34.2769    34.2765     7.6535    27.5502    27.5498    34.2772    27.5503    1446.59    1446.59    -0.5788  1027.8756    34.4429 0.0000e+00
       6308 314.047070  -62.13938  -58.43469      0.670    1446.18     68.000     67.336    -0.5774    -0.5760     0.0014    -0.5794    -0.5780     0.0014   2.803786   2.803790  -0.000004    34.2781    34.2765     7.6417    27.5512    27.5497    34.2783    27.5513    1446.60    1446.61    -0.5794  1027.8814    34.4440 0.0000e+00
       6343 314.047086  -62.13938  -58.43468      0.690    1446.18     69.000     68.327    -0.5753    -0.5746     0.0007    -0.5774    -0.5766     0.0007   2.804010   2.803955  -0.000057    34.2781    34.2766     7.6263    27.5510    27.5497    34.2783    27.5512    1446.63    1446.63    -0.5773  1027.8860    34.4440 0.0000e+00
       6376 314.047102  -62.13938  -58.43466      0.721    1446.18     70.000     69.317    -0.5755    -0.5749     0.0007    -0.5777    -0.5770     0.0007   2.804053   2.803973  -0.000081    34.2785    34.2766     7.6296    27.5514    27.5498    34.2786    27.5514    1446.64    1446.64    -0.5776  1027.8910    34.4443 0.0000e+00
       6409 314.047118  -62.13938  -58.43465      0.730    1446.18     71.000     70.307    -0.5759    -0.5747     0.0012    -0.5780    -0.5769     0.0012   2.804044   2.804030  -0.000027    34.2783    34.2766     7.6301    27.5512    27.5498    34.2782    27.5512    1446.66    1446.66    -0.5780  1027.8956    34.4440 0.0000e+00
       6442 314.047134  -62.13940  -58.43462      0.719    1446.18     72.000     71.297    -0.5785    -0.5782     0.0003    -0.5807    -0.5804     0.0003   2.803877   2.803783  -0.000081    34.2783    34.2769     7.6337    27.5513    27.5502    34.2783    27.5514    1446.66    1446.66    -0.5806  1027.9005    34.4441 0.0000e+00
       6475 314.047150  -62.13940  -58.43460      0.721    1446.18     73.000     72.287    -0.5756    -0.5750     0.0006    -0.5778    -0.5772     0.0006   2.804137   2.804105  -0.000034    34.2776    34.2765     7.6335    27.5507    27.5497    34.2779    27.5509    1446.69    1446.69    -0.5777  1027.9048    34.4436 0.0000e+00
       6505 314.047165  -62.13940  -58.43459      0.774    1446.18     74.000     73.277    -0.5757    -0.5748     0.0009    -0.5780    -0.5771     0.0009   2.804141   2.804165   0.000019    34.2774    34.2767     7.6321    27.5505    27.5499    34.2775    27.5506    1446.71    1446.71    -0.5779  1027.9093    34.4433 0.0000e+00
       6535 314.047179  -62.13940  -58.43458      0.807    1446.18     75.000     74.267    -0.5752    -0.5743     0.0009    -0.5775    -0.5766     0.0009   2.804209   2.804238   0.000033    34.2772    34.2766     7.6275    27.5503    27.5498    34.2772    27.5503    1446.72    1446.73    -0.5774  1027.9138    34.4430 0.0000e+00
       6569 314.047195  -62.13942  -58.43455      0.733    1446.18     76.000     75.257    -0.5777    -0.5763     0.0014    -0.5800    -0.5786     0.0014   2.804120   2.804118 -6.114e-07    34.2783    34.2767     7.6294    27.5513    27.5500    34.2782    27.5512    1446.73    1446.74    -0.5799  1027.9195    34.4439 0.0000e+00
       6606 314.047213  -62.13942  -58.43454      0.653    1446.18     77.000     76.247    -0.5787    -0.5778     0.0009    -0.5811    -0.5802     0.0009   2.804091   2.804048  -0.000043    34.2784    34.2768     7.6300    27.5515    27.5501    34.2784    27.5514    1446.74    1446.74    -0.5810  1027.9245    34.4442 0.0000e+00
       6641 314.047230  -62.13942  -58.43451      0.678    1446.18     78.000     77.237    -0.5797    -0.5789     0.0008    -0.5821    -0.5813     0.0008   2.804071   2.804002  -0.000069    34.2787    34.2768     7.6281    27.5517    27.5502    34.2786    27.5517    1446.75    1446.76    -0.5820  1027.9296    34.4444 0.0000e+00
       6673 314.047246  -62.13942  -58.43450      0.733    1446.18     79.000     78.227    -0.5767    -0.5764     0.0004    -0.5791    -0.5788     0.0004   2.804302   2.804260  -0.000047    34.2774    34.2764     7.6311    27.5506    27.5497    34.2777    27.5508    1446.78    1446.78    -0.5790  1027.9326    34.4425 0.0000e+00
       6705 314.047261 -9.990e-29  -58.43448      0.755    1446.18     80.000     79.217    -0.5745    -0.5738     0.0007    -0.5769    -0.5762     0.0007   2.804536   2.804523  -0.000008    34.2774    34.2765     7.6376    27.5505    27.5497    34.2777    27.5507    1446.81    1446.81    -0.5769  1027.9348    34.4393 0.0000e+00
       6736 314.047276 -9.990e-29  -58.43446      0.772    1446.18     81.000     80.207    -0.5757    -0.5750     0.0007    -0.5781    -0.5774     0.0007   2.804478   2.804456  -0.000026    34.2779    34.2769     7.6346    27.5510    27.5500    34.2777    27.5507    1446.82    1446.82    -0.5781  1027.9396    34.4393 0.0000e+00
       6766 314.047290 -9.990e-29  -58.43445      0.784    1446.18     82.000     81.197    -0.5838    -0.5824     0.0014    -0.5863    -0.5849     0.0014   2.803880   2.803881  -0.000002    34.2788    34.2771     7.6296    27.5520    27.5506    34.2782    27.5515    1446.80    1446.80    -0.5862  1027.9452    34.4399 0.0000e+00
       6798 314.047305  -62.13944  -58.43442      0.773    1446.18     83.000     82.187    -0.5847    -0.5847     0.0000    -0.5872    -0.5872     0.0000   2.803845   2.803753  -0.000082    34.2781    34.2769     7.6245    27.5515    27.5505    34.2781    27.5515    1446.81    1446.81    -0.5872  1027.9534    34.4441 0.0000e+00
       6830 314.047321  -62.13945  -58.43441      0.758    1446.18     84.000     83.177    -0.5820    -0.5814     0.0006    -0.5846    -0.5840     0.0006   2.804079   2.804080  -0.000005    34.2777    34.2769     7.6286    27.5510    27.5504    34.2776    27.5510    1446.84    1446.84    -0.5845  1027.9576    34.4435 0.0000e+00
       6864 314.047337  -62.13946  -58.43439      0.710    1446.18     85.000     84.167    -0.5843    -0.5829     0.0013    -0.5868    -0.5855     0.0013   2.803932   2.803982   0.000049    34.2778    34.2769     7.6283    27.5512    27.5504    34.2775    27.5510    1446.85    1446.85    -0.5868  1027.9625    34.4435 0.0000e+00
       6900 314.047355  -62.13946  -58.43437      0.661    1446.18     86.000     85.157    -0.5837    -0.5831     0.0006    -0.5863    -0.5857     0.0006   2.804012   2.804023   0.000010    34.2773    34.2768     7.6202    27.5508    27.5504    34.2773    27.5508    1446.87    1446.87    -0.5862  1027.9671    34.4433 0.0000e+00
       6934 314.047371  -62.13946  -58.43435      0.702    1446.18     87.000     86.147    -0.5827    -0.5816     0.0011    -0.5853    -0.5842     0.0011   2.804137   2.804195   0.000054    34.2774    34.2769     7.6152    27.5508    27.5504    34.2773    27.5507    1446.89    1446.89    -0.5853  1027.9718    34.4433 0.0000e+00
       6966 314.047387  -62.13946  -58.43434      0.745    1446.18     88.000     87.137    -0.5826    -0.5819     0.0007    -0.5852    -0.5846     0.0007   2.804209   2.804221   0.000022    34.2774    34.2769     7.6228    27.5508    27.5504    34.2775    27.5509    1446.90    1446.90    -0.5852  1027.9768    34.4435 0.0000e+00
       6997 314.047402  -62.13947  -58.43431      0.758    1446.18     89.000     88.127    -0.5823    -0.5818     0.0005    -0.5850    -0.5846     0.0005   2.804343   2.804266  -0.000069    34.2784    34.2769     7.6268    27.5516    27.5504    34.2784    27.5516    1446.92    1446.92    -0.5849  1027.9823    34.4444 0.0000e+00
       7030 314.047418  -62.13948  -58.43429      0.741    1446.18     90.000     89.117    -0.5817    -0.5819    -0.0002    -0.5844    -0.5846    -0.0002   2.804357   2.804304  -0.000052    34.2773    34.2769     7.6310    27.5507    27.5504    34.2773    27.5507    1446.94    1446.94    -0.5844  1027.9861    34.4433 0.0000e+00
       7065 314.047434  -62.13948  -58.43428      0.694    1446.18     91.000     90.107    -0.5836    -0.5831     0.0005    -0.5864    -0.5858     0.0005   2.804274   2.804256  -0.000032    34.2779    34.2768     7.6267    27.5512    27.5504    34.2778    27.5512    1446.95    1446.95    -0.5863  1027.9914    34.4438 0.0000e+00
       7098 314.047451  -62.13948  -58.43425      0.709    1446.18     92.000     91.097    -0.5860    -0.5844     0.0017    -0.5888    -0.5871     0.0017   2.804178   2.804188   0.000016    34.2786    34.2770     7.6211    27.5520    27.5505    34.2785    27.5519    1446.95    1446.96    -0.5887  1027.9969    34.4446 0.0000e+00
       7130 314.047466  -62.13948  -58.43424      0.750    1446.18     93.000     92.087    -0.5865    -0.5855     0.0010    -0.5893    -0.5884     0.0010   2.804156   2.804137  -0.000021    34.2783    34.2770     7.6251    27.5518    27.5506    34.2782    27.5516    1446.97    1446.97    -0.5893  1028.0014    34.4443 0.0000e+00
       7160 314.047480  -62.13950  -58.43422      0.780    1446.18     94.000     93.077    -0.5862    -0.5855     0.0007    -0.5890    -0.5883     0.0007   2.804196   2.804202   0.000006    34.2778    34.2770     7.6239    27.5513    27.5506    34.2778    27.5513    1446.98    1446.99    -0.5890  1028.0059    34.4439 0.0000e+00
       7189 314.047494  -62.13950  -58.43421      0.832    1446.18     95.000     94.067    -0.5850    -0.5841     0.0009    -0.5879    -0.5870     0.0009   2.804340   2.804363   0.000022    34.2776    34.2769     7.6176    27.5510    27.5505    34.2777    27.5512    1447.00    1447.01    -0.5878  1028.0105    34.4438 0.0000e+00
       7217 314.047508  -62.13950  -58.43419      0.846    1446.18     96.000     95.057    -0.5848    -0.5834     0.0014    -0.5877    -0.5863     0.0014   2.804461   2.804462   0.000005    34.2784    34.2770     7.6184    27.5518    27.5505    34.2784    27.5518    1447.02    1447.03    -0.5876  1028.0159    34.4446 0.0000e+00
       7245 314.047521  -62.13950  -58.43418      0.849    1446.18     97.000     96.047    -0.5847    -0.5838     0.0010    -0.5877    -0.5867     0.0010   2.804466   2.804472   0.000003    34.2778    34.2768     7.6208    27.5513    27.5504    34.2779    27.5513    1447.04    1447.04    -0.5876  1028.0203    34.4440 0.0000e+00
       7275 314.047536  -62.13950  -58.43416      0.818    1446.18     98.000     97.037    -0.5825    -0.5821     0.0003    -0.5855    -0.5851     0.0003   2.804719   2.804677  -0.000042    34.2777    34.2767     7.6150    27.5511    27.5503    34.2781    27.5514    1447.07    1447.07    -0.5854  1028.0240    34.4429 0.0000e+00
       7305 314.047550 -9.990e-29  -58.43414      0.808    1446.18     99.000     98.027    -0.5800    -0.5792     0.0008    -0.5830    -0.5822     0.0008   2.804947   2.804942   0.000005    34.2776    34.2768     7.6151    27.5509    27.5502    34.2778    27.5510    1447.09    1447.10    -0.5829  1028.0258    34.4394 0.0000e+00
       7333 314.047564 -9.990e-29  -58.43412      0.837    1446.18    100.000     99.017    -0.5820    -0.5813     0.0007    -0.5850    -0.5843     0.0007   2.804863   2.804807  -0.000051    34.2783    34.2767     7.6185    27.5515    27.5502    34.2783    27.5515    1447.10    1447.10    -0.5850  1028.0312    34.4399 0.0000e+00
       7364 314.047579 -9.990e-29  -58.43411      0.800    1446.18    101.000    100.007    -0.5801    -0.5796     0.0005    -0.5831    -0.5827     0.0005   2.805052   2.805021  -0.000046    34.2779    34.2767     7.6207    27.5511    27.5501    34.2780    27.5512    1447.13    1447.13    -0.5831  1028.0356    34.4396 0.0000e+00
       7395 314.047594 -9.990e-29  -58.43408      0.763    1446.18    102.000    100.996    -0.5801    -0.5793     0.0008    -0.5832    -0.5824     0.0008   2.805118   2.805088  -0.000021    34.2781    34.2769     7.6271    27.5513    27.5503    34.2783    27.5514    1447.14    1447.14    -0.5831  1028.0406    34.4399 0.0000e+00
       7425 314.047608 -9.990e-29  -58.43406      0.794    1446.18    103.000    101.986    -0.5836    -0.5823     0.0014    -0.5867    -0.5854     0.0014   2.804869   2.804868  -0.000006    34.2787    34.2771     7.6332    27.5520    27.5506    34.2783    27.5516    1447.14    1447.15    -0.5867  1028.0456    34.4400 0.0000e+00
       7454 314.047622 -9.990e-29  -58.43405      0.814    1446.18    104.000    102.976    -0.5840    -0.5837     0.0003    -0.5872    -0.5869     0.0003   2.804867   2.804814  -0.000062    34.2782    34.2769     7.6266    27.5515    27.5505    34.2782    27.5515    1447.16    1447.16    -0.5871  1028.0503    34.4398 0.0000e+00
       7484 314.047637  -62.13954  -58.43404      0.814    1446.18    105.000    103.966    -0.5839    -0.5826     0.0014    -0.5871    -0.5858     0.0014   2.804914   2.804939   0.000031    34.2780    34.2769     7.6199    27.5514    27.5504    34.2780    27.5514    1447.17    1447.18    -0.5870  1028.0571    34.4423 0.0000e+00
       7514 314.047651  -62.13954  -58.43403      0.812    1446.18    106.000    104.956    -0.5858    -0.5847     0.0011    -0.5890    -0.5879     0.0011   2.804794   2.804785  -0.000006    34.2781    34.2768     7.6209    27.5516    27.5505    34.2779    27.5514    1447.18    1447.18    -0.5889  1028.0634    34.4441 0.0000e+00
       7547 314.047667  -62.13954  -58.43400      0.748    1446.33    107.000    105.946    -0.5871    -0.5865     0.0006    -0.5904    -0.5898     0.0006   2.804729   2.804693  -0.000039    34.2780    34.2768     7.6207    27.5515    27.5505    34.2780    27.5515    1447.19    1447.19    -0.5903  1028.0684    34.4443 0.0000e+00
       7581 314.047683  -62.13954  -58.43399      0.704    1446.52    108.000    106.935    -0.5874    -0.5865     0.0009    -0.5907    -0.5897     0.0009   2.804751   2.804719  -0.000029    34.2780    34.2766     7.6184    27.5516    27.5503    34.2779    27.5515    1447.20    1447.21    -0.5906  1028.0731    34.4442 0.0000e+00
