Pos-Processados/process_op42/Processamento_split/down/doperantar42_021.cnv
* Sea-Bird SBE 9 Data File:
* FileName = C:\Users\Hidrografia\Desktop\OPXLII\Brutos\OP42021.hdr
* Software Version Seasave V 7.26.7.107
* Temperature SN = 6502
* Conductivity SN = 4998
* Number of Bytes Per Scan = 37
* Number of Voltage Words = 4
* Number of Scans Averaged by the Deck Unit = 1
* NMEA Latitude = 62 16.32 S
* NMEA Longitude = 058 25.69 W
* NMEA UTC (Time) = Nov 07 2023 20:05:24
* NMEA baud rate = 4800
** H41
** NPOALTEMAXIMIANO
** NUMERO DA ESTACAO (XXX) 021
** LAT (XX XX.XX S/N) 62 16.30 S
** LONG (XXX XX.XX W/E) 058 25.70 W
** DATAHORA (dd/mm/aaaa hh:mm Z) 07/11/2023 2004Z
** PROFUNDIDADE (m) 145
** OPERADOR CT FABIREZA
# nquan = 30
# nvalues = 167                         
# units = specified
# name 0 = scan: Scan Count
# name 1 = timeJ: Julian Days
# name 2 = latitude: Latitude [deg]
# name 3 = longitude: Longitude [deg]
# name 4 = dz/dtM: Descent Rate [m/s]
# name 5 = avgsvCM: Average Sound Velocity [Chen-Millero, m/s]
# name 6 = prDM: Pressure, Digiquartz [db]
# name 7 = depSM: Depth [salt water, m]
# name 8 = t090C: Temperature [ITS-90, deg C]
# name 9 = t190C: Temperature, 2 [ITS-90, deg C]
# name 10 = T2-T190C: Temperature Difference, 2 - 1 [ITS-90, deg C]
# name 11 = potemp090C: Potential Temperature [ITS-90, deg C]
# name 12 = potemp190C: Potential Temperature, 2 [ITS-90, deg C]
# name 13 = potemp90Cdiff: Potential Temperature, Diff, 2 - 1 [ITS-90, deg C]
# name 14 = c0S/m: Conductivity [S/m]
# name 15 = c1S/m: Conductivity, 2 [S/m]
# name 16 = C2-C1S/m: Conductivity Difference, 2 - 1 [S/m]
# name 17 = sal00: Salinity, Practical [PSU]
# name 18 = sal11: Salinity, Practical, 2 [PSU]
# name 19 = sbeox0ML/L: Oxygen, SBE 43 [ml/l]
# name 20 = sigma-é00: Density [sigma-theta, kg/m^3]
# name 21 = sigma-é11: Density, 2 [sigma-theta, kg/m^3]
# name 22 = sal00: Salinity, Practical [PSU]
# name 23 = sigma-é00: Density [sigma-theta, kg/m^3]
# name 24 = svCM: Sound Velocity [Chen-Millero, m/s]
# name 25 = svCM1: Sound Velocity, 2 [Chen-Millero, m/s]
# name 26 = gsw_ptA0: potential temperature [ITS-90, deg C]
# name 27 = gsw_densityA0: density, TEOS-10 [density, kg/m^3]
# name 28 = gsw_saA0: Absolute Salinity [g/kg]
# name 29 = flag:
# span 0 =       2468,      10147       
# span 1 = 311.838273, 311.841976       
# span 2 =  -62.27289,  -62.27227       
# span 3 =  -58.42719,  -58.42326       
# span 4 =      0.019,      1.090       
# span 5 =       0.00,    1446.75       
# span 6 =      3.000,    169.000       
# span 7 =      2.976,    167.306       
# span 8 =    -0.6365,    -0.5148       
# span 9 =    -0.6356,    -0.5140       
# span 10 =    -0.0010,     0.0047      
# span 11 =    -0.6379,    -0.5151      
# span 12 =    -0.6368,    -0.5144      
# span 13 =    -0.0010,     0.0047      
# span 14 =   2.799035,   2.815683      
# span 15 =   2.799027,   2.815581      
# span 16 =  -0.000199,   0.000203      
# span 17 =    34.2824,    34.3645      
# span 18 =    34.2824,    34.3635      
# span 19 =     6.8893,     7.6424      
# span 20 =    27.5521,    27.6210      
# span 21 =    27.5521,    27.6201      
# span 22 =    34.2831,    34.3645      
# span 23 =    27.5527,    27.6209      
# span 24 =    1445.67,    1448.39      
# span 25 =    1445.67,    1448.40      
# span 26 =    -0.6378,    -0.5151      
# span 27 =  1027.5728,  1028.4348      
# span 28 =    34.4475,    34.5330      
# span 29 = 0.0000e+00, 0.0000e+00      
# interval = decibars: 1                
# start_time = Nov 07 2023 20:05:24 [NMEA time, header]
# bad_flag = -9.990e-29
*END*
[from data line 49]
       4422 311.839215  -62.27244  -58.42628      0.660    1445.69     52.000     51.494    -0.6356    -0.6348     0.0008    -0.6371    -0.6363     0.0008   2.800251   2.800248  -0.000006    34.3065    34.3056     7.4757    27.5767    27.5758    34.3065    27.5767    1446.11    1446.11    -0.6371  1027.8302    34.4723 0.0000e+00
       4450 311.839229  -62.27244  -58.42626      0.793    1445.69     53.000     52.484    -0.6355    -0.6347     0.0009    -0.6371    -0.6362     0.0009   2.800328   2.800310  -0.000010    34.3067    34.3056     7.4952    27.5768    27.5758    34.3069    27.5769    1446.13    1446.13    -0.6370  1027.8353    34.4727 0.0000e+00
       4474 311.839240  -62.27244  -58.42626      0.933    1445.69     54.000     53.474    -0.6352    -0.6344     0.0008    -0.6368    -0.6360     0.0008   2.800568   2.800577  -0.000004    34.3088    34.3078     7.4917    27.5785    27.5776    34.3091    27.5787    1446.15    1446.15    -0.6367  1027.8418    34.4749 0.0000e+00
       4499 311.839253  -62.27244  -58.42624      0.978    1445.69     55.000     54.464    -0.6352    -0.6344     0.0009    -0.6368    -0.6360     0.0009   2.800857   2.800819  -0.000033    34.3123    34.3109     7.4820    27.5813    27.5801    34.3124    27.5814    1446.17    1446.17    -0.6368  1027.8493    34.4782 0.0000e+00
       4529 311.839267  -62.27246  -58.42622      0.858    1445.69     56.000     55.455    -0.6352    -0.6343     0.0010    -0.6369    -0.6359     0.0010   2.800986   2.801036   0.000064    34.3133    34.3130     7.4350    27.5821    27.5819    34.3135    27.5823    1446.19    1446.19    -0.6368  1027.8550    34.4794 0.0000e+00
       4560 311.839282  -62.27246  -58.42621      0.750    1445.69     57.000     56.445    -0.6336    -0.6331     0.0005    -0.6353    -0.6348     0.0005   2.801680   2.801581  -0.000127    34.3200    34.3177     7.3866    27.5875    27.5856    34.3204    27.5878    1446.22    1446.22    -0.6352  1027.8653    34.4863 0.0000e+00
       4586 311.839294  -62.27246  -58.42620      0.859    1445.69     58.000     57.435    -0.6343    -0.6330     0.0013    -0.6360    -0.6347     0.0013   2.801494   2.801607   0.000125    34.3184    34.3186     7.3642    27.5862    27.5863    34.3182    27.5860    1446.23    1446.23    -0.6360  1027.8683    34.4840 0.0000e+00
       4608 311.839305  -62.27246  -58.42619      1.016    1445.69     59.000     58.425    -0.6342    -0.6334     0.0008    -0.6359    -0.6352     0.0008   2.801647   2.801576  -0.000079    34.3191    34.3172     7.3481    27.5868    27.5852    34.3194    27.5870    1446.25    1446.25    -0.6359  1027.8741    34.4853 0.0000e+00
       4630 311.839316  -62.27246  -58.42618      1.090    1445.69     60.000     59.415    -0.6344    -0.6332     0.0011    -0.6361    -0.6350     0.0011   2.801662   2.801724   0.000059    34.3193    34.3187     7.3184    27.5869    27.5864    34.3192    27.5869    1446.26    1446.27    -0.6361  1027.8787    34.4851 0.0000e+00
       4661 311.839331  -62.27246  -58.42617      0.885    1445.69     61.000     60.405    -0.6345    -0.6335     0.0009    -0.6363    -0.6353     0.0009   2.801620   2.801632   0.000016    34.3181    34.3173     7.3018    27.5860    27.5853    34.3181    27.5860    1446.28    1446.28    -0.6362  1027.8827    34.4840 0.0000e+00
       4706 311.839353  -62.27246  -58.42615      0.494    1445.69     62.000     61.395    -0.6345    -0.6336     0.0009    -0.6363    -0.6354     0.0009   2.801662   2.801680   0.000016    34.3181    34.3173     7.3025    27.5860    27.5853    34.3181    27.5860    1446.29    1446.30    -0.6363  1027.8875    34.4841 0.0000e+00
       4737 311.839367  -62.27246  -58.42612      0.700    1445.71     63.000     62.386    -0.6348    -0.6338     0.0010    -0.6367    -0.6357     0.0010   2.801725   2.801726   0.000005    34.3186    34.3175     7.3079    27.5864    27.5855    34.3187    27.5865    1446.31    1446.31    -0.6366  1027.8904    34.4817 0.0000e+00
       4760 311.839378 -9.990e-29  -58.42610      0.937 -9.990e-29     64.000     63.375    -0.6345    -0.6336     0.0008    -0.6364    -0.6355     0.0008   2.801897   2.801869  -0.000030    34.3199    34.3186     7.3171    27.5875    27.5863    34.3200    27.5875    1446.33    1446.33    -0.6363  1027.8953    34.4819 0.0000e+00
       4783 311.839389 -9.990e-29  -58.42610      1.051 -9.990e-29     65.000     64.366    -0.6344    -0.6335     0.0009    -0.6363    -0.6354     0.0009   2.801966   2.801944  -0.000020    34.3201    34.3188     7.3010    27.5876    27.5865    34.3202    27.5877    1446.34    1446.35    -0.6363  1027.9002    34.4821 0.0000e+00
       4810 311.839403 -9.990e-29  -58.42608      0.961 -9.990e-29     66.000     65.356    -0.6352    -0.6339     0.0013    -0.6372    -0.6359     0.0013   2.801963   2.801993   0.000030    34.3206    34.3195     7.3023    27.5880    27.5871    34.3205    27.5880    1446.36    1446.36    -0.6371  1027.9052    34.4824 0.0000e+00
       4845 311.839419  -62.27248  -58.42607      0.709    1446.03     67.000     66.346    -0.6355    -0.6347     0.0009    -0.6375    -0.6366     0.0009   2.801974   2.801953  -0.000024    34.3204    34.3191     7.3011    27.5879    27.5868    34.3203    27.5879    1446.37    1446.37    -0.6374  1027.9129    34.4859 0.0000e+00
       4876 311.839434  -62.27248  -58.42606      0.722    1446.03     68.000     67.336    -0.6358    -0.6348     0.0011    -0.6379    -0.6368     0.0011   2.801972   2.801971   0.000003    34.3201    34.3190     7.2911    27.5877    27.5867    34.3201    27.5877    1446.39    1446.39    -0.6378  1027.9179    34.4861 0.0000e+00
       4902 311.839447  -62.27248  -58.42604      0.874    1446.03     69.000     68.326    -0.6354    -0.6346     0.0008    -0.6375    -0.6367     0.0008   2.802042   2.802051   0.000005    34.3200    34.3191     7.2861    27.5875    27.5868    34.3200    27.5876    1446.40    1446.41    -0.6374  1027.9225    34.4860 0.0000e+00
       4927 311.839459  -62.27248  -58.42602      0.967    1446.03     70.000     69.316    -0.6351    -0.6343     0.0008    -0.6372    -0.6364     0.0008   2.802121   2.802124   0.000006    34.3200    34.3191     7.2796    27.5875    27.5868    34.3201    27.5876    1446.42    1446.42    -0.6371  1027.9274    34.4861 0.0000e+00
       4955 311.839472  -62.27248  -58.42602      0.912    1446.03     71.000     70.306    -0.6347    -0.6340     0.0008    -0.6368    -0.6361     0.0008   2.802244   2.802222  -0.000017    34.3206    34.3194     7.2858    27.5880    27.5870    34.3207    27.5881    1446.44    1446.44    -0.6368  1027.9326    34.4867 0.0000e+00
       4989 311.839489  -62.27250  -58.42600      0.729    1446.03     72.000     71.296    -0.6346    -0.6338     0.0008    -0.6368    -0.6359     0.0008   2.802297   2.802281  -0.000015    34.3206    34.3195     7.3011    27.5880    27.5871    34.3206    27.5880    1446.46    1446.46    -0.6367  1027.9374    34.4866 0.0000e+00
       5023 311.839505  -62.27250  -58.42598      0.686    1446.03     73.000     72.286    -0.6346    -0.6337     0.0008    -0.6368    -0.6359     0.0008   2.802367   2.802342  -0.000025    34.3208    34.3196     7.3014    27.5882    27.5871    34.3209    27.5882    1446.47    1446.48    -0.6367  1027.9424    34.4869 0.0000e+00
       5053 311.839519  -62.27250  -58.42596      0.782    1446.03     74.000     73.276    -0.6342    -0.6334     0.0008    -0.6364    -0.6356     0.0008   2.802456   2.802428  -0.000031    34.3210    34.3197     7.2889    27.5884    27.5872    34.3211    27.5884    1446.49    1446.49    -0.6364  1027.9473    34.4871 0.0000e+00
       5080 311.839533  -62.27250  -58.42595      0.855    1446.03     75.000     74.266    -0.6340    -0.6331     0.0009    -0.6363    -0.6354     0.0009   2.802515   2.802504  -0.000010    34.3210    34.3198     7.2817    27.5883    27.5873    34.3211    27.5884    1446.51    1446.51    -0.6362  1027.9521    34.4871 0.0000e+00
       5108 311.839546  -62.27250  -58.42594      0.868    1446.03     76.000     75.256    -0.6341    -0.6333     0.0008    -0.6363    -0.6356     0.0008   2.802566   2.802540  -0.000024    34.3211    34.3199     7.2757    27.5884    27.5874    34.3212    27.5885    1446.53    1446.53    -0.6363  1027.9570    34.4873 0.0000e+00
       5139 311.839561  -62.27250  -58.42593      0.813    1446.03     77.000     76.246    -0.6341    -0.6333     0.0008    -0.6364    -0.6356     0.0008   2.802634   2.802594  -0.000042    34.3214    34.3199     7.2788    27.5886    27.5874    34.3215    27.5887    1446.54    1446.54    -0.6363  1027.9595    34.4845 0.0000e+00
       5170 311.839576 -9.990e-29  -58.42590      0.766    1446.03     78.000     77.236    -0.6339    -0.6330     0.0009    -0.6362    -0.6353     0.0009   2.802717   2.802706  -0.000012    34.3216    34.3205     7.2753    27.5888    27.5879    34.3217    27.5889    1446.56    1446.56    -0.6362  1027.9635    34.4836 0.0000e+00
       5198 311.839589 -9.990e-29  -58.42589      0.826    1446.03     79.000     78.226    -0.6339    -0.6330     0.0009    -0.6362    -0.6354     0.0009   2.802751   2.802729  -0.000018    34.3215    34.3202     7.2723    27.5887    27.5877    34.3216    27.5888    1446.58    1446.58    -0.6362  1027.9682    34.4834 0.0000e+00
       5223 311.839602  -62.27252  -58.42587      0.918    1446.03     80.000     79.216    -0.6336    -0.6327     0.0009    -0.6360    -0.6351     0.0009   2.802828   2.802825  -0.000004    34.3215    34.3204     7.2742    27.5887    27.5878    34.3217    27.5888    1446.59    1446.60    -0.6359  1027.9736    34.4842 0.0000e+00
       5249 311.839614  -62.27252  -58.42586      0.945    1446.03     81.000     80.207    -0.6326    -0.6319     0.0008    -0.6351    -0.6343     0.0008   2.803051   2.803015  -0.000039    34.3228    34.3214     7.2785    27.5897    27.5886    34.3230    27.5899    1446.62    1446.62    -0.6350  1027.9823    34.4891 0.0000e+00
       5279 311.839629  -62.27252  -58.42586      0.841    1446.03     82.000     81.196    -0.6293    -0.6301    -0.0007    -0.6318    -0.6325    -0.0007   2.803485   2.803316  -0.000166    34.3238    34.3223     7.2731    27.5903    27.5892    34.3245    27.5909    1446.65    1446.64    -0.6317  1027.9882    34.4907 0.0000e+00
       5317 311.839647  -62.27252  -58.42583      0.647    1446.03     83.000     82.187    -0.6269    -0.6267     0.0002    -0.6294    -0.6292     0.0002   2.803867   2.803841  -0.000022    34.3260    34.3255     7.2590    27.5921    27.5916    34.3263    27.5923    1446.68    1446.68    -0.6293  1027.9943    34.4925 0.0000e+00
       5350 311.839663  -62.27252  -58.42582      0.679    1446.03     84.000     83.176    -0.6239    -0.6231     0.0008    -0.6264    -0.6256     0.0008   2.804280   2.804294   0.000008    34.3273    34.3265     7.2549    27.5930    27.5923    34.3278    27.5934    1446.71    1446.72    -0.6264  1028.0002    34.4940 0.0000e+00
       5376 311.839675  -62.27252  -58.42581      0.863    1446.03     85.000     84.166    -0.6232    -0.6221     0.0011    -0.6257    -0.6247     0.0011   2.804331   2.804382   0.000050    34.3268    34.3263     7.2345    27.5926    27.5921    34.3271    27.5928    1446.73    1446.74    -0.6257  1028.0044    34.4933 0.0000e+00
       5399 311.839687  -62.27252  -58.42579      0.992    1446.03     86.000     85.156    -0.6211    -0.6201     0.0010    -0.6237    -0.6227     0.0010   2.804602   2.804595  -0.000013    34.3274    34.3261     7.2212    27.5929    27.5919    34.3277    27.5932    1446.76    1446.76    -0.6236  1028.0096    34.4940 0.0000e+00
       5426 311.839700  -62.27252  -58.42578      0.945    1446.03     87.000     86.146    -0.6216    -0.6214     0.0002    -0.6242    -0.6240     0.0002   2.804618   2.804503  -0.000108    34.3274    34.3257     7.2101    27.5930    27.5916    34.3279    27.5934    1446.77    1446.77    -0.6241  1028.0132    34.4926 0.0000e+00
       5463 311.839718 -9.990e-29  -58.42575      0.682    1446.03     88.000     87.136    -0.6200    -0.6193     0.0007    -0.6226    -0.6219     0.0007   2.804836   2.804833  -0.000008    34.3281    34.3272     7.2047    27.5935    27.5927    34.3284    27.5937    1446.80    1446.80    -0.6226  1028.0161    34.4902 0.0000e+00
       5498 311.839734 -9.990e-29  -58.42574      0.657    1446.03     89.000     88.126    -0.6212    -0.6204     0.0008    -0.6239    -0.6231     0.0008   2.804830   2.804781  -0.000039    34.3289    34.3275     7.2085    27.5942    27.5930    34.3291    27.5943    1446.81    1446.81    -0.6238  1028.0215    34.4909 0.0000e+00
       5525 311.839747  -62.27254  -58.42572      0.821    1446.03     90.000     89.116    -0.6195    -0.6205    -0.0010    -0.6222    -0.6232    -0.0010   2.805011   2.804881  -0.000135    34.3283    34.3276     7.2135    27.5936    27.5931    34.3289    27.5941    1446.83    1446.83    -0.6221  1028.0269    34.4919 0.0000e+00
       5550 311.839759  -62.27254  -58.42570      0.949    1446.03     91.000     90.106    -0.6176    -0.6167     0.0009    -0.6204    -0.6194     0.0009   2.805353   2.805345  -0.000008    34.3305    34.3293     7.2167    27.5954    27.5943    34.3308    27.5956    1446.86    1446.86    -0.6203  1028.0359    34.4972 0.0000e+00
       5575 311.839771  -62.27254  -58.42570      0.979    1446.03     92.000     91.096    -0.6183    -0.6167     0.0016    -0.6211    -0.6195     0.0016   2.805368   2.805381   0.000012    34.3311    34.3294     7.2033    27.5959    27.5944    34.3313    27.5959    1446.87    1446.88    -0.6210  1028.0410    34.4976 0.0000e+00
       5603 311.839785  -62.27254  -58.42570      0.890    1446.03     93.000     92.086    -0.6180    -0.6173     0.0007    -0.6208    -0.6201     0.0007   2.805417   2.805401  -0.000018    34.3307    34.3296     7.1940    27.5955    27.5946    34.3309    27.5957    1446.89    1446.89    -0.6207  1028.0455    34.4973 0.0000e+00
       5633 311.839799  -62.27254  -58.42568      0.806    1446.03     94.000     93.076    -0.6184    -0.6173     0.0011    -0.6212    -0.6201     0.0011   2.805420   2.805402  -0.000023    34.3308    34.3292     7.1893    27.5956    27.5943    34.3307    27.5956    1446.90    1446.91    -0.6212  1028.0502    34.4972 0.0000e+00
       5663 311.839814  -62.27254  -58.42567      0.808    1446.03     95.000     94.066    -0.6211    -0.6202     0.0009    -0.6240    -0.6231     0.0009   2.805301   2.805292  -0.000011    34.3315    34.3303     7.1854    27.5963    27.5953    34.3316    27.5964    1446.91    1446.91    -0.6239  1028.0559    34.4981 0.0000e+00
       5695 311.839829  -62.27254  -58.42564      0.763    1446.03     96.000     95.056    -0.6214    -0.6204     0.0010    -0.6242    -0.6233     0.0010   2.805250   2.805244  -0.000005    34.3307    34.3295     7.1804    27.5956    27.5946    34.3306    27.5956    1446.92    1446.93    -0.6242  1028.0598    34.4970 0.0000e+00
       5732 311.839847  -62.27256  -58.42563      0.658    1446.03     97.000     96.046    -0.6197    -0.6186     0.0011    -0.6226    -0.6215     0.0011   2.805510   2.805533   0.000025    34.3313    34.3304     7.1825    27.5961    27.5953    34.3316    27.5963    1446.95    1446.95    -0.6225  1028.0653    34.4981 0.0000e+00
       5766 311.839863  -62.27256  -58.42560      0.684    1446.03     98.000     97.036    -0.6170    -0.6163     0.0007    -0.6199    -0.6192     0.0007   2.805716   2.805700  -0.000016    34.3304    34.3293     7.1777    27.5952    27.5943    34.3307    27.5954    1446.97    1446.98    -0.6199  1028.0693    34.4972 0.0000e+00
