Pos-Processados/process_op42/Processamento_split/down/doperantar42_001.cnv
* Sea-Bird SBE 9 Data File:
* FileName = C:\Users\Hidrografia\Desktop\OPXLII\Brutos\OP42001.hdr
* Software Version Seasave V 7.26.7.107
* Temperature SN = 6502
* Conductivity SN = 4998
* Number of Bytes Per Scan = 37
* Number of Voltage Words = 4
* Number of Scans Averaged by the Deck Unit = 1
* NMEA Latitude = 37 22.97 S
* NMEA Longitude = 051 25.37 W
* NMEA UTC (Time) = Oct 16 2023 02:33:28
* NMEA baud rate = 4800
** H41
** NPOALTEMAXIMIANO
** NUMERO DA ESTACAO (XXX) 001
** LAT (XX XX.XX S/N) 37 21.653 S
** LONG (XXX XX.XX W/E) 51 23.878 W
** DATAHORA (dd/mm/aaaa hh:mm Z) 16/10/2023 0155
** PROFUNDIDADE (m) 4344
** OPERADOR CT FILIPE LOPES
# nquan = 30
# nvalues = 1009                        
# units = specified
# name 0 = scan: Scan Count
# name 1 = timeJ: Julian Days
# name 2 = latitude: Latitude [deg]
# name 3 = longitude: Longitude [deg]
# name 4 = dz/dtM: Descent Rate [m/s]
# name 5 = avgsvCM: Average Sound Velocity [Chen-Millero, m/s]
# name 6 = prDM: Pressure, Digiquartz [db]
# name 7 = depSM: Depth [salt water, m]
# name 8 = t090C: Temperature [ITS-90, deg C]
# name 9 = t190C: Temperature, 2 [ITS-90, deg C]
# name 10 = T2-T190C: Temperature Difference, 2 - 1 [ITS-90, deg C]
# name 11 = potemp090C: Potential Temperature [ITS-90, deg C]
# name 12 = potemp190C: Potential Temperature, 2 [ITS-90, deg C]
# name 13 = potemp90Cdiff: Potential Temperature, Diff, 2 - 1 [ITS-90, deg C]
# name 14 = c0S/m: Conductivity [S/m]
# name 15 = c1S/m: Conductivity, 2 [S/m]
# name 16 = C2-C1S/m: Conductivity Difference, 2 - 1 [S/m]
# name 17 = sal00: Salinity, Practical [PSU]
# name 18 = sal11: Salinity, Practical, 2 [PSU]
# name 19 = sbeox0ML/L: Oxygen, SBE 43 [ml/l]
# name 20 = sigma-é00: Density [sigma-theta, kg/m^3]
# name 21 = sigma-é11: Density, 2 [sigma-theta, kg/m^3]
# name 22 = sal00: Salinity, Practical [PSU]
# name 23 = sigma-é00: Density [sigma-theta, kg/m^3]
# name 24 = svCM: Sound Velocity [Chen-Millero, m/s]
# name 25 = svCM1: Sound Velocity, 2 [Chen-Millero, m/s]
# name 26 = gsw_ptA0: potential temperature [ITS-90, deg C]
# name 27 = gsw_densityA0: density, TEOS-10 [density, kg/m^3]
# name 28 = gsw_saA0: Absolute Salinity [g/kg]
# name 29 = flag:
# span 0 =       6096,      39535       
# span 1 = 289.109514, 289.125639       
# span 2 =  -37.39418,  -37.38511       
# span 3 =  -51.43361,  -51.42393       
# span 4 =      0.048,      1.488       
# span 5 =       0.00,    1520.06       
# span 6 =      4.000,   1012.000       
# span 7 =      3.989,   1002.030       
# span 8 =     4.3462,    18.7327       
# span 9 =     4.3501,    18.7321       
# span 10 =    -0.0366,     0.0252      
# span 11 =     4.2674,    18.7261      
# span 12 =     4.2713,    18.7257      
# span 13 =    -0.0365,     0.0250      
# span 14 =   3.263527,   4.825247      
# span 15 =   3.263781,   4.825505      
# span 16 =  -0.003094,   0.003720      
# span 17 =    34.2023,    36.3480      
# span 18 =    34.2021,    36.3494      
# span 19 =     4.4729,     5.6362      
# span 20 =    26.0397,    27.1253      
# span 21 =    26.0404,    27.1245      
# span 22 =    34.2011,    36.3479      
# span 23 =    26.0401,    27.1250      
# span 24 =    1483.66,    1521.24      
# span 25 =    1483.66,    1521.24      
# span 26 =     4.2672,    18.7261      
# span 27 =  1026.0620,  1031.7787      
# span 28 =    34.3646,    36.5196      
# span 29 = 0.0000e+00, 0.0000e+00      
# interval = decibars: 1                
# start_time = Oct 16 2023 02:33:28 [NMEA time, header]
# bad_flag = -9.990e-29
*END*
[from data line 822]
      32150 289.122078  -37.39283  -51.43067      0.731    1506.57    826.000    818.234     5.5105     5.5103    -0.0002     5.4399     5.4397    -0.0002   3.363505   3.363407  -0.000098    34.2589    34.2580     5.5288    27.0360    27.0353    34.2574    27.0348    1485.44    1485.43     5.4397  1030.8160    34.4204 0.0000e+00
      32177 289.122091  -37.39284  -51.43068      0.853    1506.57    827.000    819.223     5.5016     5.5019     0.0003     5.4309     5.4311     0.0003   3.362634   3.362630  -0.000005    34.2573    34.2570     5.5329    27.0359    27.0356    34.2561    27.0349    1485.41    1485.42     5.4307  1030.8208    34.4192 0.0000e+00
      32201 289.122103  -37.39284  -51.43069      0.945    1506.57    828.000    820.211     5.4967     5.4967     0.0000     5.4259     5.4260     0.0000   3.362196   3.362174  -0.000025    34.2571    34.2567     5.5340    27.0362    27.0360    34.2556    27.0351    1485.41    1485.41     5.4257  1030.8256    34.4186 0.0000e+00
      32223 289.122113  -37.39284  -51.43070      1.035    1506.57    829.000    821.200     5.4834     5.4843     0.0009     5.4127     5.4136     0.0009   3.361039   3.360924  -0.000110    34.2579    34.2557     5.5345    27.0385    27.0367    34.2554    27.0365    1485.37    1485.37     5.4125  1030.8319    34.4185 0.0000e+00
      32245 289.122124 -9.990e-29  -51.43070      1.104    1506.57    830.000    822.189     5.4648     5.4655     0.0006     5.3941     5.3947     0.0006   3.359316   3.359205  -0.000126    34.2567    34.2547     5.5336    27.0398    27.0381    34.2542    27.0378    1485.31    1485.31     5.3939  1030.8404    34.4201 0.0000e+00
      32269 289.122135 -9.990e-29  -51.43072      1.062    1506.57    831.000    823.177     5.4615     5.4619     0.0004     5.3907     5.3911     0.0004   3.358981   3.358973  -0.000007    34.2547    34.2543     5.5269    27.0386    27.0382    34.2532    27.0375    1485.32    1485.32     5.3905  1030.8447    34.4193 0.0000e+00
      32304 289.122152 -9.990e-29  -51.43073      0.765    1506.57    832.000    824.166     5.4619     5.4616    -0.0003     5.3910     5.3907    -0.0003   3.359074   3.359003  -0.000075    34.2545    34.2540     5.5317    27.0384    27.0380    34.2534    27.0375    1485.33    1485.33     5.3908  1030.8493    34.4194 0.0000e+00
      32345 289.122172  -37.39287  -51.43075      0.574    1506.57    833.000    825.154     5.4611     5.4616     0.0006     5.3901     5.3906     0.0006   3.358997   3.359022   0.000023    34.2540    34.2536     5.5445    27.0381    27.0378    34.2529    27.0373    1485.35    1485.35     5.3899  1030.8518    34.4167 0.0000e+00
      32377 289.122187  -37.39288  -51.43076      0.710    1506.57    834.000    826.143     5.4575     5.4581     0.0006     5.3865     5.3871     0.0006   3.358685   3.358712   0.000027    34.2535    34.2532     5.5415    27.0381    27.0379    34.2524    27.0373    1485.35    1485.35     5.3863  1030.8559    34.4155 0.0000e+00
      32404 289.122201  -37.39288  -51.43078      0.842    1506.57    835.000    827.132     5.4529     5.4530     0.0002     5.3817     5.3819     0.0002   3.358273   3.358234  -0.000033    34.2533    34.2528     5.5380    27.0386    27.0381    34.2520    27.0375    1485.35    1485.35     5.3816  1030.8608    34.4151 0.0000e+00
      32433 289.122215  -37.39288  -51.43078      0.852    1506.57    836.000    828.120     5.4451     5.4455     0.0004     5.3739     5.3743     0.0004   3.357580   3.357558  -0.000022    34.2529    34.2522     5.5398    27.0391    27.0386    34.2515    27.0381    1485.33    1485.33     5.3737  1030.8660    34.4146 0.0000e+00
      32468 289.122231  -37.39288  -51.43080      0.708    1506.57    837.000    829.109     5.4337     5.4331    -0.0006     5.3625     5.3620    -0.0005   3.356496   3.356376  -0.000120    34.2522    34.2514     5.5430    27.0400    27.0394    34.2503    27.0385    1485.30    1485.30     5.3623  1030.8712    34.4134 0.0000e+00
      32497 289.122245  -37.39289  -51.43080      0.754    1506.57    838.000    830.097     5.4240     5.4246     0.0006     5.3528     5.3534     0.0006   3.355600   3.355591  -0.000011    34.2509    34.2502     5.5464    27.0401    27.0394    34.2494    27.0389    1485.28    1485.28     5.3526  1030.8764    34.4125 0.0000e+00
      32519 289.122256  -37.39290  -51.43081      0.955    1506.57    839.000    831.086     5.4211     5.4218     0.0006     5.3499     5.3505     0.0006   3.355365   3.355380   0.000015    34.2505    34.2501     5.5484    27.0401    27.0397    34.2492    27.0391    1485.28    1485.28     5.3497  1030.8812    34.4123 0.0000e+00
      32541 289.122267  -37.39290  -51.43082      1.094    1506.57    840.000    832.075     5.4152     5.4154     0.0002     5.3439     5.3441     0.0002   3.354856   3.354780  -0.000067    34.2507    34.2498     5.5581    27.0411    27.0403    34.2489    27.0396    1485.27    1485.27     5.3437  1030.8864    34.4120 0.0000e+00
      32581 289.122286  -37.39292  -51.43084      0.685    1506.57    841.000    833.062     5.4125     5.4096    -0.0029     5.3411     5.3382    -0.0029   3.354488   3.354304  -0.000176    34.2483    34.2493     5.5575    27.0395    27.0406    34.2470    27.0384    1485.28    1485.26     5.3409  1030.8898    34.4101 0.0000e+00
      32628 289.122309  -37.39292  -51.43088      0.469    1506.57    842.000    834.052     5.3931     5.3937     0.0005     5.3218     5.3223     0.0005   3.352789   3.352802   0.000004    34.2486    34.2481     5.5593    27.0419    27.0415    34.2468    27.0406    1485.21    1485.21     5.3215  1030.8969    34.4099 0.0000e+00
      32653 289.122321  -37.39292  -51.43088      0.817    1506.57    843.000    835.040     5.3903     5.3908     0.0005     5.3188     5.3194     0.0005   3.352617   3.352618   0.000012    34.2485    34.2481     5.5613    27.0423    27.0419    34.2472    27.0413    1485.22    1485.22     5.3187  1030.9022    34.4103 0.0000e+00
      32673 289.122330  -37.39294  -51.43088      1.048    1506.57    844.000    836.029     5.3837     5.3841     0.0005     5.3122     5.3126     0.0005   3.352054   3.352029  -0.000028    34.2491    34.2483     5.5673    27.0436    27.0428    34.2471    27.0419    1485.21    1485.21     5.3120  1030.9075    34.4102 0.0000e+00
      32692 289.122339  -37.39294  -51.43088      1.198    1506.57    845.000    837.017     5.3699     5.3702     0.0003     5.2985     5.2987     0.0003   3.350780   3.350634  -0.000129    34.2493    34.2476     5.5765    27.0453    27.0439    34.2460    27.0427    1485.17    1485.17     5.2982  1030.9131    34.4091 0.0000e+00
      32713 289.122350  -37.39294  -51.43088      1.213    1506.57    846.000    838.006     5.3496     5.3496     0.0000     5.2781     5.2781     0.0000   3.349005   3.348742  -0.000270    34.2490    34.2459     5.5733    27.0475    27.0450    34.2460    27.0451    1485.10    1485.10     5.2779  1030.9204    34.4091 0.0000e+00
      32747 289.122366  -37.39294  -51.43090      0.856    1506.57    847.000    838.994     5.3443     5.3399    -0.0044     5.2728     5.2684    -0.0044   3.348437   3.347972  -0.000454    34.2467    34.2460     5.5618    27.0462    27.0462    34.2443    27.0444    1485.10    1485.08     5.2726  1030.9244    34.4074 0.0000e+00
      32795 289.122389  -37.39296  -51.43092      0.462    1506.57    848.000    839.983     5.3153     5.3140    -0.0013     5.2439     5.2426    -0.0013   3.345593   3.345435  -0.000166    34.2441    34.2436     5.5613    27.0477    27.0474    34.2409    27.0450    1484.99    1484.98     5.2437  1030.9303    34.4040 0.0000e+00
      32829 289.122405  -37.39296  -51.43094      0.656    1506.57    849.000    840.971     5.3043     5.3048     0.0005     5.2329     5.2334     0.0005   3.344610   3.344636   0.000015    34.2427    34.2423     5.5692    27.0478    27.0474    34.2404    27.0459    1484.96    1484.96     5.2327  1030.9360    34.4035 0.0000e+00
      32855 289.122418  -37.39296  -51.43095      0.845    1506.57    850.000    841.960     5.3030     5.3037     0.0007     5.2315     5.2321     0.0007   3.344598   3.344652   0.000051    34.2429    34.2427     5.5747    27.0481    27.0479    34.2411    27.0467    1484.97    1484.98     5.2313  1030.9412    34.4042 0.0000e+00
      32884 289.122432  -37.39296  -51.43096      0.873    1506.57    851.000    842.949     5.3015     5.3022     0.0007     5.2298     5.2306     0.0007   3.344552   3.344606   0.000049    34.2432    34.2430     5.5776    27.0486    27.0483    34.2416    27.0473    1484.98    1484.99     5.2297  1030.9464    34.4047 0.0000e+00
      32916 289.122448  -37.39298  -51.43098      0.754    1506.57    852.000    843.937     5.3018     5.3025     0.0008     5.2301     5.2309     0.0008   3.344651   3.344721   0.000066    34.2431    34.2431     5.5728    27.0485    27.0484    34.2420    27.0475    1485.00    1485.01     5.2299  1030.9512    34.4051 0.0000e+00
      32945 289.122461  -37.39298  -51.43099      0.787    1506.57    853.000    844.926     5.3013     5.3018     0.0005     5.2295     5.2301     0.0005   3.344658   3.344680   0.000028    34.2432    34.2430     5.5632    27.0486    27.0484    34.2420    27.0476    1485.02    1485.02     5.2293  1030.9558    34.4051 0.0000e+00
      32969 289.122473  -37.39298  -51.43100      0.929    1506.57    854.000    845.914     5.2985     5.2990     0.0005     5.2267     5.2271     0.0005   3.344463   3.344473   0.000008    34.2433    34.2429     5.5601    27.0490    27.0486    34.2422    27.0481    1485.02    1485.02     5.2265  1030.9609    34.4053 0.0000e+00
      32990 289.122483  -37.39299  -51.43101      1.064    1506.57    855.000    846.903     5.2952     5.2946    -0.0006     5.2233     5.2227    -0.0006   3.344215   3.344082  -0.000123    34.2435    34.2428     5.5598    27.0496    27.0490    34.2422    27.0485    1485.03    1485.02     5.2231  1030.9659    34.4053 0.0000e+00
      33020 289.122498  -37.39300  -51.43102      0.937    1506.57    856.000    847.889     5.2923     5.2907    -0.0016     5.2203     5.2187    -0.0016   3.343937   3.343738  -0.000180    34.2423    34.2419     5.5550    27.0490    27.0488    34.2415    27.0483    1485.03    1485.02     5.2201  1030.9703    34.4046 0.0000e+00
      33078 289.122526  -37.39300  -51.43104      0.273    1506.57    857.000    848.885     5.2799     5.2819     0.0020     5.2079     5.2099     0.0019   3.342704   3.342882   0.000153    34.2416    34.2413     5.5614    27.0498    27.0494    34.2395    27.0482    1484.99    1485.00     5.2077  1030.9750    34.4026 0.0000e+00
      33105 289.122539  -37.39302  -51.43104      0.706    1506.57    858.000    849.868     5.2653     5.2662     0.0009     5.1933     5.1942     0.0009   3.341490   3.341425  -0.000055    34.2422    34.2406     5.5523    27.0520    27.0507    34.2400    27.0503    1484.95    1484.95     5.1931  1030.9820    34.4032 0.0000e+00
      33125 289.122548  -37.39302  -51.43106      1.021    1506.57    859.000    850.856     5.2560     5.2564     0.0003     5.1840     5.1844     0.0003   3.340682   3.340619  -0.000070    34.2417    34.2406     5.5485    27.0528    27.0518    34.2397    27.0511    1484.93    1484.93     5.1838  1030.9876    34.4028 0.0000e+00
      33145 289.122558  -37.39302  -51.43106      1.182    1506.57    860.000    851.845     5.2482     5.2483     0.0001     5.1762     5.1762     0.0001   3.340009   3.339893  -0.000098    34.2417    34.2405     5.5518    27.0536    27.0527    34.2394    27.0519    1484.91    1484.91     5.1760  1030.9930    34.4026 0.0000e+00
      33192 289.122580  -37.39303  -51.43108      0.582    1506.57    861.000    852.838     5.2346     5.2355     0.0009     5.1626     5.1635     0.0009   3.338603   3.338690   0.000051    34.2395    34.2392     5.5662    27.0535    27.0531    34.2367    27.0513    1484.87    1484.88     5.1624  1030.9973    34.3998 0.0000e+00
      33234 289.122601  -37.39304  -51.43111      0.546    1506.53    862.000    853.822     5.2005     5.2016     0.0012     5.1286     5.1297     0.0012   3.335390   3.335416   0.000039    34.2364    34.2357     5.5660    27.0550    27.0543    34.2343    27.0533    1484.75    1484.75     5.1284  1031.0046    34.3974 0.0000e+00
      33256 289.122612  -37.39305  -51.43112      0.929 -9.990e-29    863.000    854.810     5.1861     5.1867     0.0006     5.1142     5.1148     0.0007   3.333962   3.333795  -0.000162    34.2370    34.2345     5.5618    27.0571    27.0551    34.2321    27.0533    1484.70    1484.70     5.1140  1031.0094    34.3952 0.0000e+00
      33279 289.122622  -37.39306  -51.43113      1.077 -9.990e-29    864.000    855.797     5.1626     5.1633     0.0006     5.0908     5.0915     0.0006   3.331758   3.331624  -0.000125    34.2339    34.2319     5.5718    27.0574    27.0557    34.2302    27.0545    1484.62    1484.62     5.0906  1031.0157    34.3933 0.0000e+00
      33322 289.122643  -37.39306  -51.43114      0.616    1505.37    865.000    856.787     5.1620     5.1628     0.0008     5.0901     5.0909     0.0008   3.331535   3.331743   0.000177    34.2301    34.2313     5.5937    27.0544    27.0554    34.2278    27.0527    1484.63    1484.64     5.0899  1031.0190    34.3917 0.0000e+00
      33361 289.122662 -9.990e-29  -51.43114      0.571    1505.33    866.000    857.776     5.1649     5.1661     0.0013     5.0929     5.0941     0.0012   3.332130   3.332381   0.000245    34.2316    34.2331     5.6190    27.0553    27.0563    34.2312    27.0550    1484.66    1484.67     5.0927  1031.0275    34.3972 0.0000e+00
      33384 289.122673 -9.990e-29  -51.43115      0.886    1505.33    867.000    858.764     5.1752     5.1761     0.0009     5.1030     5.1039     0.0009   3.333288   3.333459   0.000182    34.2340    34.2352     5.6176    27.0560    27.0569    34.2335    27.0556    1484.73    1484.73     5.1028  1031.0324    34.3994 0.0000e+00
      33406 289.122684 -9.990e-29  -51.43116      1.056    1505.33    868.000    859.753     5.1773     5.1781     0.0008     5.1050     5.1058     0.0008   3.333629   3.333709   0.000082    34.2355    34.2356     5.6169    27.0570    27.0570    34.2348    27.0564    1484.75    1484.76     5.1048  1031.0377    34.4007 0.0000e+00
      33435 289.122698  -37.39308  -51.43117      0.950    1505.33    869.000    860.741     5.1778     5.1788     0.0011     5.1054     5.1065     0.0010   3.333729   3.333825   0.000091    34.2356    34.2356     5.5960    27.0570    27.0569    34.2349    27.0565    1484.77    1484.78     5.1052  1031.0411    34.3994 0.0000e+00
      33476 289.122718  -37.39308  -51.43119      0.556    1505.33    870.000    861.730     5.1781     5.1788     0.0007     5.1056     5.1063     0.0007   3.333889   3.333953   0.000068    34.2364    34.2365     5.5694    27.0577    27.0576    34.2360    27.0573    1484.79    1484.79     5.1054  1031.0453    34.3990 0.0000e+00
      33505 289.122732  -37.39309  -51.43121      0.733    1505.33    871.000    862.718     5.1768     5.1775     0.0007     5.1043     5.1050     0.0007   3.333853   3.333887   0.000034    34.2369    34.2366     5.5674    27.0582    27.0579    34.2363    27.0577    1484.80    1484.81     5.1041  1031.0504    34.3994 0.0000e+00
      33529 289.122743  -37.39310  -51.43122      0.937    1505.33    872.000    863.707     5.1744     5.1751     0.0007     5.1018     5.1025     0.0007   3.333690   3.333707   0.000017    34.2371    34.2366     5.5659    27.0587    27.0582    34.2365    27.0581    1484.81    1484.81     5.1016  1031.0554    34.3996 0.0000e+00
      33578 289.122767  -37.39311  -51.43124      0.539    1505.33    873.000    864.695     5.1740     5.1745     0.0004     5.1013     5.1018     0.0004   3.333638   3.333679   0.000041    34.2361    34.2362     5.5605    27.0580    27.0579    34.2357    27.0576    1484.82    1484.83     5.1011  1031.0594    34.3989 0.0000e+00
