Pos-Processados/process_op42/Processamento_split/down/doperantar42_010.cnv
* Sea-Bird SBE 9 Data File:
* FileName = C:\Users\Hidrografia\Desktop\OPXLII\Brutos\OP42010.hdr
* Software Version Seasave V 7.26.7.107
* Temperature SN = 6502
* Conductivity SN = 4998
* Number of Bytes Per Scan = 31
* Number of Voltage Words = 2
* Number of Scans Averaged by the Deck Unit = 1
* NMEA Latitude = 44 13.49 S
* NMEA Longitude = 056 00.10 W
* NMEA UTC (Time) = Oct 19 2023 00:22:47
* NMEA baud rate = 4800
** H41
** NPOALTEMAXIMIANO
** NUMERO DA ESTACAO (XXX) 010
** LAT (XX XX.XX S/N) 44 13.210 S
** LONG (XXX XX.XX W/E) 055 59.942 W
** DATAHORA (dd/mm/aaaa hh:mm Z) 18/10/2023 0022Z
** PROFUNDIDADE (m) 5179
** OPERADOR CT FABIREZA
# nquan = 30
# nvalues = 1013                        
# units = specified
# name 0 = scan: Scan Count
# name 1 = timeJ: Julian Days
# name 2 = latitude: Latitude [deg]
# name 3 = longitude: Longitude [deg]
# name 4 = dz/dtM: Descent Rate [m/s]
# name 5 = avgsvCM: Average Sound Velocity [Chen-Millero, m/s]
# name 6 = prDM: Pressure, Digiquartz [db]
# name 7 = depSM: Depth [salt water, m]
# name 8 = t090C: Temperature [ITS-90, deg C]
# name 9 = t190C: Temperature, 2 [ITS-90, deg C]
# name 10 = T2-T190C: Temperature Difference, 2 - 1 [ITS-90, deg C]
# name 11 = potemp090C: Potential Temperature [ITS-90, deg C]
# name 12 = potemp190C: Potential Temperature, 2 [ITS-90, deg C]
# name 13 = potemp90Cdiff: Potential Temperature, Diff, 2 - 1 [ITS-90, deg C]
# name 14 = c0S/m: Conductivity [S/m]
# name 15 = c1S/m: Conductivity, 2 [S/m]
# name 16 = C2-C1S/m: Conductivity Difference, 2 - 1 [S/m]
# name 17 = sal00: Salinity, Practical [PSU]
# name 18 = sal11: Salinity, Practical, 2 [PSU]
# name 19 = sbeox0ML/L: Oxygen, SBE 43 [ml/l]
# name 20 = sigma-é00: Density [sigma-theta, kg/m^3]
# name 21 = sigma-é11: Density, 2 [sigma-theta, kg/m^3]
# name 22 = sal00: Salinity, Practical [PSU]
# name 23 = sigma-é00: Density [sigma-theta, kg/m^3]
# name 24 = svCM: Sound Velocity [Chen-Millero, m/s]
# name 25 = svCM1: Sound Velocity, 2 [Chen-Millero, m/s]
# name 26 = gsw_ptA0: potential temperature [ITS-90, deg C]
# name 27 = gsw_densityA0: density, TEOS-10 [density, kg/m^3]
# name 28 = gsw_saA0: Absolute Salinity [g/kg]
# name 29 = flag:
# span 0 =       2814,      30655       
# span 1 = 292.017178, 292.030605       
# span 2 =  -44.23053,  -44.22546       
# span 3 =  -56.00561,  -56.00222       
# span 4 =     -0.131,      1.491       
# span 5 =       0.00,    1499.70       
# span 6 =      1.000,   1013.000       
# span 7 =      0.997,   1002.394       
# span 8 =     3.0521,    13.1216       
# span 9 =     3.0531,    13.1221       
# span 10 =    -0.0441,     0.0145      
# span 11 =     2.9845,    13.1204      
# span 12 =     2.9854,    13.1209      
# span 13 =    -0.0440,     0.0145      
# span 14 =   3.163075,   4.126437      
# span 15 =   3.163094,   4.126571      
# span 16 =  -0.011344,   0.003346      
# span 17 =    34.1219,    35.1906      
# span 18 =    34.1218,    35.1701      
# span 19 =     4.3479,     6.5547      
# span 20 =    26.4996,    27.3940      
# span 21 =    26.5002,    27.3937      
# span 22 =    34.1199,    35.1698      
# span 23 =    26.4998,    27.3939      
# span 24 =    1473.81,    1500.95      
# span 25 =    1473.81,    1500.96      
# span 26 =     2.9844,    13.1204      
# span 27 =  1026.5090,  1032.0855      
# span 28 =    34.2822,    35.3359      
# span 29 = 0.0000e+00, 0.0000e+00      
# interval = decibars: 1                
# start_time = Oct 19 2023 00:22:47 [NMEA time, header]
# bad_flag = -9.990e-29
*END*
[from data line 291]
      11110 292.021179  -44.22690  -56.00362      1.224    1490.13    292.000    289.446     5.1968     5.1973     0.0005     5.1737     5.1742     0.0005   3.303295   3.303390   0.000093    34.1578    34.1583     6.2737    26.9874    26.9878    34.1556    26.9857    1475.24    1475.24     5.1736  1028.3335    34.3177 0.0000e+00
      11136 292.021191  -44.22691  -56.00362      1.065    1490.13    293.000    290.436     5.1956     5.1961     0.0006     5.1724     5.1730     0.0006   3.303254   3.303329   0.000078    34.1576    34.1579     6.2740    26.9874    26.9876    34.1558    26.9860    1475.25    1475.25     5.1723  1028.3384    34.3179 0.0000e+00
      11172 292.021209  -44.22692  -56.00362      0.690    1490.13    294.000    291.427     5.1954     5.1960     0.0006     5.1721     5.1727     0.0006   3.303311   3.303384   0.000066    34.1576    34.1578     6.2702    26.9875    26.9875    34.1562    26.9864    1475.27    1475.27     5.1720  1028.3427    34.3174 0.0000e+00
      11211 292.021228 -9.990e-29  -56.00363      0.615    1490.13    295.000    292.417     5.1966     5.1974     0.0007     5.1733     5.1740     0.0007   3.303459   3.303578   0.000120    34.1571    34.1577     6.2699    26.9870    26.9873    34.1561    26.9862    1475.29    1475.29     5.1732  1028.3469    34.3172 0.0000e+00
      11248 292.021246 -9.990e-29  -56.00364      0.648    1490.13    296.000    293.408     5.1945     5.1951     0.0006     5.1711     5.1716     0.0006   3.303382   3.303422   0.000045    34.1582    34.1581     6.2698    26.9880    26.9879    34.1569    26.9870    1475.30    1475.30     5.1710  1028.3524    34.3179 0.0000e+00
      11280 292.021261 -9.990e-29  -56.00364      0.724    1490.13    297.000    294.398     5.1841     5.1848     0.0007     5.1606     5.1613     0.0007   3.302524   3.302497  -0.000013    34.1593    34.1584     6.2682    26.9902    26.9894    34.1571    26.9884    1475.27    1475.27     5.1605  1028.3585    34.3182 0.0000e+00
      11305 292.021273 -9.990e-29  -56.00364      0.861    1490.13    298.000    295.389     5.1503     5.1505     0.0001     5.1269     5.1270     0.0001   3.299515   3.299145  -0.000355    34.1614    34.1572     6.2655    26.9958    26.9924    34.1565    26.9918    1475.15    1475.15     5.1268  1028.3667    34.3175 0.0000e+00
      11328 292.021284 -9.990e-29  -56.00365      0.993    1490.13    299.000    296.380     5.1138     5.1136    -0.0002     5.0903     5.0902    -0.0002   3.296065   3.295744  -0.000339    34.1587    34.1550     6.2679    26.9978    26.9949    34.1536    26.9938    1475.02    1475.01     5.0903  1028.3736    34.3146 0.0000e+00
      11352 292.021296  -44.22696  -56.00366      1.044    1490.13    300.000    297.370     5.0979     5.0977    -0.0002     5.0744     5.0742    -0.0002   3.294421   3.294320  -0.000107    34.1543    34.1533     6.2663    26.9962    26.9954    34.1504    26.9931    1474.96    1474.96     5.0743  1028.3778    34.3116 0.0000e+00
      11380 292.021309  -44.22696  -56.00366      0.922    1490.13    301.000    298.361     5.0735     5.0712    -0.0023     5.0499     5.0477    -0.0023   3.292234   3.291690  -0.000491    34.1551    34.1518     6.2768    26.9997    26.9973    34.1496    26.9953    1474.88    1474.86     5.0499  1028.3854    34.3117 0.0000e+00
      11414 292.021326  -44.22696  -56.00366      0.723    1490.13    302.000    299.351     5.0246     5.0219    -0.0027     5.0010     4.9984    -0.0027   3.288044   3.287169  -0.000896    34.1569    34.1493     6.3019    27.0067    27.0009    34.1509    27.0019    1474.70    1474.68     5.0010  1028.3970    34.3129 0.0000e+00
      11447 292.021342  -44.22697  -56.00366      0.714    1490.13    303.000    300.342     5.0061     5.0069     0.0008     4.9826     4.9834     0.0008   3.285915   3.285882  -0.000068    34.1487    34.1471     6.3256    27.0023    27.0009    34.1446    26.9991    1474.63    1474.63     4.9825  1028.3989    34.3067 0.0000e+00
      11475 292.021355  -44.22698  -56.00366      0.817    1490.13    304.000    301.332     5.0079     5.0087     0.0007     4.9843     4.9850     0.0007   3.285986   3.286106   0.000119    34.1461    34.1467     6.3449    27.0001    27.0004    34.1431    26.9977    1474.65    1474.66     4.9842  1028.4021    34.3052 0.0000e+00
      11502 292.021368  -44.22698  -56.00368      0.884    1490.13    305.000    302.323     5.0067     5.0073     0.0006     4.9830     4.9836     0.0006   3.285930   3.285994   0.000072    34.1460    34.1462     6.3549    27.0001    27.0003    34.1432    26.9979    1474.66    1474.67     4.9829  1028.4069    34.3053 0.0000e+00
      11532 292.021383  -44.22698  -56.00368      0.827    1490.13    306.000    303.313     5.0036     5.0041     0.0005     4.9798     4.9803     0.0005   3.285696   3.285739   0.000039    34.1457    34.1456     6.3587    27.0002    27.0001    34.1432    26.9982    1474.67    1474.67     4.9798  1028.4119    34.3052 0.0000e+00
      11566 292.021399  -44.22698  -56.00368      0.726    1490.13    307.000    304.304     4.9997     5.0000     0.0003     4.9759     4.9762     0.0003   3.285388   3.285366  -0.000024    34.1454    34.1448     6.3553    27.0005    27.0000    34.1430    26.9986    1474.67    1474.67     4.9758  1028.4169    34.3051 0.0000e+00
      11599 292.021415  -44.22698  -56.00368      0.711    1490.13    308.000    305.294     4.9901     4.9905     0.0004     4.9662     4.9666     0.0004   3.284484   3.284440  -0.000046    34.1445    34.1436     6.3635    27.0008    27.0001    34.1419    26.9988    1474.64    1474.64     4.9662  1028.4218    34.3040 0.0000e+00
      11627 292.021429  -44.22700  -56.00370      0.807    1490.13    309.000    306.284     4.9839     4.9843     0.0004     4.9599     4.9603     0.0004   3.283883   3.283891   0.000003    34.1430    34.1426     6.3613    27.0004    27.0000    34.1409    26.9987    1474.63    1474.64     4.9598  1028.4263    34.3030 0.0000e+00
      11651 292.021440  -44.22700  -56.00370      0.924    1490.13    310.000    307.275     4.9782     4.9788     0.0006     4.9542     4.9548     0.0006   3.283349   3.283330   0.000004    34.1425    34.1420     6.3516    27.0007    27.0001    34.1399    26.9986    1474.63    1474.63     4.9541  1028.4309    34.3020 0.0000e+00
      11673 292.021451  -44.22700 -9.990e-29      1.043    1490.13    311.000    308.266     4.9664     4.9657    -0.0006     4.9423     4.9416    -0.0006   3.282177   3.282081  -0.000112    34.1410    34.1403     6.3632    27.0008    27.0003    34.1380    26.9985    1474.59    1474.59     4.9422  1028.4354    34.3000 0.0000e+00
      11696 292.021462  -44.22702 -9.990e-29      1.076    1490.13    312.000    309.256     4.9632     4.9656     0.0024     4.9391     4.9415     0.0024   3.282035   3.282379   0.000266    34.1398    34.1404     6.3705    27.0002    27.0004    34.1391    26.9996    1474.60    1474.61     4.9390  1028.4412    34.3011 0.0000e+00
      11725 292.021476  -44.22702 -9.990e-29      0.914    1490.13    313.000    310.245     4.9836     4.9982     0.0145     4.9594     4.9739     0.0145   3.283994   3.285672   0.001618    34.1400    34.1438     6.3839    26.9981    26.9994    34.1403    26.9983    1474.70    1474.76     4.9593  1028.4443    34.3023 0.0000e+00
      11761 292.021493  -44.22702  -56.00372      0.681    1490.13    314.000    311.239     5.0054     5.0057     0.0002     4.9810     4.9812     0.0002   3.286077   3.286263   0.000255    34.1415    34.1443     6.3884    26.9968    26.9989    34.1416    26.9968    1474.81    1474.81     4.9810  1028.4468    34.3030 0.0000e+00
      11791 292.021508 -9.990e-29  -56.00372      0.733    1490.13    315.000    312.227     5.0829     5.0924     0.0096     5.0582     5.0677     0.0095   3.294338   3.296959   0.002380    34.1407    34.1582     6.3658    26.9872    27.0000    34.1571    27.0002    1475.16    1475.22     5.0581  1028.4538    34.3181 0.0000e+00
      11814 292.021519 -9.990e-29  -56.00372      0.933    1490.13    316.000    313.218     5.2073     5.2085     0.0012     5.1822     5.1834     0.0012   3.307150   3.308003   0.001120    34.1680    34.1795     6.3424    26.9945    27.0035    34.1769    27.0016    1475.70    1475.72     5.1821  1028.4587    34.3380 0.0000e+00
      11834 292.021528 -9.990e-29  -56.00372      1.113    1490.13    317.000    314.208     5.1994     5.1998     0.0004     5.1743     5.1747     0.0004   3.307372   3.307311  -0.000053    34.1828    34.1818     6.3510    27.0072    27.0063    34.1869    27.0104    1475.70    1475.70     5.1742  1028.4722    34.3481 0.0000e+00
      11853 292.021538  -44.22704  -56.00372      1.211    1490.13    318.000    315.198     5.1949     5.1957     0.0008     5.1697     5.1704     0.0008   3.307047   3.307078   0.000029    34.1832    34.1828     6.2979    27.0081    27.0076    34.1873    27.0113    1475.70    1475.70     5.1696  1028.4779    34.3487 0.0000e+00
      11875 292.021548  -44.22704 -9.990e-29      1.179    1490.13    319.000    316.189     5.1941     5.1949     0.0008     5.1688     5.1696     0.0008   3.307018   3.307071   0.000060    34.1837    34.1835     6.1386    27.0085    27.0083    34.1872    27.0113    1475.71    1475.72     5.1688  1028.4831    34.3494 0.0000e+00
      11909 292.021564  -44.22705 -9.990e-29      0.838    1490.13    320.000    317.180     5.1877     5.1929     0.0052     5.1623     5.1675     0.0052   3.306070   3.306828   0.000732    34.1801    34.1831     5.9857    27.0064    27.0082    34.1824    27.0083    1475.70    1475.72     5.1623  1028.4847    34.3447 0.0000e+00
      11953 292.021586  -44.22706 -9.990e-29      0.506    1490.13    321.000    318.170     5.1858     5.1865     0.0006     5.1604     5.1610     0.0006   3.306214   3.306269   0.000092    34.1836    34.1840     5.9682    27.0094    27.0097    34.1854    27.0109    1475.71    1475.71     5.1603  1028.4920    34.3477 0.0000e+00
      11984 292.021601  -44.22706 -9.990e-29      0.697    1490.13    322.000    319.161     5.1761     5.1764     0.0003     5.1506     5.1509     0.0003   3.305432   3.305358  -0.000072    34.1849    34.1837     6.0079    27.0116    27.0107    34.1858    27.0124    1475.69    1475.69     5.1505  1028.4981    34.3481 0.0000e+00
      12006 292.021611  -44.22706 -9.990e-29      0.936    1490.13    323.000    320.151     5.1670     5.1676     0.0006     5.1414     5.1421     0.0006   3.304512   3.304437  -0.000061    34.1843    34.1829     6.0157    27.0122    27.0111    34.1841    27.0121    1475.66    1475.66     5.1414  1028.5025    34.3464 0.0000e+00
      12025 292.021620  -44.22708 -9.990e-29      1.153    1490.13    324.000    321.141     5.1511     5.1521     0.0010     5.1255     5.1265     0.0010   3.302994   3.302945  -0.000064    34.1834    34.1817     6.0157    27.0134    27.0119    34.1824    27.0126    1475.61    1475.62     5.1254  1028.5077    34.3447 0.0000e+00
      12042 292.021629  -44.22708 -9.990e-29      1.294    1490.13    325.000    322.131     5.1425     5.1435     0.0009     5.1169     5.1178     0.0009   3.302173   3.302182   0.000018    34.1818    34.1810     6.0166    27.0131    27.0124    34.1812    27.0126    1475.59    1475.60     5.1168  1028.5124    34.3434 0.0000e+00
      12062 292.021638  -44.22708  -56.00376      1.297    1490.13    326.000    323.122     5.1396     5.1402     0.0006     5.1139     5.1145     0.0006   3.301914   3.301946   0.000042    34.1807    34.1806     6.0105    27.0126    27.0124    34.1807    27.0125    1475.60    1475.60     5.1138  1028.5164    34.3422 0.0000e+00
      12088 292.021651 -9.990e-29  -56.00376      1.070    1490.13    327.000    324.112     5.1376     5.1383     0.0007     5.1118     5.1124     0.0007   3.301776   3.301793   0.000017    34.1808    34.1803     6.0224    27.0129    27.0124    34.1807    27.0128    1475.60    1475.61     5.1117  1028.5210    34.3419 0.0000e+00
      12119 292.021666 -9.990e-29  -56.00376      0.804    1490.13    328.000    325.103     5.1361     5.1369     0.0007     5.1102     5.1110     0.0007   3.301750   3.301684  -0.000063    34.1816    34.1801     6.0486    27.0137    27.0124    34.1814    27.0135    1475.62    1475.62     5.1101  1028.5263    34.3425 0.0000e+00
      12149 292.021680  -44.22710  -56.00376      0.779    1490.13    329.000    326.093     5.1296     5.1305     0.0009     5.1036     5.1046     0.0009   3.301201   3.301191  -0.000007    34.1818    34.1808     6.0724    27.0146    27.0137    34.1812    27.0141    1475.61    1475.61     5.1036  1028.5317    34.3425 0.0000e+00
      12175 292.021693  -44.22710  -56.00376      0.881    1490.13    330.000    327.084     5.1233     5.1234     0.0001     5.0972     5.0974     0.0001   3.300754   3.300706  -0.000032    34.1830    34.1824     6.0700    27.0163    27.0158    34.1820    27.0155    1475.60    1475.60     5.0972  1028.5385    34.3444 0.0000e+00
      12200 292.021705  -44.22710  -56.00378      0.956    1490.13    331.000    328.074     5.1113     5.1115     0.0002     5.0852     5.0854     0.0002   3.299748   3.299646  -0.000112    34.1836    34.1821     6.0700    27.0181    27.0170    34.1821    27.0170    1475.57    1475.57     5.0852  1028.5447    34.3445 0.0000e+00
      12226 292.021717  -44.22710  -56.00378      0.943    1488.10    332.000    329.064     5.1055     5.1063     0.0008     5.0794     5.0801     0.0008   3.299180   3.299162  -0.000009    34.1823    34.1813     6.0748    27.0178    27.0170    34.1810    27.0168    1475.56    1475.56     5.0793  1028.5491    34.3434 0.0000e+00
      12257 292.021732  -44.22712  -56.00378      0.814    1487.72    333.000    330.054     5.0889     5.0880    -0.0010     5.0627     5.0618    -0.0009   3.297753   3.297255  -0.000468    34.1838    34.1794     6.0839    27.0210    27.0176    34.1810    27.0187    1475.51    1475.50     5.0627  1028.5554    34.3428 0.0000e+00
      12285 292.021746 -9.990e-29  -56.00378      0.801    1487.72    334.000    331.045     5.0636     5.0639     0.0003     5.0374     5.0378     0.0003   3.295315   3.295070  -0.000285    34.1809    34.1773     6.0996    27.0215    27.0186    34.1783    27.0195    1475.42    1475.41     5.0374  1028.5605    34.3395 0.0000e+00
      12310 292.021758 -9.990e-29  -56.00378      0.917    1487.72    335.000    332.035     5.0571     5.0575     0.0004     5.0308     5.0312     0.0004   3.294511   3.294464  -0.000044    34.1776    34.1766     6.0982    27.0197    27.0189    34.1752    27.0178    1475.40    1475.40     5.0308  1028.5634    34.3364 0.0000e+00
      12333 292.021769 -9.990e-29  -56.00379      1.013    1487.72    336.000    333.026     5.0475     5.0483     0.0008     5.0212     5.0220     0.0008   3.293632   3.293616  -0.000028    34.1770    34.1758     6.1021    27.0203    27.0193    34.1743    27.0182    1475.38    1475.38     5.0211  1028.5685    34.3355 0.0000e+00
      12357 292.021780  -44.22714  -56.00380      1.035    1487.72    337.000    334.016     5.0301     5.0305     0.0005     5.0037     5.0042     0.0005   3.292014   3.291824  -0.000166    34.1767    34.1743     6.1055    27.0221    27.0201    34.1730    27.0192    1475.32    1475.32     5.0037  1028.5746    34.3347 0.0000e+00
      12383 292.021793  -44.22714  -56.00380      0.970    1487.72    338.000    335.006     4.9965     4.9962    -0.0003     4.9702     4.9699    -0.0003   3.289018   3.288488  -0.000506    34.1773    34.1718     6.1118    27.0264    27.0221    34.1723    27.0224    1475.20    1475.19     4.9701  1028.5833    34.3346 0.0000e+00
