Pos-Processados/process_op42/Processamento_split/down/doperantar42_036.cnv
* Sea-Bird SBE 9 Data File:
* FileName = C:\Users\Hidrografia\Desktop\OPXLII\Brutos\OP42036.hdr
* Software Version Seasave V 7.26.7.107
* Temperature SN = 6502
* Conductivity SN = 4998
* Number of Bytes Per Scan = 37
* Number of Voltage Words = 4
* Number of Scans Averaged by the Deck Unit = 1
* NMEA Latitude = 62 08.52 S
* NMEA Longitude = 058 26.36 W
* NMEA UTC (Time) = Nov 09 2023 11:10:29
* NMEA baud rate = 4800
** H41
** NPOALTEMAXIMIANO
** NUMERO DA ESTACAO (XXX) 036
** LAT (XX XX.XX S/N) 62 08.14 S
** LONG (XXX XX.XX W/E) 058 26.57 W
** DATAHORA (dd/mm/aaaa hh:mm Z) 09/11/2023 1105Z
** PROFUNDIDADE (m) 416
** OPERADOR 1T ZAMITH
# nquan = 30
# nvalues = 348                         
# units = specified
# name 0 = scan: Scan Count
# name 1 = timeJ: Julian Days
# name 2 = latitude: Latitude [deg]
# name 3 = longitude: Longitude [deg]
# name 4 = dz/dtM: Descent Rate [m/s]
# name 5 = avgsvCM: Average Sound Velocity [Chen-Millero, m/s]
# name 6 = prDM: Pressure, Digiquartz [db]
# name 7 = depSM: Depth [salt water, m]
# name 8 = t090C: Temperature [ITS-90, deg C]
# name 9 = t190C: Temperature, 2 [ITS-90, deg C]
# name 10 = T2-T190C: Temperature Difference, 2 - 1 [ITS-90, deg C]
# name 11 = potemp090C: Potential Temperature [ITS-90, deg C]
# name 12 = potemp190C: Potential Temperature, 2 [ITS-90, deg C]
# name 13 = potemp90Cdiff: Potential Temperature, Diff, 2 - 1 [ITS-90, deg C]
# name 14 = c0S/m: Conductivity [S/m]
# name 15 = c1S/m: Conductivity, 2 [S/m]
# name 16 = C2-C1S/m: Conductivity Difference, 2 - 1 [S/m]
# name 17 = sal00: Salinity, Practical [PSU]
# name 18 = sal11: Salinity, Practical, 2 [PSU]
# name 19 = sbeox0ML/L: Oxygen, SBE 43 [ml/l]
# name 20 = sigma-é00: Density [sigma-theta, kg/m^3]
# name 21 = sigma-é11: Density, 2 [sigma-theta, kg/m^3]
# name 22 = sal00: Salinity, Practical [PSU]
# name 23 = sigma-é00: Density [sigma-theta, kg/m^3]
# name 24 = svCM: Sound Velocity [Chen-Millero, m/s]
# name 25 = svCM1: Sound Velocity, 2 [Chen-Millero, m/s]
# name 26 = gsw_ptA0: potential temperature [ITS-90, deg C]
# name 27 = gsw_densityA0: density, TEOS-10 [density, kg/m^3]
# name 28 = gsw_saA0: Absolute Salinity [g/kg]
# name 29 = flag:
# span 0 =       3210,      13517       
# span 1 = 313.467161, 313.472131       
# span 2 =  -62.14470,  -62.14268       
# span 3 =  -58.43898,  -58.43712       
# span 4 =     -0.182,      1.157       
# span 5 = -2.109e-32,    1449.04       
# span 6 =      7.000,    354.000       
# span 7 =      6.933,    350.276       
# span 8 =    -0.8234,    -0.4891       
# span 9 =    -0.8227,    -0.4795       
# span 10 =    -0.0208,     0.0096      
# span 11 =    -0.8289,    -0.5011      
# span 12 =    -0.8281,    -0.4915      
# span 13 =    -0.0207,     0.0095      
# span 14 =   2.790587,   2.834198      
# span 15 =   2.790594,   2.834721      
# span 16 =  -0.001178,   0.000614      
# span 17 =    30.1799,    34.4126      
# span 18 =    34.2805,    34.4100      
# span 19 =     6.6245,     7.7550      
# span 20 =    24.2565,    27.6565      
# span 21 =    27.5533,    27.6539      
# span 22 =    34.2810,    34.4123      
# span 23 =    27.5539,    27.6562      
# span 24 =    1445.70,    1451.85      
# span 25 =    1445.72,    1451.89      
# span 26 =    -0.8287,    -0.5009      
# span 27 =  1027.5938,  1029.3496      
# span 28 =    34.4448,    34.5816      
# span 29 = 0.0000e+00, 0.0000e+00      
# interval = decibars: 1                
# start_time = Nov 09 2023 11:10:29 [NMEA time, header]
# bad_flag = -9.990e-29
*END*
       3210 313.467161  -62.14268  -58.43898     -0.182 -2.109e-32      7.000      6.933    -0.5596    -0.5535     0.0061    -0.5598    -0.5537     0.0061   2.802961   2.803138   0.000265    30.1799    34.2826     7.6506    24.2565    27.5536    34.2849    27.5557    1445.70    1445.73    -0.5598  1027.5938    34.4503 0.0000e+00
       3234 313.467172  -62.14268  -58.43898      0.314 3.0923e-32      8.000      7.923    -0.5591    -0.5589     0.0002    -0.5593    -0.5591     0.0002   2.802914   2.802888  -0.000025    34.2168    34.2825     7.6490    27.5010    27.5538    34.2830    27.5542    1445.72    1445.72    -0.5593  1027.5970    34.4484 0.0000e+00
       3257 313.467184  -62.14268  -58.43897      0.914 4.1622e-15      9.000      8.913    -0.5614    -0.5602     0.0011    -0.5616    -0.5605     0.0011   2.802815   2.802819   0.000005    34.2838    34.2825     7.6431    27.5550    27.5539    34.2837    27.5549    1445.73    1445.73    -0.5616  1027.6025    34.4491 0.0000e+00
       3282 313.467196  -62.14269  -58.43896      0.996       0.09     10.000      9.904    -0.5587    -0.5578     0.0009    -0.5590    -0.5581     0.0009   2.803052   2.803057   0.000017    34.2830    34.2822     7.6439    27.5542    27.5535    34.2832    27.5544    1445.76    1445.76    -0.5590  1027.6067    34.4486 0.0000e+00
       3307 313.467208  -62.14270  -58.43896      0.969       0.00     11.000     10.894    -0.5597    -0.5589     0.0008    -0.5600    -0.5592     0.0008   2.803005   2.803007   0.000010    34.2831    34.2823     7.6477    27.5543    27.5537    34.2831    27.5543    1445.77    1445.77    -0.5600  1027.6115    34.4485 0.0000e+00
       3332 313.467220  -62.14270  -58.43895      0.961 1.2962e-58     12.000     11.884    -0.5590    -0.5581     0.0009    -0.5593    -0.5585     0.0009   2.803142   2.803131  -0.000011    34.2834    34.2823     7.6562    27.5546    27.5536    34.2835    27.5546    1445.79    1445.79    -0.5593  1027.6165    34.4488 0.0000e+00
       3357 313.467232  -62.14270  -58.43894      0.950 2.7417e-39     13.000     12.875    -0.5581    -0.5574     0.0007    -0.5585    -0.5578     0.0007   2.803226   2.803239   0.000021    34.2829    34.2824     7.6619    27.5541    27.5536    34.2830    27.5542    1445.81    1445.81    -0.5585  1027.6209    34.4484 0.0000e+00
       3383 313.467245  -62.14271  -58.43894      0.928 3.1785e-19     14.000     13.865    -0.5597    -0.5576     0.0021    -0.5601    -0.5580     0.0021   2.803199   2.803264   0.000052    34.2841    34.2823     7.6698    27.5551    27.5536    34.2839    27.5550    1445.82    1445.83    -0.5601  1027.6264    34.4492 0.0000e+00
       3411 313.467258  -62.14272  -58.43894      0.891       0.20     15.000     14.856    -0.5604    -0.5593     0.0011    -0.5609    -0.5598     0.0011   2.803170   2.803161   0.000004    34.2836    34.2824     7.6741    27.5548    27.5538    34.2837    27.5548    1445.83    1445.83    -0.5608  1027.6311    34.4490 0.0000e+00
       3443 313.467273  -62.14272  -58.43892      0.772      -0.00     16.000     15.846    -0.5571    -0.5565     0.0006    -0.5575    -0.5570     0.0006   2.803428   2.803446   0.000013    34.2825    34.2821     7.6841    27.5538    27.5533    34.2827    27.5539    1445.86    1445.86    -0.5576  1027.6349    34.4480 0.0000e+00
       3474 313.467288  -62.14273  -58.43892      0.760 2.8117e-52     17.000     16.836    -0.5575    -0.5558     0.0018    -0.5580    -0.5563     0.0018   2.803515   2.803543   0.000035    34.2837    34.2822     7.6840    27.5547    27.5534    34.2838    27.5548    1445.87    1445.88    -0.5580  1027.6405    34.4490 0.0000e+00
       3502 313.467302  -62.14274  -58.43892      0.842 1.9090e-31     18.000     17.827    -0.5595    -0.5575     0.0020    -0.5600    -0.5580     0.0020   2.803446   2.803439  -0.000013    34.2848    34.2824     7.6911    27.5557    27.5536    34.2845    27.5555    1445.88    1445.89    -0.5600  1027.6460    34.4497 0.0000e+00
       3529 313.467315  -62.14274  -58.43891      0.872 1.2811e-10     19.000     18.817    -0.5614    -0.5606     0.0008    -0.5620    -0.5611     0.0008   2.803238   2.803235 6.3488e-08    34.2832    34.2823     7.6997    27.5545    27.5537    34.2832    27.5545    1445.89    1445.89    -0.5620  1027.6498    34.4484 0.0000e+00
       3560 313.467330  -62.14274  -58.43890      0.817     769.51     20.000     19.807    -0.5624    -0.5613     0.0012    -0.5630    -0.5619     0.0012   2.803210   2.803222   0.000008    34.2836    34.2824     7.7005    27.5549    27.5538    34.2834    27.5547    1445.90    1445.91    -0.5630  1027.6548    34.4486 0.0000e+00
       3592 313.467345  -62.14276  -58.43889      0.754    1449.04     21.000     20.797    -0.5632    -0.5621     0.0011    -0.5638    -0.5627     0.0011   2.803207   2.803202  -0.000001    34.2836    34.2824     7.6963    27.5549    27.5538    34.2836    27.5549    1445.91    1445.92    -0.5638  1027.6597    34.4488 0.0000e+00
       3621 313.467359  -62.14276  -58.43888      0.792    1445.90     22.000     21.788    -0.5632    -0.5623     0.0009    -0.5638    -0.5629     0.0009   2.803193   2.803228   0.000036    34.2828    34.2823     7.6911    27.5543    27.5538    34.2827    27.5542    1445.93    1445.93    -0.5638  1027.6639    34.4480 0.0000e+00
       3650 313.467373  -62.14277  -58.43887      0.837    1445.90     23.000     22.778    -0.5629    -0.5619     0.0010    -0.5636    -0.5626     0.0010   2.803326   2.803308  -0.000021    34.2836    34.2822     7.6969    27.5549    27.5537    34.2836    27.5549    1445.95    1445.95    -0.5636  1027.6693    34.4488 0.0000e+00
       3682 313.467389  -62.14278  -58.43886      0.763    1445.90     24.000     23.768    -0.5622    -0.5615     0.0007    -0.5630    -0.5622     0.0007   2.803383   2.803384   0.000007    34.2829    34.2822     7.7002    27.5543    27.5537    34.2830    27.5544    1445.97    1445.97    -0.5629  1027.6736    34.4482 0.0000e+00
       3719 313.467406  -62.14278  -58.43885      0.668    1445.90     25.000     24.759    -0.5614    -0.5609     0.0006    -0.5622    -0.5616     0.0006   2.803539   2.803484  -0.000056    34.2835    34.2821     7.7023    27.5548    27.5536    34.2836    27.5548    1445.99    1445.99    -0.5621  1027.6788    34.4488 0.0000e+00
       3752 313.467422  -62.14280  -58.43884      0.693    1445.90     26.000     25.749    -0.5608    -0.5599     0.0009    -0.5615    -0.5607     0.0009   2.803571   2.803617   0.000043    34.2826    34.2821     7.7113    27.5540    27.5536    34.2826    27.5540    1446.01    1446.01    -0.5615  1027.6828    34.4479 0.0000e+00
       3779 313.467436  -62.14280  -58.43884      0.823    1445.90     27.000     26.739    -0.5613    -0.5602     0.0011    -0.5621    -0.5610     0.0011   2.803614   2.803632   0.000021    34.2832    34.2822     7.7045    27.5545    27.5536    34.2832    27.5545    1446.02    1446.02    -0.5621  1027.6881    34.4485 0.0000e+00
       3806 313.467448  -62.14280  -58.43882      0.909    1445.90     28.000     27.729    -0.5619    -0.5609     0.0010    -0.5628    -0.5618     0.0010   2.803655   2.803620  -0.000031    34.2839    34.2823     7.7078    27.5551    27.5538    34.2839    27.5551    1446.03    1446.04    -0.5627  1027.6930    34.4486 0.0000e+00
       3837 313.467463 -9.990e-29  -58.43882      0.815    1445.90     29.000     28.720    -0.5631    -0.5622     0.0009    -0.5640    -0.5631     0.0009   2.803556   2.803554  -0.000009    34.2834    34.2823     7.7097    27.5547    27.5538    34.2832    27.5546    1446.04    1446.05    -0.5639  1027.6949    34.4449 0.0000e+00
       3875 313.467482 -9.990e-29  -58.43880      0.642    1445.90     30.000     29.710    -0.5634    -0.5626     0.0008    -0.5643    -0.5635     0.0008   2.803570   2.803564 9.7784e-07    34.2831    34.2822     7.7045    27.5545    27.5538    34.2831    27.5546    1446.06    1446.06    -0.5643  1027.6996    34.4448 0.0000e+00
       3908 313.467497  -62.14284  -58.43879      0.696    1445.90     31.000     30.700    -0.5631    -0.5623     0.0008    -0.5640    -0.5632     0.0008   2.803706   2.803642  -0.000064    34.2839    34.2821     7.7066    27.5551    27.5537    34.2840    27.5552    1446.08    1446.08    -0.5640  1027.7057    34.4464 0.0000e+00
       3935 313.467511  -62.14284 -9.990e-29      0.833    1445.90     32.000     31.691    -0.5623    -0.5617     0.0006    -0.5633    -0.5627     0.0006   2.803790   2.803732  -0.000061    34.2836    34.2821     7.7056    27.5549    27.5537    34.2836    27.5549    1446.10    1446.10    -0.5632  1027.7131    34.4497 0.0000e+00
       3963 313.467524  -62.14284 -9.990e-29      0.876    1445.90     33.000     32.681    -0.5626    -0.5618     0.0007    -0.5635    -0.5628     0.0007   2.803789   2.803769  -0.000017    34.2832    34.2822     7.7157    27.5546    27.5537    34.2833    27.5546    1446.11    1446.11    -0.5636  1027.7176    34.4494 0.0000e+00
       3994 313.467539  -62.14284 -9.990e-29      0.801    1445.90     34.000     33.671    -0.5623    -0.5619     0.0004    -0.5633    -0.5629     0.0004   2.803816   2.803814  -0.000008    34.2827    34.2821     7.7164    27.5542    27.5536    34.2827    27.5542    1446.13    1446.13    -0.5633  1027.7219    34.4489 0.0000e+00
       4025 313.467554  -62.14285  -58.43876      0.765    1445.90     35.000     34.661    -0.5630    -0.5619     0.0012    -0.5641    -0.5629     0.0012   2.803808   2.803855   0.000047    34.2828    34.2821     7.7173    27.5543    27.5536    34.2828    27.5543    1446.14    1446.14    -0.5640  1027.7264    34.4484 0.0000e+00
       4056 313.467569  -62.14286  -58.43875      0.773    1445.90     36.000     35.651    -0.5634    -0.5626     0.0008    -0.5645    -0.5637     0.0008   2.803836   2.803841   0.000006    34.2830    34.2822     7.7145    27.5545    27.5537    34.2830    27.5544    1446.15    1446.16    -0.5645  1027.7312    34.4484 0.0000e+00
       4087 313.467584  -62.14286  -58.43874      0.786    1445.90     37.000     36.642    -0.5638    -0.5629     0.0009    -0.5650    -0.5640     0.0009   2.803855   2.803858   0.000003    34.2831    34.2822     7.7013    27.5546    27.5537    34.2831    27.5545    1446.17    1446.17    -0.5649  1027.7361    34.4485 0.0000e+00
       4117 313.467599  -62.14288  -58.43873      0.779    1445.90     38.000     37.632    -0.5649    -0.5638     0.0011    -0.5660    -0.5649     0.0011   2.803832   2.803835   0.000005    34.2835    34.2822     7.6940    27.5549    27.5539    34.2834    27.5548    1446.18    1446.18    -0.5660  1027.7411    34.4488 0.0000e+00
       4147 313.467613  -62.14288  -58.43872      0.794    1445.90     39.000     38.622    -0.5658    -0.5647     0.0011    -0.5670    -0.5659     0.0011   2.803832   2.803791  -0.000041    34.2839    34.2821     7.6959    27.5553    27.5538    34.2838    27.5552    1446.19    1446.20    -0.5670  1027.7463    34.4492 0.0000e+00
       4175 313.467626  -62.14288  -58.43872      0.833    1445.90     40.000     39.612    -0.5662    -0.5655     0.0007    -0.5674    -0.5667     0.0007   2.803844   2.803779  -0.000058    34.2838    34.2822     7.6980    27.5552    27.5539    34.2838    27.5552    1446.21    1446.21    -0.5674  1027.7511    34.4493 0.0000e+00
       4201 313.467639  -62.14290  -58.43870      0.900    1445.90     41.000     40.602    -0.5656    -0.5649     0.0007    -0.5668    -0.5661     0.0007   2.803921   2.803877  -0.000047    34.2836    34.2821     7.7088    27.5550    27.5538    34.2835    27.5550    1446.22    1446.23    -0.5668  1027.7557    34.4490 0.0000e+00
       4228 313.467652  -62.14290  -58.43870      0.920    1445.90     42.000     41.593    -0.5670    -0.5655     0.0014    -0.5682    -0.5668     0.0014   2.803800   2.803852   0.000008    34.2836    34.2821     7.7180    27.5551    27.5539    34.2828    27.5545    1446.24    1446.24    -0.5682  1027.7600    34.4483 0.0000e+00
       4255 313.467665  -62.14290  -58.43870      0.891    1445.90     43.000     42.583    -0.5837    -0.5795     0.0042    -0.5849    -0.5808     0.0042   2.802540   2.802657   0.000138    34.2857    34.2829     7.7214    27.5576    27.5551    34.2841    27.5562    1446.18    1446.19    -0.5849  1027.7666    34.4496 0.0000e+00
       4283 313.467678  -62.14292  -58.43868      0.871    1445.90     44.000     43.573    -0.5921    -0.5911     0.0010    -0.5935    -0.5924     0.0010   2.801785   2.801764  -0.000007    34.2838    34.2825     7.7155    27.5563    27.5553    34.2829    27.5556    1446.15    1446.15    -0.5934  1027.7708    34.4484 0.0000e+00
       4309 313.467691  -62.14292  -58.43868      0.885    1445.90     45.000     44.563    -0.5919    -0.5914     0.0005    -0.5932    -0.5927     0.0005   2.801807   2.801748  -0.000064    34.2832    34.2817     7.7036    27.5558    27.5546    34.2823    27.5551    1446.17    1446.17    -0.5932  1027.7751    34.4478 0.0000e+00
       4335 313.467704  -62.14292  -58.43867      0.909    1445.90     46.000     45.554    -0.5929    -0.5918     0.0012    -0.5943    -0.5931     0.0012   2.801744   2.801764   0.000025    34.2826    34.2816     7.7076    27.5554    27.5546    34.2820    27.5550    1446.18    1446.18    -0.5942  1027.7797    34.4475 0.0000e+00
       4361 313.467716  -62.14292  -58.43866      0.930    1445.90     47.000     46.544    -0.5926    -0.5918     0.0008    -0.5940    -0.5932     0.0008   2.801818   2.801802  -0.000020    34.2825    34.2813     7.7062    27.5553    27.5543    34.2820    27.5550    1446.20    1446.20    -0.5940  1027.7845    34.4476 0.0000e+00
       4387 313.467729  -62.14293  -58.43866      0.925    1445.90     48.000     47.534    -0.5916    -0.5912     0.0004    -0.5930    -0.5926     0.0004   2.801928   2.801907  -0.000018    34.2820    34.2813     7.7023    27.5549    27.5543    34.2817    27.5546    1446.22    1446.22    -0.5930  1027.7889    34.4472 0.0000e+00
       4414 313.467741  -62.14294  -58.43865      0.912    1445.90     49.000     48.524    -0.5922    -0.5910     0.0012    -0.5936    -0.5925     0.0012   2.801953   2.801959   0.000007    34.2826    34.2813     7.7060    27.5553    27.5543    34.2821    27.5550    1446.23    1446.24    -0.5936  1027.7941    34.4477 0.0000e+00
       4439 313.467754  -62.14294  -58.43864      0.935    1445.90     50.000     49.514    -0.5924    -0.5918     0.0006    -0.5939    -0.5933     0.0006   2.801954   2.801942  -0.000009    34.2820    34.2812     7.7103    27.5549    27.5542    34.2818    27.5547    1446.24    1446.25    -0.5939  1027.7986    34.4473 0.0000e+00
       4464 313.467766  -62.14295  -58.43864      0.963    1445.90     51.000     50.504    -0.5929    -0.5920     0.0009    -0.5944    -0.5935     0.0009   2.801985   2.801963  -0.000023    34.2824    34.2811     7.7072    27.5553    27.5542    34.2821    27.5550    1446.26    1446.26    -0.5944  1027.8037    34.4477 0.0000e+00
       4489 313.467778  -62.14296  -58.43863      0.963    1445.90     52.000     51.494    -0.5940    -0.5933     0.0007    -0.5955    -0.5948     0.0007   2.801901   2.801908   0.000002    34.2820    34.2812     7.7103    27.5550    27.5543    34.2816    27.5547    1446.27    1446.27    -0.5955  1027.8081    34.4472 0.0000e+00
       4515 313.467790  -62.14296  -58.43862      0.931    1445.90     53.000     52.485    -0.5960    -0.5949     0.0011    -0.5976    -0.5965     0.0011   2.801821   2.801807  -0.000013    34.2825    34.2812     7.7217    27.5555    27.5543    34.2822    27.5552    1446.28    1446.28    -0.5975  1027.8135    34.4478 0.0000e+00
       4541 313.467803  -62.14296  -58.43862      0.915    1445.90     54.000     53.475    -0.5953    -0.5944     0.0009    -0.5969    -0.5960     0.0009   2.801907   2.801903  -0.000005    34.2819    34.2808     7.7248    27.5550    27.5541    34.2819    27.5550    1446.30    1446.30    -0.5969  1027.8181    34.4475 0.0000e+00
