Pos-Processados/process_op42/Processamento_split/down/doperantar42_036.cnv
* Sea-Bird SBE 9 Data File:
* FileName = C:\Users\Hidrografia\Desktop\OPXLII\Brutos\OP42036.hdr
* Software Version Seasave V 7.26.7.107
* Temperature SN = 6502
* Conductivity SN = 4998
* Number of Bytes Per Scan = 37
* Number of Voltage Words = 4
* Number of Scans Averaged by the Deck Unit = 1
* NMEA Latitude = 62 08.52 S
* NMEA Longitude = 058 26.36 W
* NMEA UTC (Time) = Nov 09 2023 11:10:29
* NMEA baud rate = 4800
** H41
** NPOALTEMAXIMIANO
** NUMERO DA ESTACAO (XXX) 036
** LAT (XX XX.XX S/N) 62 08.14 S
** LONG (XXX XX.XX W/E) 058 26.57 W
** DATAHORA (dd/mm/aaaa hh:mm Z) 09/11/2023 1105Z
** PROFUNDIDADE (m) 416
** OPERADOR 1T ZAMITH
# nquan = 30
# nvalues = 348                         
# units = specified
# name 0 = scan: Scan Count
# name 1 = timeJ: Julian Days
# name 2 = latitude: Latitude [deg]
# name 3 = longitude: Longitude [deg]
# name 4 = dz/dtM: Descent Rate [m/s]
# name 5 = avgsvCM: Average Sound Velocity [Chen-Millero, m/s]
# name 6 = prDM: Pressure, Digiquartz [db]
# name 7 = depSM: Depth [salt water, m]
# name 8 = t090C: Temperature [ITS-90, deg C]
# name 9 = t190C: Temperature, 2 [ITS-90, deg C]
# name 10 = T2-T190C: Temperature Difference, 2 - 1 [ITS-90, deg C]
# name 11 = potemp090C: Potential Temperature [ITS-90, deg C]
# name 12 = potemp190C: Potential Temperature, 2 [ITS-90, deg C]
# name 13 = potemp90Cdiff: Potential Temperature, Diff, 2 - 1 [ITS-90, deg C]
# name 14 = c0S/m: Conductivity [S/m]
# name 15 = c1S/m: Conductivity, 2 [S/m]
# name 16 = C2-C1S/m: Conductivity Difference, 2 - 1 [S/m]
# name 17 = sal00: Salinity, Practical [PSU]
# name 18 = sal11: Salinity, Practical, 2 [PSU]
# name 19 = sbeox0ML/L: Oxygen, SBE 43 [ml/l]
# name 20 = sigma-é00: Density [sigma-theta, kg/m^3]
# name 21 = sigma-é11: Density, 2 [sigma-theta, kg/m^3]
# name 22 = sal00: Salinity, Practical [PSU]
# name 23 = sigma-é00: Density [sigma-theta, kg/m^3]
# name 24 = svCM: Sound Velocity [Chen-Millero, m/s]
# name 25 = svCM1: Sound Velocity, 2 [Chen-Millero, m/s]
# name 26 = gsw_ptA0: potential temperature [ITS-90, deg C]
# name 27 = gsw_densityA0: density, TEOS-10 [density, kg/m^3]
# name 28 = gsw_saA0: Absolute Salinity [g/kg]
# name 29 = flag:
# span 0 =       3210,      13517       
# span 1 = 313.467161, 313.472131       
# span 2 =  -62.14470,  -62.14268       
# span 3 =  -58.43898,  -58.43712       
# span 4 =     -0.182,      1.157       
# span 5 = -2.109e-32,    1449.04       
# span 6 =      7.000,    354.000       
# span 7 =      6.933,    350.276       
# span 8 =    -0.8234,    -0.4891       
# span 9 =    -0.8227,    -0.4795       
# span 10 =    -0.0208,     0.0096      
# span 11 =    -0.8289,    -0.5011      
# span 12 =    -0.8281,    -0.4915      
# span 13 =    -0.0207,     0.0095      
# span 14 =   2.790587,   2.834198      
# span 15 =   2.790594,   2.834721      
# span 16 =  -0.001178,   0.000614      
# span 17 =    30.1799,    34.4126      
# span 18 =    34.2805,    34.4100      
# span 19 =     6.6245,     7.7550      
# span 20 =    24.2565,    27.6565      
# span 21 =    27.5533,    27.6539      
# span 22 =    34.2810,    34.4123      
# span 23 =    27.5539,    27.6562      
# span 24 =    1445.70,    1451.85      
# span 25 =    1445.72,    1451.89      
# span 26 =    -0.8287,    -0.5009      
# span 27 =  1027.5938,  1029.3496      
# span 28 =    34.4448,    34.5816      
# span 29 = 0.0000e+00, 0.0000e+00      
# interval = decibars: 1                
# start_time = Nov 09 2023 11:10:29 [NMEA time, header]
# bad_flag = -9.990e-29
*END*
[from data line 242]
       9504 313.470196  -62.14392  -58.43772      0.791    1447.03    249.000    246.462    -0.7163    -0.7152     0.0011    -0.7240    -0.7229     0.0011   2.804656   2.804696   0.000036    34.3350    34.3343     7.2373    27.6034    27.6027    34.3360    27.6042    1448.97    1448.98    -0.7238  1028.7997    34.5035 0.0000e+00
       9534 313.470211  -62.14392  -58.43772      0.770    1447.03    250.000    247.452    -0.7125    -0.7124     0.0002    -0.7202    -0.7201     0.0002   2.805076   2.804998  -0.000085    34.3361    34.3348     7.2370    27.6041    27.6031    34.3368    27.6046    1449.01    1449.01    -0.7200  1028.8049    34.5043 0.0000e+00
       9561 313.470224  -62.14392  -58.43772      0.858    1447.03    251.000    248.441    -0.7140    -0.7133     0.0007    -0.7217    -0.7211     0.0007   2.805032   2.804970  -0.000056    34.3366    34.3351     7.2312    27.6046    27.6034    34.3372    27.6051    1449.02    1449.02    -0.7215  1028.8101    34.5048 0.0000e+00
       9585 313.470235  -62.14394  -58.43772      0.955    1447.03    252.000    249.430    -0.7116    -0.7106     0.0010    -0.7194    -0.7184     0.0010   2.805286   2.805276  -0.000010    34.3367    34.3354     7.2250    27.6046    27.6035    34.3373    27.6051    1449.05    1449.05    -0.7192  1028.8149    34.5049 0.0000e+00
       9608 313.470247  -62.14394  -58.43770      1.011    1447.03    253.000    250.419    -0.7096    -0.7089     0.0007    -0.7174    -0.7167     0.0007   2.805525   2.805487  -0.000039    34.3369    34.3356     7.2225    27.6046    27.6036    34.3377    27.6053    1449.07    1449.07    -0.7172  1028.8198    34.5053 0.0000e+00
       9634 313.470259  -62.14394  -58.43770      0.968    1447.03    254.000    251.408    -0.7066    -0.7056     0.0010    -0.7144    -0.7134     0.0010   2.805840   2.805857   0.000010    34.3372    34.3361     7.2188    27.6047    27.6039    34.3379    27.6053    1449.10    1449.11    -0.7142  1028.8246    34.5055 0.0000e+00
       9662 313.470273  -62.14395  -58.43770      0.877    1447.03    255.000    252.398    -0.6991    -0.6990     0.0001    -0.7069    -0.7069     0.0001   2.806576   2.806514  -0.000052    34.3372    34.3364     7.2219    27.6045    27.6038    34.3387    27.6056    1449.16    1449.16    -0.7068  1028.8296    34.5063 0.0000e+00
       9691 313.470286  -62.14396  -58.43770      0.841    1447.03    256.000    253.387    -0.6904    -0.6914    -0.0009    -0.6984    -0.6993    -0.0009   2.807422   2.807272  -0.000144    34.3380    34.3371     7.2165    27.6047    27.6040    34.3397    27.6061    1449.21    1449.21    -0.6982  1028.8348    34.5073 0.0000e+00
       9718 313.470299  -62.14396  -58.43769      0.866    1447.03    257.000    254.376    -0.6780    -0.6780     0.0000    -0.6860    -0.6860     0.0000   2.808676   2.808625  -0.000045    34.3395    34.3389     7.2064    27.6054    27.6049    34.3418    27.6073    1449.29    1449.29    -0.6858  1028.8406    34.5095 0.0000e+00
       9744 313.470312  -62.14396  -58.43768      0.917    1447.03    258.000    255.365    -0.6666    -0.6663     0.0003    -0.6746    -0.6744     0.0003   2.809902   2.809880  -0.000037    34.3429    34.3421     7.2036    27.6077    27.6071    34.3449    27.6093    1449.37    1449.37    -0.6745  1028.8473    34.5125 0.0000e+00
       9768 313.470324  -62.14397  -58.43768      0.960    1447.03    259.000    256.354    -0.6640    -0.6628     0.0012    -0.6721    -0.6709     0.0012   2.810317   2.810306  -0.000004    34.3453    34.3439     7.1978    27.6095    27.6083    34.3469    27.6108    1449.40    1449.40    -0.6719  1028.8535    34.5146 0.0000e+00
       9792 313.470335  -62.14398  -58.43768      0.987    1447.03    260.000    257.344    -0.6623    -0.6609     0.0014    -0.6705    -0.6690     0.0014   2.810573   2.810600   0.000018    34.3463    34.3449     7.1784    27.6103    27.6091    34.3479    27.6115    1449.42    1449.43    -0.6703  1028.8590    34.5155 0.0000e+00
       9817 313.470347  -62.14398  -58.43768      0.987    1447.03    261.000    258.332    -0.6587    -0.6576     0.0011    -0.6669    -0.6658     0.0011   2.810976   2.810995   0.000010    34.3475    34.3464     7.1570    27.6110    27.6101    34.3486    27.6120    1449.46    1449.46    -0.6667  1028.8642    34.5162 0.0000e+00
       9844 313.470360  -62.14398  -58.43768      0.921    1447.03    262.000    259.322    -0.6583    -0.6574     0.0009    -0.6665    -0.6656     0.0009   2.811098   2.811062  -0.000027    34.3480    34.3466     7.1369    27.6115    27.6103    34.3492    27.6125    1449.48    1449.48    -0.6664  1028.8694    34.5169 0.0000e+00
       9875 313.470375  -62.14398  -58.43766      0.799    1447.03    263.000    260.311    -0.6562    -0.6561     0.0002    -0.6645    -0.6643     0.0002   2.811368   2.811279  -0.000087    34.3486    34.3473     7.1262    27.6119    27.6108    34.3499    27.6129    1449.50    1449.50    -0.6643  1028.8746    34.5175 0.0000e+00
       9905 313.470390  -62.14400  -58.43766      0.780    1447.03    264.000    261.300    -0.6520    -0.6513     0.0007    -0.6603    -0.6596     0.0007   2.811868   2.811846  -0.000029    34.3501    34.3489     7.1193    27.6129    27.6119    34.3512    27.6138    1449.54    1449.54    -0.6601  1028.8802    34.5189 0.0000e+00
       9931 313.470402  -62.14400  -58.43766      0.867    1447.03    265.000    262.289    -0.6495    -0.6487     0.0008    -0.6579    -0.6571     0.0008   2.812193   2.812162  -0.000010    34.3510    34.3500     7.1124    27.6135    27.6127    34.3521    27.6144    1449.57    1449.57    -0.6577  1028.8856    34.5198 0.0000e+00
       9956 313.470415  -62.14400  -58.43766      0.945    1447.03    266.000    263.279    -0.6477    -0.6477     0.0000    -0.6561    -0.6561     0.0000   2.812439   2.812344  -0.000106    34.3519    34.3504     7.1027    27.6142    27.6130    34.3528    27.6149    1449.59    1449.59    -0.6559  1028.8908    34.5205 0.0000e+00
       9983 313.470427  -62.14401  -58.43765      0.931    1447.03    267.000    264.267    -0.6477    -0.6470     0.0006    -0.6561    -0.6555     0.0006   2.812496   2.812444  -0.000051    34.3522    34.3508     7.0997    27.6145    27.6133    34.3529    27.6150    1449.61    1449.61    -0.6559  1028.8957    34.5206 0.0000e+00
      10015 313.470443  -62.14402  -58.43764      0.788    1447.03    268.000    265.256    -0.6467    -0.6467     0.0001    -0.6552    -0.6551     0.0001   2.812624   2.812540  -0.000090    34.3523    34.3510     7.0861    27.6145    27.6134    34.3530    27.6150    1449.63    1449.63    -0.6550  1028.9004    34.5207 0.0000e+00
      10047 313.470458  -62.14402  -58.43764      0.731    1447.03    269.000    266.246    -0.6446    -0.6442     0.0005    -0.6531    -0.6527     0.0005   2.812898   2.812845  -0.000049    34.3529    34.3517     7.0795    27.6149    27.6139    34.3537    27.6155    1449.66    1449.66    -0.6529  1028.9057    34.5214 0.0000e+00
      10073 313.470471  -62.14403  -58.43763      0.853    1447.03    270.000    267.235    -0.6447    -0.6434     0.0012    -0.6532    -0.6520     0.0012   2.812964   2.812972   0.000005    34.3535    34.3521     7.0719    27.6154    27.6142    34.3540    27.6157    1449.68    1449.68    -0.6530  1028.9107    34.5217 0.0000e+00
      10097 313.470482  -62.14404  -58.43762      0.982    1447.03    271.000    268.224    -0.6450    -0.6443     0.0008    -0.6536    -0.6528     0.0008   2.812963   2.812939  -0.000019    34.3533    34.3522     7.0722    27.6152    27.6143    34.3538    27.6156    1449.69    1449.69    -0.6534  1028.9153    34.5215 0.0000e+00
      10121 313.470494  -62.14404  -58.43762      1.021    1447.03    272.000    269.213    -0.6420    -0.6399     0.0021    -0.6506    -0.6485     0.0021   2.813364   2.813469   0.000104    34.3536    34.3527     7.0696    27.6153    27.6145    34.3551    27.6165    1449.72    1449.73    -0.6504  1028.9223    34.5245 0.0000e+00
      10148 313.470507  -62.14404 -9.990e-29      0.923    1447.03    273.000    270.202    -0.6285    -0.6260     0.0025    -0.6372    -0.6346     0.0025   2.814562   2.815011   0.000408    34.3536    34.3562     7.0774    27.6147    27.6168    34.3554    27.6162    1449.80    1449.82    -0.6370  1028.9272    34.5256 0.0000e+00
      10181 313.470523  -62.14406 -9.990e-29      0.750    1447.03    274.000    271.191    -0.6247    -0.6242     0.0005    -0.6334    -0.6329     0.0005   2.815096   2.815186   0.000110    34.3572    34.3582     7.0696    27.6175    27.6183    34.3576    27.6178    1449.84    1449.84    -0.6332  1028.9336    34.5278 0.0000e+00
      10211 313.470537  -62.14406  -58.43760      0.759    1447.03    275.000    272.180    -0.6260    -0.6242     0.0017    -0.6347    -0.6330     0.0017   2.815185   2.815290   0.000120    34.3585    34.3581     7.0620    27.6186    27.6182    34.3597    27.6195    1449.85    1449.86    -0.6345  1028.9395    34.5291 0.0000e+00
      10236 313.470549  -62.14406  -58.43760      0.891    1447.03    276.000    273.170    -0.6149    -0.6147     0.0002    -0.6237    -0.6235     0.0002   2.816402   2.816367  -0.000042    34.3609    34.3601     7.0399    27.6201    27.6194    34.3629    27.6217    1449.93    1449.93    -0.6235  1028.9449    34.5307 0.0000e+00
      10259 313.470560  -62.14406  -58.43760      1.011    1447.03    277.000    274.159    -0.6114    -0.6095     0.0019    -0.6202    -0.6183     0.0019   2.816883   2.816981   0.000100    34.3637    34.3629     7.0226    27.6222    27.6215    34.3648    27.6231    1449.96    1449.97    -0.6201  1028.9510    34.5326 0.0000e+00
      10282 313.470571  -62.14408  -58.43760      1.058    1447.03    278.000    275.148    -0.6088    -0.6083     0.0006    -0.6177    -0.6172     0.0006   2.817208   2.817186  -0.000021    34.3645    34.3635     7.0187    27.6227    27.6219    34.3657    27.6237    1449.99    1449.99    -0.6175  1028.9563    34.5335 0.0000e+00
      10308 313.470584  -62.14408  -58.43759      0.990    1447.03    279.000    276.137    -0.6078    -0.6072     0.0005    -0.6167    -0.6162     0.0005   2.817357   2.817294  -0.000061    34.3651    34.3636     7.0013    27.6231    27.6220    34.3659    27.6238    1450.01    1450.01    -0.6165  1028.9612    34.5337 0.0000e+00
      10339 313.470599  -62.14408  -58.43758      0.818    1447.03    280.000    277.125    -0.6087    -0.6077     0.0010    -0.6176    -0.6167     0.0010   2.817333   2.817321  -0.000016    34.3654    34.3640     6.9850    27.6234    27.6223    34.3659    27.6239    1450.02    1450.03    -0.6175  1028.9661    34.5338 0.0000e+00
      10371 313.470614  -62.14410  -58.43758      0.742    1447.03    281.000    278.114    -0.6089    -0.6081     0.0009    -0.6179    -0.6171     0.0009   2.817345   2.817297  -0.000044    34.3653    34.3637     6.9765    27.6234    27.6220    34.3658    27.6238    1450.04    1450.04    -0.6177  1028.9707    34.5336 0.0000e+00
      10398 313.470627  -62.14410  -58.43758      0.827    1447.03    282.000    279.104    -0.6093    -0.6084     0.0010    -0.6184    -0.6174     0.0010   2.817373   2.817369  -0.000005    34.3656    34.3645     6.9757    27.6237    27.6227    34.3660    27.6240    1450.05    1450.06    -0.6181  1028.9757    34.5339 0.0000e+00
      10421 313.470639  -62.14410  -58.43758      0.960    1447.03    283.000    280.093    -0.6098    -0.6088     0.0010    -0.6189    -0.6179     0.0010   2.817387   2.817380  -0.000008    34.3658    34.3645     6.9780    27.6238    27.6227    34.3662    27.6241    1450.07    1450.07    -0.6187  1028.9820    34.5357 0.0000e+00
      10443 313.470649  -62.14410 -9.990e-29      1.072    1447.03    284.000    281.082    -0.6100    -0.6092     0.0008    -0.6191    -0.6183     0.0008   2.817425   2.817398  -0.000027    34.3660    34.3647     6.9731    27.6240    27.6229    34.3663    27.6242    1450.08    1450.09    -0.6189  1028.9874    34.5365 0.0000e+00
      10465 313.470660  -62.14410 -9.990e-29      1.112    1447.03    285.000    282.071    -0.6098    -0.6091     0.0008    -0.6190    -0.6182     0.0008   2.817424   2.817402  -0.000019    34.3651    34.3640     6.9703    27.6233    27.6224    34.3654    27.6236    1450.10    1450.10    -0.6188  1028.9915    34.5358 0.0000e+00
      10492 313.470673  -62.14412 -9.990e-29      0.971    1447.03    286.000    283.060    -0.6101    -0.6092     0.0009    -0.6193    -0.6184     0.0009   2.817449   2.817449  -0.000005    34.3653    34.3642     6.9651    27.6234    27.6225    34.3655    27.6236    1450.11    1450.12    -0.6191  1028.9963    34.5358 0.0000e+00
      10530 313.470691  -62.14412  -58.43755      0.659    1447.03    287.000    284.049    -0.6096    -0.6089     0.0007    -0.6188    -0.6181     0.0007   2.817559   2.817548  -0.000016    34.3654    34.3645     6.9700    27.6235    27.6227    34.3658    27.6238    1450.13    1450.14    -0.6186  1028.9996    34.5340 0.0000e+00
      10563 313.470707  -62.14414  -58.43754      0.674    1447.03    288.000    285.038    -0.6075    -0.6065     0.0010    -0.6167    -0.6158     0.0010   2.818036   2.818064   0.000041    34.3686    34.3680     6.9786    27.6260    27.6255    34.3692    27.6265    1450.16    1450.17    -0.6166  1029.0067    34.5371 0.0000e+00
      10589 313.470719  -62.14414  -58.43754      0.860    1447.03    289.000    286.027    -0.6068    -0.6060     0.0008    -0.6160    -0.6152     0.0008   2.818260   2.818240  -0.000019    34.3704    34.3692     6.9835    27.6274    27.6264    34.3708    27.6277    1450.19    1450.19    -0.6159  1029.0127    34.5387 0.0000e+00
      10610 313.470730  -62.14414  -58.43754      1.027    1447.03    290.000    287.016    -0.6073    -0.6065     0.0008    -0.6166    -0.6159     0.0008   2.818353   2.818329  -0.000027    34.3718    34.3705     6.9747    27.6286    27.6275    34.3720    27.6287    1450.20    1450.20    -0.6164  1029.0185    34.5399 0.0000e+00
      10632 313.470740  -62.14414  -58.43754      1.106    1447.03    291.000    288.005    -0.6076    -0.6068     0.0007    -0.6169    -0.6162     0.0007   2.818436   2.818428  -0.000005    34.3726    34.3717     6.9721    27.6292    27.6284    34.3729    27.6295    1450.22    1450.22    -0.6168  1029.0240    34.5408 0.0000e+00
      10657 313.470752  -62.14414  -58.43754      1.039    1447.03    292.000    288.994    -0.6126    -0.6105     0.0021    -0.6219    -0.6199     0.0021   2.818117   2.818177   0.000065    34.3744    34.3730     6.9570    27.6309    27.6297    34.3736    27.6303    1450.21    1450.22    -0.6218  1029.0296    34.5415 0.0000e+00
      10688 313.470767  -62.14416  -58.43752      0.818    1447.03    293.000    289.983    -0.6270    -0.6256     0.0014    -0.6363    -0.6349     0.0014   2.817082   2.817066  -0.000027    34.3763    34.3744     6.9484    27.6331    27.6315    34.3754    27.6323    1450.16    1450.17    -0.6362  1029.0365    34.5433 0.0000e+00
      10720 313.470783  -62.14416  -58.43752      0.732    1447.03    294.000    290.972    -0.6338    -0.6322     0.0016    -0.6432    -0.6416     0.0016   2.816555   2.816575   0.000024    34.3764    34.3749     6.9328    27.6335    27.6322    34.3755    27.6327    1450.15    1450.15    -0.6430  1029.0417    34.5434 0.0000e+00
      10747 313.470795  -62.14416  -58.43752      0.848    1447.04    295.000    291.961    -0.6373    -0.6370     0.0003    -0.6467    -0.6464     0.0003   2.816317   2.816272  -0.000043    34.3764    34.3754     6.9306    27.6336    27.6328    34.3756    27.6330    1450.15    1450.15    -0.6465  1029.0468    34.5435 0.0000e+00
      10770 313.470807  -62.14417  -58.43752      0.965    1447.49    296.000    292.950    -0.6381    -0.6373     0.0009    -0.6476    -0.6467     0.0009   2.816331   2.816331  -0.000004    34.3766    34.3755     6.9284    27.6338    27.6329    34.3761    27.6334    1450.16    1450.16    -0.6473  1029.0519    34.5440 0.0000e+00
