Pos-Processados/process_op42/Processamento_split/down/doperantar42_049.cnv
* Sea-Bird SBE 9 Data File:
* FileName = C:\Users\Hidrografia\Desktop\OPXLII\Brutos\OP42049.hdr
* Software Version Seasave V 7.26.7.107
* Temperature SN = 6502
* Conductivity SN = 4998
* Number of Bytes Per Scan = 37
* Number of Voltage Words = 4
* Number of Scans Averaged by the Deck Unit = 1
* NMEA Latitude = 62 08.21 S
* NMEA Longitude = 058 26.69 W
* NMEA UTC (Time) = Nov 10 2023 00:06:10
* NMEA baud rate = 4800
** H41
** NPOALTEMAXIMIANO
** NUMERO DA ESTACAO (XXX) 049
** LAT (XX XX.XX S/N) 62 08. S
** LONG (XXX XX.XX W/E) 058 26. W
** DATAHORA (dd/mm/aaaa hh:mm Z) 10/11/2023 0005Z
** PROFUNDIDADE (m) 424
** OPERADOR CT FILIPE LOPES
# nquan = 30
# nvalues = 384                         
# units = specified
# name 0 = scan: Scan Count
# name 1 = timeJ: Julian Days
# name 2 = latitude: Latitude [deg]
# name 3 = longitude: Longitude [deg]
# name 4 = dz/dtM: Descent Rate [m/s]
# name 5 = avgsvCM: Average Sound Velocity [Chen-Millero, m/s]
# name 6 = prDM: Pressure, Digiquartz [db]
# name 7 = depSM: Depth [salt water, m]
# name 8 = t090C: Temperature [ITS-90, deg C]
# name 9 = t190C: Temperature, 2 [ITS-90, deg C]
# name 10 = T2-T190C: Temperature Difference, 2 - 1 [ITS-90, deg C]
# name 11 = potemp090C: Potential Temperature [ITS-90, deg C]
# name 12 = potemp190C: Potential Temperature, 2 [ITS-90, deg C]
# name 13 = potemp90Cdiff: Potential Temperature, Diff, 2 - 1 [ITS-90, deg C]
# name 14 = c0S/m: Conductivity [S/m]
# name 15 = c1S/m: Conductivity, 2 [S/m]
# name 16 = C2-C1S/m: Conductivity Difference, 2 - 1 [S/m]
# name 17 = sal00: Salinity, Practical [PSU]
# name 18 = sal11: Salinity, Practical, 2 [PSU]
# name 19 = sbeox0ML/L: Oxygen, SBE 43 [ml/l]
# name 20 = sigma-é00: Density [sigma-theta, kg/m^3]
# name 21 = sigma-é11: Density, 2 [sigma-theta, kg/m^3]
# name 22 = sal00: Salinity, Practical [PSU]
# name 23 = sigma-é00: Density [sigma-theta, kg/m^3]
# name 24 = svCM: Sound Velocity [Chen-Millero, m/s]
# name 25 = svCM1: Sound Velocity, 2 [Chen-Millero, m/s]
# name 26 = gsw_ptA0: potential temperature [ITS-90, deg C]
# name 27 = gsw_densityA0: density, TEOS-10 [density, kg/m^3]
# name 28 = gsw_saA0: Absolute Salinity [g/kg]
# name 29 = flag:
# span 0 =       3543,      18694       
# span 1 = 314.005990, 314.013297       
# span 2 =  -62.14161,  -62.13781       
# span 3 =  -58.44474,  -58.44452       
# span 4 =     -0.056,      0.943       
# span 5 =       0.00,    1448.33       
# span 6 =      3.000,    386.000       
# span 7 =      2.962,    381.938       
# span 8 =    -0.7925,    -0.5109       
# span 9 =    -0.7919,    -0.5099       
# span 10 =    -0.0023,     0.0044      
# span 11 =    -0.7989,    -0.5225      
# span 12 =    -0.7983,    -0.5215      
# span 13 =    -0.0022,     0.0044      
# span 14 =   2.794505,   2.831761      
# span 15 =   2.794492,   2.831742      
# span 16 =  -0.000273,   0.000296      
# span 17 =    34.2693,    34.3916      
# span 18 =    34.2685,    34.3906      
# span 19 =     6.7620,     7.7805      
# span 20 =    27.5433,    27.6408      
# span 21 =    27.5426,    27.6399      
# span 22 =    34.2697,    34.3916      
# span 23 =    27.5436,    27.6408      
# span 24 =    1445.61,    1452.22      
# span 25 =    1445.62,    1452.22      
# span 26 =    -0.7987,    -0.5223      
# span 27 =  1027.5625,  1029.4855      
# span 28 =    34.4350,    34.5598      
# span 29 = 0.0000e+00, 0.0000e+00      
# interval = decibars: 1                
# start_time = Nov 10 2023 00:06:10 [NMEA time, header]
# bad_flag = -9.990e-29
*END*
[from data line 291]
      13665 314.010872  -62.14032  -58.44458      0.760    1447.21    294.000    290.972    -0.6694    -0.6701    -0.0008    -0.6787    -0.6794    -0.0008   2.811185   2.811051  -0.000125    34.3428    34.3420     7.1687    27.6078    27.6072    34.3433    27.6082    1449.94    1449.93    -0.6785  1029.0177    34.5111 0.0000e+00
      13698 314.010888  -62.14033  -58.44458      0.740    1447.21    295.000    291.961    -0.6662    -0.6657     0.0005    -0.6755    -0.6750     0.0005   2.811555   2.811578   0.000010    34.3435    34.3431     7.1661    27.6082    27.6078    34.3441    27.6087    1449.97    1449.97    -0.6753  1029.0229    34.5119 0.0000e+00
      13730 314.010903  -62.14034  -58.44458      0.736    1447.21    296.000    292.950    -0.6468    -0.6453     0.0015    -0.6562    -0.6547     0.0015   2.813493   2.813746   0.000239    34.3451    34.3466     7.1664    27.6087    27.6099    34.3477    27.6108    1450.08    1450.09    -0.6560  1029.0295    34.5155 0.0000e+00
      13761 314.010918  -62.14034  -58.44458      0.769    1447.21    297.000    293.939    -0.6416    -0.6397     0.0018    -0.6511    -0.6492     0.0018   2.814217   2.814325   0.000124    34.3502    34.3498     7.1652    27.6126    27.6121    34.3509    27.6131    1450.13    1450.13    -0.6509  1029.0366    34.5187 0.0000e+00
      13792 314.010933  -62.14036  -58.44458      0.781    1447.22    298.000    294.928    -0.6479    -0.6487    -0.0008    -0.6574    -0.6582    -0.0008   2.813815   2.813522  -0.000273    34.3510    34.3482     7.1366    27.6135    27.6113    34.3520    27.6143    1450.12    1450.11    -0.6572  1029.0426    34.5198 0.0000e+00
      13823 314.010948  -62.14036  -58.44458      0.772 -9.990e-29    299.000    295.917    -0.6362    -0.6361     0.0001    -0.6458    -0.6456     0.0001   2.814833   2.814821  -0.000018    34.3508    34.3504     7.1060    27.6129    27.6125    34.3519    27.6137    1450.19    1450.19    -0.6455  1029.0466    34.5197 0.0000e+00
      13852 314.010962  -62.14038  -58.44458      0.808 -9.990e-29    300.000    296.907    -0.6368    -0.6366     0.0003    -0.6464    -0.6461     0.0003   2.814905   2.814824  -0.000080    34.3522    34.3508     7.0993    27.6140    27.6129    34.3529    27.6146    1450.20    1450.20    -0.6462  1029.0523    34.5208 0.0000e+00
      13879 314.010975  -62.14038  -58.44458      0.859 -9.990e-29    301.000    297.895    -0.6369    -0.6359     0.0010    -0.6465    -0.6455     0.0010   2.814943   2.814942  -0.000003    34.3525    34.3513     7.0933    27.6142    27.6133    34.3529    27.6146    1450.22    1450.22    -0.6463  1029.0570    34.5208 0.0000e+00
      13904 314.010987  -62.14038  -58.44458      0.917    1447.60    302.000    298.884    -0.6375    -0.6369     0.0006    -0.6472    -0.6466     0.0006   2.814920   2.814891  -0.000041    34.3522    34.3509     7.0948    27.6140    27.6130    34.3527    27.6145    1450.23    1450.23    -0.6470  1029.0617    34.5206 0.0000e+00
      13931 314.011000  -62.14040  -58.44458      0.927    1447.61    303.000    299.873    -0.6382    -0.6372     0.0010    -0.6479    -0.6469     0.0010   2.814902   2.814890  -0.000006    34.3523    34.3511     7.0839    27.6141    27.6131    34.3526    27.6144    1450.24    1450.25    -0.6477  1029.0664    34.5205 0.0000e+00
      13959 314.011014  -62.14040  -58.44458      0.870    1447.61    304.000    300.862    -0.6386    -0.6379     0.0007    -0.6483    -0.6476     0.0007   2.814915   2.814872  -0.000043    34.3523    34.3509     7.0849    27.6142    27.6130    34.3527    27.6145    1450.26    1450.26    -0.6481  1029.0712    34.5205 0.0000e+00
      13988 314.011028  -62.14041  -58.44458      0.835    1447.61    305.000    301.851    -0.6405    -0.6379     0.0025    -0.6502    -0.6477     0.0025   2.814769   2.814908   0.000119    34.3523    34.3510     7.0898    27.6142    27.6131    34.3522    27.6142    1450.26    1450.27    -0.6500  1029.0757    34.5201 0.0000e+00
      14014 314.011040  -62.14042  -58.44458      0.874    1447.61    306.000    302.840    -0.6417    -0.6399     0.0018    -0.6515    -0.6497     0.0018   2.814694   2.814717   0.000023    34.3524    34.3508     7.0890    27.6144    27.6130    34.3520    27.6140    1450.27    1450.28    -0.6513  1029.0803    34.5198 0.0000e+00
      14040 314.011053  -62.14042  -58.44458      0.920    1447.61    307.000    303.829    -0.6276    -0.6299    -0.0023    -0.6375    -0.6397    -0.0022   2.816060   2.815923  -0.000123    34.3498    34.3507     7.0905    27.6117    27.6125    34.3538    27.6149    1450.36    1450.35    -0.6373  1029.0858    34.5217 0.0000e+00
      14068 314.011066  -62.14044  -58.44458      0.896    1447.61    308.000    304.818    -0.5990    -0.5986     0.0004    -0.6090    -0.6086     0.0004   2.819151   2.819167   0.000034    34.3594    34.3593     7.0918    27.6182    27.6181    34.3624    27.6207    1450.52    1450.52    -0.6088  1029.0960    34.5303 0.0000e+00
      14097 314.011080  -62.14044  -58.44458      0.839    1447.61    309.000    305.806    -0.5914    -0.5934    -0.0020    -0.6014    -0.6034    -0.0020   2.819959   2.819683  -0.000249    34.3630    34.3619     7.0977    27.6208    27.6200    34.3641    27.6217    1450.57    1450.56    -0.6012  1029.1017    34.5320 0.0000e+00
      14127 314.011095  -62.14044  -58.44458      0.791    1447.61    310.000    306.796    -0.6018    -0.6010     0.0008    -0.6118    -0.6110     0.0008   2.819046   2.818999  -0.000120    34.3629    34.3604     7.0737    27.6212    27.6191    34.3629    27.6212    1450.54    1450.54    -0.6116  1029.1060    34.5308 0.0000e+00
      14157 314.011109  -62.14045  -58.44458      0.803    1447.61    311.000    307.785    -0.6140    -0.6102     0.0038    -0.6241    -0.6202     0.0038   2.817882   2.818047   0.000192    34.3608    34.3590     7.0240    27.6200    27.6184    34.3605    27.6198    1450.50    1450.51    -0.6238  1029.1095    34.5284 0.0000e+00
      14184 314.011122  -62.14046  -58.44458      0.857    1447.61    312.000    308.773    -0.6121    -0.6109     0.0012    -0.6222    -0.6210     0.0012   2.818060   2.818057   0.000018    34.3588    34.3577     6.9931    27.6183    27.6173    34.3602    27.6194    1450.52    1450.53    -0.6220  1029.1139    34.5281 0.0000e+00
      14210 314.011135  -62.14046  -58.44458      0.903    1447.61    313.000    309.762    -0.5996    -0.5988     0.0007    -0.6097    -0.6090     0.0007   2.819309   2.819326  -0.000008    34.3611    34.3601     6.9893    27.6196    27.6188    34.3621    27.6205    1450.60    1450.60    -0.6095  1029.1195    34.5300 0.0000e+00
      14237 314.011148  -62.14048  -58.44458      0.919    1447.61    314.000    310.751    -0.5976    -0.5973     0.0003    -0.6078    -0.6075     0.0003   2.819585   2.819530  -0.000050    34.3621    34.3610     7.0155    27.6203    27.6195    34.3631    27.6211    1450.63    1450.63    -0.6076  1029.1249    34.5310 0.0000e+00
      14264 314.011161  -62.14048  -58.44458      0.883    1447.61    315.000    311.740    -0.5972    -0.5971     0.0001    -0.6074    -0.6073     0.0001   2.819698   2.819567  -0.000118    34.3630    34.3614     7.0307    27.6211    27.6197    34.3635    27.6214    1450.64    1450.64    -0.6072  1029.1300    34.5314 0.0000e+00
      14293 314.011175  -62.14049  -58.44459      0.834    1447.61    316.000    312.728    -0.5951    -0.5950     0.0001    -0.6054    -0.6052     0.0001   2.819915   2.819846  -0.000076    34.3624    34.3612     7.0177    27.6205    27.6195    34.3634    27.6213    1450.67    1450.67    -0.6052  1029.1346    34.5314 0.0000e+00
      14322 314.011189  -62.14050  -58.44459      0.832    1447.61    317.000    313.718    -0.5898    -0.5894     0.0004    -0.6001    -0.5996     0.0004   2.820523   2.820478  -0.000049    34.3636    34.3625     7.0129    27.6212    27.6203    34.3649    27.6223    1450.71    1450.72    -0.5999  1029.1403    34.5329 0.0000e+00
      14350 314.011202  -62.14050  -58.44458      0.861    1447.61    318.000    314.707    -0.5854    -0.5851     0.0003    -0.5957    -0.5954     0.0003   2.821034   2.820954  -0.000073    34.3655    34.3641     6.9998    27.6225    27.6215    34.3663    27.6232    1450.75    1450.75    -0.5955  1029.1459    34.5342 0.0000e+00
      14377 314.011215  -62.14051  -58.44458      0.882    1447.61    319.000    315.695    -0.5876    -0.5869     0.0008    -0.5980    -0.5972     0.0008   2.820862   2.820816  -0.000043    34.3655    34.3640     6.9982    27.6227    27.6214    34.3658    27.6230    1450.76    1450.76    -0.5978  1029.1504    34.5338 0.0000e+00
      14403 314.011228  -62.14052  -58.44458      0.903    1447.61    320.000    316.685    -0.5865    -0.5859     0.0006    -0.5970    -0.5964     0.0006   2.821020   2.820999  -0.000033    34.3651    34.3640     6.9884    27.6223    27.6214    34.3661    27.6231    1450.78    1450.78    -0.5967  1029.1553    34.5340 0.0000e+00
      14430 314.011241  -62.14052  -58.44460      0.903    1447.61    321.000    317.673    -0.5864    -0.5847     0.0017    -0.5969    -0.5952     0.0017   2.821088   2.821122   0.000042    34.3663    34.3649     6.9860    27.6233    27.6221    34.3663    27.6233    1450.80    1450.80    -0.5966  1029.1602    34.5342 0.0000e+00
      14457 314.011254  -62.14054  -58.44460      0.887    1447.61    322.000    318.662    -0.5790    -0.5778     0.0012    -0.5895    -0.5883     0.0012   2.821938   2.821960   0.000017    34.3668    34.3656     6.9802    27.6233    27.6224    34.3687    27.6249    1450.85    1450.85    -0.5893  1029.1665    34.5366 0.0000e+00
      14485 314.011267  -62.14054  -58.44460      0.869    1447.61    323.000    319.651    -0.5718    -0.5716     0.0002    -0.5824    -0.5822     0.0002   2.822724   2.822624  -0.000086    34.3696    34.3682     6.9777    27.6253    27.6242    34.3706    27.6261    1450.90    1450.90    -0.5822  1029.1724    34.5386 0.0000e+00
      14514 314.011282  -62.14055  -58.44460      0.827    1447.61    324.000    320.640    -0.5738    -0.5735     0.0003    -0.5844    -0.5841     0.0003   2.822573   2.822482  -0.000092    34.3700    34.3683     6.9812    27.6257    27.6243    34.3702    27.6258    1450.91    1450.91    -0.5842  1029.1769    34.5381 0.0000e+00
      14543 314.011295  -62.14056  -58.44460      0.821    1447.61    325.000    321.629    -0.5737    -0.5735     0.0002    -0.5843    -0.5842     0.0002   2.822625   2.822524  -0.000111    34.3695    34.3678     6.9600    27.6253    27.6239    34.3702    27.6258    1450.93    1450.93    -0.5841  1029.1817    34.5381 0.0000e+00
      14571 314.011309  -62.14056  -58.44460      0.847    1447.61    326.000    322.617    -0.5746    -0.5738     0.0007    -0.5852    -0.5845     0.0007   2.822640   2.822562  -0.000054    34.3703    34.3687     6.9454    27.6260    27.6247    34.3707    27.6263    1450.94    1450.94    -0.5850  1029.1869    34.5387 0.0000e+00
      14598 314.011322  -62.14058  -58.44460      0.875    1447.61    327.000    323.607    -0.5752    -0.5749     0.0003    -0.5859    -0.5856     0.0003   2.822566   2.822481  -0.000094    34.3695    34.3679     6.9402    27.6254    27.6241    34.3698    27.6256    1450.95    1450.95    -0.5857  1029.1910    34.5378 0.0000e+00
      14626 314.011335  -62.14058  -58.44460      0.883    1447.61    328.000    324.595    -0.5729    -0.5727     0.0003    -0.5837    -0.5834     0.0003   2.822799   2.822741  -0.000052    34.3693    34.3683     6.9419    27.6251    27.6243    34.3698    27.6255    1450.98    1450.98    -0.5834  1029.1956    34.5377 0.0000e+00
      14655 314.011349  -62.14059  -58.44460      0.852    1447.61    329.000    325.585    -0.5732    -0.5712     0.0020    -0.5840    -0.5820     0.0020   2.822769   2.822964   0.000098    34.3697    34.3687     6.9348    27.6254    27.6246    34.3691    27.6250    1450.99    1451.00    -0.5838  1029.1998    34.5371 0.0000e+00
      14684 314.011363  -62.14060  -58.44460      0.810    1447.61    330.000    326.573    -0.5879    -0.5836     0.0044    -0.5987    -0.5944     0.0044   2.821483   2.821651   0.000235    34.3686    34.3668     6.9371    27.6252    27.6236    34.3679    27.6246    1450.94    1450.96    -0.5985  1029.2044    34.5358 0.0000e+00
      14712 314.011377  -62.14060  -58.44460      0.833    1447.61    331.000    327.562    -0.5837    -0.5850    -0.0013    -0.5945    -0.5958    -0.0013   2.821768   2.821606  -0.000170    34.3654    34.3645     6.9450    27.6224    27.6218    34.3663    27.6232    1450.97    1450.97    -0.5943  1029.2076    34.5342 0.0000e+00
      14738 314.011390  -62.14060  -58.44460      0.899    1447.61    332.000    328.551    -0.5713    -0.5702     0.0010    -0.5822    -0.5812     0.0010   2.822967   2.823162   0.000195    34.3664    34.3678     6.9476    27.6227    27.6238    34.3678    27.6238    1451.05    1451.06    -0.5820  1029.2129    34.5357 0.0000e+00
      14765 314.011402  -62.14062  -58.44460      0.922    1447.61    333.000    329.540    -0.5686    -0.5690    -0.0003    -0.5796    -0.5799    -0.0003   2.823483   2.823344  -0.000095    34.3706    34.3696     6.9644    27.6259    27.6252    34.3711    27.6264    1451.08    1451.08    -0.5793  1029.2202    34.5391 0.0000e+00
      14791 314.011415  -62.14062  -58.44460      0.903    1447.61    334.000    330.528    -0.5652    -0.5665    -0.0013    -0.5762    -0.5775    -0.0013   2.823864   2.823668  -0.000205    34.3714    34.3701     6.9751    27.6264    27.6255    34.3717    27.6267    1451.12    1451.11    -0.5760  1029.2252    34.5397 0.0000e+00
      14819 314.011428  -62.14064  -58.44460      0.881    1447.61    335.000    331.517    -0.5641    -0.5661    -0.0020    -0.5751    -0.5771    -0.0020   2.824069   2.823819  -0.000249    34.3716    34.3705     6.9551    27.6266    27.6258    34.3726    27.6274    1451.14    1451.13    -0.5749  1029.2306    34.5406 0.0000e+00
      14849 314.011443  -62.14064  -58.44460      0.827    1447.61    336.000    332.506    -0.5568    -0.5578    -0.0010    -0.5679    -0.5689    -0.0010   2.824932   2.824699  -0.000222    34.3740    34.3721     6.9418    27.6282    27.6267    34.3754    27.6293    1451.19    1451.19    -0.5677  1029.2372    34.5434 0.0000e+00
      14877 314.011456  -62.14065  -58.44460      0.826    1447.61    337.000    333.495    -0.5535    -0.5536    -0.0002    -0.5646    -0.5648    -0.0002   2.825259   2.825170  -0.000117    34.3754    34.3740     6.9365    27.6292    27.6281    34.3754    27.6292    1451.22    1451.22    -0.5644  1029.2418    34.5434 0.0000e+00
      14903 314.011469  -62.14066  -58.44460      0.904    1447.61    338.000    334.484    -0.5567    -0.5558     0.0009    -0.5679    -0.5670     0.0009   2.825012   2.824997  -0.000034    34.3746    34.3732     6.9281    27.6287    27.6275    34.3751    27.6291    1451.22    1451.23    -0.5676  1029.2465    34.5431 0.0000e+00
      14929 314.011482  -62.14066  -58.44460      0.919    1447.61    339.000    335.472    -0.5621    -0.5606     0.0015    -0.5733    -0.5718     0.0015   2.824489   2.824486   0.000040    34.3735    34.3723     6.9170    27.6280    27.6270    34.3736    27.6282    1451.21    1451.22    -0.5731  1029.2503    34.5416 0.0000e+00
      14958 314.011496  -62.14068  -58.44460      0.842    1447.61    340.000    336.461    -0.5576    -0.5593    -0.0017    -0.5688    -0.5705    -0.0017   2.824896   2.824735  -0.000181    34.3724    34.3719     6.9014    27.6270    27.6266    34.3733    27.6277    1451.25    1451.24    -0.5686  1029.2546    34.5413 0.0000e+00
