Pos-Processados/process_op42/Processamento_split/down/doperantar42_050.cnv
* Sea-Bird SBE 9 Data File:
* FileName = C:\Users\Hidrografia\Desktop\OPXLII\Brutos\OP42050.hdr
* Software Version Seasave V 7.26.7.107
* Temperature SN = 6502
* Conductivity SN = 4998
* Number of Bytes Per Scan = 37
* Number of Voltage Words = 4
* Number of Scans Averaged by the Deck Unit = 1
* NMEA Latitude = 62 08.29 S
* NMEA Longitude = 058 26.27 W
* NMEA UTC (Time) = Nov 10 2023 01:03:24
* NMEA baud rate = 4800
** H41
** NPOALTEMAXIMIANO
** NUMERO DA ESTACAO (XXX) 50
** LAT (XX XX.XX S/N) 62 08. S
** LONG (XXX XX.XX W/E) 058 26. W
** DATAHORA (dd/mm/aaaa hh:mm Z) 10/11/2023 0105Z
** PROFUNDIDADE (m) 424
** OPERADOR CT FILIPE LOPES
# nquan = 30
# nvalues = 354                         
# units = specified
# name 0 = scan: Scan Count
# name 1 = timeJ: Julian Days
# name 2 = latitude: Latitude [deg]
# name 3 = longitude: Longitude [deg]
# name 4 = dz/dtM: Descent Rate [m/s]
# name 5 = avgsvCM: Average Sound Velocity [Chen-Millero, m/s]
# name 6 = prDM: Pressure, Digiquartz [db]
# name 7 = depSM: Depth [salt water, m]
# name 8 = t090C: Temperature [ITS-90, deg C]
# name 9 = t190C: Temperature, 2 [ITS-90, deg C]
# name 10 = T2-T190C: Temperature Difference, 2 - 1 [ITS-90, deg C]
# name 11 = potemp090C: Potential Temperature [ITS-90, deg C]
# name 12 = potemp190C: Potential Temperature, 2 [ITS-90, deg C]
# name 13 = potemp90Cdiff: Potential Temperature, Diff, 2 - 1 [ITS-90, deg C]
# name 14 = c0S/m: Conductivity [S/m]
# name 15 = c1S/m: Conductivity, 2 [S/m]
# name 16 = C2-C1S/m: Conductivity Difference, 2 - 1 [S/m]
# name 17 = sal00: Salinity, Practical [PSU]
# name 18 = sal11: Salinity, Practical, 2 [PSU]
# name 19 = sbeox0ML/L: Oxygen, SBE 43 [ml/l]
# name 20 = sigma-é00: Density [sigma-theta, kg/m^3]
# name 21 = sigma-é11: Density, 2 [sigma-theta, kg/m^3]
# name 22 = sal00: Salinity, Practical [PSU]
# name 23 = sigma-é00: Density [sigma-theta, kg/m^3]
# name 24 = svCM: Sound Velocity [Chen-Millero, m/s]
# name 25 = svCM1: Sound Velocity, 2 [Chen-Millero, m/s]
# name 26 = gsw_ptA0: potential temperature [ITS-90, deg C]
# name 27 = gsw_densityA0: density, TEOS-10 [density, kg/m^3]
# name 28 = gsw_saA0: Absolute Salinity [g/kg]
# name 29 = flag:
# span 0 =       4216,      17360       
# span 1 = 314.046061, 314.052399       
# span 2 =  -62.14055,  -62.13909       
# span 3 =  -58.43575,  -58.42874       
# span 4 =      0.034,      0.953       
# span 5 =      -0.01,    1448.13       
# span 6 =     13.000,    366.000       
# span 7 =     12.880,    362.165       
# span 8 =    -0.8059,    -0.5135       
# span 9 =    -0.8049,    -0.5140       
# span 10 =    -0.0058,     0.0050      
# span 11 =    -0.8122,    -0.5258      
# span 12 =    -0.8113,    -0.5264      
# span 13 =    -0.0058,     0.0050      
# span 14 =   2.793456,   2.833027      
# span 15 =   2.793462,   2.832854      
# span 16 =  -0.000498,   0.000261      
# span 17 =    34.2706,    34.4165      
# span 18 =    34.2695,    34.4149      
# span 19 =     6.6308,     7.7449      
# span 20 =    27.5445,    27.6608      
# span 21 =    27.5436,    27.6595      
# span 22 =    34.2706,    34.4168      
# span 23 =    27.5445,    27.6610      
# span 24 =    1445.75,    1451.94      
# span 25 =    1445.76,    1451.94      
# span 26 =    -0.8121,    -0.5256      
# span 27 =  1027.6116,  1029.4107      
# span 28 =    34.4358,    34.5851      
# span 29 = 0.0000e+00, 0.0000e+00      
# interval = decibars: 1                
# start_time = Nov 10 2023 01:03:24 [NMEA time, header]
# bad_flag = -9.990e-29
*END*
[from data line 97]
       7651 314.047717  -62.13956  -58.43395      0.671    1446.52    110.000    108.916    -0.5912    -0.5907     0.0005    -0.5946    -0.5941     0.0005   2.804449   2.804434  -0.000014    34.2776    34.2769     7.6237    27.5514    27.5508    34.2770    27.5509    1447.22    1447.22    -0.5945  1028.0821    34.4433 0.0000e+00
       7688 314.047735  -62.13956  -58.43392      0.659    1446.52    111.000    109.906    -0.5954    -0.5973    -0.0019    -0.5988    -0.6007    -0.0019   2.804231   2.803969  -0.000241    34.2779    34.2767     7.6207    27.5518    27.5509    34.2782    27.5520    1447.22    1447.20    -0.5987  1028.0881    34.4445 0.0000e+00
       7724 314.047752  -62.13956  -58.43391      0.654    1446.52    112.000    110.895    -0.5900    -0.5898     0.0002    -0.5934    -0.5932     0.0002   2.804667   2.804615  -0.000079    34.2779    34.2766     7.6227    27.5516    27.5505    34.2773    27.5511    1447.26    1447.26    -0.5933  1028.0919    34.4437 0.0000e+00
       7760 314.047769  -62.13958  -58.43388      0.674    1446.52    113.000    111.885    -0.5973    -0.5946     0.0027    -0.6008    -0.5981     0.0027   2.804231   2.804269   0.000043    34.2793    34.2768     7.6280    27.5530    27.5509    34.2791    27.5528    1447.24    1447.25    -0.6007  1028.0984    34.4455 0.0000e+00
       7794 314.047786  -62.13958  -58.43386      0.696    1446.52    114.000    112.875    -0.5972    -0.5967     0.0004    -0.6007    -0.6002     0.0004   2.804174   2.804128  -0.000053    34.2777    34.2765     7.6236    27.5518    27.5508    34.2775    27.5516    1447.26    1447.26    -0.6006  1028.1020    34.4439 0.0000e+00
       7829 314.047803  -62.13958  -58.43384      0.686    1446.52    115.000    113.865    -0.5926    -0.5915     0.0011    -0.5961    -0.5950     0.0011   2.804603   2.804609   0.000017    34.2774    34.2764     7.6232    27.5513    27.5504    34.2775    27.5514    1447.29    1447.30    -0.5960  1028.1065    34.4439 0.0000e+00
       7866 314.047820  -62.13958  -58.43383      0.661    1446.52    116.000    114.855    -0.5949    -0.5941     0.0007    -0.5984    -0.5977     0.0007   2.804465   2.804441  -0.000031    34.2778    34.2765     7.6216    27.5517    27.5507    34.2776    27.5515    1447.30    1447.30    -0.5983  1028.1115    34.4440 0.0000e+00
       7901 314.047838  -62.13958  -58.43380      0.674    1446.52    117.000    115.845    -0.5980    -0.5978     0.0003    -0.6016    -0.6013     0.0003   2.804187   2.804158  -0.000031    34.2775    34.2767     7.6213    27.5516    27.5510    34.2768    27.5511    1447.30    1447.30    -0.6015  1028.1158    34.4432 0.0000e+00
       7937 314.047855  -62.13960  -58.43379      0.676    1446.52    118.000    116.834    -0.6214    -0.6195     0.0019    -0.6250    -0.6230     0.0019   2.802374   2.802432   0.000067    34.2803    34.2790     7.6214    27.5549    27.5537    34.2782    27.5532    1447.21    1447.22    -0.6249  1028.1228    34.4447 0.0000e+00
       7971 314.047871  -62.13960  -58.43376      0.689    1446.52    119.000    117.824    -0.6255    -0.6259    -0.0004    -0.6291    -0.6294    -0.0004   2.802081   2.802022  -0.000057    34.2784    34.2780     7.6169    27.5535    27.5532    34.2783    27.5534    1447.21    1447.20    -0.6290  1028.1278    34.4447 0.0000e+00
       8008 314.047889  -62.13960  -58.43374      0.667    1446.52    120.000    118.814    -0.6218    -0.6204     0.0013    -0.6254    -0.6241     0.0013   2.802375   2.802429   0.000044    34.2783    34.2774     7.6152    27.5533    27.5525    34.2774    27.5526    1447.24    1447.24    -0.6253  1028.1318    34.4439 0.0000e+00
       8047 314.047908  -62.13962  -58.43372      0.613    1446.52    121.000    119.804    -0.6209    -0.6222    -0.0013    -0.6246    -0.6259    -0.0013   2.802484   2.802364  -0.000117    34.2777    34.2776     7.6104    27.5528    27.5527    34.2773    27.5525    1447.26    1447.25    -0.6245  1028.1364    34.4438 0.0000e+00
       8086 314.047927  -62.13962  -58.43370      0.618    1446.52    122.000    120.794    -0.6176    -0.6158     0.0019    -0.6213    -0.6195     0.0019   2.802915   2.802949   0.000034    34.2785    34.2768     7.6073    27.5533    27.5518    34.2788    27.5535    1447.29    1447.30    -0.6212  1028.1422    34.4453 0.0000e+00
       8123 314.047944  -62.13962  -58.43368      0.642    1446.52    123.000    121.783    -0.6157    -0.6167    -0.0010    -0.6195    -0.6204    -0.0010   2.803036   2.802894  -0.000191    34.2784    34.2770     7.6169    27.5531    27.5520    34.2776    27.5525    1447.32    1447.31    -0.6193  1028.1460    34.4441 0.0000e+00
       8158 314.047961  -62.13962  -58.43367      0.686    1446.52    124.000    122.773    -0.6353    -0.6303     0.0050    -0.6391    -0.6341     0.0050   2.801578   2.801783   0.000242    34.2808    34.2784     7.6322    27.5559    27.5537    34.2795    27.5549    1447.24    1447.26    -0.6390  1028.1533    34.4460 0.0000e+00
       8194 314.047979  -62.13962  -58.43364      0.667    1446.52    125.000    123.763    -0.6363    -0.6354     0.0009    -0.6401    -0.6391     0.0009   2.801484   2.801501   0.000021    34.2792    34.2785     7.6236    27.5547    27.5540    34.2787    27.5543    1447.25    1447.26    -0.6400  1028.1574    34.4453 0.0000e+00
       8231 314.047997  -62.13963  -58.43362      0.643    1446.52    126.000    124.753    -0.6352    -0.6343     0.0010    -0.6390    -0.6381     0.0010   2.801620   2.801630   0.000008    34.2792    34.2782     7.6094    27.5546    27.5537    34.2788    27.5543    1447.27    1447.28    -0.6389  1028.1622    34.4453 0.0000e+00
       8266 314.048014  -62.13964  -58.43360      0.677    1446.52    127.000    125.743    -0.6353    -0.6345     0.0008    -0.6391    -0.6383     0.0008   2.801671   2.801677   0.000006    34.2793    34.2785     7.6134    27.5547    27.5540    34.2789    27.5544    1447.29    1447.29    -0.6390  1028.1671    34.4455 0.0000e+00
       8304 314.048032  -62.13964  -58.43359      0.643    1446.52    128.000    126.733    -0.6369    -0.6362     0.0007    -0.6407    -0.6400     0.0007   2.801602   2.801580  -0.000018    34.2795    34.2784     7.6125    27.5549    27.5540    34.2791    27.5546    1447.30    1447.30    -0.6407  1028.1722    34.4457 0.0000e+00
       8344 314.048051  -62.13965  -58.43355      0.604    1446.52    129.000    127.722    -0.6376    -0.6369     0.0007    -0.6415    -0.6407     0.0007   2.801579   2.801575  -0.000003    34.2794    34.2785     7.6086    27.5548    27.5541    34.2790    27.5546    1447.31    1447.32    -0.6414  1028.1769    34.4456 0.0000e+00
       8384 314.048070  -62.13966  -58.43352      0.602    1446.52    130.000    128.712    -0.6395    -0.6385     0.0010    -0.6435    -0.6424     0.0010   2.801476   2.801493   0.000015    34.2796    34.2786     7.6113    27.5551    27.5543    34.2792    27.5548    1447.32    1447.32    -0.6433  1028.1819    34.4458 0.0000e+00
       8420 314.048088  -62.13966  -58.43351      0.654    1446.52    131.000    129.702    -0.6402    -0.6393     0.0009    -0.6442    -0.6433     0.0009   2.801479   2.801467  -0.000011    34.2798    34.2787     7.6080    27.5553    27.5544    34.2795    27.5550    1447.33    1447.34    -0.6441  1028.1869    34.4460 0.0000e+00
       8454 314.048104  -62.13966  -58.43348      0.696    1446.52    132.000    130.692    -0.6432    -0.6441    -0.0009    -0.6472    -0.6481    -0.0009   2.801292   2.801153  -0.000128    34.2801    34.2794     7.6118    27.5557    27.5551    34.2797    27.5553    1447.34    1447.33    -0.6471  1028.1920    34.4463 0.0000e+00
       8491 314.048122  -62.13966  -58.43347      0.662    1446.52    133.000    131.682    -0.6503    -0.6498     0.0005    -0.6543    -0.6538     0.0005   2.800787   2.800751  -0.000040    34.2813    34.2802     7.6044    27.5570    27.5561    34.2802    27.5561    1447.32    1447.32    -0.6542  1028.1976    34.4469 0.0000e+00
       8525 314.048139  -62.13968  -58.43344      0.690    1446.52    134.000    132.671    -0.6668    -0.6657     0.0011    -0.6708    -0.6697     0.0011   2.799549   2.799536  -0.000019    34.2833    34.2818     7.6133    27.5593    27.5580    34.2816    27.5579    1447.26    1447.27    -0.6707  1028.2043    34.4482 0.0000e+00
       8561 314.048156  -62.13968  -58.43343      0.672    1446.52    135.000    133.661    -0.6722    -0.6711     0.0011    -0.6763    -0.6752     0.0011   2.799157   2.799166   0.000007    34.2827    34.2815     7.6054    27.5590    27.5580    34.2819    27.5584    1447.25    1447.26    -0.6762  1028.2095    34.4485 0.0000e+00
       8599 314.048174  -62.13968  -58.43340      0.637    1446.52    136.000    134.651    -0.6725    -0.6714     0.0010    -0.6765    -0.6755     0.0010   2.799169   2.799184   0.000023    34.2824    34.2815     7.5980    27.5588    27.5581    34.2817    27.5582    1447.27    1447.27    -0.6765  1028.2142    34.4483 0.0000e+00
       8636 314.048192  -62.13968  -58.43338      0.653    1446.52    137.000    135.641    -0.6725    -0.6717     0.0007    -0.6766    -0.6758     0.0007   2.799208   2.799213  -0.000004    34.2823    34.2814     7.5910    27.5587    27.5580    34.2817    27.5582    1447.28    1447.29    -0.6765  1028.2189    34.4483 0.0000e+00
       8674 314.048210  -62.13970  -58.43336      0.632    1446.52    138.000    136.630    -0.6726    -0.6723     0.0003    -0.6767    -0.6764     0.0003   2.799250   2.799217  -0.000028    34.2819    34.2813     7.5931    27.5584    27.5579    34.2817    27.5582    1447.30    1447.30    -0.6766  1028.2237    34.4484 0.0000e+00
       8712 314.048229  -62.13970  -58.43333      0.623    1446.52    139.000    137.620    -0.6719    -0.6706     0.0012    -0.6760    -0.6748     0.0012   2.799305   2.799374   0.000058    34.2816    34.2810     7.6016    27.5581    27.5576    34.2810    27.5576    1447.32    1447.32    -0.6760  1028.2279    34.4476 0.0000e+00
       8751 314.048248  -62.13970  -58.43331      0.614    1446.52    140.000    138.610    -0.6753    -0.6726     0.0028    -0.6795    -0.6768     0.0028   2.799129   2.799261   0.000147    34.2822    34.2811     7.5926    27.5588    27.5577    34.2819    27.5585    1447.32    1447.33    -0.6794  1028.2336    34.4486 0.0000e+00
       8786 314.048264  -62.13970  -58.43329      0.678    1446.52    141.000    139.599    -0.6793    -0.6779     0.0014    -0.6835    -0.6821     0.0014   2.798845   2.798900   0.000045    34.2827    34.2816     7.5876    27.5593    27.5584    34.2820    27.5587    1447.32    1447.32    -0.6834  1028.2386    34.4487 0.0000e+00
       8820 314.048281  -62.13970  -58.43327      0.712    1446.52    142.000    140.589    -0.6815    -0.6801     0.0014    -0.6858    -0.6844     0.0014   2.798724   2.798758   0.000030    34.2828    34.2816     7.5881    27.5595    27.5585    34.2822    27.5590    1447.32    1447.33    -0.6856  1028.2437    34.4489 0.0000e+00
       8857 314.048299  -62.13971  -58.43325      0.648    1446.52    143.000    141.579    -0.6882    -0.6858     0.0025    -0.6925    -0.6900     0.0025   2.798193   2.798316   0.000128    34.2831    34.2820     7.5915    27.5601    27.5591    34.2821    27.5592    1447.31    1447.32    -0.6924  1028.2487    34.4488 0.0000e+00
       8896 314.048317  -62.13972  -58.43323      0.626    1446.52    144.000    142.569    -0.6977    -0.6963     0.0014    -0.7020    -0.7006     0.0014   2.797497   2.797542   0.000038    34.2836    34.2826     7.5821    27.5609    27.5600    34.2827    27.5601    1447.28    1447.29    -0.7019  1028.2545    34.4495 0.0000e+00
       8935 314.048336  -62.13972  -58.43320      0.618    1446.52    145.000    143.558    -0.6895    -0.6900    -0.0005    -0.6939    -0.6943    -0.0005   2.798222   2.798105  -0.000100    34.2823    34.2814     7.5846    27.5594    27.5588    34.2827    27.5597    1447.34    1447.33    -0.6937  1028.2588    34.4494 0.0000e+00
       8976 314.048356  -62.13972  -58.43318      0.590    1446.57    146.000    144.548    -0.6834    -0.6826     0.0008    -0.6878    -0.6870     0.0008   2.798733   2.798728  -0.000022    34.2823    34.2811     7.5894    27.5592    27.5582    34.2820    27.5589    1447.38    1447.38    -0.6877  1028.2628    34.4488 0.0000e+00
       9017 314.048376  -62.13974  -58.43315      0.574    1446.76    147.000    145.538    -0.6930    -0.6923     0.0006    -0.6973    -0.6967     0.0006   2.797980   2.797993   0.000027    34.2826    34.2823     7.5885    27.5598    27.5595    34.2820    27.5594    1447.35    1447.35    -0.6973  1028.2681    34.4488 0.0000e+00
       9056 314.048395  -62.13974  -58.43312      0.610    1446.76    148.000    146.528    -0.6960    -0.6953     0.0006    -0.7004    -0.6997     0.0006   2.797824   2.797792  -0.000031    34.2832    34.2820     7.5891    27.5605    27.5595    34.2827    27.5601    1447.35    1447.36    -0.7003  1028.2735    34.4495 0.0000e+00
       9090 314.048411  -62.13974  -58.43311      0.694    1446.76    149.000    147.517    -0.7014    -0.7001     0.0013    -0.7059    -0.7046     0.0013   2.797544   2.797541 -7.701e-07    34.2852    34.2838     7.5858    27.5623    27.5611    34.2845    27.5617    1447.35    1447.35    -0.7057  1028.2800    34.4513 0.0000e+00
       9122 314.048426  -62.13974  -58.43310      0.746    1446.76    150.000    148.507    -0.7043    -0.7037     0.0005    -0.7087    -0.7082     0.0005   2.797478   2.797465  -0.000014    34.2868    34.2859     7.5776    27.5637    27.5630    34.2862    27.5632    1447.35    1447.35    -0.7086  1028.2863    34.4530 0.0000e+00
       9155 314.048442  -62.13975  -58.43307      0.731    1446.76    151.000    149.497    -0.7070    -0.7062     0.0008    -0.7115    -0.7107     0.0008   2.797432   2.797420  -0.000012    34.2885    34.2875     7.5769    27.5652    27.5643    34.2880    27.5648    1447.36    1447.36    -0.7114  1028.2927    34.4549 0.0000e+00
       9194 314.048461  -62.13976  -58.43305      0.632    1446.76    152.000    150.486    -0.7074    -0.7067     0.0007    -0.7119    -0.7112     0.0007   2.797480   2.797458  -0.000020    34.2889    34.2878     7.5664    27.5655    27.5646    34.2886    27.5653    1447.37    1447.37    -0.7118  1028.2979    34.4554 0.0000e+00
       9235 314.048481  -62.13976  -58.43303      0.578    1446.76    153.000    151.476    -0.7074    -0.7067     0.0007    -0.7119    -0.7112     0.0007   2.797549   2.797544  -0.000007    34.2892    34.2882     7.5669    27.5658    27.5650    34.2889    27.5655    1447.39    1447.39    -0.7118  1028.3029    34.4557 0.0000e+00
       9276 314.048501  -62.13976  -58.43300      0.592    1446.76    154.000    152.466    -0.7070    -0.7063     0.0007    -0.7116    -0.7109     0.0007   2.797636   2.797630  -0.000007    34.2892    34.2884     7.5648    27.5658    27.5651    34.2890    27.5656    1447.41    1447.41    -0.7115  1028.3062    34.4539 0.0000e+00
       9320 314.048522 -9.990e-29  -58.43298      0.551    1446.76    155.000    153.455    -0.7068    -0.7061     0.0007    -0.7114    -0.7107     0.0007   2.797735   2.797716  -0.000014    34.2894    34.2885     7.5590    27.5660    27.5652    34.2895    27.5660    1447.43    1447.43    -0.7113  1028.3088    34.4512 0.0000e+00
       9365 314.048544  -62.13978  -58.43294      0.527    1446.76    156.000    154.446    -0.7045    -0.7040     0.0006    -0.7092    -0.7086     0.0006   2.798060   2.798036  -0.000026    34.2907    34.2896     7.5510    27.5669    27.5660    34.2907    27.5669    1447.45    1447.46    -0.7091  1028.3149    34.4530 0.0000e+00
       9407 314.048564  -62.13978  -58.43292      0.568    1446.76    157.000    155.435    -0.7038    -0.7031     0.0007    -0.7085    -0.7077     0.0007   2.798189   2.798175  -0.000016    34.2910    34.2900     7.5532    27.5671    27.5663    34.2909    27.5671    1447.47    1447.48    -0.7084  1028.3236    34.4578 0.0000e+00
