Pos-Processados/process_op42/Processamento_split/down/doperantar42_032.cnv
* Sea-Bird SBE 9 Data File:
* FileName = C:\Users\Hidrografia\Desktop\OPXLII\Brutos\OP42032.hdr
* Software Version Seasave V 7.26.7.107
* Temperature SN = 6502
* Conductivity SN = 4998
* Number of Bytes Per Scan = 37
* Number of Voltage Words = 4
* Number of Scans Averaged by the Deck Unit = 1
* NMEA Latitude = 62 08.42 S
* NMEA Longitude = 058 26.62 W
* NMEA UTC (Time) = Nov 09 2023 07:09:23
* NMEA baud rate = 4800
** H41
** NPOALTEMAXIMIANO
** NUMERO DA ESTACAO (XXX) 032
** LAT (XX XX.XX S/N) 62 08.4 S
** LONG (XXX XX.XX W/E) 058 26.6 W
** DATAHORA (dd/mm/aaaa hh:mm Z) 09/11/2023 0708Z
** PROFUNDIDADE (m) 425
** OPERADOR CT FABIREZA
# nquan = 30
# nvalues = 388                         
# units = specified
# name 0 = scan: Scan Count
# name 1 = timeJ: Julian Days
# name 2 = latitude: Latitude [deg]
# name 3 = longitude: Longitude [deg]
# name 4 = dz/dtM: Descent Rate [m/s]
# name 5 = avgsvCM: Average Sound Velocity [Chen-Millero, m/s]
# name 6 = prDM: Pressure, Digiquartz [db]
# name 7 = depSM: Depth [salt water, m]
# name 8 = t090C: Temperature [ITS-90, deg C]
# name 9 = t190C: Temperature, 2 [ITS-90, deg C]
# name 10 = T2-T190C: Temperature Difference, 2 - 1 [ITS-90, deg C]
# name 11 = potemp090C: Potential Temperature [ITS-90, deg C]
# name 12 = potemp190C: Potential Temperature, 2 [ITS-90, deg C]
# name 13 = potemp90Cdiff: Potential Temperature, Diff, 2 - 1 [ITS-90, deg C]
# name 14 = c0S/m: Conductivity [S/m]
# name 15 = c1S/m: Conductivity, 2 [S/m]
# name 16 = C2-C1S/m: Conductivity Difference, 2 - 1 [S/m]
# name 17 = sal00: Salinity, Practical [PSU]
# name 18 = sal11: Salinity, Practical, 2 [PSU]
# name 19 = sbeox0ML/L: Oxygen, SBE 43 [ml/l]
# name 20 = sigma-é00: Density [sigma-theta, kg/m^3]
# name 21 = sigma-é11: Density, 2 [sigma-theta, kg/m^3]
# name 22 = sal00: Salinity, Practical [PSU]
# name 23 = sigma-é00: Density [sigma-theta, kg/m^3]
# name 24 = svCM: Sound Velocity [Chen-Millero, m/s]
# name 25 = svCM1: Sound Velocity, 2 [Chen-Millero, m/s]
# name 26 = gsw_ptA0: potential temperature [ITS-90, deg C]
# name 27 = gsw_densityA0: density, TEOS-10 [density, kg/m^3]
# name 28 = gsw_saA0: Absolute Salinity [g/kg]
# name 29 = flag:
# span 0 =       3138,      16115       
# span 1 = 313.299696, 313.305954       
# span 2 =  -62.14331,  -62.14094       
# span 3 =  -58.44358,  -58.44199       
# span 4 =     -0.145,      1.086       
# span 5 =       0.00,    1448.41       
# span 6 =      1.000,    388.000       
# span 7 =      1.015,    383.910       
# span 8 =    -0.8302,    -0.5351       
# span 9 =    -0.8293,    -0.5285       
# span 10 =    -0.0027,     0.0133      
# span 11 =    -0.8376,    -0.5351      
# span 12 =    -0.8367,    -0.5286      
# span 13 =    -0.0027,     0.0133      
# span 14 =   2.792313,   2.827590      
# span 15 =   2.792308,   2.827571      
# span 16 =  -0.000425,   0.000667      
# span 17 =    34.2794,    34.4128      
# span 18 =    34.2803,    34.4117      
# span 19 =     6.6579,     7.7205      
# span 20 =    27.5523,    27.6612      
# span 21 =    27.5528,    27.6604      
# span 22 =    34.2820,    34.4130      
# span 23 =    27.5532,    27.6613      
# span 24 =    1445.66,    1451.92      
# span 25 =    1445.67,    1451.93      
# span 26 =    -0.8374,    -0.5351      
# span 27 =  1027.5625,  1029.5126      
# span 28 =    34.4437,    34.5812      
# span 29 = 0.0000e+00, 0.0000e+00      
# interval = decibars: 1                
# start_time = Nov 09 2023 07:09:23 [NMEA time, header]
# bad_flag = -9.990e-29
*END*
[from data line 97]
       5800 313.300979  -62.14142  -58.44334      1.004    1446.27     98.000     97.037    -0.6365    -0.6356     0.0009    -0.6395    -0.6386     0.0009   2.800611   2.800633   0.000018    34.2855    34.2847     7.6099    27.5597    27.5590    34.2839    27.5584    1446.82    1446.82    -0.6394  1028.0324    34.4501 0.0000e+00
       5824 313.300991  -62.14142  -58.44334      1.002    1446.27     99.000     98.027    -0.6374    -0.6367     0.0008    -0.6404    -0.6396     0.0008   2.800572   2.800588   0.000017    34.2851    34.2844     7.6011    27.5594    27.5589    34.2838    27.5584    1446.83    1446.83    -0.6403  1028.0371    34.4500 0.0000e+00
       5850 313.301003  -62.14142  -58.44334      0.961    1446.27    100.000     99.017    -0.6373    -0.6363     0.0010    -0.6403    -0.6393     0.0010   2.800625   2.800653   0.000028    34.2849    34.2841     7.5954    27.5592    27.5586    34.2837    27.5583    1446.85    1446.85    -0.6402  1028.0418    34.4500 0.0000e+00
       5876 313.301016  -62.14143  -58.44334      0.925    1446.27    101.000    100.007    -0.6380    -0.6369     0.0011    -0.6410    -0.6399     0.0011   2.800645   2.800656   0.000012    34.2851    34.2840     7.5873    27.5595    27.5586    34.2841    27.5587    1446.86    1446.87    -0.6409  1028.0470    34.4504 0.0000e+00
       5904 313.301030  -62.14144  -58.44334      0.873    1446.27    102.000    100.997    -0.6418    -0.6403     0.0015    -0.6448    -0.6434     0.0015   2.800397   2.800444   0.000051    34.2857    34.2847     7.5901    27.5602    27.5593    34.2845    27.5591    1446.86    1446.87    -0.6448  1028.0509    34.4491 0.0000e+00
       5930 313.301042 -9.990e-29  -58.44332      0.892    1446.27    103.000    101.987    -0.6437    -0.6432     0.0006    -0.6468    -0.6462     0.0006   2.800308   2.800292  -0.000017    34.2858    34.2849     7.5892    27.5603    27.5595    34.2849    27.5595    1446.87    1446.87    -0.6467  1028.0539    34.4468 0.0000e+00
       5955 313.301054 -9.990e-29  -58.44332      0.947    1446.27    104.000    102.976    -0.6451    -0.6432     0.0019    -0.6482    -0.6463     0.0019   2.800278   2.800321   0.000040    34.2864    34.2848     7.5720    27.5608    27.5594    34.2854    27.5600    1446.88    1446.89    -0.6481  1028.0590    34.4471 0.0000e+00
       5980 313.301066 -9.990e-29  -58.44332      0.966    1446.27    105.000    103.966    -0.6486    -0.6471     0.0015    -0.6517    -0.6502     0.0015   2.800065   2.800099   0.000028    34.2868    34.2855     7.5683    27.5613    27.5601    34.2859    27.5606    1446.88    1446.89    -0.6517  1028.0643    34.4476 0.0000e+00
       6004 313.301078  -62.14146  -58.44332      0.986    1446.27    106.000    104.956    -0.6520    -0.6507     0.0012    -0.6551    -0.6539     0.0012   2.799860   2.799872   0.000017    34.2874    34.2862     7.5750    27.5619    27.5609    34.2863    27.5611    1446.88    1446.89    -0.6551  1028.0719    34.4508 0.0000e+00
       6029 313.301090  -62.14146 -9.990e-29      0.974    1446.27    107.000    105.946    -0.6615    -0.6596     0.0019    -0.6647    -0.6628     0.0019   2.799164   2.799230   0.000068    34.2889    34.2877     7.5784    27.5635    27.5625    34.2871    27.5621    1446.86    1446.86    -0.6646  1028.0801    34.4546 0.0000e+00
       6056 313.301103  -62.14146 -9.990e-29      0.915    1446.27    108.000    106.936    -0.6667    -0.6656     0.0011    -0.6700    -0.6689     0.0011   2.798836   2.798845   0.000014    34.2891    34.2880     7.5739    27.5639    27.5630    34.2880    27.5631    1446.85    1446.85    -0.6698  1028.0859    34.4556 0.0000e+00
       6080 313.301115  -62.14146 -9.990e-29      0.935    1446.27    109.000    107.926    -0.6671    -0.6663     0.0008    -0.6703    -0.6696     0.0008   2.798827   2.798835   0.000005    34.2886    34.2878     7.5672    27.5636    27.5629    34.2877    27.5628    1446.86    1446.87    -0.6703  1028.0905    34.4552 0.0000e+00
       6104 313.301126  -62.14148  -58.44330      0.989    1446.27    110.000    108.916    -0.6674    -0.6664     0.0009    -0.6706    -0.6697     0.0009   2.798872   2.798879   0.000014    34.2886    34.2878     7.5615    27.5636    27.5629    34.2879    27.5630    1446.88    1446.88    -0.6706  1028.0950    34.4549 0.0000e+00
       6130 313.301138  -62.14148  -58.44330      0.979    1446.27    111.000    109.906    -0.6674    -0.6668     0.0005    -0.6707    -0.6702     0.0005   2.798893   2.798886  -0.000006    34.2885    34.2878     7.5527    27.5635    27.5629    34.2877    27.5628    1446.89    1446.89    -0.6706  1028.0991    34.4541 0.0000e+00
       6158 313.301152  -62.14148  -58.44330      0.891    1446.27    112.000    110.895    -0.6714    -0.6707     0.0007    -0.6747    -0.6740     0.0007   2.798672   2.798640  -0.000032    34.2895    34.2882     7.5559    27.5645    27.5634    34.2886    27.5638    1446.89    1446.89    -0.6747  1028.1049    34.4551 0.0000e+00
       6187 313.301166  -62.14148  -58.44330      0.823    1446.27    113.000    111.885    -0.6734    -0.6720     0.0014    -0.6767    -0.6753     0.0014   2.798559   2.798589   0.000010    34.2895    34.2880     7.5566    27.5645    27.5633    34.2887    27.5639    1446.90    1446.90    -0.6767  1028.1098    34.4551 0.0000e+00
       6214 313.301179  -62.14149  -58.44330      0.863    1446.27    114.000    112.875    -0.6797    -0.6776     0.0022    -0.6831    -0.6809     0.0022   2.798112   2.798180   0.000087    34.2903    34.2890     7.5492    27.5655    27.5643    34.2892    27.5646    1446.89    1446.89    -0.6830  1028.1120    34.4516 0.0000e+00
       6238 313.301191 -9.990e-29  -58.44330      0.949    1446.27    115.000    113.865    -0.6800    -0.6793     0.0007    -0.6835    -0.6828     0.0007   2.798104   2.798115   0.000013    34.2895    34.2889     7.5503    27.5648    27.5643    34.2889    27.5643    1446.90    1446.90    -0.6833  1028.1160    34.4505 0.0000e+00
       6261 313.301202 -9.990e-29  -58.44330      1.009    1446.27    116.000    114.855    -0.6808    -0.6803     0.0005    -0.6842    -0.6837     0.0005   2.798111   2.798087  -0.000024    34.2898    34.2890     7.5495    27.5651    27.5644    34.2892    27.5646    1446.91    1446.91    -0.6842  1028.1211    34.4509 0.0000e+00
       6287 313.301214 -9.990e-29  -58.44329      0.984    1446.27    117.000    115.844    -0.6820    -0.6809     0.0012    -0.6855    -0.6843     0.0012   2.798075   2.798098   0.000023    34.2901    34.2891     7.5482    27.5654    27.5645    34.2895    27.5649    1446.92    1446.93    -0.6854  1028.1261    34.4512 0.0000e+00
       6316 313.301228 -9.990e-29  -58.44328      0.858    1446.27    118.000    116.834    -0.6816    -0.6807     0.0009    -0.6851    -0.6842     0.0009   2.798148   2.798168   0.000019    34.2898    34.2890     7.5461    27.5651    27.5645    34.2893    27.5648    1446.94    1446.95    -0.6850  1028.1308    34.4510 0.0000e+00
       6347 313.301243 -9.990e-29  -58.44328      0.778    1446.27    119.000    117.824    -0.6829    -0.6818     0.0011    -0.6864    -0.6854     0.0011   2.798132   2.798139   0.000008    34.2905    34.2894     7.5386    27.5658    27.5648    34.2900    27.5654    1446.95    1446.96    -0.6863  1028.1361    34.4517 0.0000e+00
       6374 313.301256 -9.990e-29  -58.44328      0.844    1446.27    120.000    118.814    -0.6844    -0.6836     0.0009    -0.6880    -0.6872     0.0009   2.798058   2.798051 -2.153e-07    34.2906    34.2896     7.5373    27.5659    27.5651    34.2901    27.5655    1446.96    1446.97    -0.6879  1028.1411    34.4518 0.0000e+00
       6398 313.301268  -62.14154  -58.44327      0.941    1446.27    121.000    119.804    -0.6852    -0.6842     0.0011    -0.6888    -0.6878     0.0011   2.798035   2.798054   0.000012    34.2905    34.2894     7.5384    27.5659    27.5650    34.2901    27.5655    1446.98    1446.98    -0.6887  1028.1469    34.4530 0.0000e+00
       6423 313.301280  -62.14154  -58.44326      0.991    1446.27    122.000    120.794    -0.6859    -0.6849     0.0010    -0.6895    -0.6885     0.0010   2.798027   2.798037   0.000007    34.2905    34.2895     7.5328    27.5659    27.5651    34.2901    27.5656    1446.99    1446.99    -0.6894  1028.1546    34.4566 0.0000e+00
       6448 313.301292  -62.14154  -58.44326      0.968    1446.27    123.000    121.784    -0.6864    -0.6855     0.0010    -0.6901    -0.6891     0.0010   2.798048   2.798040  -0.000005    34.2906    34.2895     7.5345    27.5660    27.5651    34.2904    27.5659    1447.00    1447.00    -0.6900  1028.1597    34.4570 0.0000e+00
       6475 313.301305  -62.14154  -58.44326      0.905    1446.27    124.000    122.773    -0.6874    -0.6865     0.0009    -0.6911    -0.6902     0.0009   2.798009   2.797994  -0.000012    34.2908    34.2897     7.5329    27.5662    27.5652    34.2904    27.5659    1447.01    1447.02    -0.6910  1028.1645    34.4569 0.0000e+00
       6501 313.301318  -62.14155  -58.44326      0.897    1446.27    125.000    123.763    -0.6927    -0.6906     0.0021    -0.6964    -0.6943     0.0021   2.797585   2.797659   0.000064    34.2916    34.2900     7.5256    27.5671    27.5657    34.2900    27.5658    1447.00    1447.01    -0.6963  1028.1692    34.4566 0.0000e+00
       6527 313.301330  -62.14156  -58.44326      0.936    1446.27    126.000    124.753    -0.7162    -0.7135     0.0027    -0.7199    -0.7172     0.0027   2.795822   2.795862   0.000036    34.2949    34.2923     7.5310    27.5707    27.5685    34.2923    27.5686    1446.91    1446.92    -0.7198  1028.1769    34.4589 0.0000e+00
       6551 313.301342  -62.14156  -58.44326      0.961    1446.27    127.000    125.743    -0.7274    -0.7261     0.0013    -0.7311    -0.7298     0.0013   2.794899   2.794916   0.000018    34.2936    34.2924     7.5402    27.5701    27.5692    34.2918    27.5687    1446.88    1446.88    -0.7310  1028.1818    34.4584 0.0000e+00
       6578 313.301355  -62.14156  -58.44325      0.937    1446.27    128.000    126.733    -0.7299    -0.7285     0.0013    -0.7337    -0.7323     0.0013   2.794710   2.794746   0.000038    34.2928    34.2918     7.5445    27.5696    27.5687    34.2915    27.5685    1446.88    1446.89    -0.7336  1028.1865    34.4581 0.0000e+00
       6606 313.301368  -62.14156  -58.44324      0.867    1446.28    129.000    127.722    -0.7308    -0.7297     0.0010    -0.7346    -0.7335     0.0010   2.794670   2.794687   0.000018    34.2925    34.2915     7.5329    27.5694    27.5686    34.2913    27.5685    1446.89    1446.90    -0.7345  1028.1912    34.4580 0.0000e+00
       6635 313.301382  -62.14158  -58.44324      0.831 -9.990e-29    130.000    128.712    -0.7316    -0.7308     0.0009    -0.7354    -0.7346     0.0009   2.794624   2.794652   0.000023    34.2920    34.2914     7.5351    27.5691    27.5685    34.2911    27.5683    1446.91    1446.91    -0.7353  1028.1958    34.4577 0.0000e+00
       6663 313.301396  -62.14158  -58.44323      0.849 -9.990e-29    131.000    129.702    -0.7336    -0.7326     0.0010    -0.7374    -0.7364     0.0010   2.794540   2.794547   0.000012    34.2924    34.2914     7.5308    27.5695    27.5686    34.2915    27.5687    1446.91    1446.91    -0.7374  1028.2011    34.4582 0.0000e+00
       6689 313.301408  -62.14159  -58.44322      0.887 -9.990e-29    132.000    130.692    -0.7335    -0.7326     0.0009    -0.7374    -0.7365     0.0009   2.794576   2.794589   0.000014    34.2920    34.2911     7.5272    27.5691    27.5684    34.2913    27.5686    1446.93    1446.93    -0.7373  1028.2057    34.4580 0.0000e+00
       6715 313.301421  -62.14160  -58.44322      0.917    1446.51    133.000    131.682    -0.7330    -0.7322     0.0008    -0.7369    -0.7361     0.0008   2.794669   2.794666  -0.000001    34.2919    34.2909     7.5289    27.5690    27.5682    34.2913    27.5686    1446.95    1446.95    -0.7368  1028.2104    34.4580 0.0000e+00
       6740 313.301433  -62.14160  -58.44322      0.944    1446.51    134.000    132.671    -0.7334    -0.7322     0.0012    -0.7374    -0.7362     0.0012   2.794669   2.794711   0.000040    34.2918    34.2910     7.5252    27.5690    27.5683    34.2912    27.5685    1446.96    1446.97    -0.7373  1028.2152    34.4579 0.0000e+00
       6765 313.301445  -62.14160  -58.44322      0.970    1446.51    135.000    133.661    -0.7338    -0.7333     0.0006    -0.7378    -0.7372     0.0006   2.794681   2.794683   0.000006    34.2917    34.2911     7.5268    27.5689    27.5684    34.2912    27.5685    1446.98    1446.98    -0.7377  1028.2200    34.4579 0.0000e+00
       6789 313.301457  -62.14160  -58.44322      0.981    1446.51    136.000    134.651    -0.7333    -0.7326     0.0007    -0.7373    -0.7366     0.0007   2.794789   2.794790   0.000002    34.2917    34.2909     7.5211    27.5689    27.5683    34.2915    27.5687    1447.00    1447.00    -0.7372  1028.2249    34.4582 0.0000e+00
       6815 313.301469  -62.14160  -58.44322      0.957    1446.51    137.000    135.641    -0.7328    -0.7321     0.0006    -0.7368    -0.7362     0.0006   2.794875   2.794871  -0.000003    34.2917    34.2909     7.5190    27.5688    27.5682    34.2914    27.5686    1447.01    1447.02    -0.7367  1028.2296    34.4581 0.0000e+00
       6842 313.301482  -62.14162  -58.44320      0.910    1446.51    138.000    136.630    -0.7329    -0.7320     0.0009    -0.7369    -0.7361     0.0009   2.794918   2.794924   0.000006    34.2917    34.2908     7.5212    27.5689    27.5681    34.2915    27.5687    1447.03    1447.03    -0.7369  1028.2345    34.4582 0.0000e+00
       6869 313.301495  -62.14162  -58.44320      0.884    1446.51    139.000    137.620    -0.7333    -0.7327     0.0006    -0.7374    -0.7368     0.0006   2.794936   2.794921  -0.000013    34.2918    34.2909     7.5172    27.5690    27.5682    34.2916    27.5688    1447.04    1447.05    -0.7373  1028.2394    34.4583 0.0000e+00
       6895 313.301507  -62.14162  -58.44320      0.916    1446.51    140.000    138.610    -0.7334    -0.7325     0.0008    -0.7375    -0.7366     0.0008   2.794987   2.794990   0.000004    34.2919    34.2910     7.5169    27.5690    27.5683    34.2917    27.5689    1447.06    1447.06    -0.7374  1028.2443    34.4585 0.0000e+00
       6920 313.301519  -62.14162  -58.44320      0.953    1446.51    141.000    139.600    -0.7340    -0.7331     0.0009    -0.7381    -0.7372     0.0009   2.794983   2.794986   0.000004    34.2920    34.2910     7.5130    27.5692    27.5683    34.2918    27.5690    1447.08    1447.08    -0.7380  1028.2491    34.4585 0.0000e+00
       6945 313.301532  -62.14164  -58.44320      0.941    1446.51    142.000    140.589    -0.7392    -0.7360     0.0033    -0.7434    -0.7402     0.0033   2.794618   2.794785   0.000149    34.2930    34.2913     7.5123    27.5702    27.5687    34.2922    27.5695    1447.07    1447.08    -0.7433  1028.2545    34.4589 0.0000e+00
       6972 313.301545  -62.14164  -58.44318      0.906    1446.51    143.000    141.579    -0.7422    -0.7404     0.0018    -0.7464    -0.7446     0.0018   2.794390   2.794467   0.000075    34.2923    34.2912     7.5207    27.5697    27.5688    34.2918    27.5694    1447.07    1447.08    -0.7463  1028.2591    34.4586 0.0000e+00
       6999 313.301558  -62.14164  -58.44318      0.897    1446.51    144.000    142.569    -0.7446    -0.7438     0.0008    -0.7489    -0.7480     0.0008   2.794289   2.794234  -0.000042    34.2931    34.2915     7.5172    27.5705    27.5692    34.2926    27.5701    1447.07    1447.07    -0.7487  1028.2635    34.4580 0.0000e+00
       7023 313.301569 -9.990e-29  -58.44318      0.952    1446.51    145.000    143.559    -0.7433    -0.7428     0.0005    -0.7475    -0.7470     0.0005   2.794380   2.794362  -0.000016    34.2918    34.2910     7.5201    27.5694    27.5687    34.2917    27.5693    1447.10    1447.10    -0.7475  1028.2646    34.4534 0.0000e+00
