Pos-Processados/process_op42/Processamento_split/down/doperantar42_044.cnv
* Sea-Bird SBE 9 Data File:
* FileName = C:\Users\Hidrografia\Desktop\OPXLII\Brutos\OP42044.hdr
* Software Version Seasave V 7.26.7.107
* Temperature SN = 6502
* Conductivity SN = 4998
* Number of Bytes Per Scan = 37
* Number of Voltage Words = 4
* Number of Scans Averaged by the Deck Unit = 1
* NMEA Latitude = 62 08.87 S
* NMEA Longitude = 058 26.12 W
* NMEA UTC (Time) = Nov 09 2023 19:07:43
* NMEA baud rate = 4800
** H41
** NPOALTEMAXIMIANO
** NUMERO DA ESTACAO (XXX) 044
** LAT (XX XX.XX S/N) 62 08.851 S
** LONG (XXX XX.XX W/E) 058 26.159 W
** DATAHORA (dd/mm/aaaa hh:mm Z) 09/11/2023 1907Z
** PROFUNDIDADE (m) 375
** OPERADOR CT FABIREZA
# nquan = 30
# nvalues = 366                         
# units = specified
# name 0 = scan: Scan Count
# name 1 = timeJ: Julian Days
# name 2 = latitude: Latitude [deg]
# name 3 = longitude: Longitude [deg]
# name 4 = dz/dtM: Descent Rate [m/s]
# name 5 = avgsvCM: Average Sound Velocity [Chen-Millero, m/s]
# name 6 = prDM: Pressure, Digiquartz [db]
# name 7 = depSM: Depth [salt water, m]
# name 8 = t090C: Temperature [ITS-90, deg C]
# name 9 = t190C: Temperature, 2 [ITS-90, deg C]
# name 10 = T2-T190C: Temperature Difference, 2 - 1 [ITS-90, deg C]
# name 11 = potemp090C: Potential Temperature [ITS-90, deg C]
# name 12 = potemp190C: Potential Temperature, 2 [ITS-90, deg C]
# name 13 = potemp90Cdiff: Potential Temperature, Diff, 2 - 1 [ITS-90, deg C]
# name 14 = c0S/m: Conductivity [S/m]
# name 15 = c1S/m: Conductivity, 2 [S/m]
# name 16 = C2-C1S/m: Conductivity Difference, 2 - 1 [S/m]
# name 17 = sal00: Salinity, Practical [PSU]
# name 18 = sal11: Salinity, Practical, 2 [PSU]
# name 19 = sbeox0ML/L: Oxygen, SBE 43 [ml/l]
# name 20 = sigma-é00: Density [sigma-theta, kg/m^3]
# name 21 = sigma-é11: Density, 2 [sigma-theta, kg/m^3]
# name 22 = sal00: Salinity, Practical [PSU]
# name 23 = sigma-é00: Density [sigma-theta, kg/m^3]
# name 24 = svCM: Sound Velocity [Chen-Millero, m/s]
# name 25 = svCM1: Sound Velocity, 2 [Chen-Millero, m/s]
# name 26 = gsw_ptA0: potential temperature [ITS-90, deg C]
# name 27 = gsw_densityA0: density, TEOS-10 [density, kg/m^3]
# name 28 = gsw_saA0: Absolute Salinity [g/kg]
# name 29 = flag:
# span 0 =       1927,      13647       
# span 1 = 313.797955, 313.803606       
# span 2 =  -62.15166,  -62.14847       
# span 3 =  -58.43472,  -58.43110       
# span 4 =      0.022,      1.021       
# span 5 =       0.00,    1448.19       
# span 6 =      3.000,    368.000       
# span 7 =      2.977,    364.128       
# span 8 =    -0.7877,    -0.5306       
# span 9 =    -0.7869,    -0.5289       
# span 10 =    -0.0079,     0.0074      
# span 11 =    -0.7949,    -0.5308      
# span 12 =    -0.7942,    -0.5290      
# span 13 =    -0.0079,     0.0074      
# span 14 =   2.796121,   2.818413      
# span 15 =   2.796110,   2.818273      
# span 16 =  -0.000542,   0.000408      
# span 17 =    34.2781,    34.3574      
# span 18 =    34.2789,    34.3558      
# span 19 =     7.0579,     7.6348      
# span 20 =    27.5506,    27.6183      
# span 21 =    27.5495,    27.6170      
# span 22 =    34.2784,    34.3575      
# span 23 =    27.5507,    27.6183      
# span 24 =    1445.76,    1451.32      
# span 25 =    1445.77,    1451.32      
# span 26 =    -0.7948,    -0.5308      
# span 27 =  1027.5696,  1029.3792      
# span 28 =    34.4414,    34.5255      
# span 29 = 0.0000e+00, 0.0000e+00      
# interval = decibars: 1                
# start_time = Nov 09 2023 19:07:43 [NMEA time, header]
# bad_flag = -9.990e-29
*END*
[from data line 97]
       5082 313.799476  -62.14932  -58.43365      0.874    1446.31    100.000     99.017    -0.5724    -0.5716     0.0008    -0.5754    -0.5746     0.0008   2.805853   2.805862   0.000006    34.2807    34.2799     7.6096    27.5531    27.5524    34.2807    27.5531    1447.15    1447.15    -0.5754  1028.0364    34.4469 0.0000e+00
       5111 313.799490  -62.14932  -58.43364      0.849    1446.31    101.000    100.007    -0.5718    -0.5709     0.0009    -0.5749    -0.5740     0.0009   2.805953   2.805946  -0.000008    34.2812    34.2800     7.6205    27.5534    27.5524    34.2808    27.5531    1447.17    1447.17    -0.5748  1028.0412    34.4471 0.0000e+00
       5138 313.799503  -62.14932  -58.43362      0.863    1446.31    102.000    100.996    -0.5738    -0.5728     0.0010    -0.5769    -0.5759     0.0010   2.805850   2.805844  -0.000005    34.2814    34.2802     7.6269    27.5537    27.5527    34.2811    27.5534    1447.17    1447.18    -0.5768  1028.0430    34.4432 0.0000e+00
       5165 313.799516 -9.990e-29  -58.43362      0.884    1446.31    103.000    101.986    -0.5736    -0.5731     0.0004    -0.5767    -0.5763     0.0004   2.805907   2.805873  -0.000033    34.2808    34.2800     7.6219    27.5532    27.5525    34.2809    27.5533    1447.19    1447.19    -0.5767  1028.0472    34.4426 0.0000e+00
       5192 313.799529 -9.990e-29  -58.43362      0.896    1446.31    104.000    102.976    -0.5732    -0.5731     0.0001    -0.5764    -0.5763     0.0001   2.805978   2.805903  -0.000072    34.2811    34.2801     7.6234    27.5534    27.5526    34.2808    27.5532    1447.21    1447.21    -0.5763  1028.0519    34.4425 0.0000e+00
       5219 313.799542  -62.14936  -58.43360      0.896    1446.31    105.000    103.966    -0.5750    -0.5748     0.0002    -0.5782    -0.5779     0.0002   2.805887   2.805836  -0.000054    34.2811    34.2801     7.6192    27.5535    27.5527    34.2810    27.5535    1447.22    1447.22    -0.5781  1028.0575    34.4434 0.0000e+00
       5245 313.799554  -62.14936  -58.43360      0.906    1446.31    106.000    104.956    -0.5667    -0.5675    -0.0009    -0.5699    -0.5707    -0.0009   2.806591   2.806500  -0.000083    34.2795    34.2793     7.6187    27.5518    27.5518    34.2805    27.5526    1447.27    1447.27    -0.5698  1028.0647    34.4468 0.0000e+00
       5271 313.799567  -62.14936  -58.43359      0.914    1446.31    107.000    105.946    -0.5627    -0.5607     0.0019    -0.5659    -0.5640     0.0019   2.807006   2.807070   0.000067    34.2807    34.2794     7.6162    27.5527    27.5515    34.2810    27.5529    1447.31    1447.32    -0.5659  1028.0696    34.4473 0.0000e+00
       5298 313.799580  -62.14937  -58.43358      0.890    1446.31    108.000    106.936    -0.5612    -0.5612    -0.0000    -0.5645    -0.5645    -0.0000   2.807188   2.807092  -0.000105    34.2809    34.2794     7.6165    27.5527    27.5515    34.2811    27.5529    1447.33    1447.33    -0.5644  1028.0744    34.4475 0.0000e+00
       5325 313.799593  -62.14938  -58.43357      0.887    1446.31    109.000    107.926    -0.5646    -0.5634     0.0012    -0.5679    -0.5668     0.0012   2.806948   2.806956   0.000003    34.2811    34.2799     7.6205    27.5531    27.5520    34.2811    27.5531    1447.33    1447.33    -0.5679  1028.0794    34.4475 0.0000e+00
       5352 313.799606  -62.14938  -58.43356      0.903    1446.31    110.000    108.915    -0.5682    -0.5688    -0.0006    -0.5715    -0.5722    -0.0006   2.806729   2.806579  -0.000127    34.2816    34.2806     7.6205    27.5536    27.5528    34.2816    27.5536    1447.33    1447.33    -0.5715  1028.0847    34.4480 0.0000e+00
       5380 313.799620  -62.14940  -58.43356      0.872    1446.31    111.000    109.905    -0.5639    -0.5636     0.0002    -0.5672    -0.5670     0.0002   2.807074   2.807021  -0.000066    34.2804    34.2793     7.6205    27.5524    27.5515    34.2807    27.5527    1447.37    1447.37    -0.5672  1028.0886    34.4471 0.0000e+00
       5410 313.799634  -62.14940  -58.43354      0.812    1446.31    112.000    110.895    -0.5791    -0.5756     0.0035    -0.5825    -0.5790     0.0035   2.805880   2.806029   0.000121    34.2834    34.2810     7.6241    27.5555    27.5535    34.2813    27.5539    1447.31    1447.33    -0.5824  1028.0946    34.4477 0.0000e+00
       5438 313.799647  -62.14940  -58.43353      0.836    1446.31    113.000    111.885    -0.5917    -0.5903     0.0014    -0.5951    -0.5938     0.0014   2.804941   2.804929   0.000047    34.2827    34.2818     7.6192    27.5555    27.5547    34.2822    27.5552    1447.27    1447.28    -0.5951  1028.0973    34.4444 0.0000e+00
       5465 313.799660 -9.990e-29  -58.43352      0.889    1446.31    114.000    112.875    -0.5941    -0.5939     0.0002    -0.5975    -0.5974     0.0002   2.804674   2.804692   0.000004    34.2817    34.2816     7.6138    27.5549    27.5547    34.2807    27.5540    1447.27    1447.28    -0.5975  1028.1006    34.4424 0.0000e+00
       5492 313.799673 -9.990e-29  -58.43352      0.890    1446.31    115.000    113.865    -0.5955    -0.5939     0.0016    -0.5990    -0.5974     0.0016   2.804531   2.804681   0.000125    34.2813    34.2811     7.6261    27.5546    27.5544    34.2798    27.5534    1447.28    1447.29    -0.5989  1028.1047    34.4414 0.0000e+00
       5519 313.799686  -62.14942  -58.43351      0.890    1446.31    116.000    114.855    -0.6062    -0.6051     0.0010    -0.6097    -0.6086     0.0010   2.803918   2.803920   0.000004    34.2841    34.2830     7.6250    27.5573    27.5563    34.2831    27.5565    1447.25    1447.26    -0.6096  1028.1132    34.4454 0.0000e+00
       5545 313.799699  -62.14943  -58.43350      0.899    1446.31    117.000    115.844    -0.6059    -0.6051     0.0008    -0.6094    -0.6087     0.0008   2.803957   2.803962   0.000002    34.2833    34.2825     7.6105    27.5567    27.5559    34.2826    27.5561    1447.27    1447.27    -0.6094  1028.1208    34.4490 0.0000e+00
       5574 313.799713  -62.14944  -58.43348      0.869    1446.31    118.000    116.835    -0.6056    -0.6047     0.0008    -0.6092    -0.6083     0.0008   2.804020   2.804026   0.000008    34.2831    34.2822     7.6163    27.5564    27.5557    34.2825    27.5560    1447.29    1447.29    -0.6091  1028.1255    34.4490 0.0000e+00
       5603 313.799727  -62.14944  -58.43348      0.821    1446.31    119.000    117.824    -0.6053    -0.6044     0.0009    -0.6089    -0.6080     0.0009   2.804075   2.804098   0.000023    34.2828    34.2821     7.6128    27.5562    27.5556    34.2823    27.5558    1447.31    1447.31    -0.6088  1028.1301    34.4488 0.0000e+00
       5632 313.799741  -62.14946  -58.43347      0.814    1446.31    120.000    118.814    -0.6054    -0.6046     0.0007    -0.6090    -0.6083     0.0007   2.804148   2.804134  -0.000010    34.2831    34.2821     7.6009    27.5565    27.5557    34.2828    27.5562    1447.32    1447.32    -0.6090  1028.1353    34.4492 0.0000e+00
       5661 313.799755  -62.14946  -58.43346      0.842    1446.31    121.000    119.804    -0.6052    -0.6045     0.0007    -0.6089    -0.6082     0.0007   2.804198   2.804196  -0.000006    34.2830    34.2822     7.6092    27.5564    27.5556    34.2826    27.5561    1447.34    1447.34    -0.6088  1028.1400    34.4492 0.0000e+00
       5689 313.799769  -62.14947  -58.43345      0.850    1446.31    122.000    120.794    -0.6059    -0.6051     0.0009    -0.6097    -0.6088     0.0009   2.804197   2.804197 7.4637e-07    34.2832    34.2822     7.6104    27.5566    27.5558    34.2828    27.5563    1447.35    1447.35    -0.6095  1028.1450    34.4493 0.0000e+00
       5718 313.799782  -62.14948  -58.43344      0.833    1446.39    123.000    121.783    -0.6064    -0.6056     0.0009    -0.6101    -0.6093     0.0009   2.804219   2.804209  -0.000011    34.2834    34.2822     7.6136    27.5567    27.5558    34.2831    27.5565    1447.37    1447.37    -0.6101  1028.1501    34.4498 0.0000e+00
       5747 313.799796  -62.14948 -9.990e-29      0.833    1446.67    124.000    122.773    -0.6076    -0.6067     0.0008    -0.6113    -0.6105     0.0008   2.804189   2.804176  -0.000016    34.2836    34.2825     7.6004    27.5570    27.5560    34.2833    27.5568    1447.38    1447.38    -0.6113  1028.1561    34.4513 0.0000e+00
       5775 313.799810  -62.14950 -9.990e-29      0.835    1446.67    125.000    123.763    -0.6075    -0.6067     0.0007    -0.6113    -0.6105     0.0007   2.804239   2.804235  -0.000003    34.2835    34.2826     7.6010    27.5569    27.5561    34.2832    27.5567    1447.39    1447.40    -0.6112  1028.1609    34.4512 0.0000e+00
       5803 313.799823  -62.14950 -9.990e-29      0.856    1446.67    126.000    124.753    -0.6076    -0.6068     0.0008    -0.6115    -0.6106     0.0008   2.804295   2.804286  -0.000004    34.2837    34.2827     7.6089    27.5571    27.5562    34.2836    27.5570    1447.41    1447.41    -0.6113  1028.1659    34.4516 0.0000e+00
       5830 313.799836  -62.14950  -58.43340      0.887    1446.67    127.000    125.743    -0.6077    -0.6067     0.0010    -0.6116    -0.6106     0.0010   2.804325   2.804324  -0.000004    34.2837    34.2825     7.6096    27.5570    27.5561    34.2835    27.5569    1447.43    1447.43    -0.6115  1028.1700    34.4507 0.0000e+00
       5858 313.799850  -62.14951  -58.43340      0.868    1446.67    128.000    126.732    -0.6087    -0.6079     0.0008    -0.6126    -0.6118     0.0008   2.804303   2.804295  -0.000006    34.2838    34.2828     7.6076    27.5572    27.5563    34.2836    27.5571    1447.44    1447.44    -0.6125  1028.1745    34.4502 0.0000e+00
       5886 313.799863  -62.14952  -58.43338      0.861    1446.67    129.000    127.722    -0.6082    -0.6075     0.0007    -0.6121    -0.6114     0.0007   2.804375   2.804367  -0.000007    34.2836    34.2827     7.5920    27.5570    27.5562    34.2835    27.5569    1447.46    1447.46    -0.6120  1028.1791    34.4501 0.0000e+00
       5914 313.799877  -62.14952  -58.43338      0.858    1446.67    130.000    128.712    -0.6082    -0.6076     0.0007    -0.6122    -0.6115     0.0007   2.804447   2.804425  -0.000021    34.2839    34.2828     7.5851    27.5572    27.5564    34.2838    27.5572    1447.47    1447.47    -0.6121  1028.1841    34.4504 0.0000e+00
       5943 313.799891  -62.14954  -58.43336      0.826    1446.67    131.000    129.702    -0.6092    -0.6081     0.0011    -0.6132    -0.6121     0.0011   2.804430   2.804433  -0.000001    34.2843    34.2830     7.5901    27.5576    27.5565    34.2841    27.5575    1447.48    1447.49    -0.6131  1028.1892    34.4508 0.0000e+00
       5972 313.799905  -62.14954  -58.43336      0.820    1446.67    132.000    130.692    -0.6091    -0.6080     0.0011    -0.6131    -0.6120     0.0011   2.804475   2.804503   0.000029    34.2839    34.2831     7.6038    27.5573    27.5566    34.2839    27.5573    1447.50    1447.50    -0.6130  1028.1938    34.4506 0.0000e+00
       6000 313.799919  -62.14955  -58.43335      0.850    1446.67    133.000    131.681    -0.6085    -0.6076     0.0009    -0.6126    -0.6117     0.0009   2.804587   2.804564  -0.000023    34.2843    34.2829     7.6004    27.5575    27.5564    34.2842    27.5575    1447.52    1447.52    -0.6125  1028.1988    34.4509 0.0000e+00
       6030 313.799933  -62.14956  -58.43334      0.816    1446.67    134.000    132.671    -0.6081    -0.6075     0.0007    -0.6122    -0.6116     0.0007   2.804635   2.804633 -2.747e-07    34.2838    34.2831     7.6006    27.5572    27.5565    34.2838    27.5572    1447.54    1447.54    -0.6121  1028.2032    34.4504 0.0000e+00
       6061 313.799948  -62.14957  -58.43333      0.779    1446.67    135.000    133.661    -0.6084    -0.6076     0.0007    -0.6125    -0.6117     0.0007   2.804676   2.804666  -0.000012    34.2840    34.2831     7.5999    27.5574    27.5565    34.2840    27.5573    1447.55    1447.56    -0.6124  1028.2082    34.4506 0.0000e+00
       6089 313.799961  -62.14958  -58.43332      0.838    1446.67    136.000    134.650    -0.6087    -0.6080     0.0007    -0.6128    -0.6121     0.0007   2.804700   2.804688  -0.000011    34.2840    34.2831     7.5985    27.5574    27.5566    34.2841    27.5575    1447.57    1447.57    -0.6128  1028.2131    34.4508 0.0000e+00
       6117 313.799975  -62.14958  -58.43331      0.872    1446.67    137.000    135.640    -0.6078    -0.6071     0.0007    -0.6120    -0.6113     0.0007   2.804798   2.804792  -0.000006    34.2837    34.2828     7.5982    27.5571    27.5563    34.2838    27.5572    1447.59    1447.59    -0.6119  1028.2170    34.4498 0.0000e+00
       6148 313.799990 -9.990e-29  -58.43330      0.791    1446.67    138.000    136.630    -0.6071    -0.6066     0.0006    -0.6114    -0.6108     0.0006   2.804879   2.804873  -0.000007    34.2836    34.2828     7.6018    27.5569    27.5563    34.2835    27.5569    1447.61    1447.61    -0.6112  1028.2180    34.4451 0.0000e+00
       6179 313.800005 -9.990e-29  -58.43328      0.764    1446.67    139.000    137.620    -0.6100    -0.6085     0.0015    -0.6143    -0.6127     0.0015   2.804764   2.804800   0.000032    34.2850    34.2837     7.6021    27.5582    27.5571    34.2846    27.5579    1447.61    1447.62    -0.6141  1028.2238    34.4463 0.0000e+00
       6208 313.800019 -9.990e-29  -58.43328      0.813    1446.67    140.000    138.610    -0.6197    -0.6178     0.0019    -0.6239    -0.6220     0.0019   2.804163   2.804183   0.000017    34.2875    34.2856     7.6058    27.5607    27.5591    34.2868    27.5601    1447.59    1447.59    -0.6239  1028.2309    34.4485 0.0000e+00
       6235 313.800032  -62.14961  -58.43327      0.866    1446.67    141.000    139.599    -0.6230    -0.6217     0.0012    -0.6273    -0.6260     0.0012   2.803865   2.803905   0.000027    34.2869    34.2858     7.5997    27.5603    27.5594    34.2859    27.5596    1447.59    1447.59    -0.6272  1028.2382    34.4515 0.0000e+00
       6262 313.800045  -62.14962  -58.43326      0.892    1446.67    142.000    140.589    -0.6344    -0.6329     0.0014    -0.6387    -0.6372     0.0014   2.803111   2.803076  -0.000024    34.2892    34.2873     7.6043    27.5627    27.5611    34.2880    27.5617    1447.55    1447.55    -0.6386  1028.2462    34.4547 0.0000e+00
       6289 313.800058  -62.14962  -58.43326      0.890    1446.67    143.000    141.579    -0.6410    -0.6396     0.0014    -0.6454    -0.6439     0.0014   2.802584   2.802588  -0.000003    34.2894    34.2878     7.5989    27.5631    27.5618    34.2878    27.5619    1447.54    1447.54    -0.6452  1028.2511    34.4546 0.0000e+00
       6316 313.800071  -62.14964  -58.43324      0.878    1446.67    144.000    142.569    -0.6526    -0.6511     0.0015    -0.6569    -0.6554     0.0015   2.801774   2.801729  -0.000034    34.2908    34.2887     7.5909    27.5648    27.5630    34.2894    27.5636    1447.50    1447.50    -0.6568  1028.2577    34.4561 0.0000e+00
       6345 313.800085  -62.14964  -58.43324      0.844    1446.67    145.000    143.558    -0.6545    -0.6533     0.0012    -0.6589    -0.6577     0.0012   2.801576   2.801587   0.000008    34.2894    34.2881     7.5730    27.5637    27.5626    34.2883    27.5628    1447.51    1447.51    -0.6588  1028.2617    34.4551 0.0000e+00
       6376 313.800100  -62.14965  -58.43322      0.801    1446.67    146.000    144.548    -0.6581    -0.6573     0.0008    -0.6625    -0.6617     0.0008   2.801303   2.801283  -0.000016    34.2894    34.2882     7.5746    27.5639    27.5629    34.2881    27.5628    1447.50    1447.51    -0.6624  1028.2665    34.4549 0.0000e+00
       6407 313.800115  -62.14966  -58.43322      0.770    1446.67    147.000    145.538    -0.6625    -0.6617     0.0008    -0.6670    -0.6662     0.0008   2.800996   2.800977  -0.000023    34.2894    34.2882     7.5659    27.5640    27.5630    34.2883    27.5631    1447.50    1447.50    -0.6668  1028.2716    34.4551 0.0000e+00
