Pos-Processados/process_op42/Processamento_split/down/doperantar42_049.cnv
* Sea-Bird SBE 9 Data File:
* FileName = C:\Users\Hidrografia\Desktop\OPXLII\Brutos\OP42049.hdr
* Software Version Seasave V 7.26.7.107
* Temperature SN = 6502
* Conductivity SN = 4998
* Number of Bytes Per Scan = 37
* Number of Voltage Words = 4
* Number of Scans Averaged by the Deck Unit = 1
* NMEA Latitude = 62 08.21 S
* NMEA Longitude = 058 26.69 W
* NMEA UTC (Time) = Nov 10 2023 00:06:10
* NMEA baud rate = 4800
** H41
** NPOALTEMAXIMIANO
** NUMERO DA ESTACAO (XXX) 049
** LAT (XX XX.XX S/N) 62 08. S
** LONG (XXX XX.XX W/E) 058 26. W
** DATAHORA (dd/mm/aaaa hh:mm Z) 10/11/2023 0005Z
** PROFUNDIDADE (m) 424
** OPERADOR CT FILIPE LOPES
# nquan = 30
# nvalues = 384                         
# units = specified
# name 0 = scan: Scan Count
# name 1 = timeJ: Julian Days
# name 2 = latitude: Latitude [deg]
# name 3 = longitude: Longitude [deg]
# name 4 = dz/dtM: Descent Rate [m/s]
# name 5 = avgsvCM: Average Sound Velocity [Chen-Millero, m/s]
# name 6 = prDM: Pressure, Digiquartz [db]
# name 7 = depSM: Depth [salt water, m]
# name 8 = t090C: Temperature [ITS-90, deg C]
# name 9 = t190C: Temperature, 2 [ITS-90, deg C]
# name 10 = T2-T190C: Temperature Difference, 2 - 1 [ITS-90, deg C]
# name 11 = potemp090C: Potential Temperature [ITS-90, deg C]
# name 12 = potemp190C: Potential Temperature, 2 [ITS-90, deg C]
# name 13 = potemp90Cdiff: Potential Temperature, Diff, 2 - 1 [ITS-90, deg C]
# name 14 = c0S/m: Conductivity [S/m]
# name 15 = c1S/m: Conductivity, 2 [S/m]
# name 16 = C2-C1S/m: Conductivity Difference, 2 - 1 [S/m]
# name 17 = sal00: Salinity, Practical [PSU]
# name 18 = sal11: Salinity, Practical, 2 [PSU]
# name 19 = sbeox0ML/L: Oxygen, SBE 43 [ml/l]
# name 20 = sigma-é00: Density [sigma-theta, kg/m^3]
# name 21 = sigma-é11: Density, 2 [sigma-theta, kg/m^3]
# name 22 = sal00: Salinity, Practical [PSU]
# name 23 = sigma-é00: Density [sigma-theta, kg/m^3]
# name 24 = svCM: Sound Velocity [Chen-Millero, m/s]
# name 25 = svCM1: Sound Velocity, 2 [Chen-Millero, m/s]
# name 26 = gsw_ptA0: potential temperature [ITS-90, deg C]
# name 27 = gsw_densityA0: density, TEOS-10 [density, kg/m^3]
# name 28 = gsw_saA0: Absolute Salinity [g/kg]
# name 29 = flag:
# span 0 =       3543,      18694       
# span 1 = 314.005990, 314.013297       
# span 2 =  -62.14161,  -62.13781       
# span 3 =  -58.44474,  -58.44452       
# span 4 =     -0.056,      0.943       
# span 5 =       0.00,    1448.33       
# span 6 =      3.000,    386.000       
# span 7 =      2.962,    381.938       
# span 8 =    -0.7925,    -0.5109       
# span 9 =    -0.7919,    -0.5099       
# span 10 =    -0.0023,     0.0044      
# span 11 =    -0.7989,    -0.5225      
# span 12 =    -0.7983,    -0.5215      
# span 13 =    -0.0022,     0.0044      
# span 14 =   2.794505,   2.831761      
# span 15 =   2.794492,   2.831742      
# span 16 =  -0.000273,   0.000296      
# span 17 =    34.2693,    34.3916      
# span 18 =    34.2685,    34.3906      
# span 19 =     6.7620,     7.7805      
# span 20 =    27.5433,    27.6408      
# span 21 =    27.5426,    27.6399      
# span 22 =    34.2697,    34.3916      
# span 23 =    27.5436,    27.6408      
# span 24 =    1445.61,    1452.22      
# span 25 =    1445.62,    1452.22      
# span 26 =    -0.7987,    -0.5223      
# span 27 =  1027.5625,  1029.4855      
# span 28 =    34.4350,    34.5598      
# span 29 = 0.0000e+00, 0.0000e+00      
# interval = decibars: 1                
# start_time = Nov 10 2023 00:06:10 [NMEA time, header]
# bad_flag = -9.990e-29
*END*
       3543 314.005990  -62.13781  -58.44474     -0.056       0.00      3.000      2.962    -0.5618    -0.5610     0.0007    -0.5619    -0.5611     0.0007   2.801463   2.801455   0.000013    34.2693    34.2686     7.6418    27.5433    27.5427    34.2697    27.5436    1445.61    1445.62    -0.5619  1027.5625    34.4350 0.0000e+00
       4368 314.006389  -62.13803  -58.44470      0.173       0.00      4.000      3.965    -0.5630    -0.5620     0.0011    -0.5632    -0.5621     0.0011   2.801406   2.801423   0.000015    34.2698    34.2688     7.6538    27.5437    27.5428    34.2697    27.5436    1445.62    1445.62    -0.5631  1027.5673    34.4350 0.0000e+00
       4462 314.006434  -62.13806  -58.44470      0.305       0.00      5.000      4.952    -0.5634    -0.5624     0.0010    -0.5635    -0.5625     0.0010   2.801426   2.801436   0.000010    34.2697    34.2687     7.6546    27.5436    27.5428    34.2697    27.5436    1445.63    1445.64    -0.5635  1027.5721    34.4350 0.0000e+00
       4536 314.006470  -62.13808  -58.44470      0.326       0.00      6.000      5.943    -0.5629    -0.5621     0.0007    -0.5630    -0.5623     0.0007   2.801525   2.801514  -0.000010    34.2698    34.2688     7.6662    27.5437    27.5429    34.2698    27.5437    1445.65    1445.66    -0.5631  1027.5770    34.4351 0.0000e+00
       4587 314.006494  -62.13809  -58.44470      0.478       0.00      7.000      6.933    -0.5645    -0.5636     0.0008    -0.5647    -0.5638     0.0008   2.801514   2.801518 9.8744e-08    34.2710    34.2701     7.6686    27.5448    27.5439    34.2709    27.5447    1445.66    1445.67    -0.5647  1027.5827    34.4363 0.0000e+00
       4634 314.006517  -62.13810  -58.44470      0.512       0.00      8.000      7.922    -0.5646    -0.5637     0.0008    -0.5648    -0.5640     0.0008   2.801516   2.801518   0.000004    34.2705    34.2696     7.6726    27.5443    27.5436    34.2704    27.5443    1445.68    1445.68    -0.5648  1027.5871    34.4357 0.0000e+00
       4686 314.006542  -62.13812  -58.44468      0.458       0.00      9.000      8.914    -0.5640    -0.5631     0.0009    -0.5643    -0.5633     0.0009   2.801561   2.801545  -0.000018    34.2697    34.2685     7.6759    27.5437    27.5426    34.2697    27.5437    1445.70    1445.70    -0.5643  1027.5913    34.4351 0.0000e+00
       4737 314.006566  -62.13814  -58.44468      0.476 2.0384e-08     10.000      9.904    -0.5654    -0.5641     0.0013    -0.5656    -0.5644     0.0013   2.801624   2.801624  -0.000003    34.2715    34.2701     7.6720    27.5452    27.5440    34.2715    27.5452    1445.71    1445.71    -0.5657  1027.5976    34.4368 0.0000e+00
       4787 314.006590  -62.13814  -58.44468      0.483       0.09     11.000     10.894    -0.5660    -0.5650     0.0010    -0.5663    -0.5653     0.0010   2.801660   2.801648  -0.000010    34.2721    34.2709     7.6737    27.5457    27.5446    34.2721    27.5457    1445.72    1445.73    -0.5663  1027.6029    34.4374 0.0000e+00
       4835 314.006614  -62.13816  -58.44468      0.495      -0.00     12.000     11.885    -0.5660    -0.5652     0.0009    -0.5664    -0.5655     0.0009   2.801671   2.801674   0.000006    34.2717    34.2708     7.6760    27.5454    27.5446    34.2716    27.5453    1445.74    1445.74    -0.5664  1027.6073    34.4369 0.0000e+00
       4885 314.006638  -62.13818  -58.44468      0.481       0.05     13.000     12.875    -0.5665    -0.5655     0.0009    -0.5669    -0.5659     0.0009   2.801777   2.801761  -0.000017    34.2729    34.2717     7.6785    27.5464    27.5453    34.2730    27.5464    1445.75    1445.76    -0.5669  1027.6131    34.4383 0.0000e+00
       4933 314.006661  -62.13819  -58.44468      0.504      -0.00     14.000     13.865    -0.5669    -0.5660     0.0008    -0.5673    -0.5664     0.0008   2.801815   2.801815  -0.000002    34.2734    34.2724     7.6846    27.5468    27.5460    34.2733    27.5467    1445.77    1445.77    -0.5673  1027.6182    34.4386 0.0000e+00
       4977 314.006682  -62.13820  -58.44466      0.537 1.3414e-27     15.000     14.856    -0.5671    -0.5663     0.0009    -0.5676    -0.5667     0.0009   2.801848   2.801832  -0.000020    34.2735    34.2723     7.6884    27.5469    27.5459    34.2734    27.5468    1445.79    1445.79    -0.5675  1027.6231    34.4387 0.0000e+00
       5016 314.006701  -62.13821  -58.44466      0.603       0.17     16.000     15.846    -0.5673    -0.5665     0.0008    -0.5677    -0.5670     0.0008   2.801879   2.801867  -0.000012    34.2734    34.2723     7.6848    27.5468    27.5459    34.2734    27.5468    1445.80    1445.80    -0.5678  1027.6278    34.4386 0.0000e+00
       5054 314.006719  -62.13822  -58.44466      0.644       0.00     17.000     16.836    -0.5672    -0.5664     0.0007    -0.5677    -0.5669     0.0007   2.801926   2.801904  -0.000017    34.2733    34.2722     7.6782    27.5467    27.5458    34.2733    27.5468    1445.82    1445.82    -0.5677  1027.6325    34.4385 0.0000e+00
       5097 314.006740  -62.13824  -58.44466      0.565 4.5650e-39     18.000     17.827    -0.5676    -0.5667     0.0009    -0.5681    -0.5672     0.0009   2.801928   2.801913  -0.000015    34.2732    34.2720     7.6930    27.5467    27.5456    34.2732    27.5467    1445.83    1445.83    -0.5681  1027.6372    34.4384 0.0000e+00
       5136 314.006759  -62.13824  -58.44466      0.592 3.3229e-12     19.000     18.817    -0.5674    -0.5666     0.0008    -0.5680    -0.5672     0.0008   2.802079   2.802055  -0.000025    34.2743    34.2730     7.6953    27.5475    27.5465    34.2744    27.5476    1445.85    1445.85    -0.5680  1027.6429    34.4396 0.0000e+00
       5170 314.006775  -62.13826  -58.44466      0.694     701.70     20.000     19.807    -0.5672    -0.5665     0.0008    -0.5678    -0.5671     0.0008   2.802171   2.802170 -6.070e-08    34.2747    34.2739     7.6925    27.5479    27.5472    34.2748    27.5480    1445.87    1445.87    -0.5678  1027.6480    34.4400 0.0000e+00
       5205 314.006792  -62.13826  -58.44466      0.703    1443.05     21.000     20.797    -0.5673    -0.5664     0.0009    -0.5679    -0.5670     0.0009   2.802234   2.802221  -0.000018    34.2752    34.2739     7.6922    27.5483    27.5472    34.2751    27.5482    1445.88    1445.89    -0.5679  1027.6531    34.4403 0.0000e+00
       5245 314.006811  -62.13828  -58.44466      0.602    1445.87     22.000     21.788    -0.5673    -0.5665     0.0008    -0.5680    -0.5672     0.0008   2.802269   2.802255  -0.000012    34.2750    34.2739     7.6966    27.5481    27.5472    34.2750    27.5481    1445.90    1445.90    -0.5680  1027.6578    34.4402 0.0000e+00
       5286 314.006831  -62.13828  -58.44466      0.581    1445.87     23.000     22.778    -0.5674    -0.5667     0.0007    -0.5681    -0.5674     0.0007   2.802315   2.802298  -0.000021    34.2752    34.2740     7.6827    27.5483    27.5473    34.2751    27.5482    1445.91    1445.92    -0.5681  1027.6627    34.4403 0.0000e+00
       5324 314.006849  -62.13830  -58.44466      0.633    1445.87     24.000     23.768    -0.5676    -0.5667     0.0009    -0.5684    -0.5674     0.0009   2.802357   2.802331  -0.000019    34.2752    34.2739     7.6861    27.5483    27.5472    34.2753    27.5484    1445.93    1445.93    -0.5683  1027.6676    34.4405 0.0000e+00
       5361 314.006867  -62.13830  -58.44466      0.656    1445.87     25.000     24.759    -0.5673    -0.5665     0.0008    -0.5681    -0.5672     0.0008   2.802399   2.802383  -0.000016    34.2748    34.2737     7.6954    27.5480    27.5471    34.2749    27.5480    1445.95    1445.95    -0.5680  1027.6721    34.4401 0.0000e+00
       5401 314.006887  -62.13831  -58.44466      0.594    1445.87     26.000     25.749    -0.5676    -0.5668     0.0008    -0.5684    -0.5676     0.0008   2.802442   2.802421  -0.000026    34.2752    34.2740     7.7000    27.5483    27.5473    34.2752    27.5483    1445.96    1445.96    -0.5684  1027.6771    34.4404 0.0000e+00
       5438 314.006904  -62.13833  -58.44464      0.638    1445.87     27.000     26.739    -0.5674    -0.5668     0.0007    -0.5683    -0.5676     0.0007   2.802500   2.802480  -0.000014    34.2750    34.2740     7.7079    27.5482    27.5473    34.2751    27.5482    1445.98    1445.98    -0.5682  1027.6819    34.4404 0.0000e+00
       5472 314.006921  -62.13834  -58.44464      0.701    1445.87     28.000     27.729    -0.5679    -0.5672     0.0008    -0.5688    -0.5680     0.0008   2.802561   2.802527  -0.000038    34.2759    34.2745     7.7003    27.5489    27.5478    34.2759    27.5489    1445.99    1446.00    -0.5687  1027.6873    34.4411 0.0000e+00
       5504 314.006936  -62.13834  -58.44464      0.736    1445.87     29.000     28.720    -0.5681    -0.5673     0.0009    -0.5690    -0.5681     0.0009   2.802599   2.802579  -0.000026    34.2760    34.2747     7.6980    27.5490    27.5479    34.2760    27.5490    1446.01    1446.01    -0.5690  1027.6922    34.4413 0.0000e+00
       5535 314.006951  -62.13836  -58.44464      0.764    1445.87     30.000     29.710    -0.5685    -0.5678     0.0008    -0.5694    -0.5686     0.0008   2.802674   2.802647  -0.000025    34.2768    34.2756     7.6952    27.5497    27.5486    34.2769    27.5497    1446.03    1446.03    -0.5694  1027.6977    34.4421 0.0000e+00
       5568 314.006967  -62.13836  -58.44464      0.742    1445.87     31.000     30.700    -0.5693    -0.5684     0.0009    -0.5702    -0.5694     0.0009   2.802735   2.802723  -0.000007    34.2779    34.2768     7.6889    27.5505    27.5496    34.2779    27.5506    1446.04    1446.04    -0.5702  1027.7034    34.4432 0.0000e+00
       5602 314.006983  -62.13838  -58.44464      0.703    1445.87     32.000     31.691    -0.5701    -0.5693     0.0009    -0.5711    -0.5702     0.0009   2.802801   2.802782  -0.000020    34.2791    34.2779     7.6871    27.5516    27.5505    34.2791    27.5516    1446.05    1446.06    -0.5710  1027.7092    34.4444 0.0000e+00
       5632 314.006998  -62.13838  -58.44464      0.779    1445.87     33.000     32.681    -0.5700    -0.5691     0.0009    -0.5710    -0.5701     0.0009   2.802830   2.802817  -0.000013    34.2788    34.2776     7.6932    27.5513    27.5503    34.2787    27.5513    1446.07    1446.07    -0.5710  1027.7137    34.4441 0.0000e+00
       5663 314.007013  -62.13838  -58.44464      0.783    1445.87     34.000     33.671    -0.5702    -0.5694     0.0008    -0.5712    -0.5704     0.0008   2.802847   2.802834  -0.000011    34.2786    34.2776     7.7005    27.5511    27.5503    34.2785    27.5511    1446.08    1446.09    -0.5712  1027.7183    34.4439 0.0000e+00
       5698 314.007030  -62.13840  -58.44464      0.703    1445.87     35.000     34.661    -0.5708    -0.5700     0.0009    -0.5719    -0.5710     0.0009   2.802837   2.802823  -0.000014    34.2786    34.2774     7.7040    27.5512    27.5502    34.2786    27.5512    1446.10    1446.10    -0.5718  1027.7231    34.4439 0.0000e+00
       5731 314.007046  -62.13840  -58.44464      0.719    1445.87     36.000     35.652    -0.5712    -0.5704     0.0008    -0.5723    -0.5715     0.0008   2.802852   2.802845  -0.000014    34.2787    34.2775     7.7047    27.5513    27.5503    34.2786    27.5512    1446.11    1446.12    -0.5723  1027.7280    34.4439 0.0000e+00
       5761 314.007060  -62.13841  -58.44464      0.769    1445.87     37.000     36.642    -0.5728    -0.5721     0.0008    -0.5739    -0.5732     0.0008   2.802787   2.802749  -0.000029    34.2790    34.2777     7.7051    27.5516    27.5505    34.2789    27.5515    1446.12    1446.12    -0.5739  1027.7331    34.4443 0.0000e+00
       5791 314.007075  -62.13842  -58.44464      0.810    1445.87     38.000     37.632    -0.5721    -0.5715     0.0006    -0.5732    -0.5726     0.0006   2.802874   2.802856  -0.000021    34.2787    34.2777     7.7060    27.5513    27.5505    34.2786    27.5513    1446.14    1446.14    -0.5732  1027.7376    34.4440 0.0000e+00
       5821 314.007089  -62.13844  -58.44464      0.808    1445.87     39.000     38.622    -0.5721    -0.5711     0.0011    -0.5733    -0.5723     0.0011   2.802912   2.802920  -0.000002    34.2787    34.2775     7.7032    27.5514    27.5503    34.2786    27.5512    1446.15    1446.16    -0.5732  1027.7424    34.4440 0.0000e+00
       5853 314.007105  -62.13844  -58.44464      0.752    1445.87     40.000     39.612    -0.5733    -0.5725     0.0009    -0.5745    -0.5737     0.0009   2.802882   2.802870  -0.000008    34.2789    34.2778     7.7013    27.5516    27.5507    34.2789    27.5515    1446.17    1446.17    -0.5745  1027.7475    34.4443 0.0000e+00
       5887 314.007121  -62.13846  -58.44464      0.705    1445.87     41.000     40.603    -0.5731    -0.5723     0.0009    -0.5744    -0.5735     0.0009   2.802957   2.802929  -0.000027    34.2791    34.2778     7.7050    27.5517    27.5506    34.2791    27.5517    1446.19    1446.19    -0.5743  1027.7524    34.4445 0.0000e+00
       5918 314.007136  -62.13846  -58.44463      0.746    1445.87     42.000     41.593    -0.5734    -0.5724     0.0010    -0.5746    -0.5737     0.0010   2.802995   2.802971  -0.000023    34.2793    34.2778     7.6982    27.5519    27.5506    34.2792    27.5518    1446.20    1446.20    -0.5746  1027.7574    34.4447 0.0000e+00
       5946 314.007149  -62.13846  -58.44462      0.848    1445.87     43.000     42.583    -0.5728    -0.5721     0.0007    -0.5741    -0.5734     0.0007   2.803065   2.803044  -0.000017    34.2788    34.2777     7.6983    27.5514    27.5505    34.2789    27.5516    1446.22    1446.22    -0.5741  1027.7619    34.4444 0.0000e+00
       5973 314.007162  -62.13847  -58.44462      0.889    1445.87     44.000     43.573    -0.5726    -0.5716     0.0010    -0.5739    -0.5729     0.0010   2.803114   2.803134   0.000014    34.2787    34.2778     7.7056    27.5514    27.5506    34.2787    27.5513    1446.24    1446.24    -0.5739  1027.7664    34.4441 0.0000e+00
       6001 314.007176  -62.13848  -58.44462      0.874    1445.87     45.000     44.563    -0.5732    -0.5723     0.0008    -0.5745    -0.5737     0.0008   2.803155   2.803119  -0.000034    34.2793    34.2779     7.7065    27.5519    27.5507    34.2793    27.5519    1446.25    1446.25    -0.5745  1027.7718    34.4448 0.0000e+00
       6029 314.007190  -62.13848  -58.44462      0.844    1445.87     46.000     45.554    -0.5726    -0.5720     0.0006    -0.5740    -0.5734     0.0006   2.803212   2.803190  -0.000016    34.2786    34.2777     7.7142    27.5513    27.5506    34.2788    27.5514    1446.27    1446.27    -0.5739  1027.7761    34.4443 0.0000e+00
       6059 314.007204  -62.13850  -58.44462      0.809    1445.87     47.000     46.544    -0.5720    -0.5711     0.0009    -0.5734    -0.5725     0.0009   2.803313   2.803312  -0.000009    34.2788    34.2777     7.7155    27.5514    27.5505    34.2788    27.5514    1446.29    1446.29    -0.5734  1027.7809    34.4443 0.0000e+00
       6089 314.007218  -62.13850  -58.44462      0.803    1445.87     48.000     47.534    -0.5718    -0.5710     0.0008    -0.5732    -0.5724     0.0008   2.803387   2.803361  -0.000018    34.2789    34.2777     7.7084    27.5515    27.5505    34.2790    27.5516    1446.31    1446.31    -0.5732  1027.7858    34.4445 0.0000e+00
       6119 314.007233  -62.13851  -58.44462      0.809    1445.87     49.000     48.524    -0.5727    -0.5718     0.0010    -0.5742    -0.5732     0.0010   2.803353   2.803346  -0.000017    34.2791    34.2778     7.7073    27.5517    27.5506    34.2790    27.5516    1446.32    1446.32    -0.5741  1027.7906    34.4445 0.0000e+00
       6147 314.007246  -62.13852  -58.44462      0.833    1445.87     50.000     49.514    -0.5732    -0.5724     0.0008    -0.5747    -0.5739     0.0008   2.803344   2.803325  -0.000010    34.2788    34.2777     7.7054    27.5514    27.5506    34.2788    27.5515    1446.33    1446.33    -0.5747  1027.7953    34.4443 0.0000e+00
