Pos-Processados/process_op42/Processamento_split/down/doperantar42_021.cnv
* Sea-Bird SBE 9 Data File:
* FileName = C:\Users\Hidrografia\Desktop\OPXLII\Brutos\OP42021.hdr
* Software Version Seasave V 7.26.7.107
* Temperature SN = 6502
* Conductivity SN = 4998
* Number of Bytes Per Scan = 37
* Number of Voltage Words = 4
* Number of Scans Averaged by the Deck Unit = 1
* NMEA Latitude = 62 16.32 S
* NMEA Longitude = 058 25.69 W
* NMEA UTC (Time) = Nov 07 2023 20:05:24
* NMEA baud rate = 4800
** H41
** NPOALTEMAXIMIANO
** NUMERO DA ESTACAO (XXX) 021
** LAT (XX XX.XX S/N) 62 16.30 S
** LONG (XXX XX.XX W/E) 058 25.70 W
** DATAHORA (dd/mm/aaaa hh:mm Z) 07/11/2023 2004Z
** PROFUNDIDADE (m) 145
** OPERADOR CT FABIREZA
# nquan = 30
# nvalues = 167                         
# units = specified
# name 0 = scan: Scan Count
# name 1 = timeJ: Julian Days
# name 2 = latitude: Latitude [deg]
# name 3 = longitude: Longitude [deg]
# name 4 = dz/dtM: Descent Rate [m/s]
# name 5 = avgsvCM: Average Sound Velocity [Chen-Millero, m/s]
# name 6 = prDM: Pressure, Digiquartz [db]
# name 7 = depSM: Depth [salt water, m]
# name 8 = t090C: Temperature [ITS-90, deg C]
# name 9 = t190C: Temperature, 2 [ITS-90, deg C]
# name 10 = T2-T190C: Temperature Difference, 2 - 1 [ITS-90, deg C]
# name 11 = potemp090C: Potential Temperature [ITS-90, deg C]
# name 12 = potemp190C: Potential Temperature, 2 [ITS-90, deg C]
# name 13 = potemp90Cdiff: Potential Temperature, Diff, 2 - 1 [ITS-90, deg C]
# name 14 = c0S/m: Conductivity [S/m]
# name 15 = c1S/m: Conductivity, 2 [S/m]
# name 16 = C2-C1S/m: Conductivity Difference, 2 - 1 [S/m]
# name 17 = sal00: Salinity, Practical [PSU]
# name 18 = sal11: Salinity, Practical, 2 [PSU]
# name 19 = sbeox0ML/L: Oxygen, SBE 43 [ml/l]
# name 20 = sigma-é00: Density [sigma-theta, kg/m^3]
# name 21 = sigma-é11: Density, 2 [sigma-theta, kg/m^3]
# name 22 = sal00: Salinity, Practical [PSU]
# name 23 = sigma-é00: Density [sigma-theta, kg/m^3]
# name 24 = svCM: Sound Velocity [Chen-Millero, m/s]
# name 25 = svCM1: Sound Velocity, 2 [Chen-Millero, m/s]
# name 26 = gsw_ptA0: potential temperature [ITS-90, deg C]
# name 27 = gsw_densityA0: density, TEOS-10 [density, kg/m^3]
# name 28 = gsw_saA0: Absolute Salinity [g/kg]
# name 29 = flag:
# span 0 =       2468,      10147       
# span 1 = 311.838273, 311.841976       
# span 2 =  -62.27289,  -62.27227       
# span 3 =  -58.42719,  -58.42326       
# span 4 =      0.019,      1.090       
# span 5 =       0.00,    1446.75       
# span 6 =      3.000,    169.000       
# span 7 =      2.976,    167.306       
# span 8 =    -0.6365,    -0.5148       
# span 9 =    -0.6356,    -0.5140       
# span 10 =    -0.0010,     0.0047      
# span 11 =    -0.6379,    -0.5151      
# span 12 =    -0.6368,    -0.5144      
# span 13 =    -0.0010,     0.0047      
# span 14 =   2.799035,   2.815683      
# span 15 =   2.799027,   2.815581      
# span 16 =  -0.000199,   0.000203      
# span 17 =    34.2824,    34.3645      
# span 18 =    34.2824,    34.3635      
# span 19 =     6.8893,     7.6424      
# span 20 =    27.5521,    27.6210      
# span 21 =    27.5521,    27.6201      
# span 22 =    34.2831,    34.3645      
# span 23 =    27.5527,    27.6209      
# span 24 =    1445.67,    1448.39      
# span 25 =    1445.67,    1448.40      
# span 26 =    -0.6378,    -0.5151      
# span 27 =  1027.5728,  1028.4348      
# span 28 =    34.4475,    34.5330      
# span 29 = 0.0000e+00, 0.0000e+00      
# interval = decibars: 1                
# start_time = Nov 07 2023 20:05:24 [NMEA time, header]
# bad_flag = -9.990e-29
*END*
[from data line 97]
       5816 311.839888  -62.27256  -58.42558      0.959    1446.03    100.000     99.016    -0.6162    -0.6152     0.0010    -0.6193    -0.6183     0.0010   2.805764   2.805767 -4.687e-08    34.3293    34.3282     7.1730    27.5943    27.5934    34.3292    27.5942    1447.01    1447.01    -0.6192  1028.0776    34.4958 0.0000e+00
       5840 311.839899  -62.27256  -58.42556      1.027    1446.03    101.000    100.006    -0.6166    -0.6159     0.0007    -0.6196    -0.6189     0.0007   2.805679   2.805663  -0.000009    34.3278    34.3268     7.1756    27.5931    27.5923    34.3279    27.5932    1447.02    1447.03    -0.6196  1028.0814    34.4944 0.0000e+00
       5867 311.839912  -62.27256  -58.42555      0.942    1446.03    102.000    100.995    -0.6170    -0.6161     0.0008    -0.6201    -0.6192     0.0008   2.805604   2.805600  -0.000007    34.3266    34.3256     7.1836    27.5922    27.5913    34.3267    27.5922    1447.03    1447.04    -0.6200  1028.0852    34.4932 0.0000e+00
       5902 311.839929  -62.27256  -58.42553      0.723    1446.03    103.000    101.985    -0.6174    -0.6164     0.0010    -0.6205    -0.6195     0.0010   2.805577   2.805590   0.000013    34.3261    34.3251     7.1939    27.5917    27.5909    34.3262    27.5918    1447.05    1447.05    -0.6204  1028.0896    34.4927 0.0000e+00
       5935 311.839945  -62.27256  -58.42552      0.704    1446.03    104.000    102.975    -0.6154    -0.6142     0.0011    -0.6185    -0.6174     0.0011   2.805888   2.805928   0.000026    34.3273    34.3264     7.1967    27.5926    27.5919    34.3275    27.5928    1447.08    1447.08    -0.6185  1028.0953    34.4940 0.0000e+00
       5963 311.839958  -62.27256  -58.42550      0.821    1446.03    105.000    103.965    -0.6158    -0.6147     0.0011    -0.6190    -0.6179     0.0011   2.805873   2.805864   0.000004    34.3270    34.3259     7.2041    27.5925    27.5915    34.3271    27.5925    1447.09    1447.09    -0.6189  1028.0999    34.4937 0.0000e+00
       5992 311.839972  -62.27258  -58.42549      0.860    1446.03    106.000    104.955    -0.6152    -0.6148     0.0004    -0.6184    -0.6180     0.0004   2.806007   2.805901  -0.000099    34.3273    34.3255     7.1992    27.5926    27.5912    34.3276    27.5929    1447.11    1447.11    -0.6183  1028.1050    34.4942 0.0000e+00
       6035 311.839993  -62.27258  -58.42547      0.554    1446.03    107.000    105.945    -0.6142    -0.6133     0.0009    -0.6174    -0.6166     0.0009   2.806165   2.806158  -0.000010    34.3280    34.3269     7.1904    27.5932    27.5922    34.3280    27.5932    1447.13    1447.13    -0.6174  1028.1101    34.4946 0.0000e+00
       6076 311.840013  -62.27258  -58.42546      0.579    1446.03    108.000    106.935    -0.6148    -0.6143     0.0005    -0.6180    -0.6176     0.0005   2.806172   2.806084  -0.000086    34.3278    34.3261     7.1929    27.5930    27.5917    34.3281    27.5933    1447.15    1447.14    -0.6180  1028.1150    34.4947 0.0000e+00
       6106 311.840028  -62.27258  -58.42544      0.744    1446.03    109.000    107.925    -0.6137    -0.6129     0.0008    -0.6170    -0.6162     0.0008   2.806364   2.806348  -0.000017    34.3288    34.3276     7.1935    27.5938    27.5928    34.3288    27.5938    1447.17    1447.17    -0.6169  1028.1203    34.4955 0.0000e+00
       6137 311.840042  -62.27258  -58.42541      0.794    1446.03    110.000    108.915    -0.6141    -0.6132     0.0009    -0.6174    -0.6166     0.0009   2.806334   2.806321  -0.000013    34.3283    34.3271     7.1972    27.5934    27.5924    34.3283    27.5934    1447.18    1447.18    -0.6174  1028.1247    34.4950 0.0000e+00
       6176 311.840061  -62.27259  -58.42539      0.636    1446.03    111.000    109.904    -0.6152    -0.6139     0.0012    -0.6185    -0.6173     0.0012   2.806188   2.806231   0.000044    34.3270    34.3262     7.1937    27.5924    27.5917    34.3269    27.5924    1447.19    1447.19    -0.6185  1028.1284    34.4936 0.0000e+00
       6220 311.840082  -62.27260  -58.42537      0.539    1446.03    112.000    110.894    -0.6157    -0.6150     0.0007    -0.6191    -0.6184     0.0007   2.806145   2.806101  -0.000042    34.3262    34.3249     7.1916    27.5918    27.5907    34.3263    27.5919    1447.20    1447.21    -0.6190  1028.1327    34.4930 0.0000e+00
       6256 311.840100  -62.27260  -58.42535      0.646    1446.21    113.000    111.884    -0.6149    -0.6146     0.0003    -0.6183    -0.6180     0.0003   2.806300   2.806202  -0.000097    34.3269    34.3253     7.1980    27.5923    27.5910    34.3269    27.5923    1447.22    1447.22    -0.6182  1028.1380    34.4936 0.0000e+00
       6292 311.840117  -62.27260  -58.42534      0.674    1446.40    114.000    112.870    -0.6177    -0.6171     0.0006    -0.6211    -0.6206     0.0006   2.805826   2.805749  -0.000075    34.3235    34.3218     7.2086    27.5897    27.5883    34.3230    27.5893    1447.22    1447.22    -0.6211  1028.1398    34.4897 0.0000e+00
       6333 311.840137  -62.27260  -58.42532      0.587    1446.41    115.000    113.867    -0.6183    -0.6174     0.0009    -0.6218    -0.6209     0.0009   2.805699   2.805689  -0.000011    34.3215    34.3203     7.2044    27.5881    27.5871    34.3215    27.5881    1447.23    1447.23    -0.6217  1028.1433    34.4881 0.0000e+00
       6375 311.840157  -62.27260  -58.42530      0.571    1446.41    116.000    114.853    -0.6168    -0.6159     0.0008    -0.6203    -0.6194     0.0008   2.805900   2.805966   0.000059    34.3217    34.3215     7.2235    27.5882    27.5880    34.3218    27.5883    1447.26    1447.26    -0.6202  1028.1483    34.4885 0.0000e+00
       6411 311.840175  -62.27260  -58.42528      0.651    1446.41    117.000    115.844    -0.6194    -0.6184     0.0010    -0.6230    -0.6219     0.0010   2.805493   2.805536   0.000049    34.3191    34.3186     7.2506    27.5862    27.5857    34.3187    27.5858    1447.26    1447.26    -0.6229  1028.1507    34.4853 0.0000e+00
       6448 311.840193  -62.27260  -58.42526      0.659    1446.41    118.000    116.833    -0.6196    -0.6190     0.0005    -0.6232    -0.6226     0.0005   2.805471   2.805434  -0.000037    34.3179    34.3168     7.2492    27.5853    27.5843    34.3179    27.5853    1447.27    1447.27    -0.6231  1028.1548    34.4846 0.0000e+00
       6493 311.840214  -62.27262  -58.42523      0.533    1446.41    119.000    117.823    -0.6194    -0.6185     0.0008    -0.6230    -0.6222     0.0008   2.805550   2.805546 5.2432e-07    34.3182    34.3173     7.2638    27.5855    27.5847    34.3182    27.5855    1447.29    1447.29    -0.6229  1028.1598    34.4849 0.0000e+00
       6537 311.840235  -62.27262  -58.42520      0.540    1446.41    120.000    118.813    -0.6188    -0.6181     0.0007    -0.6225    -0.6218     0.0007   2.805686   2.805677  -0.000017    34.3187    34.3176     7.2723    27.5858    27.5850    34.3187    27.5859    1447.31    1447.31    -0.6224  1028.1650    34.4854 0.0000e+00
       6572 311.840252  -62.27262  -58.42519      0.665    1446.41    121.000    119.803    -0.6189    -0.6178     0.0011    -0.6226    -0.6214     0.0011   2.805732   2.805758   0.000025    34.3189    34.3180     7.2754    27.5860    27.5852    34.3188    27.5860    1447.33    1447.33    -0.6225  1028.1699    34.4855 0.0000e+00
       6607 311.840269  -62.27262  -58.42518      0.704    1446.41    122.000    120.793    -0.6184    -0.6174     0.0010    -0.6221    -0.6211     0.0010   2.805860   2.805871   0.000010    34.3193    34.3182     7.2723    27.5863    27.5854    34.3194    27.5864    1447.34    1447.35    -0.6220  1028.1751    34.4861 0.0000e+00
       6646 311.840288  -62.27262  -58.42516      0.606    1446.41    123.000    121.782    -0.6178    -0.6171     0.0007    -0.6216    -0.6208     0.0007   2.805981   2.805979 -2.401e-08    34.3197    34.3189     7.2664    27.5866    27.5859    34.3197    27.5867    1447.36    1447.36    -0.6215  1028.1801    34.4865 0.0000e+00
       6683 311.840306  -62.27262  -58.42514      0.644    1446.41    124.000    122.772    -0.6153    -0.6151     0.0003    -0.6191    -0.6188     0.0003   2.806428   2.806327  -0.000104    34.3214    34.3196     7.2601    27.5879    27.5865    34.3223    27.5887    1447.39    1447.39    -0.6190  1028.1869    34.4891 0.0000e+00
       6712 311.840320  -62.27262  -58.42512      0.780    1446.41    125.000    123.762    -0.6113    -0.6105     0.0007    -0.6151    -0.6143     0.0007   2.807159   2.807108  -0.000050    34.3267    34.3252     7.2592    27.5920    27.5908    34.3270    27.5922    1447.44    1447.44    -0.6150  1028.1953    34.4938 0.0000e+00
       6747 311.840337  -62.27262  -58.42511      0.722    1446.41    126.000    124.751    -0.6114    -0.6108     0.0006    -0.6152    -0.6146     0.0006   2.807156   2.807082  -0.000069    34.3262    34.3246     7.2503    27.5916    27.5903    34.3265    27.5918    1447.45    1447.45    -0.6152  1028.1964    34.4893 0.0000e+00
       6816 311.840370  -62.27264  -58.42507      0.261    1446.41    127.000    125.743    -0.6103    -0.6099     0.0004    -0.6142    -0.6137     0.0004   2.807346   2.807268  -0.000079    34.3270    34.3254     7.1969    27.5922    27.5909    34.3272    27.5924    1447.47    1447.47    -0.6141  1028.2014    34.4897 0.0000e+00
       6856 311.840389  -62.27264  -58.42504      0.581    1446.41    128.000    126.731    -0.6088    -0.6079     0.0008    -0.6127    -0.6118     0.0008   2.807644   2.807639  -0.000011    34.3283    34.3273     7.1882    27.5932    27.5923    34.3288    27.5936    1447.50    1447.50    -0.6126  1028.2110    34.4958 0.0000e+00
       6884 311.840403  -62.27264  -58.42503      0.805    1446.41    129.000    127.721    -0.6084    -0.6074     0.0010    -0.6123    -0.6113     0.0010   2.807755   2.807752   0.000001    34.3291    34.3280     7.1875    27.5939    27.5929    34.3293    27.5940    1447.52    1447.52    -0.6122  1028.2161    34.4961 0.0000e+00
       6913 311.840417  -62.27264  -58.42502      0.851    1446.41    130.000    128.711    -0.6099    -0.6091     0.0008    -0.6139    -0.6130     0.0008   2.807569   2.807553  -0.000020    34.3279    34.3267     7.1779    27.5930    27.5919    34.3278    27.5929    1447.52    1447.53    -0.6138  1028.2198    34.4947 0.0000e+00
       6951 311.840435  -62.27265  -58.42499      0.651    1446.41    131.000    129.701    -0.6096    -0.6090     0.0006    -0.6136    -0.6130     0.0006   2.807668   2.807629  -0.000035    34.3280    34.3268     7.1636    27.5930    27.5920    34.3282    27.5932    1447.54    1447.54    -0.6135  1028.2249    34.4951 0.0000e+00
       6995 311.840456  -62.27266  -58.42497      0.554    1446.41    132.000    130.690    -0.6088    -0.6081     0.0007    -0.6128    -0.6121     0.0007   2.807813   2.807792  -0.000024    34.3285    34.3274     7.1884    27.5934    27.5925    34.3286    27.5935    1447.56    1447.57    -0.6127  1028.2299    34.4955 0.0000e+00
       7036 311.840476  -62.27266  -58.42496      0.580    1446.41    133.000    131.680    -0.6090    -0.6081     0.0009    -0.6131    -0.6121     0.0009   2.807835   2.807834  -0.000002    34.3285    34.3274     7.1762    27.5934    27.5924    34.3286    27.5934    1447.58    1447.58    -0.6130  1028.2347    34.4955 0.0000e+00
       7074 311.840494  -62.27266  -58.42494      0.626    1446.41    134.000    132.670    -0.6090    -0.6083     0.0008    -0.6131    -0.6124     0.0007   2.807840   2.807831  -0.000010    34.3280    34.3270     7.1682    27.5930    27.5922    34.3280    27.5930    1447.59    1447.60    -0.6130  1028.2390    34.4949 0.0000e+00
       7121 311.840517  -62.27266  -58.42491      0.513    1446.41    135.000    133.660    -0.6095    -0.6087     0.0008    -0.6136    -0.6128     0.0008   2.807781   2.807763  -0.000016    34.3271    34.3259     7.1744    27.5923    27.5913    34.3271    27.5923    1447.61    1447.61    -0.6135  1028.2431    34.4941 0.0000e+00
       7167 311.840539  -62.27267  -58.42488      0.514    1446.41    136.000    134.649    -0.6093    -0.6085     0.0008    -0.6135    -0.6127     0.0008   2.807834   2.807833  -0.000003    34.3270    34.3260     7.1769    27.5922    27.5914    34.3271    27.5923    1447.62    1447.63    -0.6134  1028.2479    34.4940 0.0000e+00
       7198 311.840554  -62.27268  -58.42487      0.713    1446.41    137.000    135.639    -0.6091    -0.6083     0.0008    -0.6133    -0.6125     0.0008   2.807957   2.807929  -0.000026    34.3277    34.3264     7.1767    27.5928    27.5917    34.3279    27.5929    1447.64    1447.64    -0.6132  1028.2533    34.4948 0.0000e+00
       7228 311.840569  -62.27268  -58.42484      0.802    1446.41    138.000    136.629    -0.6083    -0.6076     0.0008    -0.6126    -0.6118     0.0008   2.808108   2.808104  -0.000010    34.3282    34.3272     7.1695    27.5931    27.5923    34.3284    27.5933    1447.66    1447.67    -0.6124  1028.2584    34.4954 0.0000e+00
       7270 311.840589  -62.27268  -58.42483      0.594    1446.41    139.000    137.619    -0.6082    -0.6074     0.0008    -0.6125    -0.6117     0.0008   2.808180   2.808162  -0.000012    34.3286    34.3275     7.1767    27.5935    27.5925    34.3286    27.5935    1447.68    1447.68    -0.6124  1028.2634    34.4956 0.0000e+00
       7317 311.840611  -62.27268  -58.42481      0.500    1446.41    140.000    138.608    -0.6088    -0.6079     0.0008    -0.6130    -0.6122     0.0008   2.808164   2.808144  -0.000019    34.3283    34.3271     7.1816    27.5932    27.5922    34.3284    27.5933    1447.69    1447.69    -0.6130  1028.2680    34.4954 0.0000e+00
       7352 311.840628  -62.27268  -58.42480      0.656    1446.41    141.000    139.598    -0.6078    -0.6071     0.0008    -0.6122    -0.6114     0.0008   2.808358   2.808321  -0.000048    34.3293    34.3278     7.1755    27.5940    27.5927    34.3294    27.5940    1447.71    1447.72    -0.6120  1028.2735    34.4963 0.0000e+00
       7389 311.840646  -62.27268  -58.42477      0.669    1446.41    142.000    140.586    -0.6063    -0.6058     0.0005    -0.6107    -0.6102     0.0005   2.808620   2.808574  -0.000022    34.3297    34.3288     7.1754    27.5942    27.5935    34.3305    27.5949    1447.74    1447.74    -0.6106  1028.2792    34.4975 0.0000e+00
       7438 311.840670  -62.27268  -58.42475      0.479    1446.41    143.000    141.579    -0.5950    -0.5941     0.0009    -0.5994    -0.5986     0.0009   2.810300   2.810358   0.000067    34.3390    34.3390     7.1752    27.6013    27.6012    34.3397    27.6019    1447.82    1447.83    -0.5993  1028.2909    34.5068 0.0000e+00
       7480 311.840690  -62.27270  -58.42471      0.565    1446.41    144.000    142.567    -0.5900    -0.5908    -0.0008    -0.5944    -0.5952    -0.0008   2.811229   2.811069  -0.000161    34.3443    34.3430     7.1555    27.6053    27.6043    34.3460    27.6067    1447.87    1447.86    -0.5943  1028.3004    34.5130 0.0000e+00
       7515 311.840707  -62.27270  -58.42470      0.663    1446.41    145.000    143.557    -0.5895    -0.5881     0.0013    -0.5939    -0.5926     0.0013   2.811275   2.811417   0.000128    34.3463    34.3465     7.0986    27.6070    27.6071    34.3454    27.6062    1447.89    1447.89    -0.5939  1028.3047    34.5125 0.0000e+00
       7552 311.840725  -62.27270  -58.42467      0.658    1446.41    146.000    144.547    -0.5927    -0.5911     0.0016    -0.5972    -0.5956     0.0016   2.811075   2.811151   0.000087    34.3439    34.3433     7.0504    27.6052    27.6046    34.3457    27.6066    1447.89    1447.90    -0.5971  1028.3099    34.5128 0.0000e+00
       7593 311.840744  -62.27270  -58.42465      0.601    1446.41    147.000    145.536    -0.5820    -0.5816     0.0004    -0.5866    -0.5862     0.0004   2.812579   2.812543  -0.000037    34.3526    34.3517     7.0254    27.6118    27.6110    34.3533    27.6123    1447.96    1447.97    -0.5865  1028.3203    34.5204 0.0000e+00
