Pos-Processados/process_op42/Processamento_split/down/doperantar42_050.cnv
* Sea-Bird SBE 9 Data File:
* FileName = C:\Users\Hidrografia\Desktop\OPXLII\Brutos\OP42050.hdr
* Software Version Seasave V 7.26.7.107
* Temperature SN = 6502
* Conductivity SN = 4998
* Number of Bytes Per Scan = 37
* Number of Voltage Words = 4
* Number of Scans Averaged by the Deck Unit = 1
* NMEA Latitude = 62 08.29 S
* NMEA Longitude = 058 26.27 W
* NMEA UTC (Time) = Nov 10 2023 01:03:24
* NMEA baud rate = 4800
** H41
** NPOALTEMAXIMIANO
** NUMERO DA ESTACAO (XXX) 50
** LAT (XX XX.XX S/N) 62 08. S
** LONG (XXX XX.XX W/E) 058 26. W
** DATAHORA (dd/mm/aaaa hh:mm Z) 10/11/2023 0105Z
** PROFUNDIDADE (m) 424
** OPERADOR CT FILIPE LOPES
# nquan = 30
# nvalues = 354                         
# units = specified
# name 0 = scan: Scan Count
# name 1 = timeJ: Julian Days
# name 2 = latitude: Latitude [deg]
# name 3 = longitude: Longitude [deg]
# name 4 = dz/dtM: Descent Rate [m/s]
# name 5 = avgsvCM: Average Sound Velocity [Chen-Millero, m/s]
# name 6 = prDM: Pressure, Digiquartz [db]
# name 7 = depSM: Depth [salt water, m]
# name 8 = t090C: Temperature [ITS-90, deg C]
# name 9 = t190C: Temperature, 2 [ITS-90, deg C]
# name 10 = T2-T190C: Temperature Difference, 2 - 1 [ITS-90, deg C]
# name 11 = potemp090C: Potential Temperature [ITS-90, deg C]
# name 12 = potemp190C: Potential Temperature, 2 [ITS-90, deg C]
# name 13 = potemp90Cdiff: Potential Temperature, Diff, 2 - 1 [ITS-90, deg C]
# name 14 = c0S/m: Conductivity [S/m]
# name 15 = c1S/m: Conductivity, 2 [S/m]
# name 16 = C2-C1S/m: Conductivity Difference, 2 - 1 [S/m]
# name 17 = sal00: Salinity, Practical [PSU]
# name 18 = sal11: Salinity, Practical, 2 [PSU]
# name 19 = sbeox0ML/L: Oxygen, SBE 43 [ml/l]
# name 20 = sigma-é00: Density [sigma-theta, kg/m^3]
# name 21 = sigma-é11: Density, 2 [sigma-theta, kg/m^3]
# name 22 = sal00: Salinity, Practical [PSU]
# name 23 = sigma-é00: Density [sigma-theta, kg/m^3]
# name 24 = svCM: Sound Velocity [Chen-Millero, m/s]
# name 25 = svCM1: Sound Velocity, 2 [Chen-Millero, m/s]
# name 26 = gsw_ptA0: potential temperature [ITS-90, deg C]
# name 27 = gsw_densityA0: density, TEOS-10 [density, kg/m^3]
# name 28 = gsw_saA0: Absolute Salinity [g/kg]
# name 29 = flag:
# span 0 =       4216,      17360       
# span 1 = 314.046061, 314.052399       
# span 2 =  -62.14055,  -62.13909       
# span 3 =  -58.43575,  -58.42874       
# span 4 =      0.034,      0.953       
# span 5 =      -0.01,    1448.13       
# span 6 =     13.000,    366.000       
# span 7 =     12.880,    362.165       
# span 8 =    -0.8059,    -0.5135       
# span 9 =    -0.8049,    -0.5140       
# span 10 =    -0.0058,     0.0050      
# span 11 =    -0.8122,    -0.5258      
# span 12 =    -0.8113,    -0.5264      
# span 13 =    -0.0058,     0.0050      
# span 14 =   2.793456,   2.833027      
# span 15 =   2.793462,   2.832854      
# span 16 =  -0.000498,   0.000261      
# span 17 =    34.2706,    34.4165      
# span 18 =    34.2695,    34.4149      
# span 19 =     6.6308,     7.7449      
# span 20 =    27.5445,    27.6608      
# span 21 =    27.5436,    27.6595      
# span 22 =    34.2706,    34.4168      
# span 23 =    27.5445,    27.6610      
# span 24 =    1445.75,    1451.94      
# span 25 =    1445.76,    1451.94      
# span 26 =    -0.8121,    -0.5256      
# span 27 =  1027.6116,  1029.4107      
# span 28 =    34.4358,    34.5851      
# span 29 = 0.0000e+00, 0.0000e+00      
# interval = decibars: 1                
# start_time = Nov 10 2023 01:03:24 [NMEA time, header]
# bad_flag = -9.990e-29
*END*
[from data line 242]
      12746 314.050174  -62.14010  -58.43113      0.765    1447.15    255.000    252.398    -0.7628    -0.7621     0.0007    -0.7705    -0.7698     0.0007   2.800013   2.799984  -0.000023    34.3220    34.3209     7.3583    27.5948    27.5939    34.3222    27.5950    1448.84    1448.84    -0.7703  1028.8196    34.4897 0.0000e+00
      12777 314.050189  -62.14010  -58.43110      0.774    1447.15    256.000    253.387    -0.7627    -0.7619     0.0007    -0.7704    -0.7697     0.0007   2.800063   2.800044  -0.000023    34.3221    34.3210     7.3601    27.5949    27.5939    34.3222    27.5949    1448.85    1448.86    -0.7702  1028.8243    34.4897 0.0000e+00
      12811 314.050205  -62.14010  -58.43109      0.737    1447.15    257.000    254.376    -0.7629    -0.7622     0.0007    -0.7707    -0.7700     0.0007   2.800075   2.800067  -0.000007    34.3219    34.3210     7.3550    27.5947    27.5940    34.3220    27.5948    1448.87    1448.87    -0.7705  1028.8289    34.4896 0.0000e+00
      12845 314.050222  -62.14010  -58.43106      0.701    1447.15    258.000    255.365    -0.7625    -0.7618     0.0007    -0.7704    -0.7697     0.0007   2.800164   2.800140  -0.000020    34.3221    34.3210     7.3559    27.5948    27.5939    34.3222    27.5949    1448.89    1448.89    -0.7702  1028.8338    34.4897 0.0000e+00
      12876 314.050237  -62.14010  -58.43105      0.749    1447.15    259.000    256.355    -0.7627    -0.7618     0.0008    -0.7706    -0.7697     0.0008   2.800197   2.800193  -0.000005    34.3221    34.3211     7.3556    27.5949    27.5940    34.3222    27.5949    1448.90    1448.90    -0.7704  1028.8370    34.4877 0.0000e+00
      12909 314.050252 -9.990e-29  -58.43104      0.748    1447.15    260.000    257.343    -0.7624    -0.7617     0.0007    -0.7703    -0.7696     0.0007   2.800282   2.800262  -0.000022    34.3223    34.3211     7.3591    27.5950    27.5941    34.3223    27.5951    1448.92    1448.92    -0.7701  1028.8389    34.4842 0.0000e+00
      12940 314.050267 -9.990e-29  -58.43102      0.763    1447.15    261.000    258.333    -0.7619    -0.7612     0.0006    -0.7698    -0.7692     0.0006   2.800374   2.800347  -0.000024    34.3223    34.3213     7.3501    27.5950    27.5941    34.3224    27.5951    1448.94    1448.94    -0.7696  1028.8437    34.4842 0.0000e+00
      12969 314.050282  -62.14012  -58.43100      0.800    1447.15    262.000    259.322    -0.7619    -0.7612     0.0007    -0.7699    -0.7692     0.0007   2.800407   2.800395  -0.000011    34.3222    34.3213     7.3526    27.5950    27.5942    34.3223    27.5950    1448.95    1448.96    -0.7697  1028.8487    34.4846 0.0000e+00
      12999 314.050296  -62.14012  -58.43099      0.817    1447.15    263.000    260.311    -0.7620    -0.7613     0.0007    -0.7700    -0.7693     0.0007   2.800466   2.800439  -0.000027    34.3225    34.3213     7.3567    27.5951    27.5942    34.3225    27.5952    1448.97    1448.97    -0.7698  1028.8580    34.4902 0.0000e+00
      13027 314.050309  -62.14012  -58.43097      0.840    1447.15    264.000    261.300    -0.7616    -0.7609     0.0008    -0.7697    -0.7689     0.0008   2.800537   2.800516  -0.000025    34.3225    34.3213     7.3540    27.5952    27.5941    34.3225    27.5952    1448.99    1448.99    -0.7695  1028.8627    34.4901 0.0000e+00
      13053 314.050322  -62.14012  -58.43096      0.887    1447.15    265.000    262.289    -0.7617    -0.7610     0.0007    -0.7698    -0.7691     0.0007   2.800579   2.800561  -0.000016    34.3225    34.3215     7.3540    27.5951    27.5943    34.3226    27.5952    1449.00    1449.00    -0.7696  1028.8674    34.4901 0.0000e+00
      13083 314.050337  -62.14012  -58.43094      0.849    1447.15    266.000    263.279    -0.7611    -0.7605     0.0006    -0.7692    -0.7686     0.0006   2.800676   2.800649  -0.000025    34.3225    34.3214     7.3542    27.5951    27.5942    34.3226    27.5952    1449.02    1449.02    -0.7690  1028.8722    34.4902 0.0000e+00
      13116 314.050353  -62.14013  -58.43091      0.737    1447.15    267.000    264.267    -0.7617    -0.7608     0.0009    -0.7698    -0.7689     0.0009   2.800677   2.800675  -0.000010    34.3227    34.3215     7.3548    27.5953    27.5943    34.3226    27.5953    1449.04    1449.04    -0.7696  1028.8770    34.4902 0.0000e+00
      13157 314.050372  -62.14014  -58.43090      0.607    1447.15    268.000    265.257    -0.7614    -0.7607     0.0007    -0.7696    -0.7689     0.0007   2.800748   2.800721  -0.000020    34.3226    34.3215     7.3500    27.5952    27.5943    34.3227    27.5953    1449.05    1449.06    -0.7694  1028.8818    34.4902 0.0000e+00
      13198 314.050392  -62.14014  -58.43088      0.567    1447.15    269.000    266.246    -0.7612    -0.7605     0.0007    -0.7694    -0.7687     0.0007   2.800818   2.800795  -0.000021    34.3227    34.3216     7.3527    27.5954    27.5944    34.3228    27.5954    1449.07    1449.08    -0.7692  1028.8867    34.4904 0.0000e+00
      13234 314.050409  -62.14014  -58.43086      0.667    1447.15    270.000    267.235    -0.7601    -0.7603    -0.0002    -0.7684    -0.7685    -0.0002   2.800949   2.800879  -0.000072    34.3226    34.3218     7.3487    27.5952    27.5945    34.3227    27.5953    1449.09    1449.09    -0.7682  1028.8913    34.4903 0.0000e+00
      13266 314.050425  -62.14014  -58.43085      0.733    1447.15    271.000    268.224    -0.7593    -0.7586     0.0007    -0.7676    -0.7669     0.0007   2.801085   2.801074  -0.000012    34.3228    34.3219     7.3496    27.5953    27.5945    34.3230    27.5955    1449.11    1449.12    -0.7674  1028.8963    34.4906 0.0000e+00
      13301 314.050442  -62.14014  -58.43082      0.708    1447.23    272.000    269.213    -0.7587    -0.7580     0.0007    -0.7670    -0.7663     0.0007   2.801178   2.801176  -0.000003    34.3228    34.3220     7.3485    27.5953    27.5946    34.3229    27.5954    1449.13    1449.14    -0.7668  1028.9010    34.4905 0.0000e+00
      13339 314.050460  -62.14015  -58.43081      0.632    1447.43    273.000    270.202    -0.7587    -0.7584     0.0003    -0.7670    -0.7667     0.0003   2.801254   2.801197  -0.000055    34.3232    34.3221     7.3524    27.5956    27.5947    34.3233    27.5957    1449.15    1449.15    -0.7668  1028.9061    34.4909 0.0000e+00
      13380 314.050480  -62.14016  -58.43078      0.594    1447.43    274.000    271.191    -0.7583    -0.7575     0.0007    -0.7666    -0.7659     0.0007   2.801332   2.801320  -0.000013    34.3232    34.3222     7.3417    27.5956    27.5948    34.3233    27.5957    1449.17    1449.17    -0.7665  1028.9108    34.4909 0.0000e+00
      13422 314.050500  -62.14016  -58.43076      0.567    1447.43    275.000    272.180    -0.7600    -0.7593     0.0007    -0.7684    -0.7677     0.0007   2.801271   2.801262  -0.000010    34.3239    34.3229     7.3428    27.5962    27.5954    34.3238    27.5962    1449.18    1449.18    -0.7682  1028.9161    34.4914 0.0000e+00
      13460 314.050518  -62.14016  -58.43073      0.615    1447.43    276.000    273.170    -0.7604    -0.7597     0.0007    -0.7688    -0.7681     0.0007   2.801281   2.801262  -0.000017    34.3238    34.3228     7.3435    27.5962    27.5953    34.3238    27.5962    1449.19    1449.19    -0.7686  1028.9208    34.4914 0.0000e+00
      13495 314.050535  -62.14016  -58.43072      0.679    1447.43    277.000    274.159    -0.7604    -0.7597     0.0007    -0.7689    -0.7682     0.0007   2.801316   2.801301  -0.000018    34.3237    34.3227     7.3505    27.5961    27.5952    34.3237    27.5961    1449.21    1449.21    -0.7687  1028.9255    34.4913 0.0000e+00
      13527 314.050551  -62.14017  -58.43070      0.737    1447.43    278.000    275.148    -0.7594    -0.7589     0.0004    -0.7679    -0.7675     0.0004   2.801460   2.801421  -0.000037    34.3237    34.3227     7.3518    27.5960    27.5952    34.3238    27.5962    1449.23    1449.23    -0.7677  1028.9303    34.4914 0.0000e+00
      13558 314.050566  -62.14018  -58.43069      0.780    1447.43    279.000    276.137    -0.7590    -0.7584     0.0006    -0.7676    -0.7670     0.0006   2.801559   2.801532  -0.000027    34.3241    34.3230     7.3403    27.5964    27.5955    34.3241    27.5964    1449.25    1449.25    -0.7673  1028.9353    34.4917 0.0000e+00
      13589 314.050581  -62.14018  -58.43068      0.761    1447.43    280.000    277.126    -0.7589    -0.7582     0.0007    -0.7675    -0.7668     0.0007   2.801615   2.801595  -0.000022    34.3242    34.3231     7.3384    27.5964    27.5955    34.3242    27.5965    1449.26    1449.27    -0.7673  1028.9401    34.4918 0.0000e+00
      13620 314.050596  -62.14018  -58.43065      0.767    1447.43    281.000    278.114    -0.7589    -0.7582     0.0007    -0.7675    -0.7668     0.0007   2.801657   2.801636  -0.000019    34.3241    34.3230     7.3397    27.5963    27.5955    34.3241    27.5964    1449.28    1449.28    -0.7673  1028.9449    34.4918 0.0000e+00
      13654 314.050612  -62.14018  -58.43063      0.738    1447.43    282.000    279.104    -0.7585    -0.7578     0.0007    -0.7671    -0.7664     0.0007   2.801737   2.801726  -0.000011    34.3240    34.3231     7.3447    27.5963    27.5955    34.3242    27.5964    1449.30    1449.30    -0.7669  1028.9496    34.4918 0.0000e+00
      13691 314.050630  -62.14018  -58.43061      0.646    1447.43    283.000    280.093    -0.7564    -0.7532     0.0031    -0.7651    -0.7619     0.0031   2.802016   2.802292   0.000261    34.3244    34.3244     7.3459    27.5965    27.5964    34.3249    27.5969    1449.33    1449.34    -0.7649  1028.9549    34.4926 0.0000e+00
      13725 314.050646  -62.14019  -58.43059      0.682    1447.43    284.000    281.082    -0.7545    -0.7532     0.0013    -0.7632    -0.7619     0.0013   2.802228   2.802328   0.000109    34.3250    34.3250     7.3460    27.5969    27.5968    34.3250    27.5970    1449.35    1449.36    -0.7630  1028.9597    34.4927 0.0000e+00
      13757 314.050662  -62.14020  -58.43058      0.744    1447.43    285.000    282.071    -0.7543    -0.7536     0.0006    -0.7630    -0.7624     0.0006   2.802359   2.802336  -0.000016    34.3257    34.3247     7.3386    27.5975    27.5967    34.3259    27.5977    1449.37    1449.37    -0.7628  1028.9651    34.4936 0.0000e+00
      13789 314.050677  -62.14020  -58.43056      0.759    1447.43    286.000    283.060    -0.7537    -0.7532     0.0005    -0.7625    -0.7620     0.0005   2.802453   2.802423  -0.000037    34.3259    34.3248     7.3288    27.5976    27.5967    34.3260    27.5977    1449.39    1449.39    -0.7623  1028.9699    34.4937 0.0000e+00
      13820 314.050692  -62.14020  -58.43055      0.771    1447.43    287.000    284.049    -0.7524    -0.7504     0.0020    -0.7613    -0.7593     0.0020   2.802648   2.802755   0.000119    34.3261    34.3255     7.3197    27.5978    27.5971    34.3265    27.5981    1449.41    1449.42    -0.7610  1028.9751    34.4942 0.0000e+00
      13849 314.050706  -62.14020  -58.43054      0.809    1447.43    288.000    285.038    -0.7491    -0.7492    -0.0001    -0.7579    -0.7581    -0.0001   2.803051   2.802946  -0.000107    34.3272    34.3260     7.3274    27.5985    27.5975    34.3275    27.5988    1449.45    1449.44    -0.7577  1028.9804    34.4952 0.0000e+00
      13877 314.050720  -62.14020  -58.43052      0.842    1447.43    289.000    286.027    -0.7365    -0.7353     0.0013    -0.7455    -0.7442     0.0013   2.804369   2.804462   0.000077    34.3277    34.3273     7.3229    27.5984    27.5980    34.3305    27.6007    1449.52    1449.53    -0.7453  1028.9870    34.4982 0.0000e+00
      13905 314.050733  -62.14020  -58.43050      0.861    1447.43    290.000    287.016    -0.7246    -0.7225     0.0021    -0.7336    -0.7315     0.0021   2.805695   2.805748   0.000075    34.3331    34.3317     7.3187    27.6022    27.6010    34.3343    27.6032    1449.60    1449.61    -0.7334  1028.9942    34.5020 0.0000e+00
      13932 314.050746  -62.14020  -58.43050      0.889    1447.43    291.000    288.005    -0.7199    -0.7203    -0.0004    -0.7290    -0.7294    -0.0004   2.806208   2.806049  -0.000143    34.3337    34.3322     7.3184    27.6026    27.6014    34.3353    27.6038    1449.64    1449.64    -0.7287  1028.9995    34.5030 0.0000e+00
      13960 314.050759  -62.14021  -58.43047      0.872    1447.43    292.000    288.994    -0.7070    -0.7080    -0.0010    -0.7161    -0.7172    -0.0010   2.807444   2.807284  -0.000159    34.3347    34.3338     7.2897    27.6028    27.6021    34.3368    27.6045    1449.72    1449.71    -0.7159  1029.0048    34.5045 0.0000e+00
      13989 314.050774  -62.14022  -58.43046      0.821    1447.43    293.000    289.984    -0.7020    -0.7033    -0.0013    -0.7112    -0.7125    -0.0013   2.807974   2.807827  -0.000166    34.3363    34.3354     7.2614    27.6039    27.6033    34.3377    27.6050    1449.76    1449.75    -0.7110  1029.0100    34.5054 0.0000e+00
      14020 314.050789  -62.14022  -58.43044      0.783    1447.43    294.000    290.973    -0.6932    -0.6918     0.0013    -0.7024    -0.7010     0.0013   2.808865   2.808964   0.000095    34.3371    34.3368     7.2453    27.6041    27.6039    34.3390    27.6057    1449.82    1449.83    -0.7022  1029.0154    34.5067 0.0000e+00
      14051 314.050803  -62.14022  -58.43044      0.785    1447.43    295.000    291.962    -0.6922    -0.6912     0.0011    -0.7015    -0.7004     0.0011   2.809043   2.809059   0.000019    34.3387    34.3377     7.2243    27.6054    27.6046    34.3397    27.6063    1449.84    1449.85    -0.7013  1029.0207    34.5075 0.0000e+00
      14080 314.050817  -62.14022  -58.43041      0.817    1447.43    296.000    292.950    -0.6937    -0.6936     0.0000    -0.7030    -0.7029     0.0000   2.808982   2.808879  -0.000088    34.3389    34.3376     7.2089    27.6057    27.6046    34.3400    27.6065    1449.85    1449.85    -0.7028  1029.0258    34.5077 0.0000e+00
      14107 314.050831  -62.14022  -58.43040      0.854    1447.43    297.000    293.939    -0.6902    -0.6907    -0.0005    -0.6995    -0.7000    -0.0005   2.809306   2.809196  -0.000097    34.3386    34.3378     7.1978    27.6053    27.6047    34.3398    27.6062    1449.88    1449.88    -0.6993  1029.0302    34.5075 0.0000e+00
      14134 314.050843  -62.14022  -58.43039      0.888    1447.43    298.000    294.928    -0.6878    -0.6880    -0.0002    -0.6971    -0.6974    -0.0002   2.809603   2.809505  -0.000105    34.3394    34.3382     7.1989    27.6058    27.6049    34.3404    27.6067    1449.91    1449.91    -0.6970  1029.0353    34.5082 0.0000e+00
      14160 314.050856  -62.14023  -58.43038      0.906    1447.43    299.000    295.917    -0.6833    -0.6833    -0.0000    -0.6927    -0.6928    -0.0000   2.810091   2.810005  -0.000097    34.3402    34.3389     7.1945    27.6063    27.6052    34.3413    27.6072    1449.95    1449.95    -0.6925  1029.0406    34.5091 0.0000e+00
      14187 314.050869  -62.14024  -58.43036      0.905    1447.43    300.000    296.906    -0.6825    -0.6820     0.0005    -0.6919    -0.6915     0.0005   2.810250   2.810186  -0.000066    34.3411    34.3396     7.1994    27.6070    27.6058    34.3419    27.6076    1449.97    1449.97    -0.6917  1029.0458    34.5097 0.0000e+00
      14213 314.050882  -62.14024  -58.43036      0.904    1447.43    301.000    297.895    -0.6810    -0.6816    -0.0007    -0.6904    -0.6911    -0.0007   2.810473   2.810298  -0.000171    34.3411    34.3395     7.2020    27.6069    27.6057    34.3426    27.6081    1449.99    1449.99    -0.6903  1029.0510    34.5104 0.0000e+00
      14241 314.050895  -62.14024  -58.43034      0.893    1447.43    302.000    298.884    -0.6713    -0.6696     0.0018    -0.6809    -0.6791     0.0017   2.811475   2.811570   0.000081    34.3431    34.3422     7.1940    27.6081    27.6073    34.3446    27.6093    1450.06    1450.07    -0.6807  1029.0569    34.5124 0.0000e+00
