Pos-Processados/process_op42/Processamento_split/down/doperantar42_046.cnv
* Sea-Bird SBE 9 Data File:
* FileName = C:\Users\Hidrografia\Desktop\OPXLII\Brutos\OP42046.hdr
* Software Version Seasave V 7.26.7.107
* Temperature SN = 6502
* Conductivity SN = 4998
* Number of Bytes Per Scan = 37
* Number of Voltage Words = 4
* Number of Scans Averaged by the Deck Unit = 1
* NMEA Latitude = 62 08.52 S
* NMEA Longitude = 058 26.59 W
* NMEA UTC (Time) = Nov 09 2023 21:09:08
* NMEA baud rate = 4800
** H41
** NPOALTEMAXIMIANO
** NUMERO DA ESTACAO (XXX) 046
** LAT (XX XX.XX S/N) 62 08. S
** LONG (XXX XX.XX W/E) 058 26. W
** DATAHORA (dd/mm/aaaa hh:mm Z) 09/11/2023 2105Z
** PROFUNDIDADE (m)
** OPERADOR 1T ZAMITH
# nquan = 30
# nvalues = 358                         
# units = specified
# name 0 = scan: Scan Count
# name 1 = timeJ: Julian Days
# name 2 = latitude: Latitude [deg]
# name 3 = longitude: Longitude [deg]
# name 4 = dz/dtM: Descent Rate [m/s]
# name 5 = avgsvCM: Average Sound Velocity [Chen-Millero, m/s]
# name 6 = prDM: Pressure, Digiquartz [db]
# name 7 = depSM: Depth [salt water, m]
# name 8 = t090C: Temperature [ITS-90, deg C]
# name 9 = t190C: Temperature, 2 [ITS-90, deg C]
# name 10 = T2-T190C: Temperature Difference, 2 - 1 [ITS-90, deg C]
# name 11 = potemp090C: Potential Temperature [ITS-90, deg C]
# name 12 = potemp190C: Potential Temperature, 2 [ITS-90, deg C]
# name 13 = potemp90Cdiff: Potential Temperature, Diff, 2 - 1 [ITS-90, deg C]
# name 14 = c0S/m: Conductivity [S/m]
# name 15 = c1S/m: Conductivity, 2 [S/m]
# name 16 = C2-C1S/m: Conductivity Difference, 2 - 1 [S/m]
# name 17 = sal00: Salinity, Practical [PSU]
# name 18 = sal11: Salinity, Practical, 2 [PSU]
# name 19 = sbeox0ML/L: Oxygen, SBE 43 [ml/l]
# name 20 = sigma-é00: Density [sigma-theta, kg/m^3]
# name 21 = sigma-é11: Density, 2 [sigma-theta, kg/m^3]
# name 22 = sal00: Salinity, Practical [PSU]
# name 23 = sigma-é00: Density [sigma-theta, kg/m^3]
# name 24 = svCM: Sound Velocity [Chen-Millero, m/s]
# name 25 = svCM1: Sound Velocity, 2 [Chen-Millero, m/s]
# name 26 = gsw_ptA0: potential temperature [ITS-90, deg C]
# name 27 = gsw_densityA0: density, TEOS-10 [density, kg/m^3]
# name 28 = gsw_saA0: Absolute Salinity [g/kg]
# name 29 = flag:
# span 0 =       2310,      13699       
# span 1 = 313.882456, 313.887948       
# span 2 =  -62.14466,  -62.14246       
# span 3 =  -58.44468,  -58.44356       
# span 4 =     -0.175,      1.135       
# span 5 =       0.00,    1448.02       
# span 6 =      5.000,    362.000       
# span 7 =      4.963,    358.186       
# span 8 =    -0.7940,    -0.4771       
# span 9 =    -0.7947,    -0.4924       
# span 10 =    -0.0153,     0.0036      
# span 11 =    -0.8013,    -0.4894      
# span 12 =    -0.8020,    -0.5046      
# span 13 =    -0.0152,     0.0036      
# span 14 =   2.792599,   2.834178      
# span 15 =   2.792603,   2.832699      
# span 16 =  -0.001454,   0.000156      
# span 17 =    34.2793,    34.3931      
# span 18 =    34.2790,    34.3908      
# span 19 =     6.7293,     7.6139      
# span 20 =    27.5511,    27.6402      
# span 21 =    27.5507,    27.6390      
# span 22 =    34.2766,    34.3936      
# span 23 =    27.5509,    27.6406      
# span 24 =    1445.68,    1452.01      
# span 25 =    1445.70,    1451.94      
# span 26 =    -0.8010,    -0.4892      
# span 27 =  1027.5793,  1029.3739      
# span 28 =    34.4429,    34.5655      
# span 29 = 0.0000e+00, 0.0000e+00      
# interval = decibars: 1                
# start_time = Nov 09 2023 21:09:08 [NMEA time, header]
# bad_flag = -9.990e-29
*END*
[from data line 339]
      10782 313.886542 -9.990e-29  -58.44458      0.952    1447.72    344.000    340.416    -0.5504    -0.5500     0.0004    -0.5618    -0.5614     0.0004   2.826135   2.826078  -0.000057    34.3778    34.3765     6.9133    27.6310    27.6300    34.3794    27.6323    1451.36    1451.36    -0.5616  1029.2734    34.5416 0.0000e+00
      10810 313.886555 -9.990e-29  -58.44458      0.909    1447.72    345.000    341.405    -0.5447    -0.5459    -0.0011    -0.5562    -0.5573    -0.0011   2.826816   2.826604  -0.000200    34.3796    34.3782     6.8955    27.6322    27.6312    34.3815    27.6338    1451.40    1451.40    -0.5559  1029.2795    34.5437 0.0000e+00
      11114 313.886702  -62.14418  -58.44461      0.356    1447.72    346.000    342.389    -0.5351    -0.5366    -0.0015    -0.5466    -0.5481    -0.0015   2.827828   2.827610  -0.000213    34.3828    34.3816     6.8459    27.6344    27.6335    34.3836    27.6351    1451.47    1451.46    -0.5464  1029.2883    34.5493 0.0000e+00
      11658 313.886964  -62.14425  -58.44466      0.193    1448.02    347.000    343.388    -0.5279    -0.5276     0.0003    -0.5395    -0.5392     0.0003   2.828624   2.828566  -0.000061    34.3855    34.3843     6.8060    27.6362    27.6353    34.3856    27.6363    1451.52    1451.52    -0.5393  1029.2965    34.5541 0.0000e+00
      11705 313.886987 -9.990e-29  -58.44466      0.361    1448.01    348.000    344.372    -0.5278    -0.5271     0.0007    -0.5394    -0.5387     0.0007   2.828689   2.828678  -0.000011    34.3856    34.3847     6.8065    27.6364    27.6356    34.3857    27.6365    1451.54    1451.54    -0.5392  1029.2962    34.5479 0.0000e+00
      11773 313.887019  -62.14428  -58.44466      0.348    1448.01    349.000    345.358    -0.5280    -0.5275     0.0005    -0.5397    -0.5391     0.0005   2.828716   2.828692  -0.000024    34.3857    34.3848     6.8090    27.6365    27.6357    34.3858    27.6365    1451.55    1451.55    -0.5394  1029.3048    34.5526 0.0000e+00
      11845 313.887054  -62.14430  -58.44466      0.338    1448.01    350.000    346.350    -0.5285    -0.5280     0.0004    -0.5402    -0.5397     0.0004   2.828719   2.828699  -0.000022    34.3857    34.3849     6.8097    27.6365    27.6358    34.3857    27.6365    1451.57    1451.57    -0.5400  1029.3105    34.5538 0.0000e+00
      11911 313.887086  -62.14431  -58.44466      0.358    1448.01    351.000    347.336    -0.5307    -0.5300     0.0007    -0.5424    -0.5417     0.0007   2.828598   2.828595  -0.000005    34.3861    34.3852     6.8069    27.6369    27.6361    34.3860    27.6368    1451.57    1451.57    -0.5422  1029.3156    34.5540 0.0000e+00
      11974 313.887117  -62.14432  -58.44468      0.393    1448.01    352.000    348.327    -0.5312    -0.5305     0.0007    -0.5429    -0.5423     0.0007   2.828617   2.828614  -0.000003    34.3862    34.3854     6.8080    27.6370    27.6363    34.3861    27.6369    1451.59    1451.59    -0.5427  1029.3205    34.5542 0.0000e+00
      12035 313.887146  -62.14434  -58.44468      0.393    1448.01    353.000    349.315    -0.5310    -0.5304     0.0006    -0.5428    -0.5422     0.0006   2.828687   2.828674  -0.000013    34.3863    34.3854     6.8102    27.6371    27.6363    34.3863    27.6370    1451.61    1451.61    -0.5426  1029.3253    34.5543 0.0000e+00
      12099 313.887177  -62.14435  -58.44468      0.376    1448.01    354.000    350.305    -0.5317    -0.5311     0.0007    -0.5435    -0.5429     0.0007   2.828688   2.828680  -0.000009    34.3866    34.3857     6.7951    27.6373    27.6366    34.3865    27.6373    1451.62    1451.62    -0.5433  1029.3303    34.5546 0.0000e+00
      12154 313.887203  -62.14437  -58.44468      0.440    1448.01    355.000    351.292    -0.5311    -0.5307     0.0005    -0.5430    -0.5425     0.0005   2.828830   2.828804  -0.000028    34.3871    34.3862     6.7943    27.6377    27.6369    34.3872    27.6378    1451.64    1451.64    -0.5428  1029.3355    34.5552 0.0000e+00
      12209 313.887230  -62.14438  -58.44468      0.433    1448.01    356.000    352.281    -0.5320    -0.5310     0.0010    -0.5439    -0.5429     0.0010   2.828809   2.828827   0.000016    34.3874    34.3864     6.7904    27.6380    27.6372    34.3873    27.6379    1451.65    1451.65    -0.5437  1029.3404    34.5554 0.0000e+00
      12271 313.887260  -62.14438  -58.44468      0.354    1448.01    357.000    353.266    -0.5321    -0.5310     0.0011    -0.5440    -0.5429     0.0011   2.828858   2.828890   0.000032    34.3874    34.3866     6.7913    27.6380    27.6373    34.3874    27.6380    1451.67    1451.67    -0.5438  1029.3418    34.5511 0.0000e+00
      12378 313.887311  -62.14442  -58.44468      0.205    1448.01    358.000    354.260    -0.5303    -0.5300     0.0003    -0.5423    -0.5419     0.0003   2.829082   2.829033  -0.000047    34.3876    34.3866     6.7944    27.6381    27.6373    34.3878    27.6382    1451.69    1451.69    -0.5420  1029.3489    34.5542 0.0000e+00
      12461 313.887351  -62.14443  -58.44468      0.308    1448.01    359.000    355.246    -0.5255    -0.5247     0.0007    -0.5375    -0.5368     0.0007   2.829582   2.829574  -0.000009    34.3882    34.3872     6.7857    27.6383    27.6376    34.3884    27.6385    1451.73    1451.73    -0.5373  1029.3552    34.5564 0.0000e+00
      12543 313.887391  -62.14444  -58.44468      0.295    1448.01    360.000    356.233    -0.5246    -0.5239     0.0007    -0.5366    -0.5359     0.0007   2.829715   2.829705  -0.000009    34.3884    34.3875     6.7785    27.6385    27.6377    34.3886    27.6386    1451.75    1451.75    -0.5364  1029.3581    34.5542 0.0000e+00
      12702 313.887468  -62.14451  -58.44468      0.216    1448.01    361.000    357.221    -0.5191    -0.5188     0.0003    -0.5312    -0.5309     0.0003   2.830269   2.830222  -0.000036    34.3889    34.3881     6.7742    27.6386    27.6380    34.3892    27.6389    1451.79    1451.79    -0.5310  1029.3623    34.5540 0.0000e+00
      13699 313.887948  -62.14466  -58.44467     -0.159    1448.01    362.000    358.186    -0.4771    -0.4924    -0.0153    -0.4894    -0.5046    -0.0152   2.834178   2.832699  -0.001454    34.3931    34.3908     6.7293    27.6402    27.6390    34.3936    27.6406    1452.01    1451.94    -0.4892  1029.3739    34.5655 0.0000e+00
