Pos-Processados/process_op42/Processamento_split/down/doperantar42_043.cnv
* Sea-Bird SBE 9 Data File:
* FileName = C:\Users\Hidrografia\Desktop\OPXLII\Brutos\OP42043.hdr
* Software Version Seasave V 7.26.7.107
* Temperature SN = 6502
* Conductivity SN = 4998
* Number of Bytes Per Scan = 37
* Number of Voltage Words = 4
* Number of Scans Averaged by the Deck Unit = 1
* NMEA Latitude = 62 08.44 S
* NMEA Longitude = 058 25.74 W
* NMEA UTC (Time) = Nov 09 2023 18:18:47
* NMEA baud rate = 4800
** H41
** NPOALTEMAXIMIANO
** NUMERO DA ESTACAO (XXX) 043
** LAT (XX XX.XX S/N) 62 08.430 S
** LONG (XXX XX.XX W/E) 058 26.773 W
** DATAHORA (dd/mm/aaaa hh:mm Z) 09/11/2023 1818Z
** PROFUNDIDADE (m) 400
** OPERADOR CT FABIREZA
# nquan = 30
# nvalues = 386                         
# units = specified
# name 0 = scan: Scan Count
# name 1 = timeJ: Julian Days
# name 2 = latitude: Latitude [deg]
# name 3 = longitude: Longitude [deg]
# name 4 = dz/dtM: Descent Rate [m/s]
# name 5 = avgsvCM: Average Sound Velocity [Chen-Millero, m/s]
# name 6 = prDM: Pressure, Digiquartz [db]
# name 7 = depSM: Depth [salt water, m]
# name 8 = t090C: Temperature [ITS-90, deg C]
# name 9 = t190C: Temperature, 2 [ITS-90, deg C]
# name 10 = T2-T190C: Temperature Difference, 2 - 1 [ITS-90, deg C]
# name 11 = potemp090C: Potential Temperature [ITS-90, deg C]
# name 12 = potemp190C: Potential Temperature, 2 [ITS-90, deg C]
# name 13 = potemp90Cdiff: Potential Temperature, Diff, 2 - 1 [ITS-90, deg C]
# name 14 = c0S/m: Conductivity [S/m]
# name 15 = c1S/m: Conductivity, 2 [S/m]
# name 16 = C2-C1S/m: Conductivity Difference, 2 - 1 [S/m]
# name 17 = sal00: Salinity, Practical [PSU]
# name 18 = sal11: Salinity, Practical, 2 [PSU]
# name 19 = sbeox0ML/L: Oxygen, SBE 43 [ml/l]
# name 20 = sigma-é00: Density [sigma-theta, kg/m^3]
# name 21 = sigma-é11: Density, 2 [sigma-theta, kg/m^3]
# name 22 = sal00: Salinity, Practical [PSU]
# name 23 = sigma-é00: Density [sigma-theta, kg/m^3]
# name 24 = svCM: Sound Velocity [Chen-Millero, m/s]
# name 25 = svCM1: Sound Velocity, 2 [Chen-Millero, m/s]
# name 26 = gsw_ptA0: potential temperature [ITS-90, deg C]
# name 27 = gsw_densityA0: density, TEOS-10 [density, kg/m^3]
# name 28 = gsw_saA0: Absolute Salinity [g/kg]
# name 29 = flag:
# span 0 =       2147,      14673       
# span 1 = 313.764079, 313.770120       
# span 2 =  -62.14383,  -62.14129       
# span 3 =  -58.42838,  -58.42265       
# span 4 =      0.185,      0.990       
# span 5 =      -0.01,    1448.44       
# span 6 =      3.000,    388.000       
# span 7 =      2.977,    383.885       
# span 8 =    -0.8208,    -0.5119       
# span 9 =    -0.8199,    -0.5104       
# span 10 =    -0.0033,     0.0042      
# span 11 =    -0.8265,    -0.5120      
# span 12 =    -0.8255,    -0.5105      
# span 13 =    -0.0033,     0.0042      
# span 14 =   2.791144,   2.824558      
# span 15 =   2.791170,   2.824647      
# span 16 =  -0.000335,   0.000136      
# span 17 =    34.2752,    34.3942      
# span 18 =    34.2742,    34.3930      
# span 19 =     6.7827,     7.6642      
# span 20 =    27.5458,    27.6469      
# span 21 =    27.5449,    27.6459      
# span 22 =    34.2753,    34.3941      
# span 23 =    27.5459,    27.6468      
# span 24 =    1445.85,    1451.82      
# span 25 =    1445.86,    1451.83      
# span 26 =    -0.8263,    -0.5120      
# span 27 =  1027.5647,  1029.5021      
# span 28 =    34.4386,    34.5622      
# span 29 = 0.0000e+00, 0.0000e+00      
# interval = decibars: 1                
# start_time = Nov 09 2023 18:18:47 [NMEA time, header]
# bad_flag = -9.990e-29
*END*
       2147 313.764079  -62.14129  -58.42838      0.188       0.00      3.000      2.977    -0.5119    -0.5104     0.0015    -0.5120    -0.5105     0.0015   2.806069   2.806129   0.000054    34.2752    34.2742     7.6497    27.5458    27.5449    34.2753    27.5459    1445.85    1445.86    -0.5120  1027.5647    34.4406 0.0000e+00
       2331 313.764168  -62.14134  -58.42832      0.294       0.00      4.000      3.986    -0.5137    -0.5132     0.0005    -0.5138    -0.5134     0.0005   2.806012   2.805959  -0.000055    34.2761    34.2749     7.6497    27.5466    27.5456    34.2759    27.5464    1445.86    1445.86    -0.5138  1027.5701    34.4412 0.0000e+00
       2388 313.764195  -62.14135  -58.42830      0.401       0.00      5.000      4.952    -0.5132    -0.5127     0.0006    -0.5134    -0.5128     0.0006   2.806084   2.806061  -0.000022    34.2757    34.2747     7.6552    27.5463    27.5455    34.2757    27.5463    1445.88    1445.88    -0.5134  1027.5747    34.4410 0.0000e+00
       2449 313.764224  -62.14137  -58.42828      0.442       0.00      6.000      5.939    -0.5139    -0.5130     0.0009    -0.5141    -0.5132     0.0009   2.806088   2.806087 3.4276e-08    34.2759    34.2748     7.6579    27.5465    27.5456    34.2759    27.5464    1445.89    1445.89    -0.5141  1027.5796    34.4412 0.0000e+00
       2545 313.764271  -62.14140  -58.42825      0.236       0.00      7.000      6.937    -0.5146    -0.5134     0.0012    -0.5148    -0.5136     0.0012   2.806102   2.806105   0.000002    34.2762    34.2750     7.6476    27.5468    27.5457    34.2762    27.5468    1445.90    1445.91    -0.5148  1027.5847    34.4416 0.0000e+00
       2614 313.764304  -62.14142  -58.42822      0.340 1.7450e-08      8.000      7.923    -0.5146    -0.5135     0.0011    -0.5148    -0.5138     0.0011   2.806146   2.806152   0.000008    34.2762    34.2751     7.6576    27.5467    27.5458    34.2762    27.5467    1445.92    1445.92    -0.5148  1027.5895    34.4416 0.0000e+00
       2658 313.764326  -62.14143  -58.42820      0.551       0.11      9.000      8.913    -0.5156    -0.5153     0.0003    -0.5159    -0.5156     0.0003   2.806099   2.806060  -0.000039    34.2762    34.2753     7.6595    27.5468    27.5460    34.2761    27.5467    1445.93    1445.93    -0.5159  1027.5943    34.4415 0.0000e+00
       2709 313.764350  -62.14144  -58.42819      0.459      -0.01     10.000      9.905    -0.5174    -0.5163     0.0011    -0.5177    -0.5166     0.0011   2.805975   2.806004   0.000028    34.2764    34.2755     7.6622    27.5470    27.5462    34.2759    27.5466    1445.94    1445.94    -0.5177  1027.5990    34.4412 0.0000e+00
       2752 313.764371  -62.14146  -58.42817      0.562 1.1120e-08     11.000     10.894    -0.5321    -0.5308     0.0013    -0.5324    -0.5312     0.0013   2.804942   2.804934  -0.000010    34.2788    34.2772     7.6610    27.5496    27.5483    34.2780    27.5490    1445.89    1445.89    -0.5324  1027.6061    34.4433 0.0000e+00
       2798 313.764393  -62.14146  -58.42815      0.523       0.05     12.000     11.884    -0.5299    -0.5308    -0.0009    -0.5302    -0.5311    -0.0009   2.805140   2.804961  -0.000172    34.2778    34.2765     7.6514    27.5487    27.5477    34.2775    27.5484    1445.91    1445.91    -0.5302  1027.6103    34.4428 0.0000e+00
       2838 313.764412  -62.14148  -58.42814      0.581       0.00     13.000     12.875    -0.5341    -0.5333     0.0008    -0.5345    -0.5337     0.0008   2.804845   2.804802  -0.000047    34.2780    34.2765     7.6474    27.5491    27.5478    34.2777    27.5488    1445.91    1445.91    -0.5345  1027.6155    34.4430 0.0000e+00
       2872 313.764428  -62.14148  -58.42813      0.715 4.9440e-20     14.000     13.865    -0.5312    -0.5309     0.0003    -0.5316    -0.5313     0.0003   2.805056   2.805057  -0.000006    34.2768    34.2763     7.6435    27.5479    27.5476    34.2766    27.5478    1445.94    1445.94    -0.5316  1027.6192    34.4419 0.0000e+00
       2905 313.764444  -62.14149  -58.42812      0.732       0.19     15.000     14.856    -0.5312    -0.5302     0.0011    -0.5317    -0.5306     0.0011   2.805134   2.805165   0.000032    34.2773    34.2765     7.6525    27.5483    27.5477    34.2771    27.5482    1445.96    1445.96    -0.5317  1027.6244    34.4424 0.0000e+00
       2936 313.764459  -62.14150  -58.42810      0.741       0.00     16.000     15.846    -0.5326    -0.5321     0.0005    -0.5331    -0.5326     0.0005   2.805106   2.805055  -0.000042    34.2778    34.2766     7.6530    27.5488    27.5478    34.2777    27.5487    1445.97    1445.97    -0.5331  1027.6297    34.4429 0.0000e+00
       2966 313.764474  -62.14151  -58.42809      0.807 8.1764e-51     17.000     16.836    -0.5316    -0.5310     0.0006    -0.5321    -0.5315     0.0006   2.805202   2.805189  -0.000019    34.2773    34.2764     7.6561    27.5484    27.5477    34.2771    27.5482    1445.99    1445.99    -0.5321  1027.6340    34.4424 0.0000e+00
       2996 313.764488  -62.14152  -58.42808      0.804 1.6888e-28     18.000     17.827    -0.5281    -0.5298    -0.0016    -0.5287    -0.5303    -0.0016   2.805536   2.805356  -0.000165    34.2769    34.2765     7.6586    27.5479    27.5477    34.2771    27.5481    1446.02    1446.01    -0.5286  1027.6386    34.4423 0.0000e+00
       3024 313.764502  -62.14152  -58.42808      0.819 4.3445e-09     19.000     18.817    -0.5327    -0.5317     0.0010    -0.5333    -0.5323     0.0010   2.805225   2.805213  -0.000016    34.2779    34.2765     7.6616    27.5489    27.5478    34.2775    27.5486    1446.01    1446.02    -0.5333  1027.6439    34.4427 0.0000e+00
       3050 313.764514  -62.14152  -58.42806      0.910     742.33     20.000     19.807    -0.5347    -0.5341     0.0006    -0.5353    -0.5347     0.0006   2.805112   2.805080  -0.000031    34.2778    34.2767     7.6602    27.5489    27.5480    34.2776    27.5488    1446.02    1446.02    -0.5353  1027.6488    34.4428 0.0000e+00
       3078 313.764528  -62.14154  -58.42806      0.881    1426.78     21.000     20.798    -0.5355    -0.5345     0.0010    -0.5361    -0.5351     0.0010   2.805082   2.805081  -0.000006    34.2778    34.2766     7.6642    27.5489    27.5480    34.2775    27.5487    1446.03    1446.04    -0.5361  1027.6535    34.4426 0.0000e+00
       3111 313.764544  -62.14154  -58.42804      0.756    1446.02     22.000     21.788    -0.5352    -0.5350     0.0003    -0.5359    -0.5356     0.0003   2.805160   2.805114  -0.000043    34.2774    34.2765     7.6552    27.5487    27.5479    34.2776    27.5488    1446.05    1446.05    -0.5359  1027.6584    34.4428 0.0000e+00
       3139 313.764557  -62.14155  -58.42803      0.794    1446.02     23.000     22.778    -0.5326    -0.5317     0.0008    -0.5332    -0.5324     0.0008   2.805390   2.805397   0.000006    34.2771    34.2763     7.6550    27.5483    27.5476    34.2771    27.5482    1446.08    1446.08    -0.5333  1027.6627    34.4423 0.0000e+00
       3164 313.764569  -62.14156  -58.42802      0.920    1446.02     24.000     23.769    -0.5307    -0.5300     0.0008    -0.5314    -0.5307     0.0008   2.805596   2.805587  -0.000014    34.2769    34.2759     7.6558    27.5481    27.5472    34.2772    27.5483    1446.10    1446.11    -0.5314  1027.6675    34.4424 0.0000e+00
       3190 313.764582  -62.14156  -58.42802      0.937    1446.02     25.000     24.759    -0.5353    -0.5338     0.0015    -0.5360    -0.5345     0.0015   2.805298   2.805339   0.000040    34.2782    34.2770     7.6506    27.5493    27.5482    34.2777    27.5489    1446.10    1446.11    -0.5360  1027.6720    34.4419 0.0000e+00
       3219 313.764596 -9.990e-29  -58.42800      0.861    1446.02     26.000     25.749    -0.5350    -0.5344     0.0005    -0.5357    -0.5352     0.0005   2.805326   2.805329   0.000001    34.2771    34.2766     7.6419    27.5484    27.5479    34.2770    27.5483    1446.12    1446.12    -0.5358  1027.6742    34.4386 0.0000e+00
       3246 313.764609 -9.990e-29  -58.42800      0.860    1446.02     27.000     26.739    -0.5370    -0.5364     0.0007    -0.5378    -0.5372     0.0007   2.805257   2.805235  -0.000023    34.2779    34.2768     7.6485    27.5492    27.5482    34.2778    27.5491    1446.12    1446.13    -0.5378  1027.6798    34.4395 0.0000e+00
       3274 313.764623 -9.990e-29  -58.42800      0.868    1446.02     28.000     27.730    -0.5356    -0.5346     0.0010    -0.5365    -0.5355     0.0010   2.805379   2.805399   0.000020    34.2773    34.2765     7.6474    27.5486    27.5479    34.2773    27.5486    1446.15    1446.15    -0.5364  1027.6840    34.4389 0.0000e+00
       3304 313.764637  -62.14159  -58.42798      0.822    1446.02     29.000     28.720    -0.5349    -0.5344     0.0005    -0.5358    -0.5353     0.0005   2.805506   2.805471  -0.000026    34.2774    34.2764     7.6474    27.5486    27.5478    34.2776    27.5488    1446.17    1446.17    -0.5358  1027.6912    34.4419 0.0000e+00
       3336 313.764652  -62.14160  -58.42797      0.757    1446.02     30.000     29.710    -0.5341    -0.5333     0.0008    -0.5351    -0.5342     0.0008   2.805606   2.805603  -0.000012    34.2775    34.2765     7.6389    27.5487    27.5478    34.2774    27.5486    1446.19    1446.19    -0.5350  1027.6966    34.4427 0.0000e+00
       3368 313.764668  -62.14160  -58.42796      0.759    1446.02     31.000     30.700    -0.5349    -0.5342     0.0008    -0.5359    -0.5351     0.0008   2.805605   2.805589  -0.000010    34.2777    34.2767     7.6382    27.5489    27.5480    34.2777    27.5489    1446.20    1446.20    -0.5358  1027.7016    34.4430 0.0000e+00
       3399 313.764683  -62.14162  -58.42794      0.758    1446.02     32.000     31.691    -0.5352    -0.5346     0.0006    -0.5362    -0.5355     0.0006   2.805647   2.805620  -0.000029    34.2780    34.2769     7.6425    27.5491    27.5482    34.2779    27.5491    1446.22    1446.22    -0.5361  1027.7066    34.4432 0.0000e+00
       3429 313.764697  -62.14162  -58.42793      0.785    1446.02     33.000     32.681    -0.5346    -0.5340     0.0005    -0.5356    -0.5350     0.0005   2.805723   2.805688  -0.000033    34.2775    34.2765     7.6521    27.5487    27.5479    34.2776    27.5488    1446.23    1446.23    -0.5356  1027.7111    34.4430 0.0000e+00
       3456 313.764710  -62.14162  -58.42792      0.868    1446.02     34.000     33.671    -0.5346    -0.5338     0.0008    -0.5356    -0.5348     0.0008   2.805755   2.805745  -0.000015    34.2775    34.2764     7.6486    27.5487    27.5477    34.2774    27.5486    1446.25    1446.25    -0.5356  1027.7158    34.4428 0.0000e+00
       3483 313.764723  -62.14164  -58.42792      0.897    1446.02     35.000     34.661    -0.5343    -0.5335     0.0007    -0.5354    -0.5346     0.0007   2.805847   2.805842  -0.000002    34.2777    34.2768     7.6459    27.5488    27.5481    34.2778    27.5489    1446.27    1446.27    -0.5353  1027.7208    34.4431 0.0000e+00
       3515 313.764739  -62.14164  -58.42790      0.778    1446.02     36.000     35.651    -0.5337    -0.5330     0.0007    -0.5348    -0.5341     0.0007   2.805951   2.805930  -0.000023    34.2777    34.2767     7.6423    27.5489    27.5480    34.2778    27.5489    1446.29    1446.29    -0.5348  1027.7256    34.4432 0.0000e+00
       3548 313.764755  -62.14165  -58.42789      0.721    1446.02     37.000     36.642    -0.5336    -0.5329     0.0007    -0.5348    -0.5341     0.0007   2.805987   2.805982  -0.000009    34.2777    34.2768     7.6315    27.5488    27.5480    34.2776    27.5488    1446.30    1446.30    -0.5347  1027.7303    34.4430 0.0000e+00
       3579 313.764769  -62.14166  -58.42788      0.776    1446.02     38.000     37.632    -0.5358    -0.5349     0.0009    -0.5369    -0.5361     0.0009   2.805883   2.805883   0.000004    34.2781    34.2772     7.6331    27.5493    27.5485    34.2780    27.5492    1446.31    1446.31    -0.5369  1027.7355    34.4434 0.0000e+00
       3608 313.764784  -62.14166  -58.42788      0.801    1446.02     39.000     38.622    -0.5361    -0.5354     0.0007    -0.5373    -0.5366     0.0007   2.805896   2.805888  -0.000007    34.2779    34.2770     7.6350    27.5492    27.5484    34.2780    27.5492    1446.33    1446.33    -0.5373  1027.7402    34.4434 0.0000e+00
       3637 313.764798  -62.14168  -58.42786      0.822    1446.02     40.000     39.612    -0.5362    -0.5354     0.0008    -0.5374    -0.5366     0.0008   2.805934   2.805932 -4.918e-07    34.2780    34.2771     7.6268    27.5492    27.5484    34.2780    27.5492    1446.34    1446.34    -0.5374  1027.7451    34.4434 0.0000e+00
       3666 313.764812  -62.14168  -58.42785      0.835    1446.02     41.000     40.603    -0.5362    -0.5356     0.0007    -0.5375    -0.5368     0.0007   2.805996   2.805978  -0.000019    34.2782    34.2771     7.6250    27.5493    27.5485    34.2782    27.5494    1446.36    1446.36    -0.5374  1027.7500    34.4437 0.0000e+00
       3698 313.764827  -62.14168  -58.42784      0.775    1446.02     42.000     41.593    -0.5368    -0.5364     0.0004    -0.5381    -0.5377     0.0004   2.805991   2.805952  -0.000038    34.2784    34.2774     7.6320    27.5495    27.5487    34.2782    27.5494    1446.37    1446.37    -0.5380  1027.7532    34.4416 0.0000e+00
       3728 313.764841 -9.990e-29  -58.42782      0.770    1446.02     43.000     42.583    -0.5381    -0.5376     0.0005    -0.5394    -0.5389     0.0005   2.805936   2.805919  -0.000020    34.2784    34.2776     7.6375    27.5496    27.5489    34.2783    27.5495    1446.38    1446.38    -0.5394  1027.7567    34.4399 0.0000e+00
       3754 313.764854 -9.990e-29  -58.42782      0.865    1446.02     44.000     43.573    -0.5381    -0.5371     0.0009    -0.5394    -0.5385     0.0009   2.805999   2.805998 1.2897e-07    34.2785    34.2775     7.6385    27.5497    27.5488    34.2785    27.5497    1446.39    1446.40    -0.5394  1027.7616    34.4401 0.0000e+00
       3779 313.764866 -9.990e-29  -58.42782      0.944    1446.02     45.000     44.563    -0.5381    -0.5374     0.0007    -0.5395    -0.5388     0.0007   2.806032   2.806028  -0.000001    34.2784    34.2776     7.6426    27.5496    27.5489    34.2784    27.5496    1446.41    1446.42    -0.5394  1027.7663    34.4400 0.0000e+00
       3807 313.764879  -62.14171  -58.42780      0.919    1446.02     46.000     45.554    -0.5360    -0.5355     0.0005    -0.5374    -0.5369     0.0005   2.806250   2.806218  -0.000030    34.2780    34.2770     7.6359    27.5492    27.5484    34.2783    27.5494    1446.44    1446.44    -0.5374  1027.7736    34.4432 0.0000e+00
       3837 313.764894  -62.14172  -58.42779      0.815    1446.02     47.000     46.544    -0.5355    -0.5358    -0.0003    -0.5369    -0.5372    -0.0003   2.806341   2.806242  -0.000093    34.2782    34.2773     7.6354    27.5494    27.5487    34.2783    27.5494    1446.46    1446.45    -0.5369  1027.7788    34.4438 0.0000e+00
       3868 313.764909  -62.14172  -58.42778      0.779    1446.02     48.000     47.534    -0.5353    -0.5349     0.0004    -0.5367    -0.5364     0.0004   2.806398   2.806346  -0.000054    34.2782    34.2770     7.6327    27.5493    27.5483    34.2782    27.5493    1446.47    1446.47    -0.5367  1027.7835    34.4437 0.0000e+00
       3898 313.764923  -62.14172  -58.42778      0.794    1446.02     49.000     48.524    -0.5390    -0.5384     0.0006    -0.5405    -0.5399     0.0006   2.806157   2.806114  -0.000038    34.2792    34.2779     7.6389    27.5503    27.5493    34.2786    27.5498    1446.47    1446.48    -0.5405  1027.7888    34.4441 0.0000e+00
       3926 313.764937  -62.14174  -58.42776      0.831    1446.02     50.000     49.514    -0.5471    -0.5449     0.0022    -0.5486    -0.5464     0.0022   2.805606   2.805695   0.000064    34.2802    34.2786     7.6442    27.5515    27.5501    34.2797    27.5511    1446.45    1446.46    -0.5486  1027.7949    34.4453 0.0000e+00
