Pos-Processados/process_op42/Processamento_split/down/doperantar42_022.cnv
* Sea-Bird SBE 9 Data File:
* FileName = C:\Users\Hidrografia\Desktop\OPXLII\Brutos\OP42022.hdr
* Software Version Seasave V 7.26.7.107
* Temperature SN = 6502
* Conductivity SN = 4998
* Number of Bytes Per Scan = 37
* Number of Voltage Words = 4
* Number of Scans Averaged by the Deck Unit = 1
* NMEA Latitude = 62 18.70 S
* NMEA Longitude = 058 31.66 W
* NMEA UTC (Time) = Nov 07 2023 22:53:42
* NMEA baud rate = 4800
** H41
** NPOALTEMAXIMIANO
** NUMERO DA ESTACAO (XXX) 022
** LAT (XX XX.XX S/N) 62 18.60 S
** LONG (XXX XX.XX W/E) 058 32.03 W
** DATAHORA (dd/mm/aaaa hh:mm Z) 07/11/2023 2251Z
** PROFUNDIDADE (m) 434
** OPERADOR 1T ZAMITH
# nquan = 30
# nvalues = 426                         
# units = specified
# name 0 = scan: Scan Count
# name 1 = timeJ: Julian Days
# name 2 = latitude: Latitude [deg]
# name 3 = longitude: Longitude [deg]
# name 4 = dz/dtM: Descent Rate [m/s]
# name 5 = avgsvCM: Average Sound Velocity [Chen-Millero, m/s]
# name 6 = prDM: Pressure, Digiquartz [db]
# name 7 = depSM: Depth [salt water, m]
# name 8 = t090C: Temperature [ITS-90, deg C]
# name 9 = t190C: Temperature, 2 [ITS-90, deg C]
# name 10 = T2-T190C: Temperature Difference, 2 - 1 [ITS-90, deg C]
# name 11 = potemp090C: Potential Temperature [ITS-90, deg C]
# name 12 = potemp190C: Potential Temperature, 2 [ITS-90, deg C]
# name 13 = potemp90Cdiff: Potential Temperature, Diff, 2 - 1 [ITS-90, deg C]
# name 14 = c0S/m: Conductivity [S/m]
# name 15 = c1S/m: Conductivity, 2 [S/m]
# name 16 = C2-C1S/m: Conductivity Difference, 2 - 1 [S/m]
# name 17 = sal00: Salinity, Practical [PSU]
# name 18 = sal11: Salinity, Practical, 2 [PSU]
# name 19 = sbeox0ML/L: Oxygen, SBE 43 [ml/l]
# name 20 = sigma-é00: Density [sigma-theta, kg/m^3]
# name 21 = sigma-é11: Density, 2 [sigma-theta, kg/m^3]
# name 22 = sal00: Salinity, Practical [PSU]
# name 23 = sigma-é00: Density [sigma-theta, kg/m^3]
# name 24 = svCM: Sound Velocity [Chen-Millero, m/s]
# name 25 = svCM1: Sound Velocity, 2 [Chen-Millero, m/s]
# name 26 = gsw_ptA0: potential temperature [ITS-90, deg C]
# name 27 = gsw_densityA0: density, TEOS-10 [density, kg/m^3]
# name 28 = gsw_saA0: Absolute Salinity [g/kg]
# name 29 = flag:
# span 0 =       2376,      18947       
# span 1 = 311.955104, 311.963095       
# span 2 =  -62.31349,  -62.31195       
# span 3 =  -58.52627,  -58.51479       
# span 4 =     -0.096,      1.117       
# span 5 =       0.00,    1450.34       
# span 6 =      4.000,    429.000       
# span 7 =      4.058,    424.435       
# span 8 =    -0.6479,     0.1639       
# span 9 =    -0.6466,     0.1645       
# span 10 =    -0.0068,     0.0346      
# span 11 =    -0.6579,     0.1490      
# span 12 =    -0.6567,     0.1496      
# span 13 =    -0.0067,     0.0345      
# span 14 =   2.799025,   2.897280      
# span 15 =   2.798995,   2.897271      
# span 16 =  -0.000600,   0.003154      
# span 17 =    34.2862,    34.5123      
# span 18 =    34.2853,    34.5107      
# span 19 =     5.6397,     7.6158      
# span 20 =    27.5585,    27.7265      
# span 21 =    27.5578,    27.7280      
# span 22 =    34.2864,    34.5097      
# span 23 =    27.5588,    27.7262      
# span 24 =    1445.47,    1455.36      
# span 25 =    1445.48,    1455.37      
# span 26 =    -0.6576,     0.1491      
# span 27 =  1027.5842,  1029.7761      
# span 28 =    34.4482,    34.6784      
# span 29 = 0.0000e+00, 0.0000e+00      
# interval = decibars: 1                
# start_time = Nov 07 2023 22:53:42 [NMEA time, header]
# bad_flag = -9.990e-29
*END*
[from data line 242]
      10374 311.958961  -62.31276  -58.52094      0.751    1447.78    246.000    243.492    -0.2516    -0.2504     0.0012    -0.2602    -0.2590     0.0012   2.849441   2.849480   0.000049    34.4133    34.4126     6.4541    27.6457    27.6451    34.4133    27.6457    1451.19    1451.20    -0.2600  1028.8229    34.5812 0.0000e+00
      10411 311.958979  -62.31277  -58.52091      0.639    1447.78    247.000    244.480    -0.2509    -0.2502     0.0007    -0.2595    -0.2588     0.0007   2.849554   2.849554   0.000006    34.4136    34.4129     6.4527    27.6460    27.6453    34.4134    27.6457    1451.21    1451.21    -0.2594  1028.8277    34.5813 0.0000e+00
      10446 311.958995  -62.31278  -58.52088      0.685    1447.78    248.000    245.470    -0.2529    -0.2520     0.0008    -0.2615    -0.2607     0.0008   2.849459   2.849458  -0.000006    34.4141    34.4130     6.4578    27.6464    27.6455    34.4138    27.6462    1451.22    1451.22    -0.2614  1028.8329    34.5817 0.0000e+00
      10476 311.959010  -62.31278  -58.52086      0.765    1447.78    249.000    246.459    -0.2525    -0.2513     0.0012    -0.2612    -0.2600     0.0012   2.849533   2.849565   0.000038    34.4139    34.4130     6.4519    27.6462    27.6454    34.4137    27.6461    1451.24    1451.24    -0.2610  1028.8376    34.5817 0.0000e+00
      10509 311.959026  -62.31278  -58.52085      0.758    1447.78    250.000    247.448    -0.2539    -0.2524     0.0015    -0.2626    -0.2612     0.0014   2.849457   2.849506   0.000051    34.4138    34.4129     6.4534    27.6463    27.6454    34.4136    27.6461    1451.25    1451.25    -0.2625  1028.8424    34.5816 0.0000e+00
      10545 311.959043  -62.31278  -58.52082      0.674    1447.78    251.000    248.438    -0.2547    -0.2537     0.0010    -0.2634    -0.2625     0.0010   2.849415   2.849418 7.4942e-07    34.4137    34.4126     6.4529    27.6462    27.6453    34.4134    27.6459    1451.26    1451.26    -0.2633  1028.8470    34.5813 0.0000e+00
      10579 311.959059  -62.31278  -58.52079      0.692    1447.78    252.000    249.427    -0.2561    -0.2554     0.0008    -0.2649    -0.2642     0.0008   2.849339   2.849331  -0.000010    34.4137    34.4126     6.4481    27.6462    27.6454    34.4134    27.6460    1451.27    1451.27    -0.2648  1028.8518    34.5814 0.0000e+00
      10610 311.959075  -62.31278  -58.52077      0.758    1447.78    253.000    250.416    -0.2560    -0.2553     0.0007    -0.2648    -0.2641     0.0007   2.849394   2.849397   0.000006    34.4133    34.4127     6.4497    27.6460    27.6454    34.4133    27.6459    1451.29    1451.29    -0.2647  1028.8565    34.5813 0.0000e+00
      10646 311.959092  -62.31280  -58.52073      0.690    1447.78    254.000    251.405    -0.2538    -0.2531     0.0007    -0.2627    -0.2620     0.0006   2.849600   2.849610   0.000009    34.4130    34.4124     6.4514    27.6456    27.6451    34.4130    27.6456    1451.31    1451.32    -0.2625  1028.8609    34.5810 0.0000e+00
      10685 311.959111  -62.31280  -58.52072      0.617    1447.78    255.000    252.395    -0.2526    -0.2518     0.0008    -0.2615    -0.2607     0.0008   2.849783   2.849797   0.000014    34.4134    34.4127     6.4505    27.6458    27.6452    34.4135    27.6460    1451.34    1451.34    -0.2614  1028.8660    34.5815 0.0000e+00
      10720 311.959128  -62.31280  -58.52069      0.662    1447.78    256.000    253.384    -0.2508    -0.2489     0.0019    -0.2597    -0.2579     0.0018   2.849981   2.850081   0.000096    34.4133    34.4125     6.4565    27.6457    27.6450    34.4135    27.6458    1451.36    1451.37    -0.2596  1028.8706    34.5815 0.0000e+00
      10755 311.959145  -62.31280  -58.52066      0.689    1448.32    257.000    254.372    -0.2501    -0.2493     0.0008    -0.2591    -0.2582     0.0008   2.850067   2.850071   0.000025    34.4132    34.4126     6.4474    27.6456    27.6450    34.4133    27.6456    1451.38    1451.38    -0.2589  1028.8752    34.5813 0.0000e+00
      10792 311.959162  -62.31280  -58.52063      0.665    1448.43    258.000    255.362    -0.2535    -0.2540    -0.0005    -0.2625    -0.2630    -0.0005   2.849844   2.849725  -0.000126    34.4138    34.4127     6.4520    27.6462    27.6454    34.4135    27.6460    1451.38    1451.38    -0.2624  1028.8803    34.5815 0.0000e+00
      10826 311.959179  -62.31280  -58.52061      0.685    1448.43    259.000    256.351    -0.2603    -0.2583     0.0020    -0.2693    -0.2673     0.0020   2.849271   2.849364   0.000092    34.4135    34.4125     6.4564    27.6464    27.6454    34.4129    27.6459    1451.36    1451.37    -0.2692  1028.8850    34.5810 0.0000e+00
      10855 311.959193  -62.31280  -58.52058      0.788    1448.43    260.000    257.340    -0.2712    -0.2682     0.0029    -0.2802    -0.2773     0.0029   2.848319   2.848442   0.000121    34.4130    34.4113     6.4538    27.6465    27.6449    34.4119    27.6455    1451.33    1451.34    -0.2801  1028.8895    34.5799 0.0000e+00
      10881 311.959205  -62.31282  -58.52056      0.883    1448.43    261.000    258.329    -0.2676    -0.2674     0.0002    -0.2767    -0.2765     0.0002   2.848549   2.848550  -0.000012    34.4106    34.4102     6.4516    27.6443    27.6440    34.4103    27.6441    1451.36    1451.36    -0.2765  1028.8928    34.5783 0.0000e+00
      10913 311.959221  -62.31282  -58.52055      0.810    1448.43    262.000    259.319    -0.2713    -0.2699     0.0013    -0.2804    -0.2791     0.0013   2.848293   2.848354   0.000061    34.4109    34.4102     6.4657    27.6448    27.6442    34.4104    27.6444    1451.36    1451.36    -0.2803  1028.8978    34.5784 0.0000e+00
      10953 311.959240  -62.31282  -58.52052      0.611    1448.43    263.000    260.308    -0.2693    -0.2686     0.0007    -0.2785    -0.2777     0.0007   2.848489   2.848530   0.000050    34.4103    34.4102     6.4737    27.6442    27.6440    34.4103    27.6441    1451.38    1451.39    -0.2783  1028.9024    34.5783 0.0000e+00
      10993 311.959259  -62.31282  -58.52049      0.590    1448.43    264.000    261.297    -0.2677    -0.2690    -0.0013    -0.2769    -0.2782    -0.0013   2.848703   2.848538  -0.000145    34.4108    34.4102     6.4797    27.6445    27.6441    34.4107    27.6444    1451.41    1451.40    -0.2768  1028.9074    34.5787 0.0000e+00
      11032 311.959278  -62.31282  -58.52045      0.604    1448.43    265.000    262.286    -0.2694    -0.2693     0.0001    -0.2786    -0.2785     0.0001   2.848624   2.848565  -0.000074    34.4113    34.4103     6.4884    27.6450    27.6442    34.4109    27.6447    1451.42    1451.42    -0.2785  1028.9124    34.5790 0.0000e+00
      11066 311.959295  -62.31283  -58.52043      0.695    1448.43    266.000    263.275    -0.2710    -0.2697     0.0013    -0.2803    -0.2790     0.0013   2.848523   2.848575   0.000036    34.4111    34.4101     6.4729    27.6450    27.6441    34.4108    27.6447    1451.43    1451.43    -0.2801  1028.9172    34.5788 0.0000e+00
      11099 311.959310  -62.31284  -58.52040      0.741    1448.43    267.000    264.264    -0.2804    -0.2769     0.0035    -0.2897    -0.2862     0.0035   2.847764   2.847927   0.000162    34.4117    34.4099     6.4737    27.6459    27.6442    34.4107    27.6450    1451.40    1451.41    -0.2895  1028.9223    34.5787 0.0000e+00
      11131 311.959326  -62.31284  -58.52039      0.733    1448.43    268.000    265.253    -0.2853    -0.2848     0.0005    -0.2946    -0.2941     0.0005   2.847270   2.847241  -0.000030    34.4098    34.4088     6.4718    27.6446    27.6437    34.4090    27.6439    1451.39    1451.39    -0.2945  1028.9260    34.5770 0.0000e+00
      11162 311.959341  -62.31284  -58.52037      0.770    1448.43    269.000    266.238    -0.2875    -0.2868     0.0007    -0.2969    -0.2962     0.0007   2.847134   2.847077  -0.000050    34.4096    34.4082     6.4903    27.6445    27.6433    34.4090    27.6441    1451.40    1451.40    -0.2967  1028.9309    34.5771 0.0000e+00
      11191 311.959355  -62.31284  -58.52034      0.807    1448.43    270.000    267.236    -0.2838    -0.2857    -0.0019    -0.2932    -0.2951    -0.0019   2.847443   2.847231  -0.000211    34.4084    34.4077     6.4900    27.6433    27.6429    34.4084    27.6433    1451.43    1451.42    -0.2930  1028.9349    34.5764 0.0000e+00
      11223 311.959370  -62.31284  -58.52033      0.786    1448.43    271.000    268.221    -0.2812    -0.2814    -0.0001    -0.2907    -0.2908    -0.0001   2.847728   2.847649  -0.000067    34.4086    34.4078     6.4989    27.6434    27.6428    34.4087    27.6435    1451.46    1451.46    -0.2905  1028.9398    34.5767 0.0000e+00
      11257 311.959386  -62.31284  -58.52031      0.714    1448.43    272.000    269.210    -0.2770    -0.2767     0.0003    -0.2865    -0.2862     0.0003   2.848082   2.848126   0.000023    34.4083    34.4082     6.5031    27.6429    27.6429    34.4081    27.6428    1451.49    1451.49    -0.2863  1028.9438    34.5761 0.0000e+00
      11293 311.959404  -62.31286  -58.52027      0.672    1448.43    273.000    270.199    -0.2867    -0.2834     0.0033    -0.2962    -0.2929     0.0033   2.847398   2.847557   0.000165    34.4097    34.4082     6.4992    27.6446    27.6432    34.4092    27.6441    1451.47    1451.48    -0.2960  1028.9500    34.5772 0.0000e+00
      11326 311.959420  -62.31286  -58.52025      0.704    1448.43    274.000    271.188    -0.2895    -0.2887     0.0009    -0.2991    -0.2982     0.0009   2.847114   2.847118 3.9539e-07    34.4088    34.4077     6.4873    27.6439    27.6431    34.4081    27.6434    1451.47    1451.47    -0.2989  1028.9540    34.5761 0.0000e+00
      11357 311.959435  -62.31286  -58.52022      0.769    1448.43    275.000    272.177    -0.2932    -0.2925     0.0007    -0.3027    -0.3020     0.0007   2.846833   2.846828  -0.000002    34.4084    34.4075     6.4911    27.6438    27.6431    34.4078    27.6433    1451.47    1451.47    -0.3026  1028.9588    34.5758 0.0000e+00
      11387 311.959449  -62.31286  -58.52020      0.793    1448.43    276.000    273.166    -0.2932    -0.2933    -0.0001    -0.3028    -0.3029    -0.0001   2.846895   2.846822  -0.000072    34.4081    34.4072     6.5023    27.6435    27.6428    34.4081    27.6435    1451.48    1451.48    -0.3026  1028.9637    34.5761 0.0000e+00
      11413 311.959462  -62.31286  -58.52019      0.851    1448.43    277.000    274.155    -0.2890    -0.2884     0.0006    -0.2987    -0.2981     0.0006   2.847278   2.847289   0.000005    34.4079    34.4072     6.5071    27.6432    27.6427    34.4079    27.6432    1451.52    1451.52    -0.2985  1028.9681    34.5759 0.0000e+00
      11438 311.959474  -62.31286  -58.52017      0.947    1448.43    278.000    275.144    -0.2892    -0.2881     0.0011    -0.2988    -0.2978     0.0011   2.847316   2.847352   0.000029    34.4084    34.4076     6.5034    27.6436    27.6429    34.4079    27.6432    1451.53    1451.54    -0.2987  1028.9729    34.5760 0.0000e+00
      11464 311.959486  -62.31286  -58.52015      0.964    1448.43    279.000    276.133    -0.2942    -0.2933     0.0008    -0.3038    -0.3030     0.0008   2.847012   2.846980  -0.000022    34.4090    34.4078     6.5149    27.6444    27.6434    34.4089    27.6443    1451.53    1451.53    -0.3037  1028.9787    34.5769 0.0000e+00
      11497 311.959502  -62.31286  -58.52013      0.788    1448.43    280.000    277.122    -0.2954    -0.2946     0.0007    -0.3051    -0.3044     0.0007   2.846932   2.846921  -0.000011    34.4090    34.4080     6.5127    27.6443    27.6436    34.4086    27.6441    1451.54    1451.54    -0.3050  1028.9831    34.5765 0.0000e+00
      11535 311.959521  -62.31288  -58.52009      0.613    1448.43    281.000    278.111    -0.2963    -0.2951     0.0012    -0.3061    -0.3049     0.0012   2.846886   2.846917   0.000024    34.4088    34.4078     6.5038    27.6443    27.6434    34.4084    27.6440    1451.55    1451.56    -0.3059  1028.9875    34.5760 0.0000e+00
      11570 311.959537  -62.31288  -58.52008      0.677    1448.43    282.000    279.100    -0.2997    -0.2988     0.0008    -0.3094    -0.3086     0.0008   2.846634   2.846599  -0.000035    34.4086    34.4072     6.5043    27.6443    27.6431    34.4082    27.6440    1451.55    1451.55    -0.3093  1028.9927    34.5763 0.0000e+00
      11597 311.959551  -62.31288  -58.52006      0.811    1448.43    283.000    280.089    -0.2972    -0.2967     0.0005    -0.3070    -0.3065     0.0005   2.846872   2.846853  -0.000017    34.4078    34.4070     6.5172    27.6435    27.6429    34.4080    27.6437    1451.58    1451.58    -0.3069  1028.9972    34.5761 0.0000e+00
      11622 311.959563  -62.31288  -58.52004      0.935    1448.43    284.000    281.078    -0.2946    -0.2939     0.0007    -0.3045    -0.3038     0.0007   2.847135   2.847136   0.000003    34.4080    34.4071     6.5112    27.6436    27.6429    34.4080    27.6436    1451.61    1451.61    -0.3043  1029.0018    34.5761 0.0000e+00
      11646 311.959574  -62.31288  -58.52002      0.993    1448.43    285.000    282.067    -0.2939    -0.2931     0.0008    -0.3038    -0.3030     0.0008   2.847234   2.847249   0.000019    34.4078    34.4072     6.5092    27.6434    27.6428    34.4079    27.6435    1451.63    1451.63    -0.3036  1029.0064    34.5760 0.0000e+00
      11673 311.959587  -62.31288  -58.52000      0.942    1448.43    286.000    283.054    -0.2946    -0.2938     0.0008    -0.3046    -0.3038     0.0008   2.847221   2.847239   0.000010    34.4081    34.4073     6.5137    27.6437    27.6430    34.4080    27.6436    1451.64    1451.64    -0.3044  1029.0113    34.5761 0.0000e+00
      11706 311.959603  -62.31288  -58.51998      0.760    1448.43    287.000    284.046    -0.2954    -0.2946     0.0008    -0.3054    -0.3046     0.0008   2.847211   2.847217   0.000003    34.4082    34.4073     6.5113    27.6438    27.6430    34.4081    27.6437    1451.65    1451.66    -0.3052  1029.0161    34.5762 0.0000e+00
      11746 311.959622  -62.31290  -58.51996      0.607    1448.43    288.000    285.034    -0.2968    -0.2951     0.0017    -0.3069    -0.3051     0.0017   2.847109   2.847203   0.000086    34.4081    34.4073     6.5031    27.6438    27.6431    34.4078    27.6435    1451.66    1451.67    -0.3067  1029.0207    34.5758 0.0000e+00
      11780 311.959639  -62.31290  -58.51993      0.680    1448.43    289.000    286.024    -0.3055    -0.3045     0.0010    -0.3156    -0.3145     0.0010   2.846467   2.846416  -0.000039    34.4089    34.4072     6.5029    27.6448    27.6434    34.4084    27.6444    1451.64    1451.64    -0.3154  1029.0264    34.5765 0.0000e+00
      11808 311.959652  -62.31290  -58.51991      0.810    1448.43    290.000    287.013    -0.3048    -0.3039     0.0009    -0.3149    -0.3139     0.0009   2.846492   2.846504   0.000011    34.4075    34.4066     6.5126    27.6437    27.6429    34.4072    27.6435    1451.66    1451.66    -0.3147  1029.0302    34.5753 0.0000e+00
      11834 311.959665  -62.31290  -58.51990      0.898    1448.43    291.000    288.002    -0.3050    -0.3044     0.0005    -0.3151    -0.3146     0.0005   2.846510   2.846495  -0.000007    34.4074    34.4067     6.5121    27.6436    27.6430    34.4071    27.6434    1451.67    1451.67    -0.3149  1029.0349    34.5752 0.0000e+00
      11860 311.959677  -62.31290  -58.51988      0.927    1448.43    292.000    288.990    -0.3061    -0.3053     0.0008    -0.3162    -0.3155     0.0008   2.846506   2.846483  -0.000023    34.4080    34.4069     6.5161    27.6441    27.6432    34.4077    27.6439    1451.68    1451.69    -0.3161  1029.0402    34.5758 0.0000e+00
      11886 311.959690  -62.31290  -58.51986      0.925    1448.43    293.000    289.979    -0.3059    -0.3058     0.0002    -0.3161    -0.3160     0.0002   2.846577   2.846520  -0.000056    34.4079    34.4069     6.5136    27.6441    27.6433    34.4079    27.6440    1451.70    1451.70    -0.3159  1029.0451    34.5760 0.0000e+00
