Pos-Processados/process_op42/Processamento_split/down/doperantar42_025.cnv
* Sea-Bird SBE 9 Data File:
* FileName = C:\Users\Hidrografia\Desktop\OPXLII\Brutos\OP42025.hdr
* Software Version Seasave V 7.26.7.107
* Temperature SN = 6502
* Conductivity SN = 4998
* Number of Bytes Per Scan = 37
* Number of Voltage Words = 4
* Number of Scans Averaged by the Deck Unit = 1
* NMEA Latitude = 62 11.31 S
* NMEA Longitude = 058 02.91 W
* NMEA UTC (Time) = Nov 08 2023 13:45:45
* NMEA baud rate = 4800
** H41
** NPOALTEMAXIMIANO
** NUMERO DA ESTACAO (XXX) 025
** LAT (XX XX.XX S/N) 62  11.331 S
** LONG (XXX XX.XX W/E) 058  02.993 W
** DATAHORA (dd/mm/aaaa hh:mm Z) 08/11/2023 1345Z
** PROFUNDIDADE (m) 484
** OPERADOR CT FABIREZA
# nquan = 30
# nvalues = 437                         
# units = specified
# name 0 = scan: Scan Count
# name 1 = timeJ: Julian Days
# name 2 = latitude: Latitude [deg]
# name 3 = longitude: Longitude [deg]
# name 4 = dz/dtM: Descent Rate [m/s]
# name 5 = avgsvCM: Average Sound Velocity [Chen-Millero, m/s]
# name 6 = prDM: Pressure, Digiquartz [db]
# name 7 = depSM: Depth [salt water, m]
# name 8 = t090C: Temperature [ITS-90, deg C]
# name 9 = t190C: Temperature, 2 [ITS-90, deg C]
# name 10 = T2-T190C: Temperature Difference, 2 - 1 [ITS-90, deg C]
# name 11 = potemp090C: Potential Temperature [ITS-90, deg C]
# name 12 = potemp190C: Potential Temperature, 2 [ITS-90, deg C]
# name 13 = potemp90Cdiff: Potential Temperature, Diff, 2 - 1 [ITS-90, deg C]
# name 14 = c0S/m: Conductivity [S/m]
# name 15 = c1S/m: Conductivity, 2 [S/m]
# name 16 = C2-C1S/m: Conductivity Difference, 2 - 1 [S/m]
# name 17 = sal00: Salinity, Practical [PSU]
# name 18 = sal11: Salinity, Practical, 2 [PSU]
# name 19 = sbeox0ML/L: Oxygen, SBE 43 [ml/l]
# name 20 = sigma-é00: Density [sigma-theta, kg/m^3]
# name 21 = sigma-é11: Density, 2 [sigma-theta, kg/m^3]
# name 22 = sal00: Salinity, Practical [PSU]
# name 23 = sigma-é00: Density [sigma-theta, kg/m^3]
# name 24 = svCM: Sound Velocity [Chen-Millero, m/s]
# name 25 = svCM1: Sound Velocity, 2 [Chen-Millero, m/s]
# name 26 = gsw_ptA0: potential temperature [ITS-90, deg C]
# name 27 = gsw_densityA0: density, TEOS-10 [density, kg/m^3]
# name 28 = gsw_saA0: Absolute Salinity [g/kg]
# name 29 = flag:
# span 0 =       2048,      18055       
# span 1 = 312.574425, 312.582144       
# span 2 =  -62.18842,  -62.18712       
# span 3 =  -58.04745,  -58.03873       
# span 4 =      0.033,      1.244       
# span 5 =      -0.01,    1449.50       
# span 6 =      4.000,    440.000       
# span 7 =      3.959,    435.295       
# span 8 =    -0.8202,    -0.0522       
# span 9 =    -0.8193,    -0.0509       
# span 10 =    -0.0051,     0.0120      
# span 11 =    -0.8287,    -0.0663      
# span 12 =    -0.8278,    -0.0649      
# span 13 =    -0.0050,     0.0119      
# span 14 =   2.797745,   2.877123      
# span 15 =   2.797721,   2.877100      
# span 16 =  -0.000516,   0.000995      
# span 17 =    34.2957,    34.4841      
# span 18 =    34.2943,    34.4826      
# span 19 =     5.9185,     7.5334      
# span 20 =    27.5669,    27.6985      
# span 21 =    27.5657,    27.6960      
# span 22 =    34.2956,    34.4841      
# span 23 =    27.5668,    27.6970      
# span 24 =    1445.42,    1455.04      
# span 25 =    1445.43,    1455.04      
# span 26 =    -0.8285,    -0.0661      
# span 27 =  1027.5906,  1029.7920      
# span 28 =    34.4590,    34.6529      
# span 29 = 0.0000e+00, 0.0000e+00      
# interval = decibars: 1                
# start_time = Nov 08 2023 13:45:45 [NMEA time, header]
# bad_flag = -9.990e-29
*END*
[from data line 291]
      11327 312.578899  -62.18763  -58.04231      1.085    1447.57    295.000    291.961    -0.7973    -0.7966     0.0006    -0.8063    -0.8056     0.0006   2.801168   2.801162  -0.000006    34.3520    34.3512     7.1552    27.6206    27.6199    34.3525    27.6210    1449.37    1449.37    -0.8061  1029.0365    34.5204 0.0000e+00
      11350 312.578911  -62.18762  -58.04230      1.089    1447.57    296.000    292.949    -0.7940    -0.7940     0.0000    -0.8031    -0.8030     0.0000   2.801599   2.801540  -0.000058    34.3532    34.3524     7.1433    27.6214    27.6207    34.3540    27.6221    1449.40    1449.40    -0.8028  1029.0423    34.5219 0.0000e+00
      11381 312.578926  -62.18762  -58.04228      0.857    1447.57    297.000    293.938    -0.7867    -0.7871    -0.0004    -0.7958    -0.7962    -0.0004   2.802363   2.802272  -0.000078    34.3545    34.3539     7.1318    27.6221    27.6217    34.3554    27.6229    1449.45    1449.45    -0.7956  1029.0478    34.5233 0.0000e+00
      11421 312.578945  -62.18762  -58.04225      0.596    1447.57    298.000    294.927    -0.7575    -0.7584    -0.0009    -0.7667    -0.7676    -0.0009   2.805005   2.805070   0.000018    34.3536    34.3549     7.1178    27.6202    27.6213    34.3574    27.6233    1449.61    1449.61    -0.7665  1029.0527    34.5253 0.0000e+00
      11454 312.578961  -62.18762  -58.04222      0.696    1447.58    299.000    295.916    -0.7384    -0.7363     0.0021    -0.7477    -0.7456     0.0021   2.806905   2.807118   0.000233    34.3581    34.3589     7.0999    27.6231    27.6236    34.3608    27.6253    1449.72    1449.73    -0.7475  1029.0592    34.5287 0.0000e+00
      11489 312.578977  -62.18762  -58.04220      0.712 -9.990e-29    300.000    296.905    -0.7205    -0.7221    -0.0016    -0.7299    -0.7315    -0.0016   2.808587   2.808484  -0.000079    34.3601    34.3608     7.0690    27.6239    27.6246    34.3626    27.6260    1449.82    1449.82    -0.7297  1029.0645    34.5306 0.0000e+00
      11525 312.578995  -62.18760  -58.04218      0.631 -9.990e-29    301.000    297.894    -0.7158    -0.7130     0.0028    -0.7252    -0.7224     0.0027   2.809271   2.809401   0.000129    34.3628    34.3615     7.0373    27.6260    27.6247    34.3658    27.6284    1449.87    1449.88    -0.7250  1029.0716    34.5338 0.0000e+00
      11551 312.579007  -62.18760  -58.04216      0.825    1447.88    302.000    298.883    -0.7011    -0.7016    -0.0004    -0.7106    -0.7111    -0.0004   2.810487   2.810453  -0.000071    34.3633    34.3629     7.0151    27.6257    27.6254    34.3650    27.6271    1449.95    1449.95    -0.7104  1029.0750    34.5330 0.0000e+00
      11572 312.579018  -62.18760  -58.04216      1.028    1447.92    303.000    299.872    -0.6920    -0.6921    -0.0001    -0.7016    -0.7016    -0.0001   2.811533   2.811441  -0.000072    34.3641    34.3632     7.0075    27.6260    27.6252    34.3682    27.6293    1450.01    1450.01    -0.7014  1029.0818    34.5362 0.0000e+00
      11594 312.579028  -62.18760  -58.04216      1.113    1447.92    304.000    300.861    -0.6824    -0.6806     0.0018    -0.6920    -0.6902     0.0018   2.812397   2.812439   0.000047    34.3658    34.3645     7.0002    27.6270    27.6258    34.3683    27.6290    1450.07    1450.08    -0.6918  1029.0861    34.5363 0.0000e+00
      11632 312.579046  -62.18760  -58.04214      0.740    1447.92    305.000    301.849    -0.6805    -0.6836    -0.0030    -0.6902    -0.6932    -0.0030   2.812590   2.812205  -0.000377    34.3664    34.3648     6.9824    27.6274    27.6262    34.3682    27.6288    1450.10    1450.08    -0.6899  1029.0907    34.5362 0.0000e+00
      11679 312.579069  -62.18760  -58.04211      0.468    1447.92    306.000    302.839    -0.6811    -0.6804     0.0008    -0.6908    -0.6900     0.0008   2.812614   2.812582  -0.000039    34.3673    34.3659     6.9679    27.6281    27.6269    34.3686    27.6292    1450.11    1450.11    -0.6906  1029.0958    34.5366 0.0000e+00
      11710 312.579084  -62.18759  -58.04209      0.718    1447.92    307.000    303.828    -0.6806    -0.6795     0.0012    -0.6904    -0.6892     0.0012   2.812699   2.812700  -0.000003    34.3675    34.3661     6.9599    27.6283    27.6271    34.3686    27.6292    1450.13    1450.13    -0.6901  1029.1006    34.5366 0.0000e+00
      11736 312.579097  -62.18758  -58.04208      0.879    1447.92    308.000    304.817    -0.6797    -0.6786     0.0011    -0.6894    -0.6884     0.0011   2.812850   2.812844  -0.000002    34.3678    34.3665     6.9542    27.6285    27.6274    34.3690    27.6294    1450.15    1450.15    -0.6892  1029.1056    34.5370 0.0000e+00
      11763 312.579110  -62.18758  -58.04206      0.905    1447.92    309.000    305.806    -0.6907    -0.6948    -0.0041    -0.7005    -0.7045    -0.0041   2.812214   2.811677  -0.000516    34.3728    34.3705     6.9510    27.6330    27.6313    34.3722    27.6325    1450.12    1450.10    -0.7002  1029.1135    34.5403 0.0000e+00
      11795 312.579125  -62.18758  -58.04203      0.782    1447.92    310.000    306.794    -0.7029    -0.7011     0.0019    -0.7127    -0.7108     0.0019   2.811441   2.811284  -0.000145    34.3751    34.3710     6.9569    27.6353    27.6320    34.3751    27.6354    1450.08    1450.09    -0.7125  1029.1212    34.5431 0.0000e+00
      11830 312.579142  -62.18758  -58.04202      0.696    1447.92    311.000    307.783    -0.7023    -0.7022     0.0000    -0.7121    -0.7120     0.0000   2.811390   2.811253  -0.000168    34.3733    34.3710     6.9504    27.6339    27.6320    34.3730    27.6337    1450.10    1450.10    -0.7119  1029.1243    34.5410 0.0000e+00
      11860 312.579157  -62.18758  -58.04200      0.756    1447.92    312.000    308.772    -0.7112    -0.7102     0.0010    -0.7210    -0.7200     0.0010   2.810647   2.810535  -0.000113    34.3735    34.3708     6.9436    27.6344    27.6322    34.3725    27.6336    1450.08    1450.08    -0.7208  1029.1291    34.5405 0.0000e+00
      11889 312.579170  -62.18758  -58.04198      0.833    1447.92    313.000    309.762    -0.7138    -0.7118     0.0019    -0.7236    -0.7217     0.0019   2.810399   2.810466   0.000063    34.3715    34.3701     6.9374    27.6329    27.6317    34.3715    27.6329    1450.08    1450.09    -0.7234  1029.1332    34.5395 0.0000e+00
      11918 312.579184  -62.18758  -58.04197      0.829    1447.92    314.000    310.750    -0.7097    -0.7092     0.0005    -0.7195    -0.7190     0.0005   2.810745   2.810787   0.000030    34.3706    34.3705     6.9387    27.6321    27.6319    34.3709    27.6323    1450.11    1450.11    -0.7193  1029.1372    34.5389 0.0000e+00
      11945 312.579198  -62.18757  -58.04196      0.840    1447.92    315.000    311.739    -0.7061    -0.7023     0.0039    -0.7161    -0.7122     0.0039   2.811207   2.811402   0.000206    34.3723    34.3707     6.9420    27.6332    27.6318    34.3725    27.6334    1450.15    1450.16    -0.7158  1029.1431    34.5405 0.0000e+00
      11969 312.579209  -62.18756  -58.04195      0.953    1447.92    316.000    312.728    -0.7030    -0.7018     0.0012    -0.7129    -0.7117     0.0012   2.811510   2.811528   0.000016    34.3721    34.3709     6.9425    27.6329    27.6320    34.3724    27.6332    1450.18    1450.18    -0.7127  1029.1476    34.5404 0.0000e+00
      11993 312.579221  -62.18756  -58.04194      1.019    1447.92    317.000    313.717    -0.7114    -0.7111     0.0003    -0.7214    -0.7211     0.0003   2.810838   2.810780  -0.000046    34.3735    34.3725     6.9459    27.6345    27.6337    34.3723    27.6335    1450.15    1450.15    -0.7212  1029.1527    34.5403 0.0000e+00
      12030 312.579238  -62.18756  -58.04192      0.725    1447.92    318.000    314.703    -0.7279    -0.7241     0.0037    -0.7378    -0.7341     0.0037   2.809684   2.809925   0.000221    34.3759    34.3746     6.9434    27.6371    27.6359    34.3748    27.6362    1450.10    1450.11    -0.7376  1029.1604    34.5428 0.0000e+00
      12075 312.579260  -62.18756  -58.04189      0.503    1447.92    319.000    315.698    -0.7263    -0.7262     0.0002    -0.7364    -0.7362     0.0002   2.810004   2.809956  -0.000040    34.3763    34.3755     6.9359    27.6373    27.6367    34.3767    27.6377    1450.12    1450.12    -0.7361  1029.1666    34.5448 0.0000e+00
      12105 312.579275  -62.18754  -58.04188      0.728    1447.92    320.000    316.684    -0.7145    -0.7140     0.0005    -0.7246    -0.7241     0.0005   2.811192   2.811222   0.000035    34.3780    34.3780     6.9344    27.6383    27.6382    34.3787    27.6388    1450.20    1450.20    -0.7243  1029.1723    34.5468 0.0000e+00
      12128 312.579286  -62.18754  -58.04186      0.937    1447.92    321.000    317.673    -0.7055    -0.7057    -0.0002    -0.7156    -0.7158    -0.0002   2.812224   2.812151  -0.000068    34.3801    34.3795     6.9398    27.6396    27.6390    34.3818    27.6409    1450.26    1450.26    -0.7154  1029.1791    34.5499 0.0000e+00
      12151 312.579297  -62.18754  -58.04184      1.054    1447.92    322.000    318.661    -0.6962    -0.6961     0.0001    -0.7064    -0.7063     0.0001   2.813187   2.813129  -0.000058    34.3824    34.3816     6.9267    27.6410    27.6403    34.3836    27.6420    1450.32    1450.32    -0.7062  1029.1849    34.5517 0.0000e+00
      12178 312.579310  -62.18754  -58.04183      0.943    1447.92    323.000    319.650    -0.6747    -0.6789    -0.0042    -0.6850    -0.6892    -0.0042   2.815188   2.814926  -0.000259    34.3819    34.3832     6.9079    27.6397    27.6409    34.3857    27.6428    1450.44    1450.42    -0.6848  1029.1901    34.5537 0.0000e+00
      12212 312.579326  -62.18754  -58.04182      0.738    1447.92    324.000    320.639    -0.6184    -0.6228    -0.0043    -0.6289    -0.6333    -0.0043   2.820300   2.820310   0.000011    34.3829    34.3880     6.8745    27.6381    27.6424    34.3901    27.6440    1450.73    1450.71    -0.6287  1029.1955    34.5582 0.0000e+00
      12242 312.579341  -62.18754  -58.04181      0.764    1447.92    325.000    321.627    -0.5829    -0.5821     0.0009    -0.5936    -0.5927     0.0008   2.823933   2.824115   0.000196    34.3940    34.3956     6.8544    27.6455    27.6468    34.3982    27.6489    1450.92    1450.93    -0.5933  1029.2048    34.5663 0.0000e+00
      12270 312.579354  -62.18754  -58.04180      0.840    1447.92    326.000    322.617    -0.5887    -0.5882     0.0005    -0.5994    -0.5989     0.0005   2.823848   2.823743  -0.000098    34.4008    34.3989     6.8256    27.6513    27.6498    34.4030    27.6531    1450.92    1450.92    -0.5991  1029.2137    34.5712 0.0000e+00
      12304 312.579370  -62.18753  -58.04178      0.756    1447.92    327.000    323.606    -0.5965    -0.5963     0.0002    -0.6072    -0.6070     0.0002   2.823345   2.823215  -0.000137    34.4025    34.4004     6.7574    27.6530    27.6513    34.4044    27.6546    1450.90    1450.90    -0.6069  1029.2201    34.5726 0.0000e+00
      12339 312.579388  -62.18752  -58.04175      0.656    1447.92    328.000    324.595    -0.5971    -0.5961     0.0010    -0.6078    -0.6068     0.0010   2.823298   2.823274  -0.000032    34.4022    34.4007     6.6968    27.6528    27.6515    34.4038    27.6541    1450.91    1450.92    -0.6076  1029.2244    34.5720 0.0000e+00
      12366 312.579400  -62.18752  -58.04172      0.811    1447.92    329.000    325.584    -0.5980    -0.5974     0.0006    -0.6087    -0.6081     0.0006   2.823278   2.823236  -0.000041    34.4027    34.4014     6.6826    27.6532    27.6522    34.4040    27.6543    1450.92    1450.93    -0.6085  1029.2293    34.5722 0.0000e+00
      12390 312.579412  -62.18752  -58.04172      0.954    1447.92    330.000    326.572    -0.6007    -0.5993     0.0013    -0.6114    -0.6101     0.0013   2.823137   2.823132  -0.000007    34.4036    34.4020     6.6778    27.6541    27.6527    34.4046    27.6549    1450.93    1450.93    -0.6112  1029.2347    34.5728 0.0000e+00
      12419 312.579426  -62.18752  -58.04171      0.893    1447.92    331.000    327.561    -0.5987    -0.5988    -0.0001    -0.6095    -0.6096    -0.0001   2.823391   2.823284  -0.000101    34.4039    34.4026     6.6830    27.6542    27.6533    34.4052    27.6553    1450.96    1450.95    -0.6093  1029.2398    34.5733 0.0000e+00
      12457 312.579444  -62.18752  -58.04170      0.655    1447.92    332.000    328.550    -0.5866    -0.5872    -0.0006    -0.5975    -0.5981    -0.0006   2.824586   2.824517  -0.000076    34.4048    34.4045     6.6814    27.6545    27.6543    34.4069    27.6561    1451.03    1451.03    -0.5973  1029.2431    34.5724 0.0000e+00
      12491 312.579461  -62.18750  -58.04167      0.671    1447.92    333.000    329.538    -0.5813    -0.5803     0.0011    -0.5923    -0.5912     0.0011   2.825157   2.825207   0.000050    34.4067    34.4062     6.6825    27.6558    27.6553    34.4080    27.6568    1451.07    1451.08    -0.5920  1029.2506    34.5762 0.0000e+00
      12521 312.579475  -62.18750  -58.04165      0.777    1447.92    334.000    330.527    -0.5806    -0.5801     0.0005    -0.5916    -0.5911     0.0005   2.825322   2.825288  -0.000036    34.4076    34.4065     6.6772    27.6564    27.6556    34.4088    27.6574    1451.09    1451.09    -0.5913  1029.2560    34.5770 0.0000e+00
      12549 312.579489  -62.18750  -58.04163      0.853    1447.92    335.000    331.516    -0.5789    -0.5777     0.0012    -0.5899    -0.5887     0.0012   2.825506   2.825567   0.000048    34.4078    34.4071     6.6632    27.6566    27.6560    34.4087    27.6572    1451.12    1451.12    -0.5897  1029.2606    34.5769 0.0000e+00
      12576 312.579502  -62.18750  -58.04162      0.864    1447.92    336.000    332.505    -0.5745    -0.5737     0.0008    -0.5855    -0.5848     0.0008   2.826011   2.826013   0.000010    34.4080    34.4072     6.6573    27.6565    27.6559    34.4099    27.6581    1451.16    1451.16    -0.5853  1029.2660    34.5781 0.0000e+00
      12602 312.579514  -62.18750  -58.04160      0.905    1447.92    337.000    333.494    -0.5673    -0.5669     0.0004    -0.5784    -0.5780     0.0004   2.826707   2.826660  -0.000043    34.4093    34.4082     6.6529    27.6572    27.6564    34.4105    27.6582    1451.21    1451.21    -0.5782  1029.2709    34.5787 0.0000e+00
      12626 312.579526  -62.18750  -58.04160      0.984    1447.92    338.000    334.482    -0.5663    -0.5656     0.0007    -0.5775    -0.5767     0.0007   2.826891   2.826850  -0.000037    34.4100    34.4087     6.6457    27.6578    27.6567    34.4112    27.6588    1451.23    1451.23    -0.5772  1029.2762    34.5795 0.0000e+00
      12651 312.579538  -62.18750  -58.04160      0.989    1447.92    339.000    335.471    -0.5627    -0.5627    -0.0000    -0.5739    -0.5739    -0.0000   2.827247   2.827183  -0.000065    34.4102    34.4093     6.6432    27.6578    27.6571    34.4113    27.6587    1451.26    1451.26    -0.5737  1029.2808    34.5795 0.0000e+00
      12695 312.579559  -62.18750  -58.04158      0.596    1447.92    340.000    336.457    -0.5546    -0.5567    -0.0021    -0.5659    -0.5679    -0.0021   2.828072   2.827766  -0.000282    34.4112    34.4098     6.6294    27.6582    27.6572    34.4126    27.6594    1451.32    1451.31    -0.5656  1029.2861    34.5808 0.0000e+00
      12753 312.579587  -62.18748  -58.04152      0.395    1447.92    341.000    337.454    -0.5489    -0.5487     0.0002    -0.5602    -0.5600     0.0002   2.828784   2.828709  -0.000096    34.4142    34.4127     6.6259    27.6604    27.6592    34.4152    27.6612    1451.37    1451.36    -0.5600  1029.2926    34.5834 0.0000e+00
