Pos-Processados/process_op42/Processamento_split/down/doperantar42_002.cnv
* Sea-Bird SBE 9 Data File:
* FileName = C:\Users\Hidrografia\Desktop\OPXLII\Brutos\OP42002.hdr
* Software Version Seasave V 7.26.7.107
* Temperature SN = 6502
* Conductivity SN = 4998
* Number of Bytes Per Scan = 37
* Number of Voltage Words = 4
* Number of Scans Averaged by the Deck Unit = 1
* NMEA Latitude = 37 53.44 S
* NMEA Longitude = 051 46.15 W
* NMEA UTC (Time) = Oct 16 2023 08:29:02
* NMEA baud rate = 4800
** H41
** NPOALTEMAXIMIANO
** NUMERO DA ESTACAO (XXX) 002
** LAT (XX XX.XX S/N) 37 53.431 S
** LONG (XXX XX.XX W/E) 51 48.140 W
** DATAHORA (dd/mm/aaaa hh:mm Z) 16/10/2023 0828Z
** PROFUNDIDADE (m) 4384
** OPERADOR CT FILIPE LOPES
# nquan = 30
# nvalues = 1007                        
# units = specified
# name 0 = scan: Scan Count
# name 1 = timeJ: Julian Days
# name 2 = latitude: Latitude [deg]
# name 3 = longitude: Longitude [deg]
# name 4 = dz/dtM: Descent Rate [m/s]
# name 5 = avgsvCM: Average Sound Velocity [Chen-Millero, m/s]
# name 6 = prDM: Pressure, Digiquartz [db]
# name 7 = depSM: Depth [salt water, m]
# name 8 = t090C: Temperature [ITS-90, deg C]
# name 9 = t190C: Temperature, 2 [ITS-90, deg C]
# name 10 = T2-T190C: Temperature Difference, 2 - 1 [ITS-90, deg C]
# name 11 = potemp090C: Potential Temperature [ITS-90, deg C]
# name 12 = potemp190C: Potential Temperature, 2 [ITS-90, deg C]
# name 13 = potemp90Cdiff: Potential Temperature, Diff, 2 - 1 [ITS-90, deg C]
# name 14 = c0S/m: Conductivity [S/m]
# name 15 = c1S/m: Conductivity, 2 [S/m]
# name 16 = C2-C1S/m: Conductivity Difference, 2 - 1 [S/m]
# name 17 = sal00: Salinity, Practical [PSU]
# name 18 = sal11: Salinity, Practical, 2 [PSU]
# name 19 = sbeox0ML/L: Oxygen, SBE 43 [ml/l]
# name 20 = sigma-é00: Density [sigma-theta, kg/m^3]
# name 21 = sigma-é11: Density, 2 [sigma-theta, kg/m^3]
# name 22 = sal00: Salinity, Practical [PSU]
# name 23 = sigma-é00: Density [sigma-theta, kg/m^3]
# name 24 = svCM: Sound Velocity [Chen-Millero, m/s]
# name 25 = svCM1: Sound Velocity, 2 [Chen-Millero, m/s]
# name 26 = gsw_ptA0: potential temperature [ITS-90, deg C]
# name 27 = gsw_densityA0: density, TEOS-10 [density, kg/m^3]
# name 28 = gsw_saA0: Absolute Salinity [g/kg]
# name 29 = flag:
# span 0 =       6219,      38356       
# span 1 = 289.356494, 289.371992       
# span 2 =  -37.89813,  -37.89182       
# span 3 =  -51.77796,  -51.77083       
# span 4 =     -0.036,      1.612       
# span 5 =       0.00,    1518.61       
# span 6 =      5.000,   1011.000       
# span 7 =      4.959,   1001.013       
# span 8 =     4.6510,    18.1866       
# span 9 =     4.6531,    18.1874       
# span 10 =    -0.0446,     0.0417      
# span 11 =     4.5699,    18.1744      
# span 12 =     4.5720,    18.1752      
# span 13 =    -0.0445,     0.0416      
# span 14 =   3.290534,   4.757839      
# span 15 =   3.290670,   4.758249      
# span 16 =  -0.006880,   0.004659      
# span 17 =    34.1283,    36.2478      
# span 18 =    34.1287,    36.2497      
# span 19 =     4.4790,     6.2347      
# span 20 =    26.1674,    27.1001      
# span 21 =    26.1688,    27.0935      
# span 22 =    34.1278,    36.2480      
# span 23 =    26.1675,    27.0937      
# span 24 =    1482.69,    1519.30      
# span 25 =    1482.70,    1519.30      
# span 26 =     4.5697,    18.1744      
# span 27 =  1026.1967,  1031.7355      
# span 28 =    34.2902,    36.4191      
# span 29 = 0.0000e+00, 0.0000e+00      
# interval = decibars: 1                
# start_time = Oct 16 2023 08:29:02 [NMEA time, header]
# bad_flag = -9.990e-29
*END*
[from data line 387]
      19155 289.362733  -37.89412  -51.77400      1.047    1517.14    392.000    388.702    16.0884    16.0895     0.0011    16.0254    16.0265     0.0011   4.513328   4.513551   0.000167    35.8639    35.8644     5.1150    26.4066    26.4067    35.8622    26.4053    1517.56    1517.57    16.0254  1028.1194    36.0318 0.0000e+00
      19175 289.362742  -37.89412  -51.77400      1.168    1517.14    393.000    389.693    16.0845    16.0873     0.0028    16.0214    16.0241     0.0027   4.512795   4.513254   0.000464    35.8620    35.8636     5.1003    26.4060    26.4067    35.8606    26.4049    1517.56    1517.57    16.0214  1028.1234    36.0302 0.0000e+00
      19196 289.362752  -37.89412  -51.77400      1.185    1517.14    394.000    390.683    16.0840    16.0848     0.0008    16.0207    16.0214     0.0008   4.512740   4.512996   0.000263    35.8612    35.8628     5.1031    26.4056    26.4067    35.8601    26.4047    1517.58    1517.58    16.0207  1028.1276    36.0297 0.0000e+00
      19227 289.362767  -37.89412  -51.77400      0.918    1517.14    395.000    391.674    16.0838    16.0843     0.0005    16.0203    16.0208     0.0005   4.512763   4.512993   0.000238    35.8611    35.8627     5.1139    26.4056    26.4067    35.8601    26.4048    1517.60    1517.60    16.0203  1028.1321    36.0297 0.0000e+00
      19267 289.362786  -37.89413  -51.77402      0.581    1517.14    396.000    392.664    16.0808    16.0814     0.0006    16.0171    16.0178     0.0006   4.512364   4.512634   0.000257    35.8598    35.8615     5.1164    26.4053    26.4065    35.8589    26.4046    1517.60    1517.60    16.0172  1028.1362    36.0285 0.0000e+00
      19295 289.362800  -37.89414  -51.77402      0.738    1517.14    397.000    393.655    16.0797    16.0803     0.0007    16.0159    16.0165     0.0007   4.512232   4.512499   0.000293    35.8592    35.8613     5.1157    26.4052    26.4066    35.8583    26.4045    1517.61    1517.62    16.0159  1028.1404    36.0279 0.0000e+00
      19316 289.362810  -37.89414  -51.77402      0.984    1517.14    398.000    394.646    16.0695    16.0697     0.0002    16.0056    16.0058     0.0002   4.511012   4.511124   0.000093    35.8581    35.8587     5.1129    26.4067    26.4071    35.8562    26.4052    1517.60    1517.60    16.0056  1028.1455    36.0258 0.0000e+00
      19335 289.362819  -37.89414  -51.77402      1.187    1517.14    399.000    395.636    16.0643    16.0650     0.0007    16.0002    16.0009     0.0007   4.510363   4.510611   0.000245    35.8560    35.8575     5.1039    26.4062    26.4073    35.8547    26.4053    1517.59    1517.60    16.0002  1028.1501    36.0243 0.0000e+00
      19353 289.362828  -37.89414  -51.77402      1.286    1517.14    400.000    396.627    16.0625    16.0632     0.0007    15.9983    15.9989     0.0007   4.510164   4.510430   0.000263    35.8552    35.8570     5.1049    26.4062    26.4073    35.8542    26.4053    1517.60    1517.61    15.9983  1028.1544    36.0237 0.0000e+00
      19374 289.362838  -37.89414  -51.77404      1.244    1517.14    401.000    397.618    16.0558    16.0566     0.0009    15.9914    15.9923     0.0008   4.509410   4.509524   0.000147    35.8549    35.8555     5.1103    26.4075    26.4077    35.8531    26.4061    1517.60    1517.60    15.9914  1028.1596    36.0227 0.0000e+00
      19396 289.362849  -37.89416  -51.77404      1.129    1517.14    402.000    398.608    16.0412    16.0404    -0.0008    15.9767    15.9759    -0.0008   4.507588   4.507375  -0.000196    35.8528    35.8517     5.1059    26.4092    26.4086    35.8496    26.4068    1517.57    1517.56    15.9767  1028.1648    36.0192 0.0000e+00
      19418 289.362859  -37.89416  -51.77406      1.092    1517.14    403.000    399.599    15.9931    15.9916    -0.0015    15.9286    15.9270    -0.0015   4.501767   4.500864  -0.000872    35.8480    35.8416     5.0915    26.4166    26.4120    35.8406    26.4109    1517.43    1517.42    15.9286  1028.1736    36.0101 0.0000e+00
      19439 289.362870  -37.89416  -51.77406      1.113    1517.14    404.000    400.589    15.9598    15.9602     0.0004    15.8952    15.8955     0.0004   4.497184   4.497172  -0.000073    35.8341    35.8331     5.0810    26.4136    26.4127    35.8294    26.4099    1517.33    1517.33    15.8952  1028.1772    35.9988 0.0000e+00
      19464 289.362882  -37.89417  -51.77406      1.047    1517.14    405.000    401.580    15.9448    15.9430    -0.0017    15.8800    15.8783    -0.0017   4.495218   4.495028  -0.000142    35.8287    35.8291     5.0828    26.4129    26.4136    35.8249    26.4100    1517.29    1517.29    15.8801  1028.1817    35.9944 0.0000e+00
      19500 289.362899  -37.89418 -9.990e-29      0.734    1517.14    406.000    402.571    15.9123    15.9092    -0.0031    15.8475    15.8444    -0.0031   4.491362   4.490892  -0.000502    35.8245    35.8228     5.0680    26.4171    26.4165    35.8194    26.4132    1517.20    1517.19    15.8475  1028.1895    35.9888 0.0000e+00
      19535 289.362916  -37.89418 -9.990e-29      0.651    1517.14    407.000    403.561    15.8786    15.8792     0.0005    15.8137    15.8143     0.0005   4.486656   4.486615   0.000028    35.8129    35.8127     5.0693    26.4159    26.4156    35.8073    26.4116    1517.10    1517.10    15.8138  1028.1926    35.9767 0.0000e+00
      19562 289.362929  -37.89418 -9.990e-29      0.815    1517.14    408.000    404.551    15.8365    15.8358    -0.0007    15.7716    15.7709    -0.0007   4.481366   4.481073  -0.000369    35.8045    35.8018     5.0612    26.4191    26.4172    35.7975    26.4137    1516.98    1516.97    15.7717  1028.1997    35.9674 0.0000e+00
      19586 289.362940 -9.990e-29 -9.990e-29      0.964    1517.14    409.000    405.542    15.7698    15.7707     0.0009    15.7049    15.7058     0.0009   4.473047   4.472262  -0.000686    35.7944    35.7874     5.0644    26.4265    26.4209    35.7829    26.4176    1516.77    1516.77    15.7049  1028.2099    35.9545 0.0000e+00
      19607 289.362951 -9.990e-29 -9.990e-29      1.053    1517.14    410.000    406.533    15.7248    15.7241    -0.0006    15.6599    15.6592    -0.0006   4.467152   4.466916  -0.000338    35.7780    35.7755     5.0671    26.4241    26.4223    35.7702    26.4181    1516.63    1516.63    15.6599  1028.2151    35.9418 0.0000e+00
      19627 289.362960 -9.990e-29 -9.990e-29      1.135    1517.14    411.000    407.523    15.7088    15.7080    -0.0008    15.6438    15.6430    -0.0008   4.464789   4.464701  -0.000082    35.7705    35.7705     5.0554    26.4219    26.4221    35.7630    26.4162    1516.59    1516.59    15.6439  1028.2177    35.9345 0.0000e+00
      19645 289.362969 -9.990e-29 -9.990e-29      1.237    1517.14    412.000    408.514    15.6891    15.6887    -0.0005    15.6240    15.6236    -0.0005   4.462285   4.462333   0.000050    35.7647    35.7656     5.0421    26.4220    26.4228    35.7579    26.4168    1516.54    1516.54    15.6241  1028.2228    35.9294 0.0000e+00
      19663 289.362977  -37.89420  -51.77410      1.332    1517.14    413.000    409.504    15.6790    15.6790    -0.0000    15.6137    15.6137    -0.0000   4.461016   4.461175   0.000138    35.7612    35.7625     5.0268    26.4216    26.4226    35.7553    26.4171    1516.52    1516.53    15.6138  1028.2272    35.9264 0.0000e+00
      19683 289.362987  -37.89420  -51.77410      1.311    1517.14    414.000    410.495    15.6663    15.6657    -0.0006    15.6010    15.6003    -0.0006   4.459481   4.459489  -0.000003    35.7584    35.7589     5.0130    26.4224    26.4229    35.7526    26.4179    1516.50    1516.50    15.6010  1028.2310    35.9217 0.0000e+00
      19712 289.363001  -37.89422  -51.77412      0.958    1517.14    415.000    411.486    15.6538    15.6532    -0.0006    15.5883    15.5877    -0.0006   4.458612   4.458077  -0.000515    35.7611    35.7570     5.0220    26.4273    26.4243    35.7557    26.4231    1516.48    1516.47    15.5883  1028.2407    35.9248 0.0000e+00
      19743 289.363016  -37.89422  -51.77413      0.735    1517.14    416.000    412.476    15.6348    15.6362     0.0015    15.5692    15.5706     0.0015   4.455576   4.455836   0.000243    35.7497    35.7506     5.0307    26.4229    26.4232    35.7452    26.4194    1516.42    1516.43    15.5692  1028.2415    35.9143 0.0000e+00
      19767 289.363028  -37.89422  -51.77414      0.901    1517.14    417.000    413.467    15.6295    15.6239    -0.0057    15.5638    15.5581    -0.0057   4.454744   4.454045  -0.000525    35.7474    35.7478     5.0370    26.4223    26.4239    35.7420    26.4182    1516.42    1516.40    15.5638  1028.2454    35.9121 0.0000e+00
      19788 289.363038 -9.990e-29  -51.77414      1.073    1517.14    418.000    414.457    15.5925    15.5903    -0.0023    15.5268    15.5245    -0.0023   4.450432   4.450016  -0.000583    35.7430    35.7399     5.0335    26.4273    26.4254    35.7363    26.4221    1516.32    1516.31    15.5268  1028.2550    35.9077 0.0000e+00
      19811 289.363049 -9.990e-29  -51.77414      1.103    1517.14    419.000    415.448    15.5789    15.5788    -0.0002    15.5130    15.5129    -0.0002   4.448673   4.448498  -0.000121    35.7373    35.7364     5.0095    26.4260    26.4253    35.7324    26.4222    1516.29    1516.28    15.5131  1028.2596    35.9038 0.0000e+00
      19840 289.363063 -9.990e-29  -51.77414      0.887    1517.14    420.000    416.438    15.5456    15.5404    -0.0052    15.4796    15.4744    -0.0052   4.444644   4.443558  -0.001068    35.7334    35.7285     4.9966    26.4305    26.4279    35.7259    26.4247    1516.19    1516.17    15.4797  1028.2667    35.8972 0.0000e+00
      19867 289.363076  -37.89424  -51.77415      0.837    1517.14    421.000    417.429    15.4973    15.4959    -0.0014    15.4313    15.4299    -0.0014   4.438609   4.437996  -0.000675    35.7223    35.7175     5.0111    26.4329    26.4295    35.7148    26.4271    1516.04    1516.03    15.4313  1028.2731    35.8852 0.0000e+00
      19886 289.363085  -37.89424  -51.77416      1.027    1517.14    422.000    418.420    15.4640    15.4615    -0.0025    15.3979    15.3954    -0.0025   4.433867   4.433219  -0.000535    35.7128    35.7103     5.0069    26.4331    26.4316    35.7017    26.4245    1515.94    1515.93    15.3980  1028.2741    35.8706 0.0000e+00
      19905 289.363094  -37.89424  -51.77416      1.220    1517.14    423.000    419.410    15.3643    15.3588    -0.0055    15.2984    15.2929    -0.0055   4.421636   4.420138  -0.001569    35.6988    35.6896     5.0148    26.4445    26.4387    35.6811    26.4309    1515.62    1515.60    15.2985  1028.2856    35.8499 0.0000e+00
      19927 289.363105  -37.89426  -51.77416      1.211    1517.14    424.000    420.396    15.3448    15.3259    -0.0188    15.2788    15.2600    -0.0188   4.420378   4.417234  -0.002723    35.6871    35.6795     4.9973    26.4399    26.4383    35.6870    26.4399    1515.58    1515.51    15.2788  1028.2991    35.8559 0.0000e+00
      19968 289.363124  -37.89426  -51.77416      0.607    1517.14    425.000    421.393    15.3742    15.3339    -0.0402    15.3079    15.2678    -0.0401   4.421830   4.417458  -0.004796    35.6875    35.6806     4.9618    26.4337    26.4374    35.6731    26.4226    1515.68    1515.55    15.3079  1028.2860    35.8419 0.0000e+00
      19996 289.363138  -37.89428  -51.77418      0.697 -9.990e-29    426.000    422.381    15.2878    15.2875    -0.0003    15.2217    15.2214    -0.0003   4.411769   4.411675  -0.000056    35.6678    35.6675     4.9742    26.4378    26.4377    35.6599    26.4317    1515.41    1515.41    15.2217  1028.3002    35.8286 0.0000e+00
      20015 289.363147  -37.89428  -51.77418      1.020 -9.990e-29    427.000    423.371    15.2565    15.2561    -0.0004    15.1903    15.1899    -0.0004   4.407736   4.407630  -0.000204    35.6614    35.6599     4.9721    26.4399    26.4388    35.6514    26.4321    1515.32    1515.31    15.1903  1028.3052    35.8200 0.0000e+00
      20031 289.363155  -37.89428  -51.77419      1.283 -9.990e-29    428.000    424.362    15.2314    15.2322     0.0008    15.1651    15.1659     0.0008   4.404494   4.404721   0.000175    35.6532    35.6540     4.9640    26.4391    26.4396    35.6444    26.4324    1515.25    1515.25    15.1651  1028.3100    35.8130 0.0000e+00
      20049 289.363163  -37.89428  -51.77420      1.430 -9.990e-29    429.000    425.353    15.2215    15.2228     0.0013    15.1551    15.1564     0.0013   4.403232   4.403608   0.000382    35.6480    35.6503     4.9369    26.4374    26.4388    35.6414    26.4323    1515.23    1515.24    15.1552  1028.3144    35.8101 0.0000e+00
      20087 289.363182  -37.89429  -51.77420      0.782    1517.03    430.000    426.343    15.2201    15.1891    -0.0310    15.1535    15.1227    -0.0309   4.402402   4.399605  -0.002737    35.6428    35.6461     4.9228    26.4337    26.4431    35.6348    26.4275    1515.23    1515.14    15.1535  1028.3140    35.8034 0.0000e+00
      20130 289.363203  -37.89430  -51.77422      0.507    1517.03    431.000    427.334    15.0853    15.0854     0.0001    15.0190    15.0190     0.0001   4.386808   4.386306  -0.000471    35.6272    35.6228     4.9376    26.4515    26.4481    35.6151    26.4422    1514.80    1514.80    15.0190  1028.3341    35.7836 0.0000e+00
      20152 289.363213  -37.89430  -51.77422      0.867    1517.03    432.000    428.324    15.0185    15.0173    -0.0013    14.9522    14.9510    -0.0013   4.378699   4.378000  -0.000780    35.6140    35.6081     4.9336    26.4561    26.4518    35.6016    26.4465    1514.59    1514.58    14.9523  1028.3433    35.7700 0.0000e+00
      20171 289.363222  -37.89430  -51.77422      1.118    1517.03    433.000    429.314    14.9625    14.9565    -0.0060    14.8962    14.8902    -0.0060   4.371434   4.370113  -0.001264    35.6022    35.5961     4.9191    26.4593    26.4559    35.5859    26.4467    1514.41    1514.39    14.8963  1028.3484    35.7542 0.0000e+00
      20191 289.363232  -37.89430  -51.77422      1.237    1517.03    434.000    430.305    14.9052    14.9040    -0.0011    14.8389    14.8378    -0.0011   4.364864   4.364273  -0.000722    35.5890    35.5834     4.9000    26.4617    26.4576    35.5776    26.4529    1514.24    1514.23    14.8390  1028.3595    35.7460 0.0000e+00
      20218 289.363245  -37.89431  -51.77422      1.032    1517.03    435.000    431.295    14.8962    14.8955    -0.0007    14.8298    14.8291    -0.0007   4.363242   4.363297   0.000019    35.5788    35.5796     4.8837    26.4558    26.4566    35.5706    26.4495    1514.22    1514.22    14.8298  1028.3605    35.7389 0.0000e+00
      20252 289.363261  -37.89432  -51.77422      0.715    1517.03    436.000    432.286    14.8883    14.8893     0.0010    14.8218    14.8228     0.0010   4.362268   4.362528   0.000222    35.5756    35.5767     4.8677    26.4551    26.4558    35.5684    26.4496    1514.21    1514.21    14.8219  1028.3650    35.7367 0.0000e+00
      20278 289.363274  -37.89432  -51.77423      0.822    1517.03    437.000    433.276    14.8799    14.8804     0.0006    14.8132    14.8138     0.0006   4.361208   4.361454   0.000249    35.5728    35.5746     4.8685    26.4549    26.4561    35.5661    26.4496    1514.19    1514.20    14.8133  1028.3695    35.7343 0.0000e+00
      20300 289.363285  -37.89433  -51.77424      1.005    1517.03    438.000    434.267    14.8624    14.8623    -0.0001    14.7957    14.7956    -0.0001   4.359288   4.359347   0.000025    35.5706    35.5710     4.8690    26.4570    26.4573    35.5640    26.4519    1514.15    1514.15    14.7957  1028.3763    35.7323 0.0000e+00
      20323 289.363296  -37.89434  -51.77425      1.078    1517.03    439.000    435.257    14.8536    14.8548     0.0013    14.7867    14.7880     0.0012   4.358196   4.358435   0.000242    35.5675    35.5686     4.8702    26.4566    26.4571    35.5617    26.4520    1514.14    1514.15    14.7867  1028.3809    35.7299 0.0000e+00
