Pos-Processados/process_op42/Processamento_split/down/doperantar42_032.cnv
* Sea-Bird SBE 9 Data File:
* FileName = C:\Users\Hidrografia\Desktop\OPXLII\Brutos\OP42032.hdr
* Software Version Seasave V 7.26.7.107
* Temperature SN = 6502
* Conductivity SN = 4998
* Number of Bytes Per Scan = 37
* Number of Voltage Words = 4
* Number of Scans Averaged by the Deck Unit = 1
* NMEA Latitude = 62 08.42 S
* NMEA Longitude = 058 26.62 W
* NMEA UTC (Time) = Nov 09 2023 07:09:23
* NMEA baud rate = 4800
** H41
** NPOALTEMAXIMIANO
** NUMERO DA ESTACAO (XXX) 032
** LAT (XX XX.XX S/N) 62 08.4 S
** LONG (XXX XX.XX W/E) 058 26.6 W
** DATAHORA (dd/mm/aaaa hh:mm Z) 09/11/2023 0708Z
** PROFUNDIDADE (m) 425
** OPERADOR CT FABIREZA
# nquan = 30
# nvalues = 388                         
# units = specified
# name 0 = scan: Scan Count
# name 1 = timeJ: Julian Days
# name 2 = latitude: Latitude [deg]
# name 3 = longitude: Longitude [deg]
# name 4 = dz/dtM: Descent Rate [m/s]
# name 5 = avgsvCM: Average Sound Velocity [Chen-Millero, m/s]
# name 6 = prDM: Pressure, Digiquartz [db]
# name 7 = depSM: Depth [salt water, m]
# name 8 = t090C: Temperature [ITS-90, deg C]
# name 9 = t190C: Temperature, 2 [ITS-90, deg C]
# name 10 = T2-T190C: Temperature Difference, 2 - 1 [ITS-90, deg C]
# name 11 = potemp090C: Potential Temperature [ITS-90, deg C]
# name 12 = potemp190C: Potential Temperature, 2 [ITS-90, deg C]
# name 13 = potemp90Cdiff: Potential Temperature, Diff, 2 - 1 [ITS-90, deg C]
# name 14 = c0S/m: Conductivity [S/m]
# name 15 = c1S/m: Conductivity, 2 [S/m]
# name 16 = C2-C1S/m: Conductivity Difference, 2 - 1 [S/m]
# name 17 = sal00: Salinity, Practical [PSU]
# name 18 = sal11: Salinity, Practical, 2 [PSU]
# name 19 = sbeox0ML/L: Oxygen, SBE 43 [ml/l]
# name 20 = sigma-é00: Density [sigma-theta, kg/m^3]
# name 21 = sigma-é11: Density, 2 [sigma-theta, kg/m^3]
# name 22 = sal00: Salinity, Practical [PSU]
# name 23 = sigma-é00: Density [sigma-theta, kg/m^3]
# name 24 = svCM: Sound Velocity [Chen-Millero, m/s]
# name 25 = svCM1: Sound Velocity, 2 [Chen-Millero, m/s]
# name 26 = gsw_ptA0: potential temperature [ITS-90, deg C]
# name 27 = gsw_densityA0: density, TEOS-10 [density, kg/m^3]
# name 28 = gsw_saA0: Absolute Salinity [g/kg]
# name 29 = flag:
# span 0 =       3138,      16115       
# span 1 = 313.299696, 313.305954       
# span 2 =  -62.14331,  -62.14094       
# span 3 =  -58.44358,  -58.44199       
# span 4 =     -0.145,      1.086       
# span 5 =       0.00,    1448.41       
# span 6 =      1.000,    388.000       
# span 7 =      1.015,    383.910       
# span 8 =    -0.8302,    -0.5351       
# span 9 =    -0.8293,    -0.5285       
# span 10 =    -0.0027,     0.0133      
# span 11 =    -0.8376,    -0.5351      
# span 12 =    -0.8367,    -0.5286      
# span 13 =    -0.0027,     0.0133      
# span 14 =   2.792313,   2.827590      
# span 15 =   2.792308,   2.827571      
# span 16 =  -0.000425,   0.000667      
# span 17 =    34.2794,    34.4128      
# span 18 =    34.2803,    34.4117      
# span 19 =     6.6579,     7.7205      
# span 20 =    27.5523,    27.6612      
# span 21 =    27.5528,    27.6604      
# span 22 =    34.2820,    34.4130      
# span 23 =    27.5532,    27.6613      
# span 24 =    1445.66,    1451.92      
# span 25 =    1445.67,    1451.93      
# span 26 =    -0.8374,    -0.5351      
# span 27 =  1027.5625,  1029.5126      
# span 28 =    34.4437,    34.5812      
# span 29 = 0.0000e+00, 0.0000e+00      
# interval = decibars: 1                
# start_time = Nov 09 2023 07:09:23 [NMEA time, header]
# bad_flag = -9.990e-29
*END*
[from data line 339]
      12589 313.304254  -62.14266  -58.44250      0.566    1447.80    340.000    336.463    -0.6051    -0.6045     0.0006    -0.6162    -0.6156     0.0006   2.820207   2.820178  -0.000031    34.3638    34.3628     6.9942    27.6221    27.6212    34.3641    27.6223    1451.02    1451.02    -0.6160  1029.2460    34.5273 0.0000e+00
      12639 313.304277  -62.14267  -58.44248      0.474    1447.80    341.000    337.450    -0.6035    -0.6043    -0.0008    -0.6146    -0.6154    -0.0008   2.820458   2.820275  -0.000175    34.3646    34.3631     6.9828    27.6227    27.6215    34.3650    27.6230    1451.04    1451.04    -0.6144  1029.2553    34.5331 0.0000e+00
      12679 313.304297  -62.14268  -58.44248      0.587    1447.80    342.000    338.439    -0.5983    -0.5987    -0.0005    -0.6094    -0.6099    -0.0005   2.821100   2.820981  -0.000117    34.3664    34.3654     6.9823    27.6239    27.6231    34.3671    27.6245    1451.09    1451.08    -0.6092  1029.2613    34.5351 0.0000e+00
      12722 313.304318  -62.14268  -58.44248      0.565    1447.80    343.000    339.427    -0.6018    -0.6008     0.0010    -0.6130    -0.6120     0.0010   2.820727   2.820751   0.000013    34.3658    34.3648     6.9830    27.6236    27.6228    34.3655    27.6233    1451.08    1451.09    -0.6128  1029.2650    34.5335 0.0000e+00
      12777 313.304344  -62.14270  -58.44247      0.427    1447.80    344.000    340.418    -0.6049    -0.6042     0.0007    -0.6161    -0.6154     0.0007   2.820406   2.820416 2.2549e-07    34.3638    34.3630     6.9537    27.6221    27.6214    34.3641    27.6223    1451.08    1451.09    -0.6159  1029.2688    34.5320 0.0000e+00
      12823 313.304366  -62.14270  -58.44246      0.524    1447.80    345.000    341.405    -0.5946    -0.5940     0.0006    -0.6059    -0.6053     0.0006   2.821642   2.821659   0.000026    34.3676    34.3673     6.9701    27.6247    27.6244    34.3685    27.6254    1451.15    1451.16    -0.6057  1029.2765    34.5364 0.0000e+00
      12867 313.304388  -62.14271  -58.44246      0.540    1447.80    346.000    342.394    -0.5915    -0.5905     0.0010    -0.6029    -0.6019     0.0010   2.822052   2.822081   0.000028    34.3692    34.3685     6.9766    27.6259    27.6252    34.3699    27.6264    1451.19    1451.19    -0.6026  1029.2822    34.5378 0.0000e+00
      12914 313.304410  -62.14272  -58.44246      0.513    1447.80    347.000    343.383    -0.5853    -0.5847     0.0006    -0.5967    -0.5961     0.0006   2.822733   2.822775   0.000046    34.3708    34.3707     6.9557    27.6269    27.6268    34.3714    27.6274    1451.23    1451.24    -0.5965  1029.2879    34.5394 0.0000e+00
      12955 313.304430  -62.14273  -58.44245      0.579    1447.80    348.000    344.371    -0.5870    -0.5864     0.0005    -0.5984    -0.5978     0.0005   2.822660   2.822632  -0.000031    34.3714    34.3704     6.9426    27.6275    27.6266    34.3717    27.6277    1451.24    1451.24    -0.5982  1029.2929    34.5397 0.0000e+00
      13002 313.304452  -62.14274  -58.44244      0.519    1447.80    349.000    345.360    -0.5857    -0.5853     0.0004    -0.5972    -0.5967     0.0004   2.822834   2.822802  -0.000029    34.3716    34.3707     6.9127    27.6275    27.6268    34.3720    27.6279    1451.27    1451.27    -0.5969  1029.2978    34.5399 0.0000e+00
      13054 313.304478  -62.14274  -58.44244      0.447    1447.80    350.000    346.349    -0.5813    -0.5816    -0.0004    -0.5928    -0.5932    -0.0004   2.823386   2.823285  -0.000103    34.3728    34.3719     6.9157    27.6284    27.6276    34.3738    27.6291    1451.30    1451.30    -0.5926  1029.3038    34.5417 0.0000e+00
      13097 313.304499  -62.14276  -58.44242      0.554    1447.80    351.000    347.337    -0.5738    -0.5733     0.0005    -0.5854    -0.5849     0.0005   2.824313   2.824312   0.000003    34.3766    34.3761     6.9177    27.6311    27.6306    34.3772    27.6316    1451.36    1451.36    -0.5852  1029.3116    34.5461 0.0000e+00
      13144 313.304521  -62.14276 -9.990e-29      0.515    1447.80    352.000    348.326    -0.5750    -0.5744     0.0006    -0.5866    -0.5860     0.0006   2.824275   2.824228  -0.000050    34.3771    34.3757     6.9060    27.6316    27.6304    34.3774    27.6318    1451.37    1451.37    -0.5864  1029.3179    34.5479 0.0000e+00
      13198 313.304547  -62.14278  -58.44240      0.436    1447.80    353.000    349.315    -0.5755    -0.5748     0.0007    -0.5871    -0.5864     0.0007   2.824238   2.824223  -0.000018    34.3766    34.3756     6.8782    27.6312    27.6303    34.3769    27.6314    1451.39    1451.39    -0.5869  1029.3200    34.5446 0.0000e+00
      13238 313.304567 -9.990e-29  -58.44240      0.584    1447.80    354.000    350.304    -0.5752    -0.5743     0.0009    -0.5869    -0.5860     0.0009   2.824317   2.824333   0.000015    34.3768    34.3759     6.8763    27.6313    27.6306    34.3769    27.6315    1451.40    1451.41    -0.5866  1029.3203    34.5391 0.0000e+00
      13277 313.304585 -9.990e-29  -58.44240      0.623    1447.80    355.000    351.292    -0.5730    -0.5735    -0.0005    -0.5847    -0.5852    -0.0005   2.824615   2.824496  -0.000119    34.3773    34.3763     6.8801    27.6317    27.6309    34.3779    27.6321    1451.43    1451.43    -0.5844  1029.3256    34.5400 0.0000e+00
      13327 313.304609  -62.14280  -58.44240      0.481    1447.80    356.000    352.280    -0.5691    -0.5687     0.0005    -0.5809    -0.5804     0.0005   2.825147   2.825114  -0.000029    34.3797    34.3787     6.8823    27.6334    27.6326    34.3800    27.6337    1451.47    1451.47    -0.5806  1029.3363    34.5476 0.0000e+00
      13378 313.304634  -62.14281  -58.44238      0.466    1447.80    357.000    353.271    -0.5672    -0.5665     0.0007    -0.5791    -0.5783     0.0007   2.825428   2.825441   0.000009    34.3808    34.3801     6.8726    27.6342    27.6336    34.3811    27.6345    1451.49    1451.50    -0.5788  1029.3422    34.5491 0.0000e+00
      13426 313.304657  -62.14282  -58.44238      0.508    1447.80    358.000    354.259    -0.5666    -0.5659     0.0007    -0.5785    -0.5778     0.0007   2.825566   2.825557  -0.000013    34.3812    34.3803     6.8494    27.6345    27.6337    34.3816    27.6348    1451.51    1451.52    -0.5782  1029.3473    34.5497 0.0000e+00
      13473 313.304680  -62.14282  -58.44238      0.509    1447.80    359.000    355.247    -0.5588    -0.5581     0.0007    -0.5707    -0.5700     0.0007   2.826471   2.826508   0.000040    34.3835    34.3832     6.8449    27.6360    27.6358    34.3843    27.6367    1451.57    1451.57    -0.5705  1029.3538    34.5524 0.0000e+00
      13516 313.304701  -62.14283  -58.44237      0.551    1447.80    360.000    356.236    -0.5573    -0.5567     0.0006    -0.5693    -0.5687     0.0006   2.826732   2.826706  -0.000026    34.3851    34.3841     6.8456    27.6373    27.6364    34.3856    27.6376    1451.60    1451.60    -0.5690  1029.3595    34.5536 0.0000e+00
      13557 313.304720  -62.14284  -58.44236      0.588    1447.80    361.000    357.221    -0.5554    -0.5547     0.0007    -0.5674    -0.5667     0.0007   2.826987   2.826972  -0.000014    34.3857    34.3848     6.8251    27.6377    27.6369    34.3862    27.6381    1451.62    1451.62    -0.5672  1029.3646    34.5543 0.0000e+00
      13603 313.304742  -62.14284  -58.44236      0.526    1447.80    362.000    358.212    -0.5547    -0.5542     0.0006    -0.5667    -0.5662     0.0006   2.827112   2.827091  -0.000021    34.3862    34.3852     6.8147    27.6380    27.6373    34.3865    27.6383    1451.64    1451.64    -0.5665  1029.3696    34.5546 0.0000e+00
      13655 313.304767  -62.14286  -58.44235      0.463    1447.80    363.000    359.205    -0.5533    -0.5527     0.0005    -0.5654    -0.5648     0.0005   2.827299   2.827292  -0.000009    34.3864    34.3857     6.8087    27.6382    27.6376    34.3868    27.6385    1451.66    1451.67    -0.5651  1029.3745    34.5549 0.0000e+00
      13710 313.304794  -62.14286  -58.44234      0.424    1447.80    364.000    360.191    -0.5531    -0.5525     0.0006    -0.5652    -0.5646     0.0006   2.827379   2.827357  -0.000022    34.3868    34.3859     6.8068    27.6385    27.6377    34.3871    27.6387    1451.68    1451.68    -0.5650  1029.3767    34.5518 0.0000e+00
      13769 313.304823 -9.990e-29  -58.44234      0.412    1447.80    365.000    361.178    -0.5526    -0.5518     0.0008    -0.5648    -0.5640     0.0008   2.827482   2.827496   0.000010    34.3870    34.3863     6.8082    27.6386    27.6380    34.3873    27.6388    1451.70    1451.71    -0.5645  1029.3795    34.5494 0.0000e+00
      13824 313.304849  -62.14288  -58.44234      0.435    1447.80    366.000    362.168    -0.5528    -0.5524     0.0003    -0.5650    -0.5646     0.0003   2.827590   2.827571  -0.000015    34.3883    34.3877     6.7935    27.6397    27.6392    34.3883    27.6397    1451.72    1451.72    -0.5647  1029.3910    34.5578 0.0000e+00
      13878 313.304875  -62.14290 -9.990e-29      0.448 -9.990e-29    367.000    363.156    -0.5568    -0.5558     0.0010    -0.5690    -0.5680     0.0010   2.827374   2.827369  -0.000008    34.3895    34.3883     6.7950    27.6408    27.6398    34.3893    27.6407    1451.72    1451.72    -0.5688  1029.3978    34.5600 0.0000e+00
      13926 313.304898  -62.14290 -9.990e-29      0.506    1448.11    368.000    364.145    -0.5666    -0.5648     0.0018    -0.5788    -0.5770     0.0018   2.826777   2.826781   0.000004    34.3927    34.3907     6.7913    27.6439    27.6422    34.3918    27.6432    1451.69    1451.70    -0.5786  1029.4051    34.5625 0.0000e+00
      13970 313.304920  -62.14292 -9.990e-29      0.540    1448.11    369.000    365.134    -0.5829    -0.5813     0.0016    -0.5951    -0.5936     0.0016   2.825627   2.825578  -0.000046    34.3955    34.3932     6.7862    27.6468    27.6449    34.3942    27.6458    1451.63    1451.64    -0.5949  1029.4127    34.5649 0.0000e+00
      14019 313.304943  -62.14292  -58.44230      0.484    1448.11    370.000    366.122    -0.5906    -0.5898     0.0008    -0.6029    -0.6021     0.0008   2.825114   2.825119  -0.000001    34.3961    34.3952     6.7823    27.6477    27.6469    34.3955    27.6471    1451.62    1451.62    -0.6026  1029.4172    34.5641 0.0000e+00
      14068 313.304967  -62.14292  -58.44230      0.494    1448.11    371.000    367.111    -0.5883    -0.5873     0.0010    -0.6006    -0.5996     0.0010   2.825519   2.825550   0.000028    34.3982    34.3974     6.7845    27.6493    27.6486    34.3977    27.6489    1451.65    1451.65    -0.6003  1029.4232    34.5659 0.0000e+00
      14115 313.304989  -62.14294  -58.44230      0.512    1448.11    372.000    368.099    -0.5885    -0.5876     0.0009    -0.6008    -0.5999     0.0009   2.825564   2.825567   0.000004    34.3983    34.3973     6.7780    27.6493    27.6485    34.3978    27.6490    1451.66    1451.67    -0.6006  1029.4281    34.5660 0.0000e+00
      14171 313.305016  -62.14295  -58.44228      0.421    1448.11    373.000    369.088    -0.5930    -0.5922     0.0009    -0.6054    -0.6045     0.0009   2.825226   2.825200  -0.000022    34.3986    34.3973     6.7633    27.6498    27.6487    34.3979    27.6492    1451.66    1451.66    -0.6051  1029.4331    34.5660 0.0000e+00
      14220 313.305040  -62.14296  -58.44228      0.494    1448.11    374.000    370.077    -0.5948    -0.5945     0.0003    -0.6072    -0.6069     0.0003   2.825069   2.825053  -0.000021    34.3973    34.3966     6.7575    27.6488    27.6483    34.3972    27.6487    1451.66    1451.66    -0.6069  1029.4374    34.5654 0.0000e+00
      14262 313.305060  -62.14296  -58.44228      0.569    1448.11    375.000    371.065    -0.5920    -0.5906     0.0015    -0.6044    -0.6030     0.0015   2.825376   2.825448   0.000073    34.3978    34.3971     6.7615    27.6491    27.6485    34.3976    27.6489    1451.70    1451.70    -0.6042  1029.4423    34.5657 0.0000e+00
      14315 313.305086  -62.14298  -58.44226      0.445    1448.11    376.000    372.054    -0.5970    -0.5957     0.0014    -0.6095    -0.6081     0.0014   2.825024   2.825068   0.000045    34.3983    34.3973     6.7706    27.6497    27.6489    34.3979    27.6494    1451.69    1451.69    -0.6092  1029.4476    34.5661 0.0000e+00
      14366 313.305110  -62.14298  -58.44226      0.476    1448.11    377.000    373.043    -0.5977    -0.5970     0.0008    -0.6102    -0.6094     0.0008   2.825054   2.825051   0.000005    34.3986    34.3978     6.7632    27.6500    27.6493    34.3985    27.6499    1451.70    1451.70    -0.6099  1029.4529    34.5667 0.0000e+00
      14410 313.305132  -62.14300  -58.44224      0.540    1448.11    378.000    374.031    -0.5959    -0.5952     0.0007    -0.6084    -0.6077     0.0007   2.825327   2.825334   0.000003    34.3996    34.3988     6.7656    27.6507    27.6501    34.3995    27.6506    1451.73    1451.73    -0.6082  1029.4583    34.5676 0.0000e+00
      14460 313.305156  -62.14300  -58.44224      0.480    1448.11    379.000    375.020    -0.5978    -0.5972     0.0006    -0.6103    -0.6097     0.0006   2.825247   2.825222  -0.000023    34.4001    34.3991     6.7511    27.6512    27.6504    34.3999    27.6510    1451.74    1451.74    -0.6101  1029.4635    34.5681 0.0000e+00
      14522 313.305186  -62.14301  -58.44224      0.374    1448.11    380.000    376.007    -0.6003    -0.5995     0.0007    -0.6129    -0.6121     0.0007   2.825258   2.825247  -0.000013    34.4024    34.4014     6.7454    27.6532    27.6524    34.4023    27.6531    1451.75    1451.75    -0.6126  1029.4703    34.5705 0.0000e+00
      14604 313.305225  -62.14302  -58.44222      0.285    1448.11    381.000    376.995    -0.6005    -0.5998     0.0008    -0.6131    -0.6124     0.0008   2.825450   2.825427  -0.000022    34.4046    34.4034     6.7357    27.6550    27.6540    34.4045    27.6549    1451.76    1451.77    -0.6129  1029.4769    34.5727 0.0000e+00
      14758 313.305300  -62.14305  -58.44220      0.144    1448.11    382.000    377.985    -0.5979    -0.5977     0.0002    -0.6106    -0.6104     0.0002   2.825888   2.825781  -0.000110    34.4067    34.4050     6.7175    27.6566    27.6552    34.4068    27.6567    1451.79    1451.79    -0.6103  1029.4797    34.5705 0.0000e+00
      14891 313.305364  -62.14308  -58.44218      0.177    1448.11    383.000    378.974    -0.5954    -0.5952     0.0002    -0.6081    -0.6079     0.0002   2.826341   2.826246  -0.000094    34.4093    34.4078     6.6969    27.6586    27.6574    34.4094    27.6587    1451.83    1451.83    -0.6078  1029.4901    34.5777 0.0000e+00
      15026 313.305429  -62.14311  -58.44216      0.189    1448.11    384.000    379.963    -0.5945    -0.5940     0.0005    -0.6072    -0.6068     0.0005   2.826567   2.826496  -0.000073    34.4108    34.4093     6.6763    27.6598    27.6585    34.4109    27.6598    1451.85    1451.85    -0.6070  1029.4959    34.5792 0.0000e+00
      15133 313.305480  -62.14313  -58.44214      0.225    1448.11    385.000    380.951    -0.5950    -0.5940     0.0010    -0.6078    -0.6068     0.0010   2.826520   2.826551   0.000027    34.4102    34.4095     6.6787    27.6593    27.6587    34.4102    27.6593    1451.86    1451.86    -0.6075  1029.5002    34.5785 0.0000e+00
      15257 313.305540  -62.14315  -58.44212      0.196    1448.11    386.000    381.940    -0.5946    -0.5941     0.0005    -0.6074    -0.6069     0.0005   2.826629   2.826576  -0.000048    34.4105    34.4093     6.6857    27.6595    27.6585    34.4106    27.6596    1451.88    1451.88    -0.6071  1029.5052    34.5788 0.0000e+00
