Pos-Processados/process_op42/Processamento_split/down/doperantar42_037.cnv
* Sea-Bird SBE 9 Data File:
* FileName = C:\Users\Hidrografia\Desktop\OPXLII\Brutos\OP42037.hdr
* Software Version Seasave V 7.26.7.107
* Temperature SN = 6502
* Conductivity SN = 4998
* Number of Bytes Per Scan = 37
* Number of Voltage Words = 4
* Number of Scans Averaged by the Deck Unit = 1
* NMEA Latitude = 62 08.60 S
* NMEA Longitude = 058 26.37 W
* NMEA UTC (Time) = Nov 09 2023 12:08:15
* NMEA baud rate = 4800
** H41
** NPOALTEMAXIMIANO
** NUMERO DA ESTACAO (XXX) 037
** LAT (XX XX.XX S/N) 62 08.14 S
** LONG (XXX XX.XX W/E) 058 26.57 W
** DATAHORA (dd/mm/aaaa hh:mm Z) 09/11/2023 1205Z
** PROFUNDIDADE (m) 400
** OPERADOR 1T ZAMITH
# nquan = 30
# nvalues = 332                         
# units = specified
# name 0 = scan: Scan Count
# name 1 = timeJ: Julian Days
# name 2 = latitude: Latitude [deg]
# name 3 = longitude: Longitude [deg]
# name 4 = dz/dtM: Descent Rate [m/s]
# name 5 = avgsvCM: Average Sound Velocity [Chen-Millero, m/s]
# name 6 = prDM: Pressure, Digiquartz [db]
# name 7 = depSM: Depth [salt water, m]
# name 8 = t090C: Temperature [ITS-90, deg C]
# name 9 = t190C: Temperature, 2 [ITS-90, deg C]
# name 10 = T2-T190C: Temperature Difference, 2 - 1 [ITS-90, deg C]
# name 11 = potemp090C: Potential Temperature [ITS-90, deg C]
# name 12 = potemp190C: Potential Temperature, 2 [ITS-90, deg C]
# name 13 = potemp90Cdiff: Potential Temperature, Diff, 2 - 1 [ITS-90, deg C]
# name 14 = c0S/m: Conductivity [S/m]
# name 15 = c1S/m: Conductivity, 2 [S/m]
# name 16 = C2-C1S/m: Conductivity Difference, 2 - 1 [S/m]
# name 17 = sal00: Salinity, Practical [PSU]
# name 18 = sal11: Salinity, Practical, 2 [PSU]
# name 19 = sbeox0ML/L: Oxygen, SBE 43 [ml/l]
# name 20 = sigma-é00: Density [sigma-theta, kg/m^3]
# name 21 = sigma-é11: Density, 2 [sigma-theta, kg/m^3]
# name 22 = sal00: Salinity, Practical [PSU]
# name 23 = sigma-é00: Density [sigma-theta, kg/m^3]
# name 24 = svCM: Sound Velocity [Chen-Millero, m/s]
# name 25 = svCM1: Sound Velocity, 2 [Chen-Millero, m/s]
# name 26 = gsw_ptA0: potential temperature [ITS-90, deg C]
# name 27 = gsw_densityA0: density, TEOS-10 [density, kg/m^3]
# name 28 = gsw_saA0: Absolute Salinity [g/kg]
# name 29 = flag:
# span 0 =       3541,      13590       
# span 1 = 313.507437, 313.512283       
# span 2 =  -62.14592,  -62.14414       
# span 3 =  -58.43848,  -58.43501       
# span 4 =     -0.175,      1.090       
# span 5 =       0.00,    1447.84       
# span 6 =      4.000,    335.000       
# span 7 =      3.949,    331.510       
# span 8 =    -0.8260,    -0.5601       
# span 9 =    -0.8253,    -0.5591       
# span 10 =    -0.0059,     0.0042      
# span 11 =    -0.8315,    -0.5602      
# span 12 =    -0.8307,    -0.5593      
# span 13 =    -0.0058,     0.0042      
# span 14 =   2.790373,   2.825330      
# span 15 =   2.790374,   2.825053      
# span 16 =  -0.000688,   0.000323      
# span 17 =    34.2803,    34.3929      
# span 18 =    34.2797,    34.3918      
# span 19 =     6.7809,     7.6754      
# span 20 =    27.5528,    27.6440      
# span 21 =    27.5525,    27.6432      
# span 22 =    34.2803,    34.3932      
# span 23 =    27.5530,    27.6442      
# span 24 =    1445.66,    1451.15      
# span 25 =    1445.65,    1451.14      
# span 26 =    -0.8313,    -0.5602      
# span 27 =  1027.5776,  1029.2474      
# span 28 =    34.4422,    34.5615      
# span 29 = 0.0000e+00, 0.0000e+00      
# interval = decibars: 1                
# start_time = Nov 09 2023 12:08:15 [NMEA time, header]
# bad_flag = -9.990e-29
*END*
[from data line 49]
       5033 313.508156  -62.14438  -58.43793      0.982    1445.81     53.000     52.485    -0.6137    -0.6127     0.0010    -0.6153    -0.6143     0.0010   2.800239   2.800272   0.000027    34.2810    34.2802     7.6180    27.5550    27.5544    34.2809    27.5549    1446.19    1446.20    -0.6152  1027.8133    34.4465 0.0000e+00
       5059 313.508169  -62.14438  -58.43792      0.924    1445.81     54.000     53.475    -0.6120    -0.6109     0.0011    -0.6136    -0.6125     0.0011   2.800424   2.800487   0.000056    34.2809    34.2804     7.6129    27.5549    27.5545    34.2809    27.5549    1446.22    1446.22    -0.6136  1027.8180    34.4465 0.0000e+00
       5087 313.508182  -62.14439  -58.43791      0.882    1445.81     55.000     54.465    -0.6129    -0.6111     0.0018    -0.6145    -0.6128     0.0018   2.800427   2.800490   0.000069    34.2816    34.2805     7.6084    27.5555    27.5546    34.2813    27.5552    1446.23    1446.24    -0.6145  1027.8231    34.4469 0.0000e+00
       5114 313.508195  -62.14440  -58.43790      0.877    1445.81     56.000     55.455    -0.6139    -0.6129     0.0011    -0.6156    -0.6145     0.0011   2.800420   2.800412   0.000007    34.2814    34.2803     7.6076    27.5554    27.5544    34.2818    27.5557    1446.24    1446.25    -0.6155  1027.8283    34.4474 0.0000e+00
       5140 313.508207  -62.14440  -58.43788      0.909    1445.81     57.000     56.445    -0.6111    -0.6110     0.0001    -0.6128    -0.6127     0.0001   2.800631   2.800580  -0.000056    34.2811    34.2802     7.6108    27.5550    27.5543    34.2807    27.5547    1446.27    1446.27    -0.6127  1027.8322    34.4463 0.0000e+00
       5165 313.508220  -62.14440  -58.43788      0.931    1445.81     58.000     57.435    -0.6133    -0.6119     0.0014    -0.6150    -0.6136     0.0014   2.800472   2.800543   0.000057    34.2808    34.2800     7.6105    27.5549    27.5542    34.2804    27.5546    1446.28    1446.28    -0.6150  1027.8368    34.4461 0.0000e+00
       5191 313.508232  -62.14440  -58.43786      0.929    1445.81     59.000     58.426    -0.6114    -0.6121    -0.0006    -0.6132    -0.6139    -0.0006   2.800702   2.800617  -0.000079    34.2803    34.2799     7.6070    27.5544    27.5541    34.2809    27.5549    1446.30    1446.30    -0.6131  1027.8419    34.4465 0.0000e+00
       5218 313.508245  -62.14440  -58.43786      0.918    1445.81     60.000     59.416    -0.6066    -0.6062     0.0005    -0.6084    -0.6079     0.0005   2.801151   2.801170   0.000015    34.2806    34.2802     7.6010    27.5544    27.5541    34.2809    27.5546    1446.34    1446.34    -0.6084  1027.8464    34.4465 0.0000e+00
       5244 313.508258  -62.14442  -58.43784      0.916    1445.81     61.000     60.406    -0.6063    -0.6057     0.0006    -0.6082    -0.6075     0.0006   2.801275   2.801271  -0.000001    34.2813    34.2806     7.5980    27.5550    27.5544    34.2816    27.5552    1446.36    1446.36    -0.6081  1027.8518    34.4472 0.0000e+00
       5269 313.508270  -62.14442  -58.43784      0.939    1445.81     62.000     61.396    -0.6059    -0.6051     0.0008    -0.6078    -0.6070     0.0008   2.801392   2.801373  -0.000020    34.2818    34.2807     7.5965    27.5554    27.5544    34.2820    27.5555    1446.38    1446.38    -0.6077  1027.8569    34.4477 0.0000e+00
       5293 313.508281  -62.14442  -58.43782      0.984    1445.81     63.000     62.386    -0.6055    -0.6048     0.0006    -0.6074    -0.6067     0.0006   2.801473   2.801453  -0.000012    34.2817    34.2808     7.6021    27.5553    27.5545    34.2820    27.5555    1446.40    1446.40    -0.6073  1027.8617    34.4477 0.0000e+00
       5316 313.508292  -62.14442  -58.43782      1.015    1445.81     64.000     63.376    -0.6056    -0.6049     0.0007    -0.6075    -0.6068     0.0007   2.801501   2.801492  -0.000011    34.2818    34.2809     7.6076    27.5554    27.5546    34.2819    27.5554    1446.41    1446.41    -0.6075  1027.8664    34.4476 0.0000e+00
       5341 313.508304  -62.14442  -58.43780      1.005    1445.81     65.000     64.366    -0.6073    -0.6062     0.0010    -0.6092    -0.6082     0.0010   2.801432   2.801434  -0.000004    34.2824    34.2811     7.6049    27.5559    27.5549    34.2823    27.5558    1446.42    1446.42    -0.6092  1027.8715    34.4480 0.0000e+00
       5366 313.508317  -62.14444  -58.43779      0.952    1445.81     66.000     65.356    -0.6079    -0.6070     0.0009    -0.6099    -0.6090     0.0009   2.801424   2.801405  -0.000017    34.2823    34.2810     7.6017    27.5558    27.5548    34.2823    27.5558    1446.43    1446.44    -0.6098  1027.8764    34.4480 0.0000e+00
       5394 313.508330  -62.14444  -58.43777      0.885    1445.81     67.000     66.346    -0.6075    -0.6066     0.0008    -0.6095    -0.6086     0.0008   2.801486   2.801480  -0.000010    34.2819    34.2808     7.6015    27.5555    27.5546    34.2820    27.5556    1446.45    1446.45    -0.6094  1027.8809    34.4477 0.0000e+00
       5422 313.508344  -62.14444  -58.43776      0.850    1445.81     68.000     67.336    -0.6076    -0.6066     0.0010    -0.6096    -0.6087     0.0010   2.801530   2.801529  -0.000003    34.2821    34.2809     7.6015    27.5557    27.5547    34.2821    27.5557    1446.47    1446.47    -0.6096  1027.8839    34.4455 0.0000e+00
       5449 313.508357 -9.990e-29  -58.43775      0.875    1445.81     69.000     68.326    -0.6094    -0.6087     0.0008    -0.6115    -0.6107     0.0008   2.801451   2.801434  -0.000015    34.2827    34.2816     7.5987    27.5562    27.5553    34.2825    27.5561    1446.48    1446.48    -0.6114  1027.8877    34.4442 0.0000e+00
       5475 313.508369 -9.990e-29  -58.43774      0.921    1445.81     70.000     69.316    -0.6106    -0.6103     0.0003    -0.6127    -0.6124     0.0003   2.801399   2.801351  -0.000036    34.2825    34.2816     7.6002    27.5562    27.5554    34.2826    27.5562    1446.49    1446.48    -0.6127  1027.8926    34.4442 0.0000e+00
       5499 313.508381 -9.990e-29  -58.43772      0.972    1445.81     71.000     70.307    -0.6112    -0.6105     0.0007    -0.6133    -0.6126     0.0007   2.801395   2.801368  -0.000019    34.2826    34.2816     7.5981    27.5563    27.5554    34.2825    27.5561    1446.50    1446.50    -0.6133  1027.8973    34.4441 0.0000e+00
       5522 313.508392  -62.14446  -58.43772      1.011    1445.81     72.000     71.297    -0.6174    -0.6172     0.0002    -0.6195    -0.6193     0.0002   2.800943   2.800897  -0.000068    34.2839    34.2827     7.5976    27.5576    27.5566    34.2828    27.5567    1446.49    1446.49    -0.6195  1027.9046    34.4468 0.0000e+00
       5546 313.508403  -62.14446  -58.43770      1.012    1445.81     73.000     72.287    -0.6226    -0.6214     0.0012    -0.6248    -0.6235     0.0012   2.800581   2.800583   0.000002    34.2839    34.2825     7.5975    27.5578    27.5566    34.2832    27.5572    1446.48    1446.48    -0.6247  1027.9113    34.4490 0.0000e+00
       5573 313.508416  -62.14448  -58.43770      0.951    1445.81     74.000     73.277    -0.6301    -0.6273     0.0028    -0.6323    -0.6295     0.0028   2.800021   2.800126   0.000094    34.2848    34.2829     7.5995    27.5588    27.5572    34.2836    27.5578    1446.46    1446.47    -0.6323  1027.9167    34.4493 0.0000e+00
       5601 313.508430  -62.14448  -58.43768      0.877    1445.81     75.000     74.267    -0.6421    -0.6395     0.0026    -0.6443    -0.6417     0.0026   2.799199   2.799220   0.000036    34.2869    34.2844     7.5996    27.5610    27.5590    34.2854    27.5598    1446.42    1446.43    -0.6443  1027.9235    34.4512 0.0000e+00
       5628 313.508443  -62.14448  -58.43768      0.868    1445.81     76.000     75.257    -0.6484    -0.6483     0.0000    -0.6506    -0.6506     0.0000   2.798723   2.798625  -0.000103    34.2867    34.2853     7.5921    27.5612    27.5600    34.2855    27.5602    1446.41    1446.41    -0.6506  1027.9287    34.4513 0.0000e+00
       5653 313.508455  -62.14448  -58.43766      0.916    1446.00     77.000     76.247    -0.6528    -0.6517     0.0011    -0.6551    -0.6539     0.0011   2.798401   2.798402  -0.000003    34.2868    34.2855     7.5821    27.5615    27.5603    34.2855    27.5604    1446.41    1446.41    -0.6550  1027.9337    34.4514 0.0000e+00
       5678 313.508467  -62.14448  -58.43765      0.969    1446.11     78.000     77.237    -0.6554    -0.6538     0.0016    -0.6577    -0.6561     0.0016   2.798244   2.798295   0.000046    34.2869    34.2857     7.5824    27.5616    27.5606    34.2857    27.5607    1446.41    1446.42    -0.6577  1027.9388    34.4516 0.0000e+00
       5702 313.508479  -62.14448  -58.43764      0.978    1446.11     79.000     78.227    -0.6583    -0.6572     0.0011    -0.6607    -0.6596     0.0011   2.798096   2.798102   0.000012    34.2873    34.2862     7.5764    27.5621    27.5612    34.2864    27.5614    1446.41    1446.42    -0.6606  1027.9443    34.4523 0.0000e+00
       5729 313.508491  -62.14448  -58.43763      0.935    1446.11     80.000     79.217    -0.6591    -0.6584     0.0007    -0.6615    -0.6607     0.0007   2.798065   2.798066   0.000002    34.2871    34.2862     7.5722    27.5619    27.5612    34.2863    27.5613    1446.43    1446.43    -0.6614  1027.9463    34.4487 0.0000e+00
       5755 313.508504 -9.990e-29  -58.43762      0.904    1446.11     81.000     80.207    -0.6598    -0.6590     0.0008    -0.6622    -0.6614     0.0008   2.798069   2.798056  -0.000010    34.2873    34.2862     7.5648    27.5622    27.5613    34.2865    27.5615    1446.44    1446.44    -0.6621  1027.9507    34.4482 0.0000e+00
       5781 313.508516 -9.990e-29  -58.43761      0.927    1446.11     82.000     81.197    -0.6617    -0.6609     0.0008    -0.6641    -0.6633     0.0008   2.797970   2.797963  -0.000011    34.2875    34.2864     7.5651    27.5624    27.5615    34.2866    27.5617    1446.45    1446.45    -0.6640  1027.9556    34.4483 0.0000e+00
       5805 313.508528 -9.990e-29  -58.43760      0.971    1446.11     83.000     82.187    -0.6653    -0.6642     0.0011    -0.6677    -0.6666     0.0011   2.797753   2.797757   0.000008    34.2880    34.2869     7.5644    27.5630    27.5620    34.2872    27.5623    1446.45    1446.45    -0.6677  1027.9610    34.4488 0.0000e+00
       5829 313.508540  -62.14450  -58.43759      0.992    1446.11     84.000     83.177    -0.6698    -0.6679     0.0019    -0.6722    -0.6704     0.0019   2.797430   2.797495   0.000064    34.2886    34.2873     7.5611    27.5636    27.5625    34.2873    27.5626    1446.44    1446.45    -0.6722  1027.9690    34.4526 0.0000e+00
       5855 313.508552  -62.14450  -58.43758      0.954    1446.11     85.000     84.167    -0.6744    -0.6738     0.0006    -0.6769    -0.6763     0.0006   2.797136   2.797101  -0.000032    34.2887    34.2877     7.5601    27.5639    27.5631    34.2879    27.5633    1446.44    1446.44    -0.6768  1027.9750    34.4539 0.0000e+00
       5882 313.508565  -62.14452  -58.43756      0.898    1446.11     86.000     85.157    -0.6823    -0.6794     0.0028    -0.6848    -0.6820     0.0028   2.796557   2.796645   0.000085    34.2905    34.2884     7.5596    27.5657    27.5639    34.2884    27.5641    1446.42    1446.43    -0.6848  1027.9806    34.4545 0.0000e+00
       5909 313.508578  -62.14452  -58.43756      0.892    1446.11     87.000     86.147    -0.6969    -0.6958     0.0012    -0.6995    -0.6983     0.0012   2.795502   2.795433  -0.000073    34.2920    34.2897     7.5579    27.5675    27.5656    34.2902    27.5661    1446.37    1446.37    -0.6994  1027.9875    34.4562 0.0000e+00
       5934 313.508590  -62.14452  -58.43754      0.928    1446.11     88.000     87.137    -0.7005    -0.6992     0.0013    -0.7031    -0.7018     0.0013   2.795180   2.795198   0.000018    34.2908    34.2895     7.5543    27.5667    27.5656    34.2893    27.5655    1446.37    1446.37    -0.7030  1027.9917    34.4553 0.0000e+00
       5959 313.508602  -62.14452  -58.43754      0.965    1446.11     89.000     88.127    -0.7061    -0.7045     0.0016    -0.7087    -0.7071     0.0016   2.794744   2.794796   0.000046    34.2908    34.2896     7.5453    27.5670    27.5659    34.2891    27.5656    1446.36    1446.36    -0.7086  1027.9966    34.4551 0.0000e+00
       5985 313.508615  -62.14452  -58.43752      0.945    1446.11     90.000     89.117    -0.7119    -0.7108     0.0011    -0.7145    -0.7134     0.0011   2.794352   2.794345  -0.000004    34.2911    34.2899     7.5374    27.5675    27.5664    34.2897    27.5663    1446.35    1446.35    -0.7145  1028.0022    34.4558 0.0000e+00
       6012 313.508628  -62.14454  -58.43751      0.888    1446.11     91.000     90.107    -0.7132    -0.7116     0.0016    -0.7159    -0.7142     0.0016   2.794248   2.794308   0.000050    34.2907    34.2895     7.5326    27.5672    27.5662    34.2893    27.5660    1446.36    1446.36    -0.7158  1028.0059    34.4544 0.0000e+00
       6039 313.508641 -9.990e-29  -58.43750      0.884    1446.11     92.000     91.097    -0.7209    -0.7195     0.0015    -0.7236    -0.7221     0.0015   2.793702   2.793705   0.000018    34.2914    34.2900     7.5326    27.5681    27.5669    34.2900    27.5669    1446.34    1446.34    -0.7235  1028.0088    34.4517 0.0000e+00
       6063 313.508653 -9.990e-29  -58.43749      0.944    1446.11     93.000     92.087    -0.7217    -0.7205     0.0012    -0.7244    -0.7233     0.0012   2.793615   2.793658   0.000042    34.2902    34.2894     7.5231    27.5671    27.5665    34.2891    27.5662    1446.35    1446.35    -0.7243  1028.0129    34.4508 0.0000e+00
       6087 313.508664 -9.990e-29  -58.43748      1.005    1446.11     94.000     93.077    -0.7229    -0.7218     0.0011    -0.7257    -0.7245     0.0011   2.793570   2.793599   0.000033    34.2903    34.2895     7.5253    27.5673    27.5665    34.2892    27.5664    1446.36    1446.36    -0.7256  1028.0179    34.4509 0.0000e+00
       6111 313.508676  -62.14456  -58.43747      1.022    1446.11     95.000     94.067    -0.7249    -0.7238     0.0010    -0.7277    -0.7266     0.0010   2.793469   2.793476   0.000007    34.2904    34.2894     7.5362    27.5675    27.5665    34.2894    27.5667    1446.37    1446.37    -0.7276  1028.0233    34.4517 0.0000e+00
       6137 313.508688  -62.14456  -58.43746      0.957    1446.11     96.000     95.057    -0.7277    -0.7267     0.0010    -0.7305    -0.7295     0.0010   2.793292   2.793294   0.000005    34.2907    34.2896     7.5350    27.5678    27.5668    34.2896    27.5669    1446.37    1446.37    -0.7304  1028.0315    34.4557 0.0000e+00
       6169 313.508704  -62.14456  -58.43745      0.784    1446.11     97.000     96.047    -0.7317    -0.7301     0.0015    -0.7345    -0.7330     0.0015   2.793008   2.793054   0.000040    34.2908    34.2896     7.5310    27.5680    27.5670    34.2897    27.5671    1446.37    1446.37    -0.7344  1028.0366    34.4559 0.0000e+00
       6198 313.508718  -62.14456  -58.43742      0.780    1446.11     98.000     97.037    -0.7363    -0.7355     0.0008    -0.7392    -0.7383     0.0008   2.792711   2.792695  -0.000011    34.2913    34.2902     7.5349    27.5687    27.5677    34.2903    27.5678    1446.36    1446.36    -0.7391  1028.0421    34.4566 0.0000e+00
       6223 313.508730  -62.14456  -58.43742      0.914    1446.11     99.000     98.027    -0.7380    -0.7371     0.0009    -0.7409    -0.7400     0.0009   2.792619   2.792622   0.000001    34.2912    34.2902     7.5349    27.5686    27.5678    34.2903    27.5679    1446.37    1446.37    -0.7408  1028.0470    34.4566 0.0000e+00
